Crime ID,Month,Reported by,Falls within,Longitude,Latitude,Location,LSOA code,LSOA name,Outcome type
5afe28f82a25c717a0aea70843d60a91547c342be961e7edc7679d28d0454890,2018-08,Hertfordshire Constabulary,Hertfordshire Constabulary,,,No location,,,Unable to prosecute suspect
c38292e2ad6f4c73bf1d348981dcfef7948141cf612246c134403a57eeb32aef,2018-08,Hertfordshire Constabulary,Hertfordshire Constabulary,,,No location,,,Unable to prosecute suspect
1c076ff4ca57fac0834c3d3c981f30a8c4a2fb5e103dc85ac771d9823663e5ed,2018-08,Hertfordshire Constabulary,Hertfordshire Constabulary,-0.345567,51.639585,On or near RICHFIELD ROAD,E01023549,Hertsmere 013B,Investigation complete; no suspect identified
5384783bd7e2f0e5b32118080c4f8402c56dd073db50c0433186a6b6fb6c74fc,2018-08,Hertfordshire Constabulary,Hertfordshire Constabulary,-0.262256,51.653093,On or near THORNBURY GARDENS,E01023541,Hertsmere 011C,Unable to prosecute suspect
fe57bca4cc9dbc6e53819ac40789af764f833dc1f901f84743b59f64ae782b8b,2018-08,Hertfordshire Constabulary,Hertfordshire Constabulary,-0.296001,51.668002,On or near STAINER ROAD,E01023533,Hertsmere 007E,Investigation complete; no suspect identified
f8801bae00aeb6b646828a6c95582b21af4a774a35e95bd05a0b8d11427d5241,2018-08,Hertfordshire Constabulary,Hertfordshire Constabulary,-0.310570,51.751344,On or near SUTTON ROAD,E01023674,St Albans 011B,Investigation complete; no suspect identified
b0a808f50592e707152c7c06eb14f77a459a0d215db1570a4c778a5f0264bc34,2018-08,Hertfordshire Constabulary,Hertfordshire Constabulary,-0.024318,52.052585,On or near QUEENSWAY,E01023660,North Hertfordshire 001A,Investigation complete; no suspect identified
c16a9751d8bc0387a64eef3125869e8e77ffd985b3ff0f6a4b261f3eff40443c,2018-08,Hertfordshire Constabulary,Hertfordshire Constabulary,-0.170908,51.908655,On or near CHELLS WAY,E01023762,Stevenage 007D,Unable to prosecute suspect
2b233944f409a874af6e5ba686ba2a6885f3ae4bb7c2a5e1daa7d7132c5d46ef,2018-08,Hertfordshire Constabulary,Hertfordshire Constabulary,-0.191844,51.988943,On or near THE GARDENS,E01023589,North Hertfordshire 004C,Unable to prosecute suspect
8c080bf5017dcc74ad071e29b2da5c57e2ea8547e4377c2c71d6438f293b36e2,2018-08,Hertfordshire Constabulary,Hertfordshire Constabulary,-0.189822,51.812787,On or near Parking Area,E01023914,Welwyn Hatfield 004C,Offender given a caution
91e0057f86e9fd272eafaac7b2f1771a990c84a77cc4f03564fd3da0f6cfb04a,2018-08,Hertfordshire Constabulary,Hertfordshire Constabulary,-0.196359,51.902987,On or near GARDEN WALK,E01023758,Stevenage 008D,Suspect charged
26b3b9a64f9a4c8bc648cd0f1f05f5573616676820724d0ca0adc66bd7e7d388,2018-08,Hertfordshire Constabulary,Hertfordshire Constabulary,-0.399926,51.657468,On or near Nightclub,E01023861,Watford 009C,Unable to prosecute suspect
65d51b6e59c3b02d20a3d9d7a65db5b929f14088fe647309c27b3e22dbf20ec9,2018-08,Hertfordshire Constabulary,Hertfordshire Constabulary,-0.191844,51.988943,On or near THE GARDENS,E01023589,North Hertfordshire 004C,Investigation complete; no suspect identified
0093f4a3965e87cdf82c7c291334baf08f01ceac9d1b5d612d49857fbb40ae5d,2018-08,Hertfordshire Constabulary,Hertfordshire Constabulary,-0.433203,51.777374,On or near ROWLEY WALK,E01023437,Dacorum 005D,Unable to prosecute suspect
cb35296ffee1daed6dd10f77794cae9f5a792318b68fa06488bab171d54b26a2,2018-08,Hertfordshire Constabulary,Hertfordshire Constabulary,-0.177801,51.878783,On or near BURGHLEY CLOSE,E01023784,Stevenage 011B,Unable to prosecute suspect
3901831a02f5f375afcadb63fac5c11baf6ad99464919da346cc1f81f1d9c6b2,2018-08,Hertfordshire Constabulary,Hertfordshire Constabulary,-0.398279,51.643895,On or near CROSSMEAD,E01023883,Watford 012B,Offender given a caution
ec6c6f4f260169c7a44791adaaa0a858f78ccc3912294e86718a68a2c1456368,2018-08,Hertfordshire Constabulary,Hertfordshire Constabulary,-0.219751,51.987066,On or near DAISY COURT,E01023633,North Hertfordshire 006D,Suspect charged
3771a5e9ec75a492ed9f01b2ba0e9b89eb5e2a86f6b77ed29452bef30c00c80c,2018-08,Hertfordshire Constabulary,Hertfordshire Constabulary,-0.398009,51.656903,On or near Shopping Area,E01023861,Watford 009C,Offender given a drugs possession warning
f9049993a405dcfb50862ebd82f8befffbabe63920792a2e2d3166a4b8444209,2018-08,Hertfordshire Constabulary,Hertfordshire Constabulary,-0.178584,51.925895,On or near Pedestrian Subway,E01023790,Stevenage 001D,Investigation complete; no suspect identified
4ea12131573da31233414360555a837ba266fc4260cb4ca92c1172df02ed5b36,2018-08,Hertfordshire Constabulary,Hertfordshire Constabulary,-0.108342,51.707879,On or near Parking Area,E01023947,Welwyn Hatfield 016A,Unable to prosecute suspect
e4f03235941a0210bd64baa3d676df11cdc2e46430a0f4f58a326c07dfab4605,2018-08,Hertfordshire Constabulary,Hertfordshire Constabulary,0.151035,51.812747,On or near HAILEY PLACE,E01023502,East Hertfordshire 011D,Suspect charged
d81ae54b426a696e49fd85809ca4a9c694166e577317e90f58aeee4b48aa584f,2018-08,Hertfordshire Constabulary,Hertfordshire Constabulary,-0.199944,51.900929,On or near EASTGATE,E01023758,Stevenage 008D,Investigation complete; no suspect identified
7ba92d6ea4f4803e5d2046b1253082ec8af4b512f6ea195bbcddbdeb3017f7cd,2018-08,Hertfordshire Constabulary,Hertfordshire Constabulary,0.020563,51.826005,On or near KINGHAM ROAD,E01023491,East Hertfordshire 009A,Suspect charged
1eb8cff0de88d210cb21fc076844080e87c9d0a3ddecaf3fbdce4804874e8f95,2018-08,Hertfordshire Constabulary,Hertfordshire Constabulary,-0.207598,51.911324,On or near BAKER STREET,E01023777,Stevenage 002B,Unable to prosecute suspect
2f7062496fa5878dde5547b55c3029bd3a70c240c3afe1d65df63fd732b2f8fe,2018-08,Hertfordshire Constabulary,Hertfordshire Constabulary,-0.175497,51.932816,On or near MENDIP WAY,E01033027,North Hertfordshire 005K,Unable to prosecute suspect
045195839eb0803fc1a0b98197e589ce8c46715a4b7aaec5548c2e8f458c22db,2018-08,Hertfordshire Constabulary,Hertfordshire Constabulary,-0.394857,51.655268,On or near Shopping Area,E01023860,Watford 009B,Unable to prosecute suspect
e2ea30f03f3fec860ad3cf389f9a985b7e7cac1cf0a8fa14a23a4c6ccdacce61,2018-08,Hertfordshire Constabulary,Hertfordshire Constabulary,-0.228986,51.977773,On or near Supermarket,E01023644,North Hertfordshire 008A,Suspect charged
880ae1da0601525bf1b9894e4967d4a5c35fa705d79df4ff3c4f10d9f0b03c3a,2018-08,Hertfordshire Constabulary,Hertfordshire Constabulary,-0.415817,51.631688,On or near Petrol Station,E01023827,Three Rivers 008A,Unable to prosecute suspect
2f2067783b5b945c171f2b4d145366e3de3ce08715734922582bdb6ccedbe5f4,2018-08,Hertfordshire Constabulary,Hertfordshire Constabulary,-0.633941,51.767605,On or near CHESHAM ROAD,E01023422,Dacorum 004C,Unable to prosecute suspect
7e06d7769aee96286d8729f546558ebe56ea82d7b8fa0db8e1932c71044adb39,2018-08,Hertfordshire Constabulary,Hertfordshire Constabulary,-0.192641,51.981078,On or near ST MARY'S WAY,E01023592,North Hertfordshire 004F,Unable to prosecute suspect
94971d8de04261e39ef1b0bb7ef76d4af26da183b7eff92758a8bd341d8dc660,2018-08,Hertfordshire Constabulary,Hertfordshire Constabulary,,,No location,,,Suspect charged
5559bb310bcdd2c962b648cb9fcc53fcb6a7254eb024592c9a94abde29694cc4,2018-08,Hertfordshire Constabulary,Hertfordshire Constabulary,-0.240396,51.983123,On or near BEDFORD ROAD,E01023652,North Hertfordshire 007D,Suspect charged
f55b8bcfc5fc3b3a77c64b57585d1dfc7ddb030c5a8308246f269dc2315219fc,2018-08,Hertfordshire Constabulary,Hertfordshire Constabulary,-0.382785,51.645931,On or near ALDENHAM ROAD,E01023884,Watford 012C,Investigation complete; no suspect identified
1611812fd1c768eb64c9bed6b142bcdef542e7be198fbaa508fb0117efdc5c21,2018-08,Hertfordshire Constabulary,Hertfordshire Constabulary,-0.427348,51.755644,On or near Petrol Station,E01023409,Dacorum 017A,Unable to prosecute suspect
0d317b9b6db05b5f0306c6967b4220b6b0584d473f9891eaf1f56499ecb4563b,2018-08,Hertfordshire Constabulary,Hertfordshire Constabulary,-0.179316,51.918236,On or near Supermarket,E01023774,Stevenage 003D,Suspect charged
c9bd1ee6fe6c9a6b899f162fe14df20877008a4771ebfd00ddaa8392777593ae,2018-08,Hertfordshire Constabulary,Hertfordshire Constabulary,-0.175497,51.932816,On or near MENDIP WAY,E01033027,North Hertfordshire 005K,Unable to prosecute suspect
9adba1311383533dcbfd9d0a804ec43d34365650b860959fd5e0bccd818898b8,2018-08,Hertfordshire Constabulary,Hertfordshire Constabulary,-0.279664,51.656829,On or near Shopping Area,E01023532,Hertsmere 007D,Suspect charged
77c05d6461bae0168d94954a6b0d52ea67362c6f217645adc78a185829f8b427,2018-08,Hertfordshire Constabulary,Hertfordshire Constabulary,-0.386086,51.645787,On or near ST MATTHEWS CLOSE,E01023885,Watford 012D,Offender given a caution
fb2d9a3be6c1b7bcf49f2ba67e30d2364a42db8de9e71d72d90d1cc4b2e8c217,2018-08,Hertfordshire Constabulary,Hertfordshire Constabulary,-0.190557,51.991612,On or near FARRIERS CLOSE,E01023590,North Hertfordshire 004D,Investigation complete; no suspect identified
8e72f07317484dd2ca9674f06f8dbf2e1453020b18f0bffd1d8944cea6b68ffb,2018-08,Hertfordshire Constabulary,Hertfordshire Constabulary,-0.398009,51.656903,On or near Shopping Area,E01023861,Watford 009C,Investigation complete; no suspect identified
a4f746975f76c70f12219424a3b1f5662971e27d549c0034eccbe7f8bfe99479,2018-08,Hertfordshire Constabulary,Hertfordshire Constabulary,-0.470142,51.639512,On or near Parking Area,E01023850,Three Rivers 007C,Unable to prosecute suspect
82e6d852e1da7568ba7a743b147ad6df3754270f686152b8ed63a19f40ea4bc7,2018-08,Hertfordshire Constabulary,Hertfordshire Constabulary,-0.176255,51.922001,On or near COVENTRY CLOSE,E01023789,Stevenage 001C,Unable to prosecute suspect
84c2b1f8dabae9c46d88f6e33b2ec25b2f0967de835fe39cb05955c058b9441f,2018-08,Hertfordshire Constabulary,Hertfordshire Constabulary,-0.174891,51.790598,On or near COLE GREEN LANE,E01023943,Welwyn Hatfield 008A,Investigation complete; no suspect identified
1c6905919381d066563b8ee65ffcbe8be4e6dd914168bec64d9761fcefcc202a,2018-08,Hertfordshire Constabulary,Hertfordshire Constabulary,-0.394657,51.653970,On or near ST. MARYS VIEW,E01023862,Watford 009D,Unable to prosecute suspect
7affc1908821b7036da493c3aba759dae055822063dd665d6a3b32566a1d4330,2018-08,Hertfordshire Constabulary,Hertfordshire Constabulary,-0.329243,51.745883,On or near APPROACH ROAD,E01023741,St Albans 017E,Investigation complete; no suspect identified
20068f8b88b0c23d18df3925e4caac4c20ab9cdb120d5fa5238545ddc298f816,2018-08,Hertfordshire Constabulary,Hertfordshire Constabulary,-0.464506,51.766053,On or near BATHURST ROAD,E01023405,Dacorum 008E,Unable to prosecute suspect
d4caaddb5219cc5252d7d692f42b9ffadc30a02caa08c5d0308b2b1cfd073fba,2018-08,Hertfordshire Constabulary,Hertfordshire Constabulary,-0.219861,51.992004,On or near PAYNES CLOSE,E01023636,North Hertfordshire 003B,Investigation complete; no suspect identified
81b0fbfb57bdb4c0de355e6ccca6036287d85677ad2632601cd7ec78e693385a,2018-08,Hertfordshire Constabulary,Hertfordshire Constabulary,-0.178101,51.686384,On or near BYERS CLOSE,E01023575,Hertsmere 003E,Action to be taken by another organisation
93fd9a7527976d3ca9f537bfbfd9e59152327d5efcc4add455d325ac495cc673,2018-08,Hertfordshire Constabulary,Hertfordshire Constabulary,-0.439493,51.754709,On or near THE FLAGS,E01023345,Dacorum 013A,Unable to prosecute suspect
0a56ae77f3e0917f9c1cb9077e8ca2623eca236f462723f7e4d337f0a56aefaf,2018-08,Hertfordshire Constabulary,Hertfordshire Constabulary,-0.454344,51.733459,On or near Supermarket,E01023414,Dacorum 020E,Suspect charged
cd56e11272a78fa9841b52f00d195ad8d1580635a33df6d972c799d45d9191ec,2018-08,Hertfordshire Constabulary,Hertfordshire Constabulary,-0.029905,51.808796,On or near AMWELL END,E01023511,East Hertfordshire 013B,Unable to prosecute suspect
c9cbbaad173920f4a0318f4d6f36096015ebc30a2623a5e91033769e0cc44424,2018-08,Hertfordshire Constabulary,Hertfordshire Constabulary,-0.280006,51.671482,On or near ST NEOTS CLOSE,E01023535,Hertsmere 006B,Unable to prosecute suspect
2cadb7ebb8e4dd34a4e3749703b43d95b9340c56f0374f0cd1200dc8d278328f,2018-08,Hertfordshire Constabulary,Hertfordshire Constabulary,-0.349919,51.658638,On or near SANDY LANE,E01023555,Hertsmere 008D,Unable to prosecute suspect
24b55b841512a62df0e1a613a526ca4d9b945fd8798b0c0eeee2f0be311e0058,2018-08,Hertfordshire Constabulary,Hertfordshire Constabulary,-0.268655,51.661586,On or near MEADOW ROAD,E01023537,Hertsmere 006D,Investigation complete; no suspect identified
3a3bf956d7ed79fe2097720b7c254064bdc733e0bc770304120ddd7d5e0851fd,2018-08,Hertfordshire Constabulary,Hertfordshire Constabulary,-0.340425,51.754620,On or near UPTON AVENUE,E01023728,St Albans 012C,Unable to prosecute suspect
0a5ab37f5eee242089350c4cd0238ea3810b2f628a0b7c9b71c6a18823331bcc,2018-08,Hertfordshire Constabulary,Hertfordshire Constabulary,-0.176062,51.876517,On or near BRAEMAR CLOSE,E01023785,Stevenage 011C,Investigation complete; no suspect identified
a7647546918bcccd25184295a5f73011d0843d22e11f95b6a97db4c8db504ae3,2018-08,Hertfordshire Constabulary,Hertfordshire Constabulary,-0.399725,51.658248,On or near Nightclub,E01023861,Watford 009C,Unable to prosecute suspect
970ced28fd6a7e06ba97b2b70641d169bdfc0e40e0273da966ec6dcb52872d6f,2018-08,Hertfordshire Constabulary,Hertfordshire Constabulary,-0.470188,51.633865,On or near Supermarket,E01023849,Three Rivers 011D,Suspect charged
5ca6ed60198651eeb09491e77ec77ba4c4f606b040cf39cda8d90f5981affdef,2018-08,Hertfordshire Constabulary,Hertfordshire Constabulary,-0.261189,51.651135,On or near ARUNDEL DRIVE,E01023542,Hertsmere 011D,Unable to prosecute suspect
63686989ecdf05376e77c6f8b2a0f58efbe47ce8f1e27f72a832defc77edebb7,2018-08,Hertfordshire Constabulary,Hertfordshire Constabulary,-0.456265,51.774407,On or near ROBIN HOOD MEADOW,E01023394,Dacorum 007B,Investigation complete; no suspect identified
1c928f5cf2f82d24e89f6f49d7514526383920c841e7531405b9140b0a839afb,2018-08,Hertfordshire Constabulary,Hertfordshire Constabulary,-0.094404,51.800804,On or near NORTH ROAD AVENUE,E01023490,East Hertfordshire 015D,Investigation complete; no suspect identified
28fb831ce70cb20184ee635a24443a13c89a6a7ff6bf82ae5c77d841f9f479f2,2018-08,Hertfordshire Constabulary,Hertfordshire Constabulary,-0.336647,51.747409,On or near COTTONMILL CRESCENT,E01023740,St Albans 017D,Investigation complete; no suspect identified
9a864ec7e51ade4aa2b8fa09f219832025d2c47125393010ca59a4a89761666d,2018-08,Hertfordshire Constabulary,Hertfordshire Constabulary,-0.470941,51.638533,On or near Parking Area,E01023850,Three Rivers 007C,Unable to prosecute suspect
d2da4514a282d4b0b74adf5b6073003e4c03dbde77dd1b336ca11130901876da,2018-08,Hertfordshire Constabulary,Hertfordshire Constabulary,-0.036240,51.816239,On or near BERKELEY CLOSE,E01023517,East Hertfordshire 013E,Unable to prosecute suspect
7bd67925f7336e7984206d574160cdf3dfa4f4e7cde7ee926382c17e20a4145c,2018-08,Hertfordshire Constabulary,Hertfordshire Constabulary,-0.563100,51.763118,On or near GREENES COURT,E01023361,Dacorum 009A,Investigation complete; no suspect identified
349948cf5b21f427e9f6e6ad80fbc4eaffbc94b982816ea9103b88c97fb798dc,2018-08,Hertfordshire Constabulary,Hertfordshire Constabulary,-0.176620,51.910137,On or near BRUNEL ROAD,E01023762,Stevenage 007D,Unable to prosecute suspect
dad6fbc7231d261e0142c744384965c6a0b0d6900d16aee1c0c9bd035c4baca8,2018-08,Hertfordshire Constabulary,Hertfordshire Constabulary,-0.209366,51.785256,On or near ST JOSEPHS GREEN,E01023941,Welwyn Hatfield 009C,Investigation complete; no suspect identified
ff0bab2d4cd12add8f4519f9d857b0b9e99fe84f93ff53503a908c0dc487c491,2018-08,Hertfordshire Constabulary,Hertfordshire Constabulary,-0.213792,51.824430,On or near WELWYN BY PASS ROAD,E01023970,Welwyn Hatfield 002D,Investigation complete; no suspect identified
432f3e4e9ea9912c9fa1dda086103f39f5c1fb0e06c3a03b8ad950e34f58369a,2018-08,Hertfordshire Constabulary,Hertfordshire Constabulary,-0.394087,51.699120,On or near BOUNDARY WAY,E01023905,Watford 001B,Investigation complete; no suspect identified
d5d8b1517a3ef391f9ab76400202fb11f8025890139178452d4021701128846a,2018-08,Hertfordshire Constabulary,Hertfordshire Constabulary,-0.208026,51.806637,On or near SCHOLARS MEWS,E01023959,Welwyn Hatfield 003A,Investigation complete; no suspect identified
3769d19c05e74e208aabecf94b8099d1d36c8573d6d9433da954f05d15c79d54,2018-08,Hertfordshire Constabulary,Hertfordshire Constabulary,,,No location,,,Unable to prosecute suspect
df4d999ede0ed76305f9d1e4bc01647bb138ec15d50de01d301e45bc05496cb8,2018-08,Hertfordshire Constabulary,Hertfordshire Constabulary,,,No location,,,Unable to prosecute suspect
5dee162b4774da5749a15cf042c76ffca3025329f21529fac8d2233cfc148623,2018-08,Hertfordshire Constabulary,Hertfordshire Constabulary,0.163814,51.864758,On or near Nightclub,E01023446,East Hertfordshire 007D,Investigation complete; no suspect identified
838a7d682890673f3c4dab21ac5d1d744e7614b48792ee79b7140e5dcd0d137f,2018-08,Hertfordshire Constabulary,Hertfordshire Constabulary,-0.036275,51.716920,On or near Parking Area,E01023305,Broxbourne 008D,Suspect charged
1b05fef4878a864a62103bd22447d9c7cc14cd35140401c9131afbca79944e97,2018-08,Hertfordshire Constabulary,Hertfordshire Constabulary,,,No location,,,Unable to prosecute suspect
0654af151937649262eaf499a6e4f8ffc395b94d979801d79851b7e0278f8b07,2018-08,Hertfordshire Constabulary,Hertfordshire Constabulary,,,No location,,,Investigation complete; no suspect identified
72eba1fb53b20a465d1cfec68a472712af8fa4142065164315b8af338c7288e0,2018-08,Hertfordshire Constabulary,Hertfordshire Constabulary,-0.394437,51.656108,On or near Parking Area,E01023860,Watford 009B,Investigation complete; no suspect identified
a9dc3be8d1cc548f0fa48f8eab9129f335a0f1c46ae3f107baaf2358fabc54ce,2018-08,Hertfordshire Constabulary,Hertfordshire Constabulary,-0.525924,51.740655,On or near A41,E01023377,Dacorum 021E,Investigation complete; no suspect identified
cf42bf1bc0f94492e9429ba90a0ebc1a5ba3d63df62f1dcaafab65b65b1b0f19,2018-08,Hertfordshire Constabulary,Hertfordshire Constabulary,-0.378694,51.680799,On or near THE TURNSTONES,E01023874,Watford 003B,Unable to prosecute suspect
d0890661243a61269e8c93a8e49e4b0036e1d5237809497c998401e8c1c147d9,2018-08,Hertfordshire Constabulary,Hertfordshire Constabulary,,,No location,,,Investigation complete; no suspect identified
11ae35e011e4b643a026aebbc7b0be647ba2b2572448f05c0930a74240584222,2018-08,Hertfordshire Constabulary,Hertfordshire Constabulary,-0.438974,51.759665,On or near MAYLANDS AVENUE,E01023345,Dacorum 013A,Offender given a caution
5872947b3e2fa3b57bdd717ecc2d223a975efe99ea084050ac327f19fecb8130,2018-08,Hertfordshire Constabulary,Hertfordshire Constabulary,-0.036275,51.716920,On or near Parking Area,E01023305,Broxbourne 008D,Investigation complete; no suspect identified
868f63d05efe8ea54c3b88ee236985b426973526e7bafead200ef00be97a9478,2018-08,Hertfordshire Constabulary,Hertfordshire Constabulary,-0.290691,51.955280,On or near REDHILL ROAD,E01023612,North Hertfordshire 012B,Unable to prosecute suspect
9c29f25df2de4ddc2210119f1a839d3b9122b178c420da0c70824ab0d80065fe,2018-08,Hertfordshire Constabulary,Hertfordshire Constabulary,-0.023875,51.685554,On or near ELEANOR CROSS ROAD,E01023338,Broxbourne 013C,Investigation complete; no suspect identified
9f74fe5b844606682fb40669dd30bf3e8e0c551d1e083657cb2ec46abad31e13,2018-08,Hertfordshire Constabulary,Hertfordshire Constabulary,-0.450416,51.774222,On or near FROME SQUARE,E01023395,Dacorum 007C,Investigation complete; no suspect identified
75b925918e8cc41f2090db16e420509f11ead9adc48dab120e1ddcf865d9012c,2018-08,Hertfordshire Constabulary,Hertfordshire Constabulary,0.072128,51.855151,On or near HIGH STREET,E01023497,East Hertfordshire 009D,Investigation complete; no suspect identified
726813032b162f22e88cb1a6b916a9eb0e457c47933940825371ec48ca1390ca,2018-08,Hertfordshire Constabulary,Hertfordshire Constabulary,0.176572,51.863660,On or near THE HEDGEROWS,E01023442,East Hertfordshire 005E,Suspect charged
20c30ed2e5a298c2caddb2352d8b3ef42432361bd537ccbf3cbeb8c7ad76d7ba,2018-08,Hertfordshire Constabulary,Hertfordshire Constabulary,-0.415648,51.745946,On or near WESTWICK ROW,E01023722,St Albans 006A,Offender given penalty notice
1cefe2680c47215d52ffe1e59e917719738d206aa402d79118b9e08e23143670,2018-08,Hertfordshire Constabulary,Hertfordshire Constabulary,-0.279664,51.656829,On or near Shopping Area,E01023532,Hertsmere 007D,Suspect charged
2d8fd441c93298029a787e07f3fd03e3fe433fd6ccfda412a270dadccd3085d1,2018-08,Hertfordshire Constabulary,Hertfordshire Constabulary,-0.208676,51.899579,On or near KINGS WAY,E01023758,Stevenage 008D,Offender given a caution
d4e53d05d5f43ac8bdd2c6c5afaf627fe6f32573e18ccfb5000144336a805945,2018-08,Hertfordshire Constabulary,Hertfordshire Constabulary,-0.201368,51.898028,On or near Supermarket,E01023786,Stevenage 011D,Suspect charged
803d7ce714d3f4d1736c4573b11ba268701476b10970c9275040b66190f0fc2f,2018-08,Hertfordshire Constabulary,Hertfordshire Constabulary,-0.193258,51.884263,On or near Supermarket,E01023786,Stevenage 011D,Suspect charged
dcf1315508767349128ef6c00e9d6c8a3ff40377c3bdd93379db298b0d128719,2018-08,Hertfordshire Constabulary,Hertfordshire Constabulary,-0.295584,51.767664,On or near CHERITON CLOSE,E01023735,St Albans 007C,Unable to prosecute suspect
827fa29f71bfebcc481449e8767dfb34b0d1f882463d31361052134de0efeb48,2018-08,Hertfordshire Constabulary,Hertfordshire Constabulary,-0.240473,51.746296,On or near WOODPECKER CLOSE,E01023934,Welwyn Hatfield 013B,Local resolution
6b187d54efd6ec3f952ecc6a443b37020861f7389cf745ddf1185b907fa854f5,2018-08,Hertfordshire Constabulary,Hertfordshire Constabulary,-0.219415,51.760923,On or near HOWE DELL,E01023924,Welwyn Hatfield 011A,Unable to prosecute suspect
e5f8fcdc1cd0e04f9142a78781be2a5a79881d65963618c74343caa196574c8e,2018-08,Hertfordshire Constabulary,Hertfordshire Constabulary,-0.250480,51.763242,On or near NIMROD DRIVE,E01033314,Welwyn Hatfield 010G,Unable to prosecute suspect
38669ea3269e1b3b90edf55f0878e3d75f3218d774b2858187db24e0b71b14a1,2018-08,Hertfordshire Constabulary,Hertfordshire Constabulary,-0.395722,51.644292,On or near BLACKWELL DRIVE,E01023883,Watford 012B,Suspect charged
4157fcaf01f77dad407927e91647e25fc3e6762dcf16825b1a85b1d411f8a9b2,2018-08,Hertfordshire Constabulary,Hertfordshire Constabulary,-0.420891,51.664892,On or near DE VERE WALK,E01023889,Watford 008D,Investigation complete; no suspect identified
18e82cbe801d27f8f4456278e3cba878fb5f1f9457a3146db7f6412acf087af9,2018-08,Hertfordshire Constabulary,Hertfordshire Constabulary,-0.168950,51.892457,On or near Supermarket,E01023793,Stevenage 010C,Unable to prosecute suspect
40ba27560937a150e5e2ee718da5001bf185506960d978e970cb09c22f5c042e,2018-08,Hertfordshire Constabulary,Hertfordshire Constabulary,-0.189585,51.983207,On or near THE ROWANS,E01023591,North Hertfordshire 004E,Unable to prosecute suspect
d1b60a9a3a28282cde5c72e680db649ae26bbc2d2be3b33c1dbb7a12a5651138,2018-08,Hertfordshire Constabulary,Hertfordshire Constabulary,-0.203173,51.815231,On or near Supermarket,E01023960,Welwyn Hatfield 003B,Investigation complete; no suspect identified
ab3eb22aa6ac65d91fe1d78695cd86bde69687ba1345a227ffbb877d6cd94c16,2018-08,Hertfordshire Constabulary,Hertfordshire Constabulary,-0.206721,51.888075,On or near A602,E01023786,Stevenage 011D,Unable to prosecute suspect
27b7071c16cf0c76de2d317dc740bb1617f1cc236b8f38ee491ae0fa7976541e,2018-08,Hertfordshire Constabulary,Hertfordshire Constabulary,-0.397609,51.668245,On or near Supermarket,E01023855,Watford 006A,Investigation complete; no suspect identified
8f99e1280c41b1bcaf8dbe76da53e35aa229dde9d293739293883ae39ed07b86,2018-08,Hertfordshire Constabulary,Hertfordshire Constabulary,-0.278174,51.958343,On or near BRAMPTON PARK ROAD,E01023603,North Hertfordshire 010C,Offender given a caution
043af2ebe64a709d204ef863807f0fea87326b04a0c60ae99f14c6387e5f7a6e,2018-08,Hertfordshire Constabulary,Hertfordshire Constabulary,-0.357666,51.724649,On or near TENNYSON ROAD,E01023731,St Albans 020C,Investigation complete; no suspect identified
0731561b4659365143a76ce901e4717dce7c762b318dc11fd421f1d527c8c1fb,2018-08,Hertfordshire Constabulary,Hertfordshire Constabulary,-0.191554,51.801772,On or near MARTINFIELD,E01023954,Welwyn Hatfield 007A,Investigation complete; no suspect identified
ff914bb7bf02f26307ca54164c26a649d07d451ec80a1eec735be398b2c30c83,2018-08,Hertfordshire Constabulary,Hertfordshire Constabulary,-0.243494,51.972425,On or near Sports/Recreation Area,E01023646,North Hertfordshire 008C,Unable to prosecute suspect
151654f20f05b52da605ea6b5aa76d86bdbd913b7ce0ceb0e9140bec30db03bd,2018-08,Hertfordshire Constabulary,Hertfordshire Constabulary,-0.659564,51.799856,On or near Supermarket,E01023418,Dacorum 003A,Investigation complete; no suspect identified
57f0f9ceeb685a7768d6bbd92cf896ebef3690e0792e7291c3c06f409a151c17,2018-08,Hertfordshire Constabulary,Hertfordshire Constabulary,,,No location,,,Unable to prosecute suspect
d774c1ff40dd878c8bf9f5687ea2950164062d766b84a991a4916bb9239dc70f,2018-08,Hertfordshire Constabulary,Hertfordshire Constabulary,-0.339522,51.749616,On or near RYDER SEED MEWS,E01023726,St Albans 012A,Investigation complete; no suspect identified
31d9a173681fc30fdf510c34ce68f8c4d72ce3a932090d09b13c09d2acb9aeec,2018-08,Hertfordshire Constabulary,Hertfordshire Constabulary,-0.026309,51.719064,On or near B176,E01023344,Broxbourne 005E,Suspect charged
33d779464e2109e433ef6bf2c9c69ec5a5d5c72a4e927c1d9cef167e1571bc75,2018-08,Hertfordshire Constabulary,Hertfordshire Constabulary,-0.170960,51.796723,On or near POPPYFIELDS,E01023953,Welwyn Hatfield 005D,Unable to prosecute suspect
90da788e445b5ceace8afb3893e672cbb3d452dcfe5734fb72a82355d1a8aeb8,2018-08,Hertfordshire Constabulary,Hertfordshire Constabulary,-0.658316,51.795463,On or near Petrol Station,E01023421,Dacorum 004B,Local resolution
54ee74fbf25aac6e66a529da11f9313724f41db5d17ecafb5423bb79e00a1d17,2018-08,Hertfordshire Constabulary,Hertfordshire Constabulary,-0.188369,51.909366,On or near HAYWARD CLOSE,E01023781,Stevenage 006D,Local resolution
9781a202444ca2ba78759df8e1eff91d5b23026d00f4ecfc4a6b45bad7228074,2018-08,Hertfordshire Constabulary,Hertfordshire Constabulary,-0.227296,51.762068,On or near QUEENSWAY,E01023920,Welwyn Hatfield 012A,Unable to prosecute suspect
e30478f897ee77226e5c2d6735f6102c2b8d1ade2fa8fe4a0fc942705718ab0d,2018-08,Hertfordshire Constabulary,Hertfordshire Constabulary,0.105370,51.775220,On or near OLDHOUSE CROFT,E01021853,Harlow 003E,Action to be taken by another organisation
4e238d2468f4061b0e47c008e7f32f5f6f31226ab45b865ebba978bdb8269b20,2018-08,Hertfordshire Constabulary,Hertfordshire Constabulary,-0.398063,51.654530,On or near EXCHANGE ROAD,E01023861,Watford 009C,Unable to prosecute suspect
a7906058b898cf1b064a84dc28f98b35208469c14175ad07a1933188c7d82d25,2018-08,Hertfordshire Constabulary,Hertfordshire Constabulary,-0.389186,51.616210,On or near ASHFORD GREEN,E01023806,Three Rivers 012A,Unable to prosecute suspect
a5d208e5af2616919ddf9596137e0550dbd6d90be293f61cfb3a67cd7bb09ed8,2018-08,Hertfordshire Constabulary,Hertfordshire Constabulary,-0.274954,51.751501,On or near LYON WAY,E01023680,St Albans 015D,Unable to prosecute suspect
a5d208e5af2616919ddf9596137e0550dbd6d90be293f61cfb3a67cd7bb09ed8,2018-08,Hertfordshire Constabulary,Hertfordshire Constabulary,-0.274954,51.751501,On or near LYON WAY,E01023680,St Albans 015D,Unable to prosecute suspect
55b37bc6dec93b0dcb93e9c626e82ab2680ea3f5d0bacfaca66391812938db7a,2018-08,Hertfordshire Constabulary,Hertfordshire Constabulary,-0.361973,51.826156,On or near AMBROSE LANE,E01023690,St Albans 001A,Unable to prosecute suspect
542a67f38ade435822032ff2ca1020a135a0d897e20d416e4b4e815c53f1a7e5,2018-08,Hertfordshire Constabulary,Hertfordshire Constabulary,-0.281498,51.652684,On or near Petrol Station,E01023565,Hertsmere 010C,Suspect charged
ff8b7999ab19fb4baad839f3ab11196ff5a1950d1f702954cf0feb184d5b58b9,2018-08,Hertfordshire Constabulary,Hertfordshire Constabulary,-0.485548,51.639945,On or near THE HIGHLANDS,E01023853,Three Rivers 007E,Unable to prosecute suspect
cb22304554f908f40d9f3944e4fc2042d7a3a678ed9b9358b653ee18be5ed06e,2018-08,Hertfordshire Constabulary,Hertfordshire Constabulary,0.015235,51.986373,On or near Parking Area,E01023597,North Hertfordshire 005C,Unable to prosecute suspect
d9260bac2560a4f2bf4b74ccabd03c7e5609fcf07664e83a4333d24ac570af46,2018-08,Hertfordshire Constabulary,Hertfordshire Constabulary,-0.393909,51.657539,On or near EARL STREET,E01023859,Watford 009A,Investigation complete; no suspect identified
da34786ba8c5caf1e53c1cce5d4ba5f9328c6c3cda2f89bcd697ebaa28a72509,2018-08,Hertfordshire Constabulary,Hertfordshire Constabulary,,,No location,,,Unable to prosecute suspect
ba536fe0e2afd28cbdf68da3671da50c5b3e17c9113b50061f2771d8f48819d1,2018-08,Hertfordshire Constabulary,Hertfordshire Constabulary,-0.215521,51.831335,On or near FORGE LANE,E01023969,Welwyn Hatfield 002C,Offender given a drugs possession warning
9df3e475554c5d8cd71e436130e9db8c09e088c3d7f885c87e76e616f49840c9,2018-08,Hertfordshire Constabulary,Hertfordshire Constabulary,,,No location,,,Unable to prosecute suspect
6fc04c083060ec8846f1cb47af0ea1a7c5aee94c1ee958bb05a1b77edcbca1a0,2018-08,Hertfordshire Constabulary,Hertfordshire Constabulary,-0.328006,51.753104,On or near LEMSFORD ROAD,E01023727,St Albans 012B,Suspect charged
ff34e0fae3e6e6e1ab11120098435c9cb57187b9bfb0c21ec36d70c827479665,2018-08,Hertfordshire Constabulary,Hertfordshire Constabulary,,,No location,,,Unable to prosecute suspect
c86cf3252b7ef9ae9a45949c5f95b7ab361c7e2f5f9e520b669018fdd7cdf7c4,2018-08,Hertfordshire Constabulary,Hertfordshire Constabulary,-0.208763,51.816593,On or near OAKDALE,E01023962,Welwyn Hatfield 003D,Investigation complete; no suspect identified
54c5862ee549b14a4af429e0a31591b37643d0885a407f6cce949cd9e22b54b2,2018-08,Hertfordshire Constabulary,Hertfordshire Constabulary,,,No location,,,Unable to prosecute suspect
c99afdd9cca1104505ee90e4ac37640abb7a1dfe9e5903570c2540407acaef41,2018-08,Hertfordshire Constabulary,Hertfordshire Constabulary,,,No location,,,Action to be taken by another organisation
85e131fc9521dd0ec0cc3fe3e7698fc96ad5ff3c4db5d94ad01ea757d60c038c,2018-08,Hertfordshire Constabulary,Hertfordshire Constabulary,-0.214027,51.763422,On or near Parking Area,E01023925,Welwyn Hatfield 011B,Offender given penalty notice
e64e52c8deffa98e7aca92d4267e6ff37008781850a208d2db9c384b61cb7c8f,2018-08,Hertfordshire Constabulary,Hertfordshire Constabulary,,,No location,,,Investigation complete; no suspect identified
1179f83edd71e00ff74daaa996b15ec14572b87d384a3e2e57733a895a603419,2018-08,Hertfordshire Constabulary,Hertfordshire Constabulary,,,No location,,,Investigation complete; no suspect identified
e6afc451553cc51aa87588cde38e9f6bbcd4441fe0d361dcf37e50ffd4d068e0,2018-08,Hertfordshire Constabulary,Hertfordshire Constabulary,,,No location,,,Unable to prosecute suspect
b3e455e6669c0495a9786851366a6ee87be3d5bd063156c4b90ee0a3651db2a5,2018-08,Hertfordshire Constabulary,Hertfordshire Constabulary,,,No location,,,Investigation complete; no suspect identified
b759d3cdd67a283c2fa372586e5a12b3e5054fe26264fc369eec22bb6768498e,2018-08,Hertfordshire Constabulary,Hertfordshire Constabulary,-0.237375,51.852247,On or near GOMER CLOSE,E01023596,North Hertfordshire 015B,Investigation complete; no suspect identified
4640e5fed7975646d0b30b9058d683e4756cfb0b34d010df83e15d4cbc774397,2018-08,Hertfordshire Constabulary,Hertfordshire Constabulary,,,No location,,,Unable to prosecute suspect
6002ddb8b4e5a48dc0c9f271dcdde624407d1043ae797326716f29b5d471eb0e,2018-08,Hertfordshire Constabulary,Hertfordshire Constabulary,-0.077293,51.796299,On or near MARKET PLACE,E01023478,East Hertfordshire 017D,Unable to prosecute suspect
36d0f702b22656bbba8d3131ab42494906be6b67d35866e6af8fb6ecffa434a8,2018-08,Hertfordshire Constabulary,Hertfordshire Constabulary,,,No location,,,Unable to prosecute suspect
c1a1e8988b89db18b83f95fccb5f3f80aa85555fb420118e349a04ba48e2b09f,2018-08,Hertfordshire Constabulary,Hertfordshire Constabulary,-0.328480,51.747338,On or near LIME TREE PLACE,E01023729,St Albans 012D,Unable to prosecute suspect
29d7e96143f4a1346711637cd6e88b1af28f39c64ec5d698108718baad0c5bb6,2018-08,Hertfordshire Constabulary,Hertfordshire Constabulary,-0.197828,51.783371,On or near PINNATE PLACE,E01023941,Welwyn Hatfield 009C,Unable to prosecute suspect
d456278a695998b28538e94d68b5bc9ffaf6d851a767f4b2b88f2b11066042db,2018-08,Hertfordshire Constabulary,Hertfordshire Constabulary,-0.393249,51.628773,On or near SWANSTON PATH,E01023828,Three Rivers 008B,Unable to prosecute suspect
f1049a8e2257e618f5132c838687a072f166905cc4da2a95054aa9e5b2d66732,2018-08,Hertfordshire Constabulary,Hertfordshire Constabulary,-0.011724,51.766694,On or near Petrol Station,E01023327,Broxbourne 002A,Investigation complete; no suspect identified
40265e7f05f68fbea522a789f5fd573407b779245d3c180c99b82d441bc0ed21,2018-08,Hertfordshire Constabulary,Hertfordshire Constabulary,-0.541368,51.724753,On or near Prison,E01023373,Dacorum 021A,Investigation complete; no suspect identified
13db789ed14e54cff229d8ed5afc31d263ddc59c40c60251bd7d3303c4deb038,2018-08,Hertfordshire Constabulary,Hertfordshire Constabulary,-0.356590,51.726369,On or near CARISBROOK ROAD,E01023731,St Albans 020C,Unable to prosecute suspect
f04e50e189f3d7a4587055cb1b21020a400b61efbe70a101390b50bb6bf54671,2018-08,Hertfordshire Constabulary,Hertfordshire Constabulary,0.150974,51.858681,On or near KENT CRESCENT,E01023445,East Hertfordshire 007C,Unable to prosecute suspect
d6fb6635e24ba82bf3bfb3b6358b33e7fdd4ef0e962cb7316dd00f2f56d70439,2018-08,Hertfordshire Constabulary,Hertfordshire Constabulary,-0.264341,51.953231,On or near STATION APPROACH,E01023610,North Hertfordshire 013E,Investigation complete; no suspect identified
9ebc7959fcb0bd95728c26b396b2e61f66ad3475d9fdf143e936ad56b28b5fce,2018-08,Hertfordshire Constabulary,Hertfordshire Constabulary,-0.189227,51.795783,On or near SHORTLANDS GREEN,E01023958,Welwyn Hatfield 007E,Unable to prosecute suspect
f6400dd48fdeaa13512438d607032d1f378e835cdc2e4657660a17eb8aad7f7c,2018-08,Hertfordshire Constabulary,Hertfordshire Constabulary,-0.464506,51.766053,On or near BATHURST ROAD,E01023405,Dacorum 008E,Unable to prosecute suspect
8cd63de147db3a171e9188e491cf70ef7f71a61255ce252fbeaf922ab8e7f46e,2018-08,Hertfordshire Constabulary,Hertfordshire Constabulary,-0.188513,51.923845,On or near IONA CLOSE,E01023799,Stevenage 002D,Unable to prosecute suspect
3d14a41ddfcb7de80c927fc59f3f86911dfc41628d7589d958ea18f315b513a3,2018-08,Hertfordshire Constabulary,Hertfordshire Constabulary,-0.198110,51.916978,On or near WESTON ROAD,E01023777,Stevenage 002B,Action to be taken by another organisation
0b0e3011fccec6bdcd6a64dc117c69210c6251794cf5b25d9f853ccfc2138fbd,2018-08,Hertfordshire Constabulary,Hertfordshire Constabulary,-0.180063,51.797557,On or near ELDERFIELD,E01023944,Welwyn Hatfield 008B,Unable to prosecute suspect
14320834293ca727327ed9797917bf760dde10ebc432cad06031fd9bd6230a0d,2018-08,Hertfordshire Constabulary,Hertfordshire Constabulary,0.161263,51.867916,On or near STATION ROAD,E01023450,East Hertfordshire 004B,Investigation complete; no suspect identified
c62151b7321992c5d5fd3939322b061a51c6d14fadc47bf83373f560bbb6eb46,2018-08,Hertfordshire Constabulary,Hertfordshire Constabulary,0.127480,51.818121,On or near WEST ROAD,E01023496,East Hertfordshire 009C,Investigation complete; no suspect identified
15f62593a35c53240e4465545629fbf626b82de9e69dce06b33348fa2f6ed648,2018-08,Hertfordshire Constabulary,Hertfordshire Constabulary,-0.186535,51.900040,On or near POPPY MEAD,E01023756,Stevenage 008B,Unable to prosecute suspect
40dc548cd422796cfa0863660dddd610e692e9aa1ed1b8e6f76e7191e558e223,2018-08,Hertfordshire Constabulary,Hertfordshire Constabulary,-0.415901,51.645033,On or near COMBE ROAD,E01023864,Watford 011B,Unable to prosecute suspect
c4ca8247bd0c35d46f79ecd78a7417feccfadc1ba5aa2a3d89b746393ee7f849,2018-08,Hertfordshire Constabulary,Hertfordshire Constabulary,-0.215849,51.925809,On or near Parking Area,E01023800,Stevenage 002E,Unable to prosecute suspect
ba013b37995ab479006cd759e44f660fa61d51ecec0cfa755fad4e8e14990df0,2018-08,Hertfordshire Constabulary,Hertfordshire Constabulary,-0.457768,51.767736,On or near WENSLEYDALE,E01023402,Dacorum 008B,Unable to prosecute suspect
9cb7579953eb39f87149d8e763cb01b68291da371beee3ed794216342e38c70d,2018-08,Hertfordshire Constabulary,Hertfordshire Constabulary,-0.392461,51.648203,On or near HAMILTON STREET,E01023862,Watford 009D,Investigation complete; no suspect identified
0737609ba0765708518fa8a10342aa818bd369adf285c0bdc8d31bb3a885e46e,2018-08,Hertfordshire Constabulary,Hertfordshire Constabulary,0.161191,51.872153,On or near Parking Area,E01023449,East Hertfordshire 004A,Unable to prosecute suspect
fba1da9446d8aac92b87be8f97b9629bc60ba5a6e0d85e520a460696915dd1e9,2018-08,Hertfordshire Constabulary,Hertfordshire Constabulary,-0.466500,51.758103,On or near GILROY ROAD,E01023401,Dacorum 008A,Unable to prosecute suspect
262f9a0e7dc666d5e5386cb0c891588d782d60f7bca671893ceb8c702f91fe8e,2018-08,Hertfordshire Constabulary,Hertfordshire Constabulary,-0.449657,51.752793,On or near LONGLANDS,E01023349,Dacorum 015A,Unable to prosecute suspect
e2e1cbf6773cdb812bd6bf91bf10db29254b2b9f07b5e675486eaacfd7a86df7,2018-08,Hertfordshire Constabulary,Hertfordshire Constabulary,-0.210647,51.905579,On or near WATSON ROAD,E01023776,Stevenage 002A,Further investigation is not in the public interest
751faa8f99c76789140e55bc85b0569caea59ac3a56b4be1c3f55dc714ed4fc3,2018-08,Hertfordshire Constabulary,Hertfordshire Constabulary,-0.076597,51.796629,On or near MARKET STREET,E01023478,East Hertfordshire 017D,Investigation complete; no suspect identified
a9ce707a1a4a59984acd56474b424e47827876619fe2b92bf63d70af8b6ea3a0,2018-08,Hertfordshire Constabulary,Hertfordshire Constabulary,-0.271229,51.657380,On or near Petrol Station,E01023539,Hertsmere 011A,Unable to prosecute suspect
3683cd91c844ae833920c72bdc13096810c9cd7be5a0219194bcc53b7d2b0b98,2018-08,Hertfordshire Constabulary,Hertfordshire Constabulary,-0.174661,51.691717,On or near PARK VIEW,E01023575,Hertsmere 003E,Investigation complete; no suspect identified
5cd5b228c49763038c669112a7c5ad0cd9a58cb717134f59671e91220cbd98dd,2018-08,Hertfordshire Constabulary,Hertfordshire Constabulary,-0.337328,51.753722,On or near ST PETER'S STREET,E01023727,St Albans 012B,Unable to prosecute suspect
b16285c389853d2f9c33f65e4c698b4dd3add018f585d9b072217c3876a91dc8,2018-08,Hertfordshire Constabulary,Hertfordshire Constabulary,-0.214558,51.826330,On or near LONDON ROAD,E01023970,Welwyn Hatfield 002D,Investigation complete; no suspect identified
3818867d7cabbbfe10b417ee63bdf96e98bba948153cb60831750fd2776378ea,2018-08,Hertfordshire Constabulary,Hertfordshire Constabulary,-0.036788,51.709420,On or near SYMONDS COURT,E01023303,Broxbourne 008B,Unable to prosecute suspect
c4d374f638c4a7feb8a3dc0258ba10e3030b4e709b826d774c075117fc7b1844,2018-08,Hertfordshire Constabulary,Hertfordshire Constabulary,-0.205363,51.904294,On or near Petrol Station,E01023758,Stevenage 008D,Unable to prosecute suspect
f06c2a57e571020dbc1daf0e54ac72d1cb5096f276fe1fdc8f17a7f3efaf2178,2018-08,Hertfordshire Constabulary,Hertfordshire Constabulary,-0.339291,51.751564,On or near CHEQUER STREET,E01023727,St Albans 012B,Unable to prosecute suspect
2ddcfd0fbc9dc223639c67e6eb0e0389edeb09db31ebe52211bc615ce4c09234,2018-08,Hertfordshire Constabulary,Hertfordshire Constabulary,-0.240292,51.764007,On or near PARKHOUSE COURT,E01033308,Welwyn Hatfield 010E,Unable to prosecute suspect
62d295d15b90ce2621487faa7e5d9b91dd41ec4886ef685f584c96dc9302ac8c,2018-08,Hertfordshire Constabulary,Hertfordshire Constabulary,-0.275182,51.661403,On or near CANTERBURY ROAD,E01023530,Hertsmere 007B,Unable to prosecute suspect
6833ee74284f6e0fa7aa599658ce96dbd3147fe89814802e37e4b1e0ee457193,2018-08,Hertfordshire Constabulary,Hertfordshire Constabulary,-0.410821,51.613402,On or near RAVENSWOOD PARK,E01002482,Hillingdon 001E,Unable to prosecute suspect
8d9936fa72842ae5e07a4477055e7349f5889fb99d73cc5c9b46d972f2ed29e7,2018-08,Hertfordshire Constabulary,Hertfordshire Constabulary,-0.439997,51.778769,On or near BURNS DRIVE,E01023435,Dacorum 005B,Unable to prosecute suspect
daf52def73499bbf7cb854da8d28f9d12343bba39fd3ad1a2c65a434d6d98635,2018-08,Hertfordshire Constabulary,Hertfordshire Constabulary,-0.182406,51.912295,On or near Pedestrian Subway,E01023781,Stevenage 006D,Unable to prosecute suspect
0ca3cfbae732e32e1efac0a50ab32039c3c21465a3202e5d2dcb118eabfd42ce,2018-08,Hertfordshire Constabulary,Hertfordshire Constabulary,0.142398,51.816321,On or near Sports/Recreation Area,E01023501,East Hertfordshire 011C,Unable to prosecute suspect
69b30212f6d2173206f288cd268d6fbbb051ea13efcf34596b2d01ac47932382,2018-08,Hertfordshire Constabulary,Hertfordshire Constabulary,-0.183230,51.892966,On or near VALLEY WAY,E01023794,Stevenage 010D,Investigation complete; no suspect identified
76567fa5d87cf271c95b9c5a9bc1e0edd0f1cc40eb5cdc1503f0bfefbab8c9e3,2018-08,Hertfordshire Constabulary,Hertfordshire Constabulary,-0.035091,52.053044,On or near SOUTH CLOSE,E01023655,North Hertfordshire 002B,Investigation complete; no suspect identified
a4b3d82e682424b7390ce550a2bca180e1f2e4ef9738a2f509983552dc153708,2018-08,Hertfordshire Constabulary,Hertfordshire Constabulary,-0.021243,51.735606,On or near BERNERS WAY,E01023340,Broxbourne 005A,Unable to prosecute suspect
2f98a8a2501d3ce70d2847a855af245b44568768b15c154cc5ab9965429151e0,2018-08,Hertfordshire Constabulary,Hertfordshire Constabulary,-0.426685,51.647894,On or near HATTERS LANE,E01023866,Watford 011D,Unable to prosecute suspect
4769f0265959947c8f714e13501073f80206cc9d8c32b777923b000865d35882,2018-08,Hertfordshire Constabulary,Hertfordshire Constabulary,-0.221937,51.979303,On or near RUSHBY WALK,E01023631,North Hertfordshire 006B,Unable to prosecute suspect
c0873e4b89340f8827e69fe981842575962212996550664caf3d12c8b5737f20,2018-08,Hertfordshire Constabulary,Hertfordshire Constabulary,-0.036788,51.709420,On or near SYMONDS COURT,E01023303,Broxbourne 008B,Unable to prosecute suspect
2c5fbc68cd7d3b7f99b6bd8deedd27f288910e057aefb9183c78219a06243130,2018-08,Hertfordshire Constabulary,Hertfordshire Constabulary,-0.319433,51.744403,On or near CUNNINGHAM HILL ROAD,E01023682,St Albans 016B,Suspect charged
a606669ad35d167d4714cf16e3cbb6110731f548bebdc8cac347cf084ab10454,2018-08,Hertfordshire Constabulary,Hertfordshire Constabulary,-0.383143,51.628149,On or near Supermarket,E01023809,Three Rivers 010B,Investigation complete; no suspect identified
9c75fbed07c73624c51f8943a6c506141999a0a03f12c4be4b89fd664a6e5ac2,2018-08,Hertfordshire Constabulary,Hertfordshire Constabulary,-0.518946,51.652349,On or near Parking Area,E01023816,Three Rivers 005B,Unable to prosecute suspect
c5b192fe32b718355ea2a657a1d89c81285db017d68932a703d72af1f0c04b2c,2018-08,Hertfordshire Constabulary,Hertfordshire Constabulary,-0.021434,51.738864,On or near LICHFIELD WAY,E01023340,Broxbourne 005A,Investigation complete; no suspect identified
9af34afe0668e9c579cf30c0734a21062d5870ff38672137c0539c3c77b89d6b,2018-08,Hertfordshire Constabulary,Hertfordshire Constabulary,-0.033990,51.701856,On or near Supermarket,E01023301,Broxbourne 010E,Investigation complete; no suspect identified
e6e0b412ca5ca263d619c0a0a06ad02b6cec5ba94cd26fb077ad74f84a679346,2018-08,Hertfordshire Constabulary,Hertfordshire Constabulary,0.149334,51.814801,On or near NEW STREET,E01023502,East Hertfordshire 011D,Investigation complete; no suspect identified
79226c4abc40d2e50f0dc6e94558cd53a9fd00e01e60b8d8eecab572d34135de,2018-08,Hertfordshire Constabulary,Hertfordshire Constabulary,-0.274204,51.648332,On or near BYRON AVENUE,E01023539,Hertsmere 011A,Unable to prosecute suspect
d01b730cee869f23e16e6fde0f735f77230dd069b70c316b29a14b54353d374f,2018-08,Hertfordshire Constabulary,Hertfordshire Constabulary,-0.269343,51.564148,On or near KINGSGATE,E01000482,Brent 009C,Action to be taken by another organisation
8b50e37661219fad5397024153d7d8b2777b7f5498366b9ef1cdabe4a840d279,2018-08,Hertfordshire Constabulary,Hertfordshire Constabulary,0.160076,51.873451,On or near Parking Area,E01023450,East Hertfordshire 004B,Unable to prosecute suspect
ea0cd2398a509e19f7865b9348904295e6520f7b1f5bbb6495c57c448de36d6c,2018-08,Hertfordshire Constabulary,Hertfordshire Constabulary,-0.233674,51.748289,On or near HIGH VIEW,E01023937,Welwyn Hatfield 013E,Investigation complete; no suspect identified
ece183b788ecbb4a4397c73cb8c1124e86b187b1852c7b0c52ae44ea755da148,2018-08,Hertfordshire Constabulary,Hertfordshire Constabulary,-0.233674,51.748289,On or near HIGH VIEW,E01023937,Welwyn Hatfield 013E,Investigation complete; no suspect identified
0d24d712a5382274634ca806b3e91c9df7f450e12534cad1a6686e9986e9fb29,2018-08,Hertfordshire Constabulary,Hertfordshire Constabulary,-0.411757,51.651110,On or near QUEENS AVENUE,E01023863,Watford 011A,Unable to prosecute suspect
f6082e5a6cfff8bc9f93b3480d2feea0ca40be1e08c6e3b6c6c455e8d9520a0a,2018-08,Hertfordshire Constabulary,Hertfordshire Constabulary,-0.039999,51.821904,On or near THE LARCHES,E01023516,East Hertfordshire 013D,Unable to prosecute suspect
a9f6e3ba16b187f0f9a8b66e43b3fcfd18e3dc26c97c1a34a98584e7b42362de,2018-08,Hertfordshire Constabulary,Hertfordshire Constabulary,-0.178658,51.882393,On or near WILLOWS LINK,E01023784,Stevenage 011B,Unable to prosecute suspect
e49d7682618f28974ac06e2d82f76b6169c46835d945975c408da688d53a47c0,2018-08,Hertfordshire Constabulary,Hertfordshire Constabulary,-0.569778,51.762750,On or near ST JOHN'S WELL LANE,E01023361,Dacorum 009A,Unable to prosecute suspect
ff588745f8562f6b44de79c9f9af260fc0537e287278cb05954523496b79f0a3,2018-08,Hertfordshire Constabulary,Hertfordshire Constabulary,-0.482075,51.740412,On or near HARDINGS CLOSE,E01023354,Dacorum 018B,Unable to prosecute suspect
d7f624280250fce0ec9dddc0cd5e8ee725792377e00a9fc91d46b2c532620660,2018-08,Hertfordshire Constabulary,Hertfordshire Constabulary,-0.427348,51.755644,On or near Petrol Station,E01023409,Dacorum 017A,Unable to prosecute suspect
d9c141cc40e6d49bcbbf0ce0117b4e42bcdd33bfea2f4750796c5206380d9f95,2018-08,Hertfordshire Constabulary,Hertfordshire Constabulary,-0.496489,51.765208,On or near BINGHAM CLOSE,E01023392,Dacorum 011A,Unable to prosecute suspect
e0ed2492e9a8b47b277b9798f7035a7b7254290ba499076e75feebf3bc971afe,2018-08,Hertfordshire Constabulary,Hertfordshire Constabulary,-0.427348,51.755644,On or near Petrol Station,E01023409,Dacorum 017A,Investigation complete; no suspect identified
d8b7ef03575b79a75e2ec808f4a74f0c104577d65245ce85867e56382435deda,2018-08,Hertfordshire Constabulary,Hertfordshire Constabulary,-0.036153,51.705381,On or near CLARENDON ROAD,E01023301,Broxbourne 010E,Unable to prosecute suspect
35317f60a780fc3d79e7afa2d1e1c6972b68ee59ad67b8a7b5b3b2108c91e81b,2018-08,Hertfordshire Constabulary,Hertfordshire Constabulary,-0.230362,51.762977,On or near Further/Higher Educational Building,E01023920,Welwyn Hatfield 012A,Unable to prosecute suspect
821b9e60e376a31038c415ece935ebf3b4040d62effbddfd4ea2ea07461c67de,2018-08,Hertfordshire Constabulary,Hertfordshire Constabulary,-0.451914,51.746520,On or near BENNETTS END CLOSE,E01023357,Dacorum 020A,Unable to prosecute suspect
1744b990827d7dcbca0b74e45248609a072cc33b810714f158ecf0d88be63bf8,2018-08,Hertfordshire Constabulary,Hertfordshire Constabulary,-0.021188,51.686129,On or near ELEANOR WAY,E01023338,Broxbourne 013C,Suspect charged
c0b4ea830d471018d61128ffa88ed84f9f31afa43942f431ff59dbd24f600b25,2018-08,Hertfordshire Constabulary,Hertfordshire Constabulary,-0.013343,51.766128,On or near CHERRY TREE ROAD,E01023319,Broxbourne 001D,Unable to prosecute suspect
d90ff6cbfb81b817237457577479f7a748ebfaa8645cc5307826b060f48b3cdf,2018-08,Hertfordshire Constabulary,Hertfordshire Constabulary,-0.192512,51.697963,On or near Supermarket,E01023579,Hertsmere 001D,Investigation complete; no suspect identified
95d4e01d57ab1de4159872878c6da75a11773413b03c88a4418250ae2cec5e4f,2018-08,Hertfordshire Constabulary,Hertfordshire Constabulary,-0.451727,51.755815,On or near THE QUEEN'S SQUARE,E01023348,Dacorum 013D,Unable to prosecute suspect
a9548465976757209779bd1ec463920490455426a8af4c631777085459ad1043,2018-08,Hertfordshire Constabulary,Hertfordshire Constabulary,-0.173705,51.904202,On or near PRIESTLY ROAD,E01023761,Stevenage 007C,Unable to prosecute suspect
9b1cb1cbe5fd7592ceec4218aaa54cb6105f570855c6d5183f522f6c2dff6513,2018-08,Hertfordshire Constabulary,Hertfordshire Constabulary,-0.350607,51.713724,On or near MAPLEFIELD,E01023721,St Albans 019D,Unable to prosecute suspect
dd388285168f3748ec3a56c05498f4bed719c6084f9076ae38fc0dbf2dcbb5a1,2018-08,Hertfordshire Constabulary,Hertfordshire Constabulary,-0.175137,51.897930,On or near COLTS CORNER,E01023792,Stevenage 010B,Unable to prosecute suspect
b02705eea2fad4e1317c8d477b33023e76af3eef03b4cb76470c2d2e71326720,2018-08,Hertfordshire Constabulary,Hertfordshire Constabulary,-0.261189,51.651135,On or near ARUNDEL DRIVE,E01023542,Hertsmere 011D,Unable to prosecute suspect
f5d423386863fc8c0f5ff326bcbc89a7f72a544497c93da74384575af3b95474,2018-08,Hertfordshire Constabulary,Hertfordshire Constabulary,-0.397594,51.654298,On or near EXCHANGE ROAD,E01023862,Watford 009D,Unable to prosecute suspect
2a3f093637e67d85a0f29c2a0ba0ea143405a630486ee2801a323bb24ecabaeb,2018-08,Hertfordshire Constabulary,Hertfordshire Constabulary,-0.037445,51.718001,On or near Supermarket,E01023305,Broxbourne 008D,Investigation complete; no suspect identified
10815cd19eeb531d2f2f179618fb58f887e24fe49e77d5be67fe68c7f605d4c5,2018-08,Hertfordshire Constabulary,Hertfordshire Constabulary,-0.398649,51.698598,On or near POPLARS CLOSE,E01023904,Watford 001A,Unable to prosecute suspect
4cc1485e4f0588103f7eaabade9ce9ce53bb7bee32df0e8054a1d9f7082629af,2018-08,Hertfordshire Constabulary,Hertfordshire Constabulary,-0.442457,51.750261,On or near RITCROFT STREET,E01023411,Dacorum 017C,Unable to prosecute suspect
c196f88ad1049715efe0e9debcc93617cf21cfd61bfe83f6dbbe9585b749f310,2018-08,Hertfordshire Constabulary,Hertfordshire Constabulary,-0.256188,51.949576,On or near ST MICHAELS ROAD,E01023610,North Hertfordshire 013E,Unable to prosecute suspect
f3ec98a25fc0bbe8d4a0fa0d6bfe971f8eb227c25140fc0f97f207c72a1c832c,2018-08,Hertfordshire Constabulary,Hertfordshire Constabulary,-0.208676,51.899579,On or near KINGS WAY,E01023758,Stevenage 008D,Unable to prosecute suspect
174580bf77774471f47c9f9008862c669c691122da95c7ad5d3b0911eee45907,2018-08,Hertfordshire Constabulary,Hertfordshire Constabulary,-0.177843,51.892127,On or near LOWER SEAN,E01023791,Stevenage 010A,Unable to prosecute suspect
8fa72fe55917a76ac1d92c8474162012b2ae2d0ca84e42f7fda562f8a9f90a86,2018-08,Hertfordshire Constabulary,Hertfordshire Constabulary,-0.273330,51.955251,On or near ST AUGUSTINE CLOSE,E01023601,North Hertfordshire 010A,Unable to prosecute suspect
84aded7a481b23b6e996c32e51ffc50e358dfd646a6da72f137db80513fae83e,2018-08,Hertfordshire Constabulary,Hertfordshire Constabulary,-0.217879,51.823808,On or near NORMAN ROAD,E01023970,Welwyn Hatfield 002D,Unable to prosecute suspect
938ab4e2673b6a7ad960adcd802399a4e6dcc93aa28d577704af1cb36929f686,2018-08,Hertfordshire Constabulary,Hertfordshire Constabulary,-0.201301,51.895708,On or near TIPPET COURT,E01023786,Stevenage 011D,Investigation complete; no suspect identified
b26e414e0377c32a64d4d79afd35aabdabf4f0a2cb7e1ce430bbc31d18a48adf,2018-08,Hertfordshire Constabulary,Hertfordshire Constabulary,-0.049057,51.701136,On or near PENGELLY CLOSE,E01023296,Broxbourne 011D,Unable to prosecute suspect
fcf20c1d4a3e97bba8210e41f3c1a8141c52cc2e7bbb64ca429d56cc5e744c4a,2018-08,Hertfordshire Constabulary,Hertfordshire Constabulary,-0.192195,51.794093,On or near ROSEMOOR CLOSE,E01023955,Welwyn Hatfield 007B,Unable to prosecute suspect
49c5ddcdc41f4f6cafbbc7837ca73581a80e2817cb6a171a4f7e5616545d5655,2018-08,Hertfordshire Constabulary,Hertfordshire Constabulary,-0.241190,51.984781,On or near VALLEY ROAD,E01023652,North Hertfordshire 007D,Unable to prosecute suspect
a870158eda98c57a035a402192491a5f79db47e59b338396d742292df1ae13e1,2018-08,Hertfordshire Constabulary,Hertfordshire Constabulary,-0.393132,51.648437,On or near CANNON ROAD,E01023862,Watford 009D,Investigation complete; no suspect identified
12f90a93a233169f3e23eeae25475bc77a9ad4631647230f11f0a9c151a2f6c3,2018-08,Hertfordshire Constabulary,Hertfordshire Constabulary,-0.339030,51.749600,On or near SAMUEL SQUARE,E01023726,St Albans 012A,Investigation complete; no suspect identified
e8283021dbc1c646564b46be8e38694bcd13495d114c268972874f17e04df47b,2018-08,Hertfordshire Constabulary,Hertfordshire Constabulary,-0.015565,51.766696,On or near GOODWOOD CLOSE,E01023319,Broxbourne 001D,Suspect charged
42d09459d0787b1b50e1b3a730063e0986c74d0f47ee5fe668ac7954a3c89202,2018-08,Hertfordshire Constabulary,Hertfordshire Constabulary,-0.015565,51.766696,On or near GOODWOOD CLOSE,E01023319,Broxbourne 001D,Suspect charged
4e2a2e2b0a30750bc50b70c7b2c18e8b7aaae9103613988c8a4e061909079c4a,2018-08,Hertfordshire Constabulary,Hertfordshire Constabulary,-0.464809,51.773781,On or near TREVALGA WAY,E01023397,Dacorum 007E,Unable to prosecute suspect
2686769cf4627577a15db628d02aaf918ba169b4304d4dfa6363dd3f38dc8f14,2018-08,Hertfordshire Constabulary,Hertfordshire Constabulary,0.159879,51.870846,On or near Shopping Area,E01023449,East Hertfordshire 004A,Investigation complete; no suspect identified
3089e7dd6c2e7fc156e2f23555142fd014a48430606cece809a57dd99a201e10,2018-08,Hertfordshire Constabulary,Hertfordshire Constabulary,-0.448637,51.747466,On or near ACORN ROAD,E01023411,Dacorum 017C,Unable to prosecute suspect
e3711d0c4f202d252849aeac008eab33e474eef466368377ae2d4e1567f5725f,2018-08,Hertfordshire Constabulary,Hertfordshire Constabulary,-0.183486,51.924082,On or near Pedestrian Subway,E01023787,Stevenage 001A,Unable to prosecute suspect
d44face9242b3da3c298f159c4b4e31dbdcc8ec1d0ff25beefa630c34866be46,2018-08,Hertfordshire Constabulary,Hertfordshire Constabulary,-0.056622,51.791697,On or near LONDON ROAD,E01023476,East Hertfordshire 017B,Unable to prosecute suspect
11f61c65183f53331b4cf840d9f0feb58dc9e5c31396eb8d2c012ab078630a26,2018-08,Hertfordshire Constabulary,Hertfordshire Constabulary,-0.396503,51.669246,On or near HATFIELD ROAD,E01023855,Watford 006A,Investigation complete; no suspect identified
031133777b65036288bfdc5342fa03cdae8ca3c0030aca325737da97c3f723f3,2018-08,Hertfordshire Constabulary,Hertfordshire Constabulary,-0.396503,51.669246,On or near HATFIELD ROAD,E01023855,Watford 006A,Investigation complete; no suspect identified
f34258f3ebb3d85a2e082f31813fb18d1d862a28073900a05ed68209577b1f38,2018-08,Hertfordshire Constabulary,Hertfordshire Constabulary,-0.256941,51.957177,On or near Parking Area,E01023618,North Hertfordshire 011B,Unable to prosecute suspect
9a33d34a95af5f5e58e0797284ea15d4f2aceedef84ff80e27ffd69bee58af18,2018-08,Hertfordshire Constabulary,Hertfordshire Constabulary,-0.400917,51.676536,On or near THRUMS,E01023869,Watford 004B,Unable to prosecute suspect
09312a9c88749a9c14ec9feba8285a414842b4651c672d5eeb2fed0183bb085b,2018-08,Hertfordshire Constabulary,Hertfordshire Constabulary,-0.392859,51.654117,On or near Shopping Area,E01023860,Watford 009B,Investigation complete; no suspect identified
eb33a4755e3ab9e98adf56acb258dc8a8434728216c35d5fcbc709432e78efbb,2018-08,Hertfordshire Constabulary,Hertfordshire Constabulary,-0.457143,51.752487,On or near NEWFIELD LANE,E01023350,Dacorum 015B,Unable to prosecute suspect
38bff3831a65ea55c41da079d90deddb469612db08d09f349cb811390a8d7cca,2018-08,Hertfordshire Constabulary,Hertfordshire Constabulary,-0.182853,51.865913,On or near Supermarket,E01023628,North Hertfordshire 015E,Investigation complete; no suspect identified
6873d57665e488779cd7ed8e796d94a906e24e77365b96671b6b4bfe91a4e30e,2018-08,Hertfordshire Constabulary,Hertfordshire Constabulary,-0.012574,51.760890,On or near TAVERNERS WAY,E01023320,Broxbourne 003A,Investigation complete; no suspect identified
334590266520cf8d874257c05a026493854f3aa3c42e1fd1a340b85ed34a76a3,2018-08,Hertfordshire Constabulary,Hertfordshire Constabulary,-0.211258,51.736323,On or near Parking Area,E01023963,Welwyn Hatfield 014B,Unable to prosecute suspect
6b63a204db65a3d82866bf7330f7eb7f9ff176d102186611c8f351586f1abf2f,2018-08,Hertfordshire Constabulary,Hertfordshire Constabulary,-0.030548,52.058840,On or near THE QUADRANT,E01023656,North Hertfordshire 002C,Investigation complete; no suspect identified
c30ab859ff7eafa70d57d46e6b479b2051773777f8b6b5b2e044991a6807ef1b,2018-08,Hertfordshire Constabulary,Hertfordshire Constabulary,-0.176366,51.882645,On or near BURYDALE,E01023784,Stevenage 011B,Unable to prosecute suspect
d68d2795d6897d79c0f5aacf691a367f6f9a9644a6a945afeffc78ca3e00eef8,2018-08,Hertfordshire Constabulary,Hertfordshire Constabulary,-0.205079,51.906304,On or near Sports/Recreation Area,E01023775,Stevenage 006A,Unable to prosecute suspect
ea6dcb2bfbf69dc1669ea9261f699c4bb72380ec834fa30ad9f1d5d5d0d5cbb3,2018-08,Hertfordshire Constabulary,Hertfordshire Constabulary,-0.382035,51.647512,On or near THE LARCHES,E01023884,Watford 012C,Unable to prosecute suspect
b056d4a6c4ecf4ad5cd7452ded8de86bbb2f01fbcbc783f998cfac7989a43123,2018-08,Hertfordshire Constabulary,Hertfordshire Constabulary,0.149334,51.814801,On or near NEW STREET,E01023502,East Hertfordshire 011D,Unable to prosecute suspect
92e57add0816bb43cda28d032527cf204dc9722a4161b7f83ef4d5a7d19a8e79,2018-08,Hertfordshire Constabulary,Hertfordshire Constabulary,-0.034575,51.692370,On or near THEOBALD'S GROVE,E01023332,Broxbourne 012A,Investigation complete; no suspect identified
f00848dd6753b05aa1a4966f424c60bacbef399255c61762200d5d73530b1b0b,2018-08,Hertfordshire Constabulary,Hertfordshire Constabulary,0.149334,51.814801,On or near NEW STREET,E01023502,East Hertfordshire 011D,Unable to prosecute suspect
a8b2b1783cff92454120940c1d5945e75a1468b0eba83bd5dae72c881cfbf799,2018-08,Hertfordshire Constabulary,Hertfordshire Constabulary,-0.211315,51.917656,On or near Pedestrian Subway,E01023776,Stevenage 002A,Unable to prosecute suspect
ef65fd8bf57846c7b0c67c6487ad0bf4bdfc0f25b6ff62573e2d5fc7492bab92,2018-08,Hertfordshire Constabulary,Hertfordshire Constabulary,-0.443218,51.647152,On or near Parking Area,E01023819,Three Rivers 006A,Unable to prosecute suspect
2f32bb6757903c6607d8a13c5926ba8d4746fa79d17e8604e5cc3d631e149106,2018-08,Hertfordshire Constabulary,Hertfordshire Constabulary,-0.205983,51.970420,On or near RADBURN WAY,E01023640,North Hertfordshire 009B,Unable to prosecute suspect
6bc91db9c6cb6eb6fef2d38011c59c00ca1ece09c5217418224bccf0a74a959e,2018-08,Hertfordshire Constabulary,Hertfordshire Constabulary,-0.210644,51.973288,On or near CHATTERTON,E01023643,North Hertfordshire 009E,Investigation complete; no suspect identified
77740edfbcb77a769c6fcf2d1eda54538b741e27c4a879d99ed6d540de668457,2018-08,Hertfordshire Constabulary,Hertfordshire Constabulary,-0.587984,51.758852,On or near COPPINS CLOSE,E01023371,Dacorum 012C,Unable to prosecute suspect
658f4c9df06b64a90b780550f641f645b49dcfa4036f11e6cd28db729c180e02,2018-08,Hertfordshire Constabulary,Hertfordshire Constabulary,-0.224752,51.691324,On or near SWANLAND ROAD,E01023584,Hertsmere 004D,Unable to prosecute suspect
15da7c2e4f3f713d01d3a384831d4f402e3ec9d45aa6af273b8f619782f4549f,2018-08,Hertfordshire Constabulary,Hertfordshire Constabulary,-0.582626,51.762447,On or near VERNEY CLOSE,E01023371,Dacorum 012C,Unable to prosecute suspect
84e7c2386edaa119b99439ce49c604648186ea614bbded06eeac5cb60eb23d6e,2018-08,Hertfordshire Constabulary,Hertfordshire Constabulary,-0.163309,51.929928,On or near RYDERS HILL,E01033025,North Hertfordshire 005I,Investigation complete; no suspect identified
692956c1ad5004cceb5fff1acfa6698287340877325171f4de0bb73e756d1aed,2018-08,Hertfordshire Constabulary,Hertfordshire Constabulary,0.107054,51.884709,On or near BAUD CLOSE,E01023493,East Hertfordshire 003F,Investigation complete; no suspect identified
11c0d56821c7a831d7d24804fc1f95dbddedc495448988b1b0e900dc5729fa40,2018-08,Hertfordshire Constabulary,Hertfordshire Constabulary,-0.471974,51.757770,On or near QUEENSWAY,E01023400,Dacorum 015E,Unable to prosecute suspect
3e1231dab7db3a449251573e157492934236abfcef45f6cd4475f6b2eb83f32f,2018-08,Hertfordshire Constabulary,Hertfordshire Constabulary,-0.414784,51.651366,On or near HAGDEN LANE,E01023863,Watford 011A,Unable to prosecute suspect
9f6ae34219872cd5885e89e199dc65da93627c32460bdd5db884504b7ce74f87,2018-08,Hertfordshire Constabulary,Hertfordshire Constabulary,0.177488,51.880521,On or near NORTHOLT AVENUE,E01023439,East Hertfordshire 005B,Unable to prosecute suspect
c8e69d4982fe49ee3bf4153bd2b2d1d39a8f7391b522af63ee6d289d313ea838,2018-08,Hertfordshire Constabulary,Hertfordshire Constabulary,-0.339855,51.750808,On or near HOLYWELL HILL,E01023743,St Albans 014B,Unable to prosecute suspect
fe8acb00056da2f4667d9478d8f63f44efc8a62d7e6adea1d614c4bbdec63e82,2018-08,Hertfordshire Constabulary,Hertfordshire Constabulary,-0.487468,51.688194,On or near Park/Open Space,E01023854,Three Rivers 003D,Unable to prosecute suspect
26d17d475d9918b017aa400663d86b8d1286178f466faed1898a6d494df3c463,2018-08,Hertfordshire Constabulary,Hertfordshire Constabulary,-0.552633,51.756930,On or near Petrol Station,E01023362,Dacorum 009B,Unable to prosecute suspect
1dd110af82893c2eef0b5c83f16d3efd02d43acc39e36eafcda7172aa2c8ed7a,2018-08,Hertfordshire Constabulary,Hertfordshire Constabulary,-0.323282,51.768790,On or near CANBERRA CLOSE,E01023713,St Albans 007A,Unable to prosecute suspect
f76275e6cb03e0bf5a233b614a8627c276216b07a4e8ad7de517657dfb0e8f61,2018-08,Hertfordshire Constabulary,Hertfordshire Constabulary,-0.665693,51.799062,On or near MANOR ROAD,E01023420,Dacorum 003C,Unable to prosecute suspect
a7e7d1006a58a06df5774e3b15e23c0cae7fca8e86e8848c498284719f4a53fc,2018-08,Hertfordshire Constabulary,Hertfordshire Constabulary,-0.484134,51.749017,On or near CROUCHFIELD,E01023382,Dacorum 018F,Unable to prosecute suspect
dfbb77a131f9516ac3d990d4267395c837e7bc679cdbb7de6f3e11244013ee7b,2018-08,Hertfordshire Constabulary,Hertfordshire Constabulary,-0.570140,51.763195,On or near ST JOHN'S WELL COURT,E01023361,Dacorum 009A,Unable to prosecute suspect
f8e98946982e900d6673e24ca8c5fe0110e804de4efcb1ee6c5d46165e8565e5,2018-08,Hertfordshire Constabulary,Hertfordshire Constabulary,-0.353740,51.814342,On or near Conference/Exhibition Centre,E01023701,St Albans 003C,Offender given a caution
884459b21983a36ea089b3613eda4b50223a98607242a5a5e7b0a81d6ff0ea25,2018-08,Hertfordshire Constabulary,Hertfordshire Constabulary,-0.474072,51.753994,On or near Police Station,E01023400,Dacorum 015E,Unable to prosecute suspect
f08c4e3a4b6856c5de608a21b23ed2251707a49e4146b047537dd6ed565147d6,2018-08,Hertfordshire Constabulary,Hertfordshire Constabulary,-0.337060,51.740518,On or near GRINDCOBBE,E01023738,St Albans 017B,Investigation complete; no suspect identified
834ad3a42d634ca2fd05be4871e3955e88e2aed575e1abd1bc07c94512466fe7,2018-08,Hertfordshire Constabulary,Hertfordshire Constabulary,-0.188580,51.784767,On or near THE WADE,E01023942,Welwyn Hatfield 009D,Unable to prosecute suspect
f30014bc1b504da273df04eb0053184b6e802c53ea14b136438ef7f410a542e0,2018-08,Hertfordshire Constabulary,Hertfordshire Constabulary,-0.278190,51.655675,On or near Supermarket,E01023530,Hertsmere 007B,Unable to prosecute suspect
429cc42c0887ea6b408fe67ac42b7e11174071aa0bb9bae8aef5614d3beb2020,2018-08,Hertfordshire Constabulary,Hertfordshire Constabulary,-0.362823,51.668053,On or near BERRYGROVE LANE,E01023555,Hertsmere 008D,Unable to prosecute suspect
5f60c3823da355f50dad0fb7857ed60ed345793445f7241d73f9b7251cb51da6,2018-08,Hertfordshire Constabulary,Hertfordshire Constabulary,-0.239023,51.763458,On or near HARPSFIELD BROADWAY,E01033308,Welwyn Hatfield 010E,Investigation complete; no suspect identified
9181702ffd1c24626aa0f9964a0092666fec0f53834ad156a66989415c53053c,2018-08,Hertfordshire Constabulary,Hertfordshire Constabulary,-0.278190,51.655675,On or near Supermarket,E01023530,Hertsmere 007B,Unable to prosecute suspect
7f5ce1c51fb27a4759e9bd5652205bddedac6aa7d3a10b7545abd7f32a28ff21,2018-08,Hertfordshire Constabulary,Hertfordshire Constabulary,-0.228751,51.753412,On or near KESTREL GREEN,E01023936,Welwyn Hatfield 013D,Unable to prosecute suspect
ee908e9a515706ee3d1f3bcc3cf0e95328c61c6b2909baab1ee3b870aa93524d,2018-08,Hertfordshire Constabulary,Hertfordshire Constabulary,-0.265167,51.953719,On or near A505,E01023602,North Hertfordshire 010B,Investigation complete; no suspect identified
8419a8c506518490c9aa5da8ec8d01f227a5749f51988d61548c2161b0b0b8d5,2018-08,Hertfordshire Constabulary,Hertfordshire Constabulary,-0.212698,51.910682,On or near JONES CLOSE,E01023776,Stevenage 002A,Unable to prosecute suspect
3d301249289967998ae42b88f5c2e75492e6f3c0d2322ec8a6550a940d7b7be3,2018-08,Hertfordshire Constabulary,Hertfordshire Constabulary,-0.417831,51.680524,On or near RIDGE LANE,E01023878,Watford 007A,Unable to prosecute suspect
d478506118bfa54bf341efa6239e9e075849c2fb89d6ef79b84562411b35f0a1,2018-08,Hertfordshire Constabulary,Hertfordshire Constabulary,-0.049722,51.797688,On or near CUBLANDS,E01023482,East Hertfordshire 016A,Unable to prosecute suspect
6c3204b96a4c3c98d2614ec4a46b5353e950fa215fafc60f0fc9d804fdbc06e3,2018-08,Hertfordshire Constabulary,Hertfordshire Constabulary,-0.301612,51.640927,On or near COATES ROAD,E01023564,Hertsmere 010B,Unable to prosecute suspect
1ab68144671654ac9f3648fa7f473a1afb9975f192459d683ab697c096ebcdeb,2018-08,Hertfordshire Constabulary,Hertfordshire Constabulary,-0.187813,51.977677,On or near ASHTON'S LANE,E01023593,North Hertfordshire 004G,Unable to prosecute suspect
a9c72d59028f5ac2e5ab1dc9dddeb27f11e13dc683a9e900136415184ae90883,2018-08,Hertfordshire Constabulary,Hertfordshire Constabulary,-0.296295,51.667880,On or near PURCELL CLOSE,E01023533,Hertsmere 007E,Unable to prosecute suspect
397387c121a5968daaddcad22c383f782019e028288fa4e56007422a123a9c99,2018-08,Hertfordshire Constabulary,Hertfordshire Constabulary,-0.332613,51.754680,On or near CLIFTON STREET,E01023676,St Albans 011D,Unable to prosecute suspect
f821301ff1481d09c9cd6aaf0e2ddc6fc4039615978443cbe93e215e4dbb1c24,2018-08,Hertfordshire Constabulary,Hertfordshire Constabulary,-0.443793,51.753966,On or near Sports/Recreation Area,E01023345,Dacorum 013A,Unable to prosecute suspect
43221d2a0fe9d83bc8126e47aee83a62c3dadc6b2ab3b2e30f5abef6da4ef163,2018-08,Hertfordshire Constabulary,Hertfordshire Constabulary,0.159718,51.871137,On or near DEVOILS LANE,E01023449,East Hertfordshire 004A,Unable to prosecute suspect
703d06b06d1cf92c0bfe5010ec98eb01d4e094c251fe5295e26b168fe5c0f41a,2018-08,Hertfordshire Constabulary,Hertfordshire Constabulary,-0.355399,51.814213,On or near STATION ROAD,E01023701,St Albans 003C,Unable to prosecute suspect
703d06b06d1cf92c0bfe5010ec98eb01d4e094c251fe5295e26b168fe5c0f41a,2018-08,Hertfordshire Constabulary,Hertfordshire Constabulary,-0.355399,51.814213,On or near STATION ROAD,E01023701,St Albans 003C,Unable to prosecute suspect
703d06b06d1cf92c0bfe5010ec98eb01d4e094c251fe5295e26b168fe5c0f41a,2018-08,Hertfordshire Constabulary,Hertfordshire Constabulary,-0.355399,51.814213,On or near STATION ROAD,E01023701,St Albans 003C,Unable to prosecute suspect
2a16b876b21fe8ff1e00dd1de1849fa2a266f01e9085bd38574f4fff32564f20,2018-08,Hertfordshire Constabulary,Hertfordshire Constabulary,-0.339855,51.750808,On or near HOLYWELL HILL,E01023743,St Albans 014B,Unable to prosecute suspect
b40533e4de05c115a9ad1bb141385d162d3b9691626485a23b5317959cf8f4d2,2018-08,Hertfordshire Constabulary,Hertfordshire Constabulary,-0.351346,51.816736,On or near THE MEWS,E01023689,St Albans 002E,Suspect charged
22d937547806295bdb5174d30a4702097108179362e2c65d92b7cbda8ad26072,2018-08,Hertfordshire Constabulary,Hertfordshire Constabulary,-0.053882,51.706063,On or near Sports/Recreation Area,E01023295,Broxbourne 011C,Unable to prosecute suspect
c60085ac34d4a5ba1cc31d82f7e8bbeb2c87d414e7a1f3db49a0e3e07953b0ea,2018-08,Hertfordshire Constabulary,Hertfordshire Constabulary,-0.404964,51.628439,On or near EMBLETON ROAD,E01023827,Three Rivers 008A,Unable to prosecute suspect
abeaccf525b99844a73cc4b36ebb557956c609ef3f0adc1a93137e937d644e40,2018-08,Hertfordshire Constabulary,Hertfordshire Constabulary,-0.336758,51.752293,On or near Police Station,E01023727,St Albans 012B,Unable to prosecute suspect
af90c5072a9aa34da9c1cfa7cb2dc4c20a7e8d1b8329f67d8cef2a881ff55a0d,2018-08,Hertfordshire Constabulary,Hertfordshire Constabulary,-0.168950,51.892457,On or near Supermarket,E01023793,Stevenage 010C,Unable to prosecute suspect
c0b47b0405846d8335bbc565724dac7f95260c75c75464cf7b461f606230dc87,2018-08,Hertfordshire Constabulary,Hertfordshire Constabulary,-0.400520,51.659491,On or near Nightclub,E01023861,Watford 009C,Unable to prosecute suspect
f86059d860525abf6e6f1bd9d187627dd810e0fe72159cb7d0bdf2489c8121ec,2018-08,Hertfordshire Constabulary,Hertfordshire Constabulary,-0.078171,51.803615,On or near DANESBURY PARK,E01023471,East Hertfordshire 014B,Investigation complete; no suspect identified
21e7fcb60a2a30221d9a9144f5cf039ae7ba2fdd0253c994ddd662edcda0926b,2018-08,Hertfordshire Constabulary,Hertfordshire Constabulary,-0.227088,51.763674,On or near Supermarket,E01023920,Welwyn Hatfield 012A,Unable to prosecute suspect
0b84c0444456ac0d12fba2b83150b2dd06d2f9a81f2460c77d47845d6977a297,2018-08,Hertfordshire Constabulary,Hertfordshire Constabulary,0.158757,51.873817,On or near NORTH TERRACE,E01023450,East Hertfordshire 004B,Unable to prosecute suspect
cf161be8b064b09934a596b5e8692d5d9a2757b71f6fd97e2eee5c631f14aa74,2018-08,Hertfordshire Constabulary,Hertfordshire Constabulary,-0.178658,51.882393,On or near WILLOWS LINK,E01023784,Stevenage 011B,Unable to prosecute suspect
ad7117c65effe548f64823784bc8f70b700fcbad2e042bfbb0018467330e26e3,2018-08,Hertfordshire Constabulary,Hertfordshire Constabulary,-0.174211,51.930808,On or near THE BEACONS,E01033027,North Hertfordshire 005K,Unable to prosecute suspect
8ca5f1083f17d95759bd50409d8a8c75f4429decad9fa7507ba46c416622a8d6,2018-08,Hertfordshire Constabulary,Hertfordshire Constabulary,-0.205363,51.904294,On or near Petrol Station,E01023758,Stevenage 008D,Unable to prosecute suspect
d343398b0703fd1db95c7879c98763f1ee4d5c730bf60757e276b35c719b5574,2018-08,Hertfordshire Constabulary,Hertfordshire Constabulary,-0.183504,51.711151,On or near SWANLEY CRESCENT,E01023911,Welwyn Hatfield 015D,Unable to prosecute suspect
5e0b4c557bab06b98662249e1f6741fb74684340090127daa31be8cae809105f,2018-08,Hertfordshire Constabulary,Hertfordshire Constabulary,-0.078171,51.803615,On or near DANESBURY PARK,E01023471,East Hertfordshire 014B,Unable to prosecute suspect
dead1f5ef1d0aebeb8458c96fad7afda43ac4e38a4c54a593f33b7a15ba8fc92,2018-08,Hertfordshire Constabulary,Hertfordshire Constabulary,-0.176361,51.898929,On or near STEPHENSON MEWS,E01023761,Stevenage 007C,Unable to prosecute suspect
5fab80963c97751592872195a5cb9204da40442724d7ffd0573ecdfd16d8dfac,2018-08,Hertfordshire Constabulary,Hertfordshire Constabulary,-0.430013,51.746912,On or near CHURCH ROAD,E01023410,Dacorum 017B,Unable to prosecute suspect
0f02e3e5ae1e58f0c010b5a035a23ed1b55092d8e5aa483badafe360842ff6f8,2018-08,Hertfordshire Constabulary,Hertfordshire Constabulary,-0.168502,51.893808,On or near SHEPHALL WAY,E01023792,Stevenage 010B,Investigation complete; no suspect identified
bb9e6c4d6a442dec2c4dbd3c7819cfe2c8b927ad4e632645c5ad1728a130ee23,2018-08,Hertfordshire Constabulary,Hertfordshire Constabulary,-0.338796,51.720427,On or near BRANCH ROAD,E01023720,St Albans 019C,Unable to prosecute suspect
d226aa9bc735fab46854245d93c7f2e8f62534dc7d1fabc66381f53f77036e8a,2018-08,Hertfordshire Constabulary,Hertfordshire Constabulary,-0.277589,51.955763,On or near YORK ROAD,E01023602,North Hertfordshire 010B,Unable to prosecute suspect
fbccbd972b84c4285269fc3c5b2e2d0ea9d516e8db61d78ca878d0032b2dfa2a,2018-08,Hertfordshire Constabulary,Hertfordshire Constabulary,-0.209741,51.732559,On or near MEADOW CLOSE,E01023963,Welwyn Hatfield 014B,Unable to prosecute suspect
99e047f894e4d42c3ee4a85ab659e8ecdce5958ed69373466b83f4369f3721e3,2018-08,Hertfordshire Constabulary,Hertfordshire Constabulary,-0.182719,51.908874,On or near Pedestrian Subway,E01023781,Stevenage 006D,Unable to prosecute suspect
e4d5e8d7b9519fa11e96389a49cbabe9873be598c06ef20cdbe654a73d667deb,2018-08,Hertfordshire Constabulary,Hertfordshire Constabulary,-0.215849,51.925809,On or near Parking Area,E01023800,Stevenage 002E,Unable to prosecute suspect
8aebafcd3fca9de06dde66e80431372b4b2ee2e271c654aab553687845c220f1,2018-08,Hertfordshire Constabulary,Hertfordshire Constabulary,-0.199926,51.891209,On or near Park/Open Space,E01023786,Stevenage 011D,Unable to prosecute suspect
860e415621b756268f8142302ef2b2f03f8acb109fe47d8f2dffcd9d4c8c174d,2018-08,Hertfordshire Constabulary,Hertfordshire Constabulary,-0.211541,51.733909,On or near HOLLOWAYS LANE,E01023964,Welwyn Hatfield 014C,Unable to prosecute suspect
aac27f07a1d6c997997a9c939c9c51a8ace1646b9381ce7ea3fe19f1f9fb4fa1,2018-08,Hertfordshire Constabulary,Hertfordshire Constabulary,-0.225427,51.687369,On or near BIGNELLS CORNER,E01023584,Hertsmere 004D,Investigation complete; no suspect identified
baf15d062151e0a8881457d84762384e76ddd3cd67495defcaf56f6c29a384b3,2018-08,Hertfordshire Constabulary,Hertfordshire Constabulary,-0.176001,51.796847,On or near GRAVELEY DELL,E01023951,Welwyn Hatfield 005B,Unable to prosecute suspect
457da32cf8b23320f5490835177d85ec31892e6e7085b362ccd9717be84a99eb,2018-08,Hertfordshire Constabulary,Hertfordshire Constabulary,-0.278174,51.958343,On or near BRAMPTON PARK ROAD,E01023603,North Hertfordshire 010C,Unable to prosecute suspect
779393719f30d3fc4f770f6a5c55ce902df1d1e8d9c6ff2515be21ee89ad5456,2018-08,Hertfordshire Constabulary,Hertfordshire Constabulary,-0.062760,51.708296,On or near HUNTERS REACH,E01023314,Broxbourne 009A,Unable to prosecute suspect
86adab889cf01f79f47e90c46e23ff94feab10ec4de0c680f38ed249882164df,2018-08,Hertfordshire Constabulary,Hertfordshire Constabulary,,,No location,,,Unable to prosecute suspect
fa51146570e81b66e24cb5b3e898f52207ba9c664c8dce618040dd6e8d8785e3,2018-08,Hertfordshire Constabulary,Hertfordshire Constabulary,-0.036715,51.811985,On or near Parking Area,E01023517,East Hertfordshire 013E,Unable to prosecute suspect
48d9b2029b2c3c3482cf4bb1fe98dfceaa912fd138932eacefea00af25a583d2,2018-08,Hertfordshire Constabulary,Hertfordshire Constabulary,-0.440742,51.776072,On or near ARKLEY ROAD,E01023434,Dacorum 005A,Local resolution
a02f0932b8954d52a73bd8f8aea22eb26239eafcc637341bc8a8e1e40736474c,2018-08,Hertfordshire Constabulary,Hertfordshire Constabulary,-0.433843,51.753006,On or near BARLEY CROFT,E01023409,Dacorum 017A,Unable to prosecute suspect
c4826d5411e7f0ed04537b4773df9a724e1793e4c3a840eb8ed6307eeb589769,2018-08,Hertfordshire Constabulary,Hertfordshire Constabulary,-0.161941,51.914261,On or near THE HEDGEROWS,E01023770,Stevenage 004D,Unable to prosecute suspect
699a7534e3ccc85c995ebd65c1c31c7a976aaae84f7572f9960a45a9db9fea22,2018-08,Hertfordshire Constabulary,Hertfordshire Constabulary,-0.510868,51.624452,On or near OAKHILL CLOSE,E01023838,Three Rivers 009D,Unable to prosecute suspect
bd0c3f1bde2ecaeb1a3280e5257925c6b6c019aa2d1a501f2f92a38bd3867204,2018-08,Hertfordshire Constabulary,Hertfordshire Constabulary,-0.337771,51.927315,On or near CLARION CLOSE,E01023653,North Hertfordshire 014F,Investigation complete; no suspect identified
93cc20e40eaa63ed414cdcb0c6ace07ffef27b4c772f84d8010ed060325aafe5,2018-08,Hertfordshire Constabulary,Hertfordshire Constabulary,-0.337771,51.927315,On or near CLARION CLOSE,E01023653,North Hertfordshire 014F,Investigation complete; no suspect identified
1ad67526de035f32604b0290576eb3dae8ee817afc2a5345c79b3c425435a2e9,2018-08,Hertfordshire Constabulary,Hertfordshire Constabulary,-0.176820,51.917388,On or near Pedestrian Subway,E01023780,Stevenage 006C,Unable to prosecute suspect
808034dab2da98d3568226b98eee969c1778a7f2f334119095b3158bba180b3b,2018-08,Hertfordshire Constabulary,Hertfordshire Constabulary,-0.006711,51.764046,On or near LINTONS CLOSE,E01023323,Broxbourne 003D,Investigation complete; no suspect identified
1c3ba1433c60cf0eb298b4658dd43315b2346106494358cd43b8266332a34df4,2018-08,Hertfordshire Constabulary,Hertfordshire Constabulary,-0.442451,51.716290,On or near PRIMROSE HILL,E01023808,Three Rivers 001E,Investigation complete; no suspect identified
29329fb5937968d630705cace933b8f36b8e49e6f797ec56f37c76692e14b4c2,2018-08,Hertfordshire Constabulary,Hertfordshire Constabulary,-0.398370,51.642143,On or near LONG CROFT,E01023883,Watford 012B,Investigation complete; no suspect identified
18178fd57de9fca6dedef6641b180dec7616c987c552d32cf5e9664974351d41,2018-08,Hertfordshire Constabulary,Hertfordshire Constabulary,-0.435629,51.765915,On or near MAXTED ROAD,E01023345,Dacorum 013A,Unable to prosecute suspect
530b0e307703b79b2f254db1630cae9df109968c8a758648e50eddda578eb8f2,2018-08,Hertfordshire Constabulary,Hertfordshire Constabulary,-0.353603,51.812524,On or near BULL ROAD,E01023701,St Albans 003C,Unable to prosecute suspect
bce11f1f34a6ff1c787056073cce2a1f672ec15edc05d9b64c4d809d52c855bc,2018-08,Hertfordshire Constabulary,Hertfordshire Constabulary,-0.289220,51.699079,On or near QUEENS WAY,E01023582,Hertsmere 004B,Unable to prosecute suspect
2c69a9d3945d33d46f9e7675dc823b2734332ef6215eb7510be877ee5f7e1baf,2018-08,Hertfordshire Constabulary,Hertfordshire Constabulary,-0.560645,51.760121,On or near MANOR CLOSE,E01023361,Dacorum 009A,Unable to prosecute suspect
94e52e3b12349364745c846f2472bcf48874e55150ee5a479b3fe99129230ddb,2018-08,Hertfordshire Constabulary,Hertfordshire Constabulary,-0.460094,51.735585,On or near BELSWAINS LANE,E01023360,Dacorum 020D,Unable to prosecute suspect
0dfc190900ea119a20e1316421e207fecd98889ba77397c574205d7a7163edaa,2018-08,Hertfordshire Constabulary,Hertfordshire Constabulary,-0.400917,51.676536,On or near THRUMS,E01023869,Watford 004B,Unable to prosecute suspect
2ee72a4f649a014a313d5e127cb710c82d01245b35cf14c91174d36647924376,2018-08,Hertfordshire Constabulary,Hertfordshire Constabulary,-0.473578,51.751029,On or near BRIDGE STREET,E01023398,Dacorum 015D,Investigation complete; no suspect identified
126d90349ab9903745ee9ff9ab018e2f88d926b1aef705fa46cf1c3dce9ef08a,2018-08,Hertfordshire Constabulary,Hertfordshire Constabulary,-0.169463,51.908444,On or near Parking Area,E01023759,Stevenage 007A,Unable to prosecute suspect
c39ab3902f6182235697771d0f9728a7d9ccc79b61e8f310ca0877e8074eaace,2018-08,Hertfordshire Constabulary,Hertfordshire Constabulary,-0.220995,51.981762,On or near BIRDS HILL,E01023634,North Hertfordshire 006E,Investigation complete; no suspect identified
3834a21b6df46cab500b86fcf4eb31730500c489f969f00ddc1f81c39b8ad367,2018-08,Hertfordshire Constabulary,Hertfordshire Constabulary,-0.339761,51.722131,On or near FAIRHAVEN,E01023720,St Albans 019C,Unable to prosecute suspect
d19c695787f33f8ce354b363430584b48cbfb2d524e758ed09d7be176af232bd,2018-08,Hertfordshire Constabulary,Hertfordshire Constabulary,-0.659769,51.790480,On or near CARPENTERS YARD,E01023426,Dacorum 002D,Investigation complete; no suspect identified
07b083902789ca2bb2ba8bdb657fccac1000484b444e964266361b32ca9aea3b,2018-08,Hertfordshire Constabulary,Hertfordshire Constabulary,-0.158947,51.873346,On or near BRAGBURY LANE,E01023763,Stevenage 012A,Investigation complete; no suspect identified
a2f8dc436502047b549e975dddb44053c4b302025fdab005a3c5f511b6f85a2f,2018-08,Hertfordshire Constabulary,Hertfordshire Constabulary,-0.089529,51.795006,On or near Petrol Station,E01023479,East Hertfordshire 017E,Unable to prosecute suspect
9a2bc3feeed56f84657f7f5c3268c1d2b320582308872dd205b5ffdc3d42017f,2018-08,Hertfordshire Constabulary,Hertfordshire Constabulary,-0.448637,51.747466,On or near ACORN ROAD,E01023411,Dacorum 017C,Unable to prosecute suspect
66fd5b35b94a44765af321605b556f2a3ae81eee2b875546df70c26b754c1814,2018-08,Hertfordshire Constabulary,Hertfordshire Constabulary,-0.429158,51.675460,On or near GROVE MILL LANE,E01023854,Three Rivers 003D,Investigation complete; no suspect identified
11715246fc7abd26ff3be4fa21fe74df0032b06b954cb9d18df6b1dd94f37f65,2018-08,Hertfordshire Constabulary,Hertfordshire Constabulary,-0.220962,51.768365,On or near CLARKE'S ROAD,E01023930,Welwyn Hatfield 010B,Unable to prosecute suspect
d9a8633e716a6348998837edc1d040c7ee484ccbc911c2ff7c4cdf4c1afdbf90,2018-08,Hertfordshire Constabulary,Hertfordshire Constabulary,-0.182421,51.890310,On or near LONG LEAVES,E01023794,Stevenage 010D,Unable to prosecute suspect
47c17bc68d8d2bce125cc38915d9fb689df910cf7df4dc1670843a30fcfc7744,2018-08,Hertfordshire Constabulary,Hertfordshire Constabulary,-0.288220,51.960926,On or near MILESTONE ROAD,E01023611,North Hertfordshire 012A,Unable to prosecute suspect
3e668b961e666bfdab2776a3b39db8d66d2d5c7fad128a3708db4e9b6e13ab2b,2018-08,Hertfordshire Constabulary,Hertfordshire Constabulary,-0.456794,51.773766,On or near TURNPIKE GREEN,E01023393,Dacorum 007A,Unable to prosecute suspect
8f7573c38a4a867910bd75a8ad902b66a6c0b6a745220a9f5ded25c44e14b349,2018-08,Hertfordshire Constabulary,Hertfordshire Constabulary,-0.027239,51.721319,On or near BROOMFIELD AVENUE,E01023344,Broxbourne 005E,Unable to prosecute suspect
edfefcbc2ffce98a6fc04cb596c0ba87b84afd31bd342619483dcfa2a1828100,2018-08,Hertfordshire Constabulary,Hertfordshire Constabulary,-0.431207,51.747971,On or near VILLAGE CENTRE,E01023410,Dacorum 017B,Investigation complete; no suspect identified
59d6d9858111dba55e915eed678516230404f3b8349c8fdba303d82e658259ed,2018-08,Hertfordshire Constabulary,Hertfordshire Constabulary,0.164104,51.858107,On or near LONDON ROAD,E01023458,East Hertfordshire 008C,Unable to prosecute suspect
cca0213d93fbeb7a1f3e73f895def6e5e1ef027104dd743fee7e8df227af0c45,2018-08,Hertfordshire Constabulary,Hertfordshire Constabulary,-0.205172,51.795965,On or near CORALS MEAD,E01023954,Welwyn Hatfield 007A,Unable to prosecute suspect
70012f7e1f3b1b4638394ccd20dbd7dc0dc25b0877d96ab82f922d69b8bbfcb3,2018-08,Hertfordshire Constabulary,Hertfordshire Constabulary,-0.206601,51.910436,On or near Parking Area,E01023775,Stevenage 006A,Investigation complete; no suspect identified
fa10532efc223975bdd94784185f098dd53a7dd2247dad6c79417eac699fa60c,2018-08,Hertfordshire Constabulary,Hertfordshire Constabulary,-0.359816,51.728464,On or near WATFORD ROAD,E01023730,St Albans 020B,Unable to prosecute suspect
ef6c3ee95b4a41dc39590fa1975c0c83d3f15f21c7161d6c0c04066d96b25169,2018-08,Hertfordshire Constabulary,Hertfordshire Constabulary,-0.313543,51.746225,On or near GORDON CLOSE,E01023681,St Albans 016A,Unable to prosecute suspect
95a2ccc5c0acdffbef4f7de67915dc0261cf2b0f333c598c3cc77c360e4fd198,2018-08,Hertfordshire Constabulary,Hertfordshire Constabulary,-0.211912,51.924230,On or near Hospital,E01023800,Stevenage 002E,Unable to prosecute suspect
102d7bb66625372c5a65f874a04d63f44159a096e2a65f6361370ccf1058b545,2018-08,Hertfordshire Constabulary,Hertfordshire Constabulary,-0.018108,51.815171,On or near QUEENS ROAD,E01023518,East Hertfordshire 012D,Unable to prosecute suspect
4d4a7bdd5fe63e9535511e53ad82007f032108ff57df77f0ef35c2223e9a2e01,2018-08,Hertfordshire Constabulary,Hertfordshire Constabulary,-0.020400,52.062024,On or near YEATS CLOSE,E01023662,North Hertfordshire 001C,Unable to prosecute suspect
3b5eb94d36124083644860d934652cf6dc4da0739eaa06d51aa299c30ad85d7a,2018-08,Hertfordshire Constabulary,Hertfordshire Constabulary,-0.274374,51.656815,On or near Supermarket,E01023530,Hertsmere 007B,Investigation complete; no suspect identified
534fa8340cfe50d5e0bc56a402eef1dab6d6f664048b3166a27dbcb83741470f,2018-08,Hertfordshire Constabulary,Hertfordshire Constabulary,-0.471974,51.757770,On or near QUEENSWAY,E01023400,Dacorum 015E,Investigation complete; no suspect identified
bdb51e01308efca7dbb84ab7b4cb3d80092c59c15bd9f5cc8ab2fa799ea04d7f,2018-08,Hertfordshire Constabulary,Hertfordshire Constabulary,-0.388235,51.676470,On or near GREYCAINE ROAD,E01023896,Watford 005B,Unable to prosecute suspect
f42de48c5b2fcfa140032219d0e9999d5ef417f3a6aeb99e6a8707505dd0ee2d,2018-08,Hertfordshire Constabulary,Hertfordshire Constabulary,-0.183276,51.863347,On or near LONDON ROAD,E01023628,North Hertfordshire 015E,Unable to prosecute suspect
218abb6e54be22aa1353d2df65ff36d1987a9f932974ebc1c91ffd846c14f804,2018-08,Hertfordshire Constabulary,Hertfordshire Constabulary,-0.284794,51.809922,On or near MARFORD ROAD,E01023747,St Albans 004B,Unable to prosecute suspect
8e3e6ba46e2e8cdc1df0263d4554a28d120e49990c54eaafd5873fa325d25da0,2018-08,Hertfordshire Constabulary,Hertfordshire Constabulary,-0.469749,51.760583,On or near CHAPEL STREET,E01023399,Dacorum 010C,Unable to prosecute suspect
8aa359e55d860b7fefbb0f3394ebce7415448d1c35e0df41744786400a8627b7,2018-08,Hertfordshire Constabulary,Hertfordshire Constabulary,-0.424142,51.654136,On or near SHERATON MEWS,E01023886,Watford 008A,Unable to prosecute suspect
3ad22b6897667c37cec78b649623803a557ac1a39e2fe45bf44788fb5079d4d5,2018-08,Hertfordshire Constabulary,Hertfordshire Constabulary,-0.211541,51.733909,On or near HOLLOWAYS LANE,E01023964,Welwyn Hatfield 014C,Unable to prosecute suspect
9175c08953106cbfae6a7daf319eaf31d9a20dc0dba330dd6e861256d9e9ad75,2018-08,Hertfordshire Constabulary,Hertfordshire Constabulary,-0.510868,51.624452,On or near OAKHILL CLOSE,E01023838,Three Rivers 009D,Investigation complete; no suspect identified
06900486670bb2bf00d991bab03a0cefbc1b0c2e28e3f0226d9034f7907ca1d8,2018-08,Hertfordshire Constabulary,Hertfordshire Constabulary,-0.056414,51.712157,On or near WELLERS GROVE,E01023325,Broxbourne 009C,Investigation complete; no suspect identified
9701908321bb4a7d29334150e6b05ac852f75a7aeed214f123f19a9e7e98707b,2018-08,Hertfordshire Constabulary,Hertfordshire Constabulary,-0.031302,51.836326,On or near ELEANOR'S CLOSE,E01023506,East Hertfordshire 006B,Investigation complete; no suspect identified
d8dfacd4db97635a63010266c4c9b499eee491f5af78d4c73cac70428fb43768,2018-08,Hertfordshire Constabulary,Hertfordshire Constabulary,-0.197809,51.791500,On or near SANDPIT ROAD,E01023956,Welwyn Hatfield 007C,Unable to prosecute suspect
140e77a06081beb87a654a44e07cd9fe24396a9b907163a9226c1d3e76f50eab,2018-08,Hertfordshire Constabulary,Hertfordshire Constabulary,0.122477,51.810766,On or near HIGH WYCH LANE,E01023496,East Hertfordshire 009C,Unable to prosecute suspect
21b20b59cf799b8822fa3ce22be95c3fa9fb9ecd583553a903f01c6711c811e5,2018-08,Hertfordshire Constabulary,Hertfordshire Constabulary,-0.492486,51.636842,On or near CHURCH LANE,E01023836,Three Rivers 009B,Investigation complete; no suspect identified
bf25f10d4357fcbd00c95111f1b234a0a69c04ff1356b8d23171c1a6c2b681c3,2018-08,Hertfordshire Constabulary,Hertfordshire Constabulary,-0.642455,51.816141,On or near UPPER ICKNIELD WAY,E01023419,Dacorum 003B,Unable to prosecute suspect
e81d83711720170d46667f38f34f42bd37ed0fc2cc13f31b350dcf25d460647b,2018-08,Hertfordshire Constabulary,Hertfordshire Constabulary,-0.207010,51.801901,On or near HOWARDSGATE,E01023918,Welwyn Hatfield 006C,Unable to prosecute suspect
512f59490d3c4156f7d6077993c3cab1948e3ee83605307491f355b5bf6d7206,2018-08,Hertfordshire Constabulary,Hertfordshire Constabulary,-0.260526,51.665045,On or near CYGNET CLOSE,E01023545,Hertsmere 009B,Unable to prosecute suspect
392a026025914ad039f6487a089f7339d826e1621a4b3c32ce22bfb1ec0bb65a,2018-08,Hertfordshire Constabulary,Hertfordshire Constabulary,0.145413,51.815340,On or near STONELEIGH,E01023501,East Hertfordshire 011C,Investigation complete; no suspect identified
4d4334c8ec291bd3012b74fef1ae4d29ea5ab582fd363c34df11094404e62508,2018-08,Hertfordshire Constabulary,Hertfordshire Constabulary,-0.250480,51.763242,On or near NIMROD DRIVE,E01033314,Welwyn Hatfield 010G,Investigation complete; no suspect identified
439299c915c5ecd5ba01fd7aeabcd276e4c542099b77ea143371411920ce8d34,2018-08,Hertfordshire Constabulary,Hertfordshire Constabulary,-0.264799,51.659578,On or near Petrol Station,E01023541,Hertsmere 011C,Unable to prosecute suspect
945637412c428edc1f6dc0610e0ebf86aefd08c46685ebbfff4e705a734bb271,2018-08,Hertfordshire Constabulary,Hertfordshire Constabulary,0.123668,51.807714,On or near BLACKSMITHS WAY,E01023496,East Hertfordshire 009C,Investigation complete; no suspect identified
c4055993efe0515060cc41ab01f4921621173855faf3a1be761561e62f794707,2018-08,Hertfordshire Constabulary,Hertfordshire Constabulary,-0.182964,51.853415,On or near BRIDGE ROAD,E01023967,Welwyn Hatfield 001C,Investigation complete; no suspect identified
c4055993efe0515060cc41ab01f4921621173855faf3a1be761561e62f794707,2018-08,Hertfordshire Constabulary,Hertfordshire Constabulary,-0.182964,51.853415,On or near BRIDGE ROAD,E01023967,Welwyn Hatfield 001C,Investigation complete; no suspect identified
c4055993efe0515060cc41ab01f4921621173855faf3a1be761561e62f794707,2018-08,Hertfordshire Constabulary,Hertfordshire Constabulary,-0.182964,51.853415,On or near BRIDGE ROAD,E01023967,Welwyn Hatfield 001C,Investigation complete; no suspect identified
c4055993efe0515060cc41ab01f4921621173855faf3a1be761561e62f794707,2018-08,Hertfordshire Constabulary,Hertfordshire Constabulary,-0.182964,51.853415,On or near BRIDGE ROAD,E01023967,Welwyn Hatfield 001C,Investigation complete; no suspect identified
a600868873012c3b224412b5a78a39280c47c19c2d7d9b330458da223a6ca3da,2018-08,Hertfordshire Constabulary,Hertfordshire Constabulary,-0.399926,51.657468,On or near Nightclub,E01023861,Watford 009C,Unable to prosecute suspect
20e569588aa1b7af01697a7f1fe81df6829ec160326f0fa0872273609a1ecae1,2018-08,Hertfordshire Constabulary,Hertfordshire Constabulary,-0.541368,51.724753,On or near Prison,E01023373,Dacorum 021A,Investigation complete; no suspect identified
3887d55ab2d3368c85f0120b5cd77e2778197f39fea4d07619fe137dd6a14493,2018-08,Hertfordshire Constabulary,Hertfordshire Constabulary,-0.015020,51.814786,On or near WOODLEY ROAD,E01023513,East Hertfordshire 012B,Unable to prosecute suspect
5548e880c2482a76194a92bd29625e8a6a6779d87efaa5f7a9f91e788a531dd8,2018-08,Hertfordshire Constabulary,Hertfordshire Constabulary,-0.439223,51.646892,On or near HAZELWOOD ROAD,E01023825,Three Rivers 006E,Investigation complete; no suspect identified
5ca621ee12a94a977ed99048a5b77b2dce3bd040444152d5fa47f5141a1ccebd,2018-08,Hertfordshire Constabulary,Hertfordshire Constabulary,-0.394857,51.655268,On or near Shopping Area,E01023860,Watford 009B,Investigation complete; no suspect identified
5932f798a3460e0ca2812f079857df9a1a57bf41c992b2fae439a5a0f28e20aa,2018-08,Hertfordshire Constabulary,Hertfordshire Constabulary,-0.339675,51.637101,On or near LANGMEAD DRIVE,E01023548,Hertsmere 013A,Unable to prosecute suspect
eee8bf7c0a661057b47bc709a7884f9675e58a71a5b56ffe0be15ed1547ad072,2018-08,Hertfordshire Constabulary,Hertfordshire Constabulary,-0.179611,51.794007,On or near HERONSWOOD ROAD,E01023944,Welwyn Hatfield 008B,Unable to prosecute suspect
b888cb08dfe5c6c4a20ba13b50e3c119ed4da8493d0f6288832a3c0325bd68d7,2018-08,Hertfordshire Constabulary,Hertfordshire Constabulary,-0.188420,51.784063,On or near MOUNT WAY,E01023946,Welwyn Hatfield 008D,Unable to prosecute suspect
be09f1b25021fdb6fa96010f6884cfb657d48956d3f99f3b02a62bf5bad3b39e,2018-08,Hertfordshire Constabulary,Hertfordshire Constabulary,-0.200675,51.901929,On or near MARKET SQUARE,E01023758,Stevenage 008D,Investigation complete; no suspect identified
9a519479398374fb6dba6f6e9cabe4e29b01e3dfb4dce09ce6097916daf00b8d,2018-08,Hertfordshire Constabulary,Hertfordshire Constabulary,-0.398009,51.656903,On or near Shopping Area,E01023861,Watford 009C,Unable to prosecute suspect
8a0da97dcc9082c3df999b9f530629d9f22f1f3a520a156c58b43c9feeef3e3d,2018-08,Hertfordshire Constabulary,Hertfordshire Constabulary,-0.211778,51.773765,On or near MOUNT PLEASANT LANE,E01023926,Welwyn Hatfield 011C,Investigation complete; no suspect identified
aafa9daa3901fc4a3403edc588d58e13e83f786451b83812fcce4534d282e5ba,2018-08,Hertfordshire Constabulary,Hertfordshire Constabulary,-0.129874,52.037134,On or near SUNNYMEAD ORCHARD,E01023586,North Hertfordshire 005B,Unable to prosecute suspect
9e931a72decec42a3a42a8d76952f038679b5f8fbd040c8ecd9165a4d0435c25,2018-08,Hertfordshire Constabulary,Hertfordshire Constabulary,-0.180722,51.799554,On or near HALL BARNS,E01023944,Welwyn Hatfield 008B,Unable to prosecute suspect
c9a1f1dc0ff1d8267bd9c2cee71fef6622af4cc0ce5109673bef3adba856d015,2018-08,Hertfordshire Constabulary,Hertfordshire Constabulary,-0.449863,51.776390,On or near THE WYE,E01023395,Dacorum 007C,Unable to prosecute suspect
2be674c728ea74cbc44ec8fba9aeae37607f59542fd8a4e32cd5c2597bbda5a6,2018-08,Hertfordshire Constabulary,Hertfordshire Constabulary,-0.352562,51.649926,On or near HARCOURT ROAD,E01023560,Hertsmere 012C,Unable to prosecute suspect
b30e7efe657b3afd8f56516b0155381e3284e0d09e61ee613832a0a3c5974830,2018-08,Hertfordshire Constabulary,Hertfordshire Constabulary,-0.176435,51.904991,On or near Sports/Recreation Area,E01023762,Stevenage 007D,Unable to prosecute suspect
398829139de8efe86c14fdcc64dabdb3c8399c3a490c279214ba0fb6104f78b3,2018-08,Hertfordshire Constabulary,Hertfordshire Constabulary,-0.358766,51.749059,On or near Sports/Recreation Area,E01023745,St Albans 014D,Unable to prosecute suspect
398829139de8efe86c14fdcc64dabdb3c8399c3a490c279214ba0fb6104f78b3,2018-08,Hertfordshire Constabulary,Hertfordshire Constabulary,-0.358766,51.749059,On or near Sports/Recreation Area,E01023745,St Albans 014D,Unable to prosecute suspect
49e213f5746538055c00969a57df22ad9bacddef0b4152fc5cef42e81e95509e,2018-08,Hertfordshire Constabulary,Hertfordshire Constabulary,-0.099768,51.799470,On or near HUTTON CLOSE,E01023487,East Hertfordshire 015A,Unable to prosecute suspect
2ad2636b184fa6f64b38130e578a537493c177bfd601db5ca2e5b217efc0a406,2018-08,Hertfordshire Constabulary,Hertfordshire Constabulary,-0.367562,51.646844,On or near FALCONER ROAD,E01023563,Hertsmere 012F,Unable to prosecute suspect
7615e6b6096a9dab9282a64afb31cc8bd8e41414d709c15323e7b2f9007a4d15,2018-08,Hertfordshire Constabulary,Hertfordshire Constabulary,-0.287995,51.667867,On or near SINDERBY CLOSE,E01023529,Hertsmere 007A,Unable to prosecute suspect
98264c8b8bdff6f1668564f8c7a910e25f62c4371c96326769deecfe40616a15,2018-08,Hertfordshire Constabulary,Hertfordshire Constabulary,-0.435342,51.653827,On or near WARWICK WAY,E01023824,Three Rivers 003B,Unable to prosecute suspect
2632b9b3b33d1c62794c56f6458ca96c5a691061ee5f83e58f7b92c1bb078ba3,2018-08,Hertfordshire Constabulary,Hertfordshire Constabulary,-0.199438,51.902315,On or near ST GEORGE'S WAY,E01023758,Stevenage 008D,Unable to prosecute suspect
ad9284da8c3a955b2f821155946c2f7a3e9992aea7275784509039d3f4bbb926,2018-08,Hertfordshire Constabulary,Hertfordshire Constabulary,-0.069157,51.984118,On or near BECKFIELD LANE,E01023663,North Hertfordshire 005G,Unable to prosecute suspect
1a2d418225d0a3305bc77c2961b4ccb7c8e61ef2de7ffe5ec9e8c25a3a7a50be,2018-08,Hertfordshire Constabulary,Hertfordshire Constabulary,-0.210173,51.924068,On or near PIRTON CLOSE,E01023800,Stevenage 002E,Unable to prosecute suspect
d8424e5b5565a30e085723236e8171ba02def6289bf07fd5222d916875d59726,2018-08,Hertfordshire Constabulary,Hertfordshire Constabulary,-0.342604,51.761170,On or near WAVERLEY ROAD,E01023670,St Albans 009B,Unable to prosecute suspect
ed26e6d6629db0d60e84941621ec7b353e7b1cfc5b5177ef4f4da747ca4ceed7,2018-08,Hertfordshire Constabulary,Hertfordshire Constabulary,-0.402823,51.675815,On or near THE SQUARE,E01023869,Watford 004B,Unable to prosecute suspect
e3530e5b44b96ee99e59ea09d44a78d254c4fe38bdd5ccd8e01e3f0dfde0b198,2018-08,Hertfordshire Constabulary,Hertfordshire Constabulary,-0.008208,51.760645,On or near Supermarket,E01023320,Broxbourne 003A,Investigation complete; no suspect identified
eedbf9860ee5ce327fcf479e01dc98f5fc6b6d4e542e4dccb6e9c1c66a6f7851,2018-08,Hertfordshire Constabulary,Hertfordshire Constabulary,-0.389784,51.658085,On or near EBURY ROAD,E01023859,Watford 009A,Unable to prosecute suspect
2fa8b6cf154cc273c79432309321ae82934022ddb6361956d6184a3ba96a494c,2018-08,Hertfordshire Constabulary,Hertfordshire Constabulary,-0.402823,51.675815,On or near THE SQUARE,E01023869,Watford 004B,Investigation complete; no suspect identified
f7eb3b3e44b373a9b4d9ee52e0b6c1b5a5d54ddcd271720aef1a38b7e51b66b3,2018-08,Hertfordshire Constabulary,Hertfordshire Constabulary,-0.555483,51.756137,On or near GREENE WALK,E01023366,Dacorum 014B,Unable to prosecute suspect
ef8ee188b03bc04daa41053fef864312840198eaf8874ced2a3599662405510c,2018-08,Hertfordshire Constabulary,Hertfordshire Constabulary,-0.117685,51.705960,On or near KINGSWELL RIDE,E01023948,Welwyn Hatfield 016B,Unable to prosecute suspect
5fc78aa566c65dd5f1da46f15538ac3337b4f7b97c83c362bd7b0ef07368ec7b,2018-08,Hertfordshire Constabulary,Hertfordshire Constabulary,-0.427348,51.755644,On or near Petrol Station,E01023409,Dacorum 017A,Unable to prosecute suspect
71a48a523ce24496ba4880906ab2946e00a6fb6d459b7f45a3e8b4bfcb96672f,2018-08,Hertfordshire Constabulary,Hertfordshire Constabulary,-0.117857,51.709137,On or near CRANFIELD CRESCENT,E01023948,Welwyn Hatfield 016B,Unable to prosecute suspect
44fe8028e1212f285ff23380883dc8027887c6dd671d7382841ca09f34d4b7e7,2018-08,Hertfordshire Constabulary,Hertfordshire Constabulary,-0.323282,51.768790,On or near CANBERRA CLOSE,E01023713,St Albans 007A,Unable to prosecute suspect
75292a26bb072a3ffb2e403624e08423712c4a852a70baa2cc687a7f86694b10,2018-08,Hertfordshire Constabulary,Hertfordshire Constabulary,-0.377381,51.694449,On or near LEMON FIELD DRIVE,E01023834,Three Rivers 002E,Unable to prosecute suspect
75643139d0d0af3f1d635c133f77548ca360224112bb9e93d01067de3d1cb6b6,2018-08,Hertfordshire Constabulary,Hertfordshire Constabulary,-0.172142,51.806579,On or near HERNS LANE,E01023913,Welwyn Hatfield 004B,Investigation complete; no suspect identified
dfb52c03a6ddf1a7263072674316dc284ad52e664de6509df88e8637277063b3,2018-08,Hertfordshire Constabulary,Hertfordshire Constabulary,-0.427348,51.755644,On or near Petrol Station,E01023409,Dacorum 017A,Unable to prosecute suspect
fe038904fc6c205676b53896dfd7b6d796706b38e4d347fbe42770e5e62ec678,2018-08,Hertfordshire Constabulary,Hertfordshire Constabulary,-0.189227,51.795783,On or near SHORTLANDS GREEN,E01023958,Welwyn Hatfield 007E,Investigation complete; no suspect identified
a349a1fc7f6ae5469933a1ca3c9b4bfdac2417c9ef1c0e8c9aae7171751cde8d,2018-08,Hertfordshire Constabulary,Hertfordshire Constabulary,-0.418370,51.675010,On or near RIDGEFIELD,E01023878,Watford 007A,Unable to prosecute suspect
3e196c76498aaa4fac8dc530ded3de87bea42cea3291ce3b00cd623d953e4a4f,2018-08,Hertfordshire Constabulary,Hertfordshire Constabulary,-0.421768,51.642981,On or near MARSWORTH CLOSE,E01023866,Watford 011D,Unable to prosecute suspect
f972896eff97a4dd1dd6ea151133eb1789b5cd6e4a7dd19ae0967049b08af1c6,2018-08,Hertfordshire Constabulary,Hertfordshire Constabulary,-0.179130,51.897318,On or near SIX HILLS WAY,E01023756,Stevenage 008B,Unable to prosecute suspect
1c240f388122ce5e738513f2d4a5e7e8d404c6f0d6e659ff1070052783593c8d,2018-08,Hertfordshire Constabulary,Hertfordshire Constabulary,-0.218290,51.789861,On or near Parking Area,E01023916,Welwyn Hatfield 006A,Unable to prosecute suspect
08e060d94385b63ef41b8739730bc6536b6a0a0959641e98231220f6e48c6ac9,2018-08,Hertfordshire Constabulary,Hertfordshire Constabulary,-0.179130,51.897318,On or near SIX HILLS WAY,E01023756,Stevenage 008B,Offender given a drugs possession warning
93f33b68363006ff941e44463ece48a21238215646330aa3ce63d0c9dfdf9391,2018-08,Hertfordshire Constabulary,Hertfordshire Constabulary,-0.228835,51.763107,On or near Supermarket,E01023920,Welwyn Hatfield 012A,Investigation complete; no suspect identified
c6cc068f3fac3269a9aa853372498b4304d1a17907b931417a7113380c11d55f,2018-08,Hertfordshire Constabulary,Hertfordshire Constabulary,-0.187545,51.994767,On or near SALISBURY ROAD,E01023590,North Hertfordshire 004D,Unable to prosecute suspect
85c686fa5b9491f52f45158acfb26683a48768c7e2d9d96f3551fbeacb244157,2018-08,Hertfordshire Constabulary,Hertfordshire Constabulary,-0.339165,51.753028,On or near WADDINGTON ROAD,E01023727,St Albans 012B,Investigation complete; no suspect identified
d070bec8ac7fb239b4fbbe6668ce792de5a30a3fbec725dcdda14680bc2b8b52,2018-08,Hertfordshire Constabulary,Hertfordshire Constabulary,-0.076597,51.796629,On or near MARKET STREET,E01023478,East Hertfordshire 017D,Unable to prosecute suspect
3e432b3a5d08b24e6c5eba2af749b51e020f4d84d460fa12f07494c3ac614056,2018-08,Hertfordshire Constabulary,Hertfordshire Constabulary,-0.224473,51.746487,On or near MILLWARDS,E01023933,Welwyn Hatfield 014A,Investigation complete; no suspect identified
b853f47ddef01f4d74f127616d2d5ef1a7f1b4dc1a61fcc717cd72cb40becf84,2018-08,Hertfordshire Constabulary,Hertfordshire Constabulary,-0.015184,51.760853,On or near NORRIS ROAD,E01023320,Broxbourne 003A,Investigation complete; no suspect identified
84afcf4826140b7811295a9c6044749faa21f01b3a8dffb1122e27d4bd573a65,2018-08,Hertfordshire Constabulary,Hertfordshire Constabulary,-0.242425,51.835912,On or near ST ALBANS ROAD,E01023969,Welwyn Hatfield 002C,Suspect charged
bd00258f915eb6f4821594373a6831b210b4763826f747f06e8833da927349ae,2018-08,Hertfordshire Constabulary,Hertfordshire Constabulary,-0.032977,51.811554,On or near WEST STREET,E01023514,East Hertfordshire 012C,Investigation complete; no suspect identified
00d5f2a90724ebe269c1f47a35e7d33bf993440e66fa91c3d7c59021b4ed9a14,2018-08,Hertfordshire Constabulary,Hertfordshire Constabulary,-0.215343,51.764584,On or near Parking Area,E01023926,Welwyn Hatfield 011C,Investigation complete; no suspect identified
35d19ea7f79d4eb3e29025deb30403ac9458a85e1a150f23865f9728ebec71d2,2018-08,Hertfordshire Constabulary,Hertfordshire Constabulary,-0.421038,51.702264,On or near POPE'S ROAD,E01023803,Three Rivers 001B,Unable to prosecute suspect
7f285f91888c500c976798fe270e710b640f912dc30d4fb17a8b9101150d096b,2018-08,Hertfordshire Constabulary,Hertfordshire Constabulary,-0.190879,51.704431,On or near MANOR WAY,E01023578,Hertsmere 001C,Investigation complete; no suspect identified
a71405119ac26c614ef8b9f0fb57c026b97dbaaea0062d9447529ccf3da530be,2018-08,Hertfordshire Constabulary,Hertfordshire Constabulary,-0.421038,51.702264,On or near POPE'S ROAD,E01023803,Three Rivers 001B,Offender given a caution
624a79fc045bee63b6875c5cc266d5c21fcf13e819608177eabdcddf0d131951,2018-08,Hertfordshire Constabulary,Hertfordshire Constabulary,-0.339165,51.753028,On or near WADDINGTON ROAD,E01023727,St Albans 012B,Suspect charged
73b399358f89c7836252950959d9bb2adaff99507e7484a20aacf43c863922e2,2018-08,Hertfordshire Constabulary,Hertfordshire Constabulary,-0.337328,51.753722,On or near ST PETER'S STREET,E01023727,St Albans 012B,Suspect charged
c7ba6a4081d6236ccf6459b47cd8322176c40492b86204c8d029514f242cbb70,2018-08,Hertfordshire Constabulary,Hertfordshire Constabulary,0.160076,51.873451,On or near Parking Area,E01023450,East Hertfordshire 004B,Investigation complete; no suspect identified
0fe4caeb7e4a6e108a65a75d52e5acd0a683b2c75a52277566e993cb196b7d1e,2018-08,Hertfordshire Constabulary,Hertfordshire Constabulary,-0.278825,51.947437,On or near Parking Area,E01023616,North Hertfordshire 012F,Investigation complete; no suspect identified
ca1e7e0beb135ae4549f2aa3c934441454760937832ddc8537204cc507dfbcb5,2018-08,Hertfordshire Constabulary,Hertfordshire Constabulary,-0.023850,51.810592,On or near CROSS STREET,E01023512,East Hertfordshire 012A,Investigation complete; no suspect identified
406a663efb59ee5f9e28a4dd11ff7f794b839b16967c86cae7f42cd7c8eae987,2018-08,Hertfordshire Constabulary,Hertfordshire Constabulary,-0.525062,51.748440,On or near SHARPES LANE,E01023362,Dacorum 009B,Investigation complete; no suspect identified
ef053ff9299ce0f07f9422acaef25a881f87b9597432bff3808c6088dfe38523,2018-08,Hertfordshire Constabulary,Hertfordshire Constabulary,-0.179760,51.919133,On or near Parking Area,E01023774,Stevenage 003D,Investigation complete; no suspect identified
3b686f319c5aa7c085139a70c11ac3c62262d481b1a8bede148b952111c84bed,2018-08,Hertfordshire Constabulary,Hertfordshire Constabulary,-0.033294,51.699209,On or near Hospital,E01023300,Broxbourne 010D,Offender given a caution
b970da50c258b8e5c7c48ae36708e3af6f5ea0969912c33d17ef083f368ed05e,2018-08,Hertfordshire Constabulary,Hertfordshire Constabulary,-0.028541,52.050750,On or near MALLARD ROAD,E01023656,North Hertfordshire 002C,Unable to prosecute suspect
e330cb37c7f92424d6f1b8edd5f7c67a12fbecc996df6513193d8b71274dd8c9,2018-08,Hertfordshire Constabulary,Hertfordshire Constabulary,-0.402216,51.658525,On or near HALSEY ROAD,E01023861,Watford 009C,Investigation complete; no suspect identified
0503df4a501dd83c891d3b4c4272586d6af430a32074c621d7d56c96d5084458,2018-08,Hertfordshire Constabulary,Hertfordshire Constabulary,-0.399980,51.672773,On or near GAMMONS LANE,E01023856,Watford 006B,Suspect charged
53056cc68fd185fe0076020fc9eb74d5034a0676d609bf652dd14b544e9d4a9f,2018-08,Hertfordshire Constabulary,Hertfordshire Constabulary,-0.200675,51.901929,On or near MARKET SQUARE,E01023758,Stevenage 008D,Suspect charged
dc430b9a39e56fd642c3310bc832a9ecb029b20541b34c125b27bfaa3dadb65e,2018-08,Hertfordshire Constabulary,Hertfordshire Constabulary,-0.185357,51.699202,On or near PARK DRIVE,E01023578,Hertsmere 001C,Investigation complete; no suspect identified
914d89e06194231571b6e3106e67aa92f54bd1f73b89cc747068b012c35da329,2018-08,Hertfordshire Constabulary,Hertfordshire Constabulary,-0.285098,51.751038,On or near CHARLOTTE CLOSE,E01023678,St Albans 015B,Investigation complete; no suspect identified
49d6f82dcd6cdfa8f5b1ac1c15e57e648bed08eef0f29884f39695597a702e8e,2018-08,Hertfordshire Constabulary,Hertfordshire Constabulary,0.158552,51.871060,On or near MARKET SQUARE,E01023446,East Hertfordshire 007D,Investigation complete; no suspect identified
b1953f9c369045aba7239882a1ecb43d5133c5c1fb6b5cf8763877d1e511652d,2018-08,Hertfordshire Constabulary,Hertfordshire Constabulary,-0.204608,51.899535,On or near Police Station,E01023758,Stevenage 008D,Suspect charged
db5d2e4beaca185eb78611d99df4d074f28618056eb37cc5c6af1ae3ccaebb64,2018-08,Hertfordshire Constabulary,Hertfordshire Constabulary,-0.378077,51.829067,On or near FARM AVENUE,E01023691,St Albans 001B,Investigation complete; no suspect identified
94bb8980d5c75f7fb948ecbe174b2e7358b094ef6409eecd767389d787db211f,2018-08,Hertfordshire Constabulary,Hertfordshire Constabulary,-0.121846,51.694256,On or near CATTLEGATE ROAD,E01023947,Welwyn Hatfield 016A,Investigation complete; no suspect identified
aa413567e3a93a95e16f796bf1c4e22bf755dfa03c33d2ceaa3e24c1cd1c0c4e,2018-08,Hertfordshire Constabulary,Hertfordshire Constabulary,-0.349860,51.643539,On or near CHILTERN AVENUE,E01023556,Hertsmere 013E,Unable to prosecute suspect
bd55429a1e0a38837b9874676403399cea9bee4a8977e64c2f97d85f6264cb4a,2018-08,Hertfordshire Constabulary,Hertfordshire Constabulary,-0.400520,51.659491,On or near Nightclub,E01023861,Watford 009C,Unable to prosecute suspect
af3f01b3e7d420644a1c0d3894a4dedf83eae9616532d661acc4e0d3b22ec979,2018-08,Hertfordshire Constabulary,Hertfordshire Constabulary,-0.207598,51.911324,On or near BAKER STREET,E01023777,Stevenage 002B,Unable to prosecute suspect
b70bd36b95a504d528085ed414bd1203d9fab53e7ddbb6c3d64bb5253a85f699,2018-08,Hertfordshire Constabulary,Hertfordshire Constabulary,-0.376448,51.829189,On or near PENSHURST CLOSE,E01023691,St Albans 001B,Offender given penalty notice
f2f274fc948d5cc5e97894c9923d4a6050fbd5fce7aa16012ee9ece24b418d82,2018-08,Hertfordshire Constabulary,Hertfordshire Constabulary,-0.163351,51.916064,On or near ALEXANDER GATE,E01023773,Stevenage 003C,Unable to prosecute suspect
426e33326e294a47554ad0ec45884429b719a8e7939e414ff10fd39dc78505b6,2018-08,Hertfordshire Constabulary,Hertfordshire Constabulary,-0.291346,51.944544,On or near MOORMEAD HILL,E01023615,North Hertfordshire 012E,Suspect charged
edfd224783b8b86751d6ac231dbb6c8d16408389a03964df47786f8430445839,2018-08,Hertfordshire Constabulary,Hertfordshire Constabulary,-0.394690,51.690667,On or near LAMB CLOSE,E01023893,Watford 002D,Investigation complete; no suspect identified
e43f8ae6552530116d5653a4b01c3fed017a4011d89f96016f2ce8a357c4ed23,2018-08,Hertfordshire Constabulary,Hertfordshire Constabulary,-0.386917,51.648433,On or near BRIDGE PLACE,E01023862,Watford 009D,Investigation complete; no suspect identified
5544d1974842c61c2cb3d7c450160b0f50162fb577f4b7a9c85ecd5ed645f0b1,2018-08,Hertfordshire Constabulary,Hertfordshire Constabulary,-0.036275,51.716920,On or near Parking Area,E01023305,Broxbourne 008D,Investigation complete; no suspect identified
60c7d6c73e18fee33b6652f6ecc7fe8f29aff8521cb0829c903c57d1435d7ef9,2018-08,Hertfordshire Constabulary,Hertfordshire Constabulary,-0.168950,51.892457,On or near Supermarket,E01023793,Stevenage 010C,Suspect charged
f1143f2426c0712f8d9f670ea61e3bc8b0370848700a6895612c6c0471b288e1,2018-08,Hertfordshire Constabulary,Hertfordshire Constabulary,-0.440606,51.750992,On or near RITCROFT DRIVE,E01023411,Dacorum 017C,Unable to prosecute suspect
e9ded189a72f6ff1b36009e6c697e4399f5f40c4d2cbebb8a538fd2a1dd3fdc2,2018-08,Hertfordshire Constabulary,Hertfordshire Constabulary,-0.193773,51.800322,On or near BRIDGE ROAD EAST,E01023954,Welwyn Hatfield 007A,Unable to prosecute suspect
963e8c74930add6fb0670dac7e6f421f470d9c13905c26324bc448babe7e4409,2018-08,Hertfordshire Constabulary,Hertfordshire Constabulary,-0.457668,51.772806,On or near Parking Area,E01023393,Dacorum 007A,Investigation complete; no suspect identified
9af542187ed584f58af43488f31df154bd1e9df7731ede10dd52235c4d7c1d73,2018-08,Hertfordshire Constabulary,Hertfordshire Constabulary,-0.156593,51.772067,On or near Park/Open Space,E01023925,Welwyn Hatfield 011B,Investigation complete; no suspect identified
1221dd1429364ae9be6111972757fd90b3d68a7ab66083af5ac33bc688aa59c0,2018-08,Hertfordshire Constabulary,Hertfordshire Constabulary,-0.152786,51.805656,On or near Park/Open Space,E01023486,East Hertfordshire 010B,Investigation complete; no suspect identified
8207b4b9560e7b529fd7851e4c1dc5020321a59129b938f3246acb13c08483f5,2018-08,Hertfordshire Constabulary,Hertfordshire Constabulary,-0.401362,51.656508,On or near UPTON ROAD,E01023861,Watford 009C,Investigation complete; no suspect identified
337923279116ebf6a85f918218fdeb680dd49db08f427cba42c4648ef3b137dc,2018-08,Hertfordshire Constabulary,Hertfordshire Constabulary,-0.336097,51.754882,On or near ST PETER'S STREET,E01023676,St Albans 011D,Investigation complete; no suspect identified
53ab03a3f10e8369f049fceb1533d5af74d5e79c19c3394b28fad4c43256d1b5,2018-08,Hertfordshire Constabulary,Hertfordshire Constabulary,-0.058662,51.799563,On or near MOUNTSORREL,E01023483,East Hertfordshire 016B,Investigation complete; no suspect identified
fd8cbd25aaf6ed4282b76738bae784688619ef8c1adb8e8040eb8637dd634280,2018-08,Hertfordshire Constabulary,Hertfordshire Constabulary,-0.662670,51.793399,On or near Police Station,E01023426,Dacorum 002D,Investigation complete; no suspect identified
1d6a6be8c98c8026259654721ecee4c03dbd6d8b73605778190cd5e92247ba3a,2018-08,Hertfordshire Constabulary,Hertfordshire Constabulary,-0.449338,51.714286,On or near THE NAP,E01023406,Dacorum 022A,Unable to prosecute suspect
121ebab08bf4cbe24fc97b39ba5ca51d8c452672a7b523e6548e307990559e6f,2018-08,Hertfordshire Constabulary,Hertfordshire Constabulary,-0.397080,51.657007,On or near Theatre/Concert Hall,E01023861,Watford 009C,Investigation complete; no suspect identified
b9d7edc93d61051dfa4027a65f71bf5ad744431b208e9336b4e7bbfa4be159f6,2018-08,Hertfordshire Constabulary,Hertfordshire Constabulary,-0.028744,52.046788,On or near HEATH AVENUE,E01023655,North Hertfordshire 002B,Action to be taken by another organisation
61740074266dd920b94e30ccaad1111168113399b3eedd1fd7198d84f8f11234,2018-08,Hertfordshire Constabulary,Hertfordshire Constabulary,-0.224069,51.992392,On or near DANESCROFT,E01023636,North Hertfordshire 003B,Investigation complete; no suspect identified
a5106b1a152c0f0196eca13c4401464914a202990d59845c9fd5dc8d0e273f12,2018-08,Hertfordshire Constabulary,Hertfordshire Constabulary,-0.397080,51.657007,On or near Theatre/Concert Hall,E01023861,Watford 009C,Suspect charged
72b15d60b820b8e1878220f7c9bac3df277a2c7187cbea9930a551be2dae642a,2018-08,Hertfordshire Constabulary,Hertfordshire Constabulary,-0.224069,51.992392,On or near DANESCROFT,E01023636,North Hertfordshire 003B,Investigation complete; no suspect identified
abe0b08edfb79569b61464775b6cc728bd0f790fec9be791309b44034597ab60,2018-08,Hertfordshire Constabulary,Hertfordshire Constabulary,-0.203277,51.701276,On or near CRANBORNE CLOSE,E01023570,Hertsmere 002D,Unable to prosecute suspect
ca1f221ae3e9572c68258b1ffbbc072a666ffdd0b1f1fb5aa5562af9456dfabd,2018-08,Hertfordshire Constabulary,Hertfordshire Constabulary,-0.404336,51.701068,On or near KATHERINE PLACE,E01023833,Three Rivers 002D,Offender given a caution
6e7d26846a53e6b759d5345111a5fed1896cd9723889f8f244e18daeaa7b0366,2018-08,Hertfordshire Constabulary,Hertfordshire Constabulary,-0.394690,51.690667,On or near LAMB CLOSE,E01023893,Watford 002D,Investigation complete; no suspect identified
4a4771a996e7d69f1e3f512affb4617f8f6efd17baa3b84b75fa6e5b2b4d6700,2018-08,Hertfordshire Constabulary,Hertfordshire Constabulary,-0.288220,51.960926,On or near MILESTONE ROAD,E01023611,North Hertfordshire 012A,Suspect charged
f7a2a9ce68bbf0caa015f202dce61ae58a7698ba35117277cb93a26869f958e7,2018-08,Hertfordshire Constabulary,Hertfordshire Constabulary,-0.522233,51.803596,On or near DAGNALL ROAD,E01023431,Dacorum 001B,Unable to prosecute suspect
1fc611d9ca521b7f73e4760b91d18fc72448d0739d6e83db0292e64357585798,2018-08,Hertfordshire Constabulary,Hertfordshire Constabulary,-0.218234,51.783188,On or near Park/Open Space,E01033311,Welwyn Hatfield 010F,Investigation complete; no suspect identified
5cf5b612860314c8c43681251b01c932462092ef7637638c0633a2e5cd2f11fb,2018-08,Hertfordshire Constabulary,Hertfordshire Constabulary,-0.398395,51.682859,On or near EAST DRIVE,E01023890,Watford 002A,Investigation complete; no suspect identified
743b29de7145ea2a48d1b2a33f97aa1af35faf6d3ab2fa973943ccea92cdad2d,2018-08,Hertfordshire Constabulary,Hertfordshire Constabulary,0.003985,51.770276,On or near PLUMPTON ROAD,E01023330,Broxbourne 002D,Unable to prosecute suspect
6a2d039bcc1de0ec3a64bd38fdf7b22fee88eb518447c1e27f71a24e070023fa,2018-08,Hertfordshire Constabulary,Hertfordshire Constabulary,-0.410911,51.655064,On or near HARWOODS ROAD,E01023888,Watford 008C,Unable to prosecute suspect
3e7c19f8f5925e195abd61eea5ae7fbe6c7be068b4f6a98f406bb0d5beb675b4,2018-08,Hertfordshire Constabulary,Hertfordshire Constabulary,-0.399980,51.672773,On or near GAMMONS LANE,E01023856,Watford 006B,Suspect charged
1276f878862ed19ed4453a13f2c9b210d3a2a73af02f1d20788c5a741466994d,2018-08,Hertfordshire Constabulary,Hertfordshire Constabulary,-0.181495,51.882293,On or near BROADWATER CRESCENT,E01023783,Stevenage 011A,Investigation complete; no suspect identified
b0baec58d6a11ffc9f212e2e5d9950351737afc299aae84510cfb0cf5ff6c294,2018-08,Hertfordshire Constabulary,Hertfordshire Constabulary,0.149334,51.814801,On or near NEW STREET,E01023502,East Hertfordshire 011D,Offender given a caution
426090f5e8aa74e4ffd71b7e3c36715e3f3f7b3488db978e75bdff43e7d69323,2018-08,Hertfordshire Constabulary,Hertfordshire Constabulary,-0.071448,51.800726,On or near SPENCER STREET,E01023478,East Hertfordshire 017D,Investigation complete; no suspect identified
e87578c556e6ddbe8d8694fc41ac404dcc6638027d0e89d78ea761015bf03271,2018-08,Hertfordshire Constabulary,Hertfordshire Constabulary,-0.224975,51.762887,On or near KENNELWOOD LANE,E01023920,Welwyn Hatfield 012A,Investigation complete; no suspect identified
721a923ecae1e41943705366bdc13b2bbed871b9aa8d78e20bf8fad1007ca3d1,2018-08,Hertfordshire Constabulary,Hertfordshire Constabulary,-0.388687,51.627047,On or near BRIDLINGTON ROAD,E01023844,Three Rivers 012D,Suspect charged
5c7caa33d192d0bf75e1da0f0df5c8e7256b848905f06be184381948bc9da24f,2018-08,Hertfordshire Constabulary,Hertfordshire Constabulary,-0.203277,51.701276,On or near CRANBORNE CLOSE,E01023570,Hertsmere 002D,Unable to prosecute suspect
dbcd03cddc1080b46cef01b65221b051939ea74ebae488ca25b30485ea7f2af4,2018-08,Hertfordshire Constabulary,Hertfordshire Constabulary,-0.248888,51.736971,On or near FELLOWES LANE,E01023679,St Albans 015C,Investigation complete; no suspect identified
ea9e60ec5c2be2600941adca9f4ada575a161b2a1428f526cf73d6ca71402850,2018-08,Hertfordshire Constabulary,Hertfordshire Constabulary,-0.491613,51.765838,On or near PLANTATION WALK,E01023392,Dacorum 011A,Investigation complete; no suspect identified
c64098e35cec04c69457a4ea0482005acf9126c5ee8221108d4503a1547a0d95,2018-08,Hertfordshire Constabulary,Hertfordshire Constabulary,-0.342813,51.724989,On or near OLD ORCHARD,E01023718,St Albans 019A,Investigation complete; no suspect identified
ad43ea1ca27d07556c31b748e8295d148bd354548ab67676882ff40274f4d16c,2018-08,Hertfordshire Constabulary,Hertfordshire Constabulary,-0.231117,51.751074,On or near FALCON CLOSE,E01023936,Welwyn Hatfield 013D,Unable to prosecute suspect
c358640e4674b4ee7d96186b176b2253943c8fb4f854f8c1a61ae3421a238fb8,2018-08,Hertfordshire Constabulary,Hertfordshire Constabulary,-0.049307,51.709467,On or near CHURCH LANE,E01023326,Broxbourne 009D,Investigation complete; no suspect identified
3311e09dc7f1abe8cc579c8e23a67c3f5884a61f6fa85314060ec30481ed5171,2018-08,Hertfordshire Constabulary,Hertfordshire Constabulary,-0.224975,51.762887,On or near KENNELWOOD LANE,E01023920,Welwyn Hatfield 012A,Investigation complete; no suspect identified
b6c6907697a1fa0b82d7cb7d841ec1623a4893060eceb62045ccebae8d56901c,2018-08,Hertfordshire Constabulary,Hertfordshire Constabulary,-0.040809,51.981653,On or near Park/Open Space,E01023598,North Hertfordshire 005D,Investigation complete; no suspect identified
dbced1cee7cd5ad90d8b271bc865c3887dec72cea1254727d25f6044a635354f,2018-08,Hertfordshire Constabulary,Hertfordshire Constabulary,-0.212070,51.816617,On or near MONKSWOOD,E01023962,Welwyn Hatfield 003D,Unable to prosecute suspect
955cfca578a7dba8e13ee0096ce946dc87aad9622753c75994247511ed17b810,2018-08,Hertfordshire Constabulary,Hertfordshire Constabulary,-0.393599,51.680222,On or near Petrol Station,E01023896,Watford 005B,Investigation complete; no suspect identified
364bf7884ef5401cab211c95db94a2a97c6b296019505289313adb00292f4f96,2018-08,Hertfordshire Constabulary,Hertfordshire Constabulary,-0.339165,51.753028,On or near WADDINGTON ROAD,E01023727,St Albans 012B,Investigation complete; no suspect identified
5aa40257d4dd111de3c11abe425750d8bb14846449dd895a94dde3623469031f,2018-08,Hertfordshire Constabulary,Hertfordshire Constabulary,-0.355399,51.814213,On or near STATION ROAD,E01023701,St Albans 003C,Investigation complete; no suspect identified
d44bbd53c66b45cac89eb51c5642cea2f854064e3fb34f1367f43542209636cd,2018-08,Hertfordshire Constabulary,Hertfordshire Constabulary,-0.291450,51.719388,On or near BURR CLOSE,E01023704,St Albans 018A,Investigation complete; no suspect identified
41d883078316ca5c3b458cbcd067133966921ade7d17d1ebda4f7e7564bf5096,2018-08,Hertfordshire Constabulary,Hertfordshire Constabulary,-0.343321,51.807308,On or near Supermarket,E01023703,St Albans 003E,Investigation complete; no suspect identified
596b8655e3cc06507fb5f1f5ed55762f4a410384d2e1019a4d495a3f50238866,2018-08,Hertfordshire Constabulary,Hertfordshire Constabulary,-0.525062,51.748440,On or near SHARPES LANE,E01023362,Dacorum 009B,Investigation complete; no suspect identified
cab3a69ac94ab42642231248636c87c9b1010e68a1701da9d486ca8aa1b99354,2018-08,Hertfordshire Constabulary,Hertfordshire Constabulary,-0.025097,52.047824,On or near Supermarket,E01023656,North Hertfordshire 002C,Offender given a caution
d8634aa40040762eb4ef97ce1390d2f7b0163ad684807f5b7781263d4198dbde,2018-08,Hertfordshire Constabulary,Hertfordshire Constabulary,-0.198592,51.892951,On or near Shopping Area,E01023786,Stevenage 011D,Investigation complete; no suspect identified
2d4927dd1244c5533eb60c7b095f7032c9db42378aa427838d676fe9dc591709,2018-08,Hertfordshire Constabulary,Hertfordshire Constabulary,-0.201368,51.898028,On or near Supermarket,E01023786,Stevenage 011D,Investigation complete; no suspect identified
baf9cb815594372acb71e0277e00c52d5da1d27278bc15ab09fc280ff9856095,2018-08,Hertfordshire Constabulary,Hertfordshire Constabulary,-0.393310,51.694101,On or near Sports/Recreation Area,E01023905,Watford 001B,Unable to prosecute suspect
45ddf65b0f62c21c0b7150f61a5792e3c4bbba5332a4da61841f2b73f26f7c02,2018-08,Hertfordshire Constabulary,Hertfordshire Constabulary,-0.475625,51.848508,On or near Petrol Station,E01017586,Central Bedfordshire 032C,Investigation complete; no suspect identified
cb492d34655f7c99556558ef21553edd99a7a2a018fc1dd9bd440f420e94b96c,2018-08,Hertfordshire Constabulary,Hertfordshire Constabulary,-0.198592,51.892951,On or near Shopping Area,E01023786,Stevenage 011D,Investigation complete; no suspect identified
efb2c74cb5894292807e307f0187c962a63fdc40e3f7d30c645cc2aadd3a75bb,2018-08,Hertfordshire Constabulary,Hertfordshire Constabulary,-0.400677,51.670643,On or near LEAVESDEN ROAD,E01023856,Watford 006B,Investigation complete; no suspect identified
35414de6c462ef93645a175740bf0df06364f5d682904a8bcea779444a469d81,2018-08,Hertfordshire Constabulary,Hertfordshire Constabulary,-0.200693,51.696363,On or near BROOKLANDS GARDENS,E01023568,Hertsmere 002B,Investigation complete; no suspect identified
45eb7c464eacd4e08ebe795faf0712ca48553acdf478f507a7cb10e0711a25e4,2018-08,Hertfordshire Constabulary,Hertfordshire Constabulary,0.145036,51.862377,On or near THE COPPICE,E01023443,East Hertfordshire 007A,Investigation complete; no suspect identified
42f656c06b22b2c4406f32a22091788ead140794ba028df145695e8fb255f4fa,2018-08,Hertfordshire Constabulary,Hertfordshire Constabulary,-0.208844,51.700659,On or near LEXINGTON COURT,E01023570,Hertsmere 002D,Unable to prosecute suspect
acf75197b042c90a48e6559ac03c5a085f30dade17a4959110d3a1f8595007e9,2018-08,Hertfordshire Constabulary,Hertfordshire Constabulary,-0.471232,51.737700,On or near STOREY STREET,E01033023,Dacorum 018H,Investigation complete; no suspect identified
65e5863844a266e8e6bf4fe30b7967d9801c5e1768f44c22f05ba1f262dec1ed,2018-08,Hertfordshire Constabulary,Hertfordshire Constabulary,-0.202301,51.969663,On or near SWANSTAND,E01023641,North Hertfordshire 009C,Suspect charged
818af556a75e002eb44cb6b2328c63a13691533ec9399670f8e6b4b3b3649871,2018-08,Hertfordshire Constabulary,Hertfordshire Constabulary,-0.200675,51.901929,On or near MARKET SQUARE,E01023758,Stevenage 008D,Investigation complete; no suspect identified
894215b9ae08b8f2366239d4ec507ae53c100dcd3082add8f8d27302bbfa026d,2018-08,Hertfordshire Constabulary,Hertfordshire Constabulary,-0.239527,51.972986,On or near HIGH AVENUE,E01023646,North Hertfordshire 008C,Unable to prosecute suspect
927d11926ba914a532d3b2fb18eb0dcb16673e1cca2d0e5d226841df9843221d,2018-08,Hertfordshire Constabulary,Hertfordshire Constabulary,-0.202301,51.969663,On or near SWANSTAND,E01023641,North Hertfordshire 009C,Suspect charged
c7b0414cbb6db736f5a925a6dacfe40971358ddd27929b50980737d087304e78,2018-08,Hertfordshire Constabulary,Hertfordshire Constabulary,-0.285736,51.712390,On or near BELL LANE,E01023583,Hertsmere 004C,Suspect charged
1202002583b9b97504e2f9326114f513a8dea8c0c838a86aa1aaa15b58458348,2018-08,Hertfordshire Constabulary,Hertfordshire Constabulary,-0.341899,51.738491,On or near TAVISTOCK AVENUE,E01023739,St Albans 017C,Unable to prosecute suspect
269c7bb068a71ffb4e2cc9f02ecd5d05b64b3cc96cbedf8c345ece2b608b94af,2018-08,Hertfordshire Constabulary,Hertfordshire Constabulary,-0.492829,51.766752,On or near SPENCER WAY,E01023392,Dacorum 011A,Investigation complete; no suspect identified
16b96744c95b889864fd9da9820c5946b42175ff4c822554ac852d500347548e,2018-08,Hertfordshire Constabulary,Hertfordshire Constabulary,-0.218324,51.772444,On or near HILLFIELD,E01033311,Welwyn Hatfield 010F,Investigation complete; no suspect identified
0daf21d44748d7550b02eb31d84b7bf3cb6f25fe96ef39cac6ed9f36f40aea3f,2018-08,Hertfordshire Constabulary,Hertfordshire Constabulary,-0.307075,51.763451,On or near THE RIDGEWAY,E01023714,St Albans 010B,Investigation complete; no suspect identified
a2cbc537785e2e6e2718a259c8efa364de7ed3a364f32b63851c5677318e422e,2018-08,Hertfordshire Constabulary,Hertfordshire Constabulary,-0.193341,51.982870,On or near THE GLADE,E01023592,North Hertfordshire 004F,Unable to prosecute suspect
527dd0a76a58a967e072a7cae7e02cc15064d606ce9d02c10c397a7655833f58,2018-08,Hertfordshire Constabulary,Hertfordshire Constabulary,-0.197876,51.907219,On or near GREENWAYS,E01023779,Stevenage 006B,Unable to prosecute suspect
20a02b3741b7ac186164e289255f9ade13a745949bb054279d349fccbd596021,2018-08,Hertfordshire Constabulary,Hertfordshire Constabulary,-0.209244,51.733397,On or near SKIMPANS CLOSE,E01023963,Welwyn Hatfield 014B,Investigation complete; no suspect identified
de7d2da8248eea9304db195de36ff66dbce98988570836e596da7cfc6cedc366,2018-08,Hertfordshire Constabulary,Hertfordshire Constabulary,,,No location,,,Unable to prosecute suspect
0174a8fcbf4002e0ca47ee636d90cf6d01cfe0f942834c564e1d0e1bb904a05a,2018-08,Hertfordshire Constabulary,Hertfordshire Constabulary,-0.426742,51.652112,On or near RICKMANSWORTH ROAD,E01023825,Three Rivers 006E,Unable to prosecute suspect
e8957eb11ec6ad0de8d1045ead80fc18d400b32da35bd0f5dd10a37cb25ba955,2018-08,Hertfordshire Constabulary,Hertfordshire Constabulary,-0.431999,51.748549,On or near LEASIDE,E01023410,Dacorum 017B,Local resolution
30907453986c09eaa8028cee4ae001766b2db80ec5b9534ede503aa1cb68eea6,2018-08,Hertfordshire Constabulary,Hertfordshire Constabulary,-0.378870,51.688418,On or near PEREGRINE CLOSE,E01023873,Watford 003A,Investigation complete; no suspect identified
f0bb88c2709b825048cca1e9b4096cdd302ac1bc27185ae6d2a6ee3264eeab92,2018-08,Hertfordshire Constabulary,Hertfordshire Constabulary,-0.426742,51.652112,On or near RICKMANSWORTH ROAD,E01023825,Three Rivers 006E,Unable to prosecute suspect
2fdca379e8313ff5bbc9c661bcb38fb8ffb36228d53222752ca1abfd3eb904b1,2018-08,Hertfordshire Constabulary,Hertfordshire Constabulary,-0.202859,51.981550,On or near Shopping Area,E01023633,North Hertfordshire 006D,Investigation complete; no suspect identified
9fe0f4d70084e9f02f2a11a0bcea889ef987c05d07ae480388056f3def0dd3de,2018-08,Hertfordshire Constabulary,Hertfordshire Constabulary,-0.446423,51.718671,On or near Park/Open Space,E01023808,Three Rivers 001E,Unable to prosecute suspect
dd00a5966cf8a15deef2fa7664901ac4b8d791c2c3e346678364d42d62b1b68f,2018-08,Hertfordshire Constabulary,Hertfordshire Constabulary,-0.396386,51.672167,On or near ST ALBANS ROAD,E01023858,Watford 006D,Suspect charged
6b65937e6f76ad27a0808c9c31cf28cc13914f77123c73d6cf312078d885e247,2018-08,Hertfordshire Constabulary,Hertfordshire Constabulary,-0.311359,51.723983,On or near NORRIS CLOSE,E01033029,St Albans 018G,Investigation complete; no suspect identified
0768085246a07293efd75d463abf5fc942ab47b4af2bdfcb9d0b0a52edaf4f1f,2018-08,Hertfordshire Constabulary,Hertfordshire Constabulary,-0.269865,51.649159,On or near MILTON DRIVE,E01023540,Hertsmere 011B,Local resolution
3a75996baeadc62458140df6705493b1890941508e6b145b06e9b2fc6345ad38,2018-08,Hertfordshire Constabulary,Hertfordshire Constabulary,-0.269865,51.649159,On or near MILTON DRIVE,E01023540,Hertsmere 011B,Unable to prosecute suspect
b19db45bc55a9163bb4c91c68f9fab03cdd0ec9d8a46532d4ec0b4ae57c1c260,2018-08,Hertfordshire Constabulary,Hertfordshire Constabulary,-0.035993,51.710063,On or near WOOLPACK COURT,E01023303,Broxbourne 008B,Investigation complete; no suspect identified
7483f6956b312a15da722d32774371aadd5a69a54d03720a9c13fade899501b8,2018-08,Hertfordshire Constabulary,Hertfordshire Constabulary,-0.526157,51.781103,On or near ROMAN ROAD,E01023355,Dacorum 006A,Investigation complete; no suspect identified
90bbee5a98c08926180026855c048ff92a7cb384e56a6164003c837633db51f0,2018-08,Hertfordshire Constabulary,Hertfordshire Constabulary,-0.345686,51.643058,On or near DUNSMORE CLOSE,E01023556,Hertsmere 013E,Unable to prosecute suspect
8a0f538b95e8ea70a55e70d880fdecf980b4c5f3acb689ff097e02f16892a089,2018-08,Hertfordshire Constabulary,Hertfordshire Constabulary,-0.414750,51.653173,On or near QUEENS AVENUE,E01023888,Watford 008C,Unable to prosecute suspect
ee544af9c6520bef4bdf5964f13809ffb00cf2584d65d2810f63b9e436322d72,2018-08,Hertfordshire Constabulary,Hertfordshire Constabulary,-0.182403,51.918481,On or near JESSOP ROAD,E01023774,Stevenage 003D,Unable to prosecute suspect
fb94504d56278489906a4e0945fd60c90e330d7eff3409fd5d1f66409760096d,2018-08,Hertfordshire Constabulary,Hertfordshire Constabulary,-0.032926,51.744048,On or near A10,E01023289,Broxbourne 004A,Suspect charged
90f52267f3810802f3e23a7868aa74d8fb8cbf89317b968593a28ad40bcd4969,2018-08,Hertfordshire Constabulary,Hertfordshire Constabulary,-0.278158,51.669873,On or near GREENSIDE,E01023535,Hertsmere 006B,Unable to prosecute suspect
6cdd96f9ff2ee62ccbb171984d3798245ad03e22bbf07cc890c83047559c9691,2018-08,Hertfordshire Constabulary,Hertfordshire Constabulary,-0.174757,51.805406,On or near KINGSCROFT,E01023913,Welwyn Hatfield 004B,Investigation complete; no suspect identified
c67fc32840717c4bba8f5c0f494301e5360a484eaedaa68b24298be50b655d53,2018-08,Hertfordshire Constabulary,Hertfordshire Constabulary,-0.178345,51.880077,On or near SPRING DRIVE,E01023785,Stevenage 011C,Suspect charged
ee3592507aa9b15d0d776b0a0b2ffa92674a17aa555f7fecdf8c8c121e8831f3,2018-08,Hertfordshire Constabulary,Hertfordshire Constabulary,-0.395123,51.652646,On or near CAMBRIDGE ROAD,E01023862,Watford 009D,Offender given a caution
5c1afd02aaf977fcf26613cb50ab226b638e73b322a218be43365efa21139627,2018-08,Hertfordshire Constabulary,Hertfordshire Constabulary,-0.278158,51.669873,On or near GREENSIDE,E01023535,Hertsmere 006B,Unable to prosecute suspect
43e4326afcae1f319e9e35cde60c7392c82cbe69c6abad9accfa5b74af40ca07,2018-08,Hertfordshire Constabulary,Hertfordshire Constabulary,-0.214596,51.793815,On or near COLGROVE,E01023917,Welwyn Hatfield 006B,Unable to prosecute suspect
0b7dfb4351555b0f65aa959d229d14ceeca7b00bcdf8b645f6b7f165aa451735,2018-08,Hertfordshire Constabulary,Hertfordshire Constabulary,-0.163113,51.924395,On or near ULLSWATER CLOSE,E01033024,North Hertfordshire 005H,Investigation complete; no suspect identified
49d8f76b6cb805fe9c553ee076cc60eb8013d2067cfcdd7426ed9883ffc3b8a5,2018-08,Hertfordshire Constabulary,Hertfordshire Constabulary,-0.465562,51.834908,On or near PARKFIELD,E01023433,Dacorum 001D,Unable to prosecute suspect
8e8df451e48215274be15a6756117a76cfdf560bbf51edc5278f446759a8019f,2018-08,Hertfordshire Constabulary,Hertfordshire Constabulary,-0.396386,51.672167,On or near ST ALBANS ROAD,E01023858,Watford 006D,Suspect charged
6cac73b46416b39beeb18ca19cedcfe158f315e6bf7e231e1a0379703e789d47,2018-08,Hertfordshire Constabulary,Hertfordshire Constabulary,-0.446423,51.718671,On or near Park/Open Space,E01023808,Three Rivers 001E,Unable to prosecute suspect
017eec16352d8fa732b0371a60aea0c9e0ee29140b8eaf3b52afdc3d231159fb,2018-08,Hertfordshire Constabulary,Hertfordshire Constabulary,-0.383040,51.658280,On or near Sports/Recreation Area,E01023554,Hertsmere 008C,Investigation complete; no suspect identified
e78527c935c7045dc0a22ed514522bbf12d39c9317fd5180991d79a1056e16bb,2018-08,Hertfordshire Constabulary,Hertfordshire Constabulary,-0.041005,51.785655,On or near RUSHEN DRIVE,E01023480,East Hertfordshire 018C,Investigation complete; no suspect identified
cebc8b285726de41e9fee2c93d7da95a441c2da00fcc1a80ee33c85189ca3cf6,2018-08,Hertfordshire Constabulary,Hertfordshire Constabulary,-0.203375,51.813445,On or near GREENFIELD,E01023961,Welwyn Hatfield 003C,Suspect charged
f7b8ac8152b090696d95d1a125f19bee7f2feebb140ce8ce52dbd36a8e85d24e,2018-08,Hertfordshire Constabulary,Hertfordshire Constabulary,-0.012558,51.756286,On or near YEWLANDS DRIVE,E01023321,Broxbourne 003B,Offender given penalty notice
509ed0da009036f01200c76a8929437ac30ea718b1e0f2f7ceb2c283c714ebf3,2018-08,Hertfordshire Constabulary,Hertfordshire Constabulary,-0.450014,51.779180,On or near ESSEX MEAD,E01023395,Dacorum 007C,Local resolution
b658bb73d426435f856e42a0786095769d1d9ee70552ea585bb63648fbd544b1,2018-08,Hertfordshire Constabulary,Hertfordshire Constabulary,-0.390653,51.678050,On or near Shopping Area,E01023896,Watford 005B,Investigation complete; no suspect identified
75c594a7dfe304a4e9ceba8db0642f9a5b0aba3162a57d9499bd3fba901ebb0a,2018-08,Hertfordshire Constabulary,Hertfordshire Constabulary,-0.037020,51.708426,On or near HIGH STREET,E01023301,Broxbourne 010E,Unable to prosecute suspect
90b84485f60b5fa7b3fb5beee2aa92360383ef204cde055a37d7f55243e8ab92,2018-08,Hertfordshire Constabulary,Hertfordshire Constabulary,-0.459097,51.744870,On or near Parking Area,E01023387,Dacorum 019B,Investigation complete; no suspect identified
8365bb48bfb49523c9670967a9c28232a69953f92b8a0a5034df15e62a8b2d40,2018-08,Hertfordshire Constabulary,Hertfordshire Constabulary,-0.294822,51.765962,On or near HUNT CLOSE,E01023735,St Albans 007C,Unable to prosecute suspect
98f2cf1b05979b3133ab881942a238a8aa641a3d18d6960c113a7d39b103c349,2018-08,Hertfordshire Constabulary,Hertfordshire Constabulary,-0.018794,51.748559,On or near HIGH ROAD,E01023290,Broxbourne 004B,Investigation complete; no suspect identified
0c7dfb113957b0e32c8710b54c221abf41209eba0e4ec1a33041a7c80aecd953,2018-08,Hertfordshire Constabulary,Hertfordshire Constabulary,-0.270685,51.952883,On or near ST ANNE'S ROAD,E01023601,North Hertfordshire 010A,Investigation complete; no suspect identified
7f9e0918ac3c0652a4c870b4c7ca533df75c040e5516d046e065094021d42836,2018-08,Hertfordshire Constabulary,Hertfordshire Constabulary,-0.209278,51.908202,On or near Pedestrian Subway,E01023776,Stevenage 002A,Unable to prosecute suspect
7f9e0918ac3c0652a4c870b4c7ca533df75c040e5516d046e065094021d42836,2018-08,Hertfordshire Constabulary,Hertfordshire Constabulary,-0.209278,51.908202,On or near Pedestrian Subway,E01023776,Stevenage 002A,Unable to prosecute suspect
130a69c5fefa3a4803e5f852ac9ae98ca0feda8ce9b0180b7c80a54045c1f649,2018-08,Hertfordshire Constabulary,Hertfordshire Constabulary,-0.209278,51.908202,On or near Pedestrian Subway,E01023776,Stevenage 002A,Unable to prosecute suspect
130a69c5fefa3a4803e5f852ac9ae98ca0feda8ce9b0180b7c80a54045c1f649,2018-08,Hertfordshire Constabulary,Hertfordshire Constabulary,-0.209278,51.908202,On or near Pedestrian Subway,E01023776,Stevenage 002A,Unable to prosecute suspect
e2a8343179cf67509ff1b0a9bc6060277d70fcfb2cbf468f042a9dcf2f0f5bef,2018-08,Hertfordshire Constabulary,Hertfordshire Constabulary,-0.211912,51.924230,On or near Hospital,E01023800,Stevenage 002E,Suspect charged
6afe947ec33190764c5597e1537e94c565263f40deba4abad7964b7d7d331da7,2018-08,Hertfordshire Constabulary,Hertfordshire Constabulary,-0.466500,51.758103,On or near GILROY ROAD,E01023401,Dacorum 008A,Suspect charged
1c8cc788bb3bcf77956535ee67f5f5255a308eff895a64b9bb2fb13e34f45ade,2018-08,Hertfordshire Constabulary,Hertfordshire Constabulary,-0.399815,51.701644,On or near ORCHARD AVENUE,E01023832,Three Rivers 002C,Investigation complete; no suspect identified
1328d5caed3830d572b99d1de086ec98ec604408f44c9e6cd0104bbb5b645d88,2018-08,Hertfordshire Constabulary,Hertfordshire Constabulary,-0.349919,51.658638,On or near SANDY LANE,E01023555,Hertsmere 008D,Investigation complete; no suspect identified
f8acec038766cab6e3015d2daf3b361a047db7ab99ee349c60d6abbd95111641,2018-08,Hertfordshire Constabulary,Hertfordshire Constabulary,-0.668468,51.792979,On or near GOLDFIELD ROAD,E01023425,Dacorum 002C,Investigation complete; no suspect identified
647d27d5f91cffaf3c014a491b6550cd77fd362fcac7d37b566a53372a83bcd0,2018-08,Hertfordshire Constabulary,Hertfordshire Constabulary,-0.415648,51.745946,On or near WESTWICK ROW,E01023722,St Albans 006A,Investigation complete; no suspect identified
33858efe13aa2a9876d95bae78cd2b3d5340abb6d499a3cb3e3d98b210e04d1a,2018-08,Hertfordshire Constabulary,Hertfordshire Constabulary,-0.453613,51.727299,On or near NASH MILLS LANE,E01023407,Dacorum 022B,Investigation complete; no suspect identified
a03354253ce3d3b2dbaffd978351810e30d21e8f8c087190111992eaa7fbe524,2018-08,Hertfordshire Constabulary,Hertfordshire Constabulary,-0.321075,51.684863,On or near UPPER STATION ROAD,E01023525,Hertsmere 005C,Investigation complete; no suspect identified
a4f0d54e4709114355dfb257ff29b988e9df9a89d0887e5ee42caf9dce96eaa6,2018-08,Hertfordshire Constabulary,Hertfordshire Constabulary,-0.230362,51.762977,On or near Further/Higher Educational Building,E01023920,Welwyn Hatfield 012A,Suspect charged
a4f0d54e4709114355dfb257ff29b988e9df9a89d0887e5ee42caf9dce96eaa6,2018-08,Hertfordshire Constabulary,Hertfordshire Constabulary,-0.230362,51.762977,On or near Further/Higher Educational Building,E01023920,Welwyn Hatfield 012A,Suspect charged
9eb22018f5da1498965099bc38aef4ee540e04102204804b7433b3fd210661d8,2018-08,Hertfordshire Constabulary,Hertfordshire Constabulary,-0.217708,51.900912,On or near Shopping Area,E01023798,Stevenage 005D,Investigation complete; no suspect identified
ad9c298725a67e13d9326979afbcaceda65878bcb0b0c534db5b952770e09ada,2018-08,Hertfordshire Constabulary,Hertfordshire Constabulary,-0.195331,51.801614,On or near GARDEN COURT,E01023954,Welwyn Hatfield 007A,Investigation complete; no suspect identified
b7fc041aadb35ca6f916d7857946a740aa608df7755932f5ee0003d77c566db8,2018-08,Hertfordshire Constabulary,Hertfordshire Constabulary,-0.473058,51.748828,On or near Shopping Area,E01023398,Dacorum 015D,Unable to prosecute suspect
69f0c6a1a12f0b3f223fe1e987155f9b9456a1016fbffbd2a11c9f6804eaa9d8,2018-08,Hertfordshire Constabulary,Hertfordshire Constabulary,-0.015915,51.760371,On or near ROSE VALE,E01023320,Broxbourne 003A,Investigation complete; no suspect identified
041812bc07c5c477e0d1f5639ea61fcad33b1d5ed9cc17678474e6c562e7cc06,2018-08,Hertfordshire Constabulary,Hertfordshire Constabulary,-0.514458,51.746661,On or near POUCHEN END LANE,E01023378,Dacorum 021F,Investigation complete; no suspect identified
9e1ae7b10e2c90c8c97de70431e588ce3f4caae853d191bf6d30cfb8dc833d82,2018-08,Hertfordshire Constabulary,Hertfordshire Constabulary,-0.272533,51.953261,On or near FELLS CLOSE,E01023601,North Hertfordshire 010A,Investigation complete; no suspect identified
723fcb3e5816acdb5c00d29127246fd4ac4a288d11e79081fe9ed5c973156cad,2018-08,Hertfordshire Constabulary,Hertfordshire Constabulary,-0.301060,51.742646,On or near STARLIGHT WAY,E01023678,St Albans 015B,Investigation complete; no suspect identified
aebaeaa6d815a42d285409da00552b659377e70b43cc955dbe32f9f74d0cae56,2018-08,Hertfordshire Constabulary,Hertfordshire Constabulary,-0.525924,51.740655,On or near A41,E01023377,Dacorum 021E,Investigation complete; no suspect identified
fa69ab01cf22274d8396f361c9497e77e1215b475fe3272a1b9c70eff5b2a1e4,2018-08,Hertfordshire Constabulary,Hertfordshire Constabulary,-0.430208,51.758416,On or near Sports/Recreation Area,E01023345,Dacorum 013A,Investigation complete; no suspect identified
e1137615d9f0e3c84d7cf0054e269f4c19d49a19b6571e4c6e645021d9c6be0f,2018-08,Hertfordshire Constabulary,Hertfordshire Constabulary,-0.227035,51.763934,On or near ROBIN HOOD LANE,E01023920,Welwyn Hatfield 012A,Unable to prosecute suspect
50cf6e8d4d73e1a5cf2ffb4a6380614869dea8b7c8c29265ad0e360616a1264c,2018-08,Hertfordshire Constabulary,Hertfordshire Constabulary,-0.103395,51.760727,On or near WELL-ROW,E01023486,East Hertfordshire 010B,Investigation complete; no suspect identified
edfd419e68c2a4cf5a9f491a0c077558ce837362bebe7b3289dc08ce45899666,2018-08,Hertfordshire Constabulary,Hertfordshire Constabulary,-0.198110,51.916978,On or near WESTON ROAD,E01023777,Stevenage 002B,Investigation complete; no suspect identified
2f56b92453498f266168d50f2c30710563beeb3a3ce1c250e46fc1a8d89dbfbe,2018-08,Hertfordshire Constabulary,Hertfordshire Constabulary,-0.322001,51.685245,On or near BARN CLOSE,E01023525,Hertsmere 005C,Suspect charged
e76fc5b3e6861b5cf3eed7c23ea5cef1d5ede936cfb2a558a686a971df632ef7,2018-08,Hertfordshire Constabulary,Hertfordshire Constabulary,-0.322001,51.685245,On or near BARN CLOSE,E01023525,Hertsmere 005C,Suspect charged
e19c303f6b709489e0a93b486e7e9d6ed13d440414f7677841fd03b0a89a7ee3,2018-08,Hertfordshire Constabulary,Hertfordshire Constabulary,-0.373857,51.712447,On or near Petrol Station,E01023732,St Albans 020D,Investigation complete; no suspect identified
275fb08c6cf09f7389ebcde05071ed347e18fc2d5ec8bf3a9d4e3109ec667a5e,2018-08,Hertfordshire Constabulary,Hertfordshire Constabulary,-0.322001,51.685245,On or near BARN CLOSE,E01023525,Hertsmere 005C,Suspect charged
42d1e4ab9a16fb6a7086b6389c84fabb4241888b391df8bb753e33795e14e2dd,2018-08,Hertfordshire Constabulary,Hertfordshire Constabulary,0.098625,51.789477,On or near EASTWICK ROAD,E01023492,East Hertfordshire 009B,Investigation complete; no suspect identified
0cd4e710cbec387656f9747efe594850ac6a609086f243b560fe2cd3eb5861f2,2018-08,Hertfordshire Constabulary,Hertfordshire Constabulary,-0.011724,51.766694,On or near Petrol Station,E01023327,Broxbourne 002A,Investigation complete; no suspect identified
9c340f7ee80007f660c1521159223205df8c7f86f82b439febf82ecd9f68b4ae,2018-08,Hertfordshire Constabulary,Hertfordshire Constabulary,-0.268655,51.661586,On or near MEADOW ROAD,E01023537,Hertsmere 006D,Investigation complete; no suspect identified
495a4b9c74a44206145c284335743293c3127a088d48be48ea6753e2d8afb3a2,2018-08,Hertfordshire Constabulary,Hertfordshire Constabulary,-0.469072,51.738166,On or near FOURDRINIER WAY,E01033023,Dacorum 018H,Investigation complete; no suspect identified
3cfcc67f7c417e5edb21f4f8e56f6c9843a5ce75b8ad718c3992bd4dcc0e69a0,2018-08,Hertfordshire Constabulary,Hertfordshire Constabulary,-0.476654,51.746573,On or near PARK ROAD,E01023398,Dacorum 015D,Investigation complete; no suspect identified
bb2e325178bdc57f7e92b2528186e1b40ac706a266ad87cfd4e02d942b0d1e32,2018-08,Hertfordshire Constabulary,Hertfordshire Constabulary,-0.251089,51.948979,On or near KIPLING CLOSE,E01023621,North Hertfordshire 011E,Offender given a drugs possession warning
ce99cdbb86734c87c2a21a28e47d5843a82fc9c7546886f216e5312a3d22cb25,2018-08,Hertfordshire Constabulary,Hertfordshire Constabulary,-0.268655,51.661586,On or near MEADOW ROAD,E01023537,Hertsmere 006D,Investigation complete; no suspect identified
2d15b8a997ed5aa2afb4eb1398a21a6c7c54bc826c3bb5a4da3c80d23459b8a9,2018-08,Hertfordshire Constabulary,Hertfordshire Constabulary,-0.474019,51.746512,On or near Pedestrian Subway,E01023398,Dacorum 015D,Investigation complete; no suspect identified
020643cd3e2dc04877367709aa7f94d3113e5203eeb0b70d99dfcd7963801243,2018-08,Hertfordshire Constabulary,Hertfordshire Constabulary,-0.196712,51.903595,On or near SILAM ROAD,E01023758,Stevenage 008D,Unable to prosecute suspect
ba1a88b4ccd758f5a05ce91f875f76b53a160884995e5ce682528f8c9397690a,2018-08,Hertfordshire Constabulary,Hertfordshire Constabulary,-0.202790,51.901746,On or near Bus/Coach Station,E01023758,Stevenage 008D,Unable to prosecute suspect
d35b1ef22f9d03ed6157cc009ba7ad957b3c300bf8f5d93fbf6cb23379e5046f,2018-08,Hertfordshire Constabulary,Hertfordshire Constabulary,-0.236781,51.757400,On or near Parking Area,E01023923,Welwyn Hatfield 012D,Investigation complete; no suspect identified
49bc72e771cfb56e027db513d372b5614dbe2de6b7b3c364e34380899fda736d,2018-08,Hertfordshire Constabulary,Hertfordshire Constabulary,-0.286632,51.717772,On or near ALSOP CLOSE,E01023704,St Albans 018A,Investigation complete; no suspect identified
1f97d870b682218dfd52a1c5a2effeba968e3fc4562d421687486b5b467766be,2018-08,Hertfordshire Constabulary,Hertfordshire Constabulary,-0.228305,51.766642,On or near BURFIELD CLOSE,E01033311,Welwyn Hatfield 010F,Investigation complete; no suspect identified
ddd11ef0753823058be81ae90c1f73aa04252f929e4d6b5b3552ad691f02b9f3,2018-08,Hertfordshire Constabulary,Hertfordshire Constabulary,-0.470112,51.764849,On or near SHARPCROFT,E01023404,Dacorum 008D,Investigation complete; no suspect identified
8e52aa94b888adba27bfa8951297459b1b468c0e539dc3ce7807b70d4672676b,2018-08,Hertfordshire Constabulary,Hertfordshire Constabulary,-0.203522,51.905624,On or near Parking Area,E01023775,Stevenage 006A,Suspect charged
a63baafc72256170f63bc2687798cbab465260d954107d5ad3e0c80b42a1e12a,2018-08,Hertfordshire Constabulary,Hertfordshire Constabulary,-0.583072,51.772730,On or near CREW CURVE,E01023363,Dacorum 009C,Further investigation is not in the public interest
6d8b62c6eaa556d4250144ec3cb2128440bd6ce745de9c811e7b98fb7b8b7a9e,2018-08,Hertfordshire Constabulary,Hertfordshire Constabulary,-0.186880,51.888212,On or near Petrol Station,E01023786,Stevenage 011D,Investigation complete; no suspect identified
b01a32d4df8250f9c39cf56883fc4d335b2d42f2a011ed66864cc48b454cdbeb,2018-08,Hertfordshire Constabulary,Hertfordshire Constabulary,-0.269151,51.954174,On or near Petrol Station,E01023602,North Hertfordshire 010B,Investigation complete; no suspect identified
80023320c121467c1cd87bed8a0da5c365eb1a1c748eecfe044d8f7968438ea9,2018-08,Hertfordshire Constabulary,Hertfordshire Constabulary,-0.395537,51.795138,On or near THE PARK,E01023724,St Albans 006C,Investigation complete; no suspect identified
c0cca1e5dfed9b68a03a1637eea925c8453e70ca7941e2383ed7d694a97500ac,2018-08,Hertfordshire Constabulary,Hertfordshire Constabulary,-0.533334,51.724716,On or near GRANVILLE DENE,E01023373,Dacorum 021A,Investigation complete; no suspect identified
336444c0c0dadd19d5e624015f72df049874825d703f3e8fda24ac0f1f80218c,2018-08,Hertfordshire Constabulary,Hertfordshire Constabulary,-0.451067,51.653919,On or near Sports/Recreation Area,E01023822,Three Rivers 006D,Investigation complete; no suspect identified
27a84375c9e706bac1f8166294c1e5010356889d37c853a21490088cc38ee655,2018-08,Hertfordshire Constabulary,Hertfordshire Constabulary,-0.205363,51.904294,On or near Petrol Station,E01023758,Stevenage 008D,Suspect charged
f973c5f249009189d563e99c08feb6d81bf9d49bb3f8fcf2340c6d50c45089af,2018-08,Hertfordshire Constabulary,Hertfordshire Constabulary,-0.179149,51.914825,On or near DOUGLAS DRIVE,E01023780,Stevenage 006C,Unable to prosecute suspect
2b8945fc4011ddffa385d150673783df26762ef9f1f48eb01f05229c6957d61c,2018-08,Hertfordshire Constabulary,Hertfordshire Constabulary,-0.176255,51.922001,On or near COVENTRY CLOSE,E01023789,Stevenage 001C,Unable to prosecute suspect
b8a44108cecb33bf40e28ec1873c31f27c914c4742d68704bf8071cb1a0cbe61,2018-08,Hertfordshire Constabulary,Hertfordshire Constabulary,-0.194578,51.896998,On or near WHOMERLEY ROAD,E01023755,Stevenage 008A,Unable to prosecute suspect
639352d824920a83684d431f2c7edb0a464badc1a431ce6dbb03c25bc7056e24,2018-08,Hertfordshire Constabulary,Hertfordshire Constabulary,-0.071448,51.800726,On or near SPENCER STREET,E01023478,East Hertfordshire 017D,Investigation complete; no suspect identified
d4253d70093b03f03103ee7d6a136ecbb404af2479109dfa0a9d56374cd03e95,2018-08,Hertfordshire Constabulary,Hertfordshire Constabulary,0.022263,51.821506,On or near BROOK END,E01023491,East Hertfordshire 009A,Investigation complete; no suspect identified
16fa56cc611db6849b7c78c4f547ab2cd24f971d6ef507bd8313ec5a47717e3b,2018-08,Hertfordshire Constabulary,Hertfordshire Constabulary,-0.205236,51.972369,On or near KYRKEBY,E01023640,North Hertfordshire 009B,Unable to prosecute suspect
6320466990e2946f9546eb0aa2a2c3cea69cdfd64c3c395afa4695a312580ce8,2018-08,Hertfordshire Constabulary,Hertfordshire Constabulary,-0.192398,51.915470,On or near Pedestrian Subway,E01023782,Stevenage 006E,Unable to prosecute suspect
4a290640747639defd42fb5a4e072a2efc7edbbb48a66b4fb7a47539285e5588,2018-08,Hertfordshire Constabulary,Hertfordshire Constabulary,0.152696,51.862813,On or near BENHOOKS AVENUE,E01023447,East Hertfordshire 007E,Action to be taken by another organisation
885466c2b9c41a1ec88ad919f6667c12ee680d84cd00fa05f050c68852d9c3b2,2018-08,Hertfordshire Constabulary,Hertfordshire Constabulary,-0.024580,51.742775,On or near BEVERLY CLOSE,E01023289,Broxbourne 004A,Investigation complete; no suspect identified
b261d1be0eb162b1581a603198b9bcef9023435c8761bf0e9e53fa86c335a154,2018-08,Hertfordshire Constabulary,Hertfordshire Constabulary,-0.352624,51.651014,On or near GULLAND CLOSE,E01023560,Hertsmere 012C,Investigation complete; no suspect identified
d8cdc7cbb03041a94947ae4ec27b29c2382ee6d0446dc3b03b035b673f1882ef,2018-08,Hertfordshire Constabulary,Hertfordshire Constabulary,-0.457668,51.772806,On or near Parking Area,E01023393,Dacorum 007A,Investigation complete; no suspect identified
be57fba5a93c7812a59a9b96163f782d1ad30de9afb29ffc4e103693f78ec044,2018-08,Hertfordshire Constabulary,Hertfordshire Constabulary,-0.186088,51.924104,On or near Pedestrian Subway,E01023788,Stevenage 001B,Unable to prosecute suspect
719aff25b43e7d5e8249aafa04ed90d1838cb539191e6c11729ced007dbafb9d,2018-08,Hertfordshire Constabulary,Hertfordshire Constabulary,-0.323435,51.751348,On or near STANHOPE ROAD,E01023676,St Albans 011D,Unable to prosecute suspect
ad94742e784c8c56d5c7309e1e2bc92a6bf769c182bd2bd06dc0a89c4ee0b53e,2018-08,Hertfordshire Constabulary,Hertfordshire Constabulary,-0.333506,51.748929,On or near Further/Higher Educational Building,E01023726,St Albans 012A,Investigation complete; no suspect identified
b597be4a670e42f267e6f95434cbe31abe0d65b8fe6496c8409001f3cf6bd0bf,2018-08,Hertfordshire Constabulary,Hertfordshire Constabulary,-0.263971,51.660042,On or near Pedestrian Subway,E01023537,Hertsmere 006D,Suspect charged
77308fbe31389864956308e161fefe43563321fecd36289854ee28c0f1cf50ac,2018-08,Hertfordshire Constabulary,Hertfordshire Constabulary,-0.301612,51.640927,On or near COATES ROAD,E01023564,Hertsmere 010B,Investigation complete; no suspect identified
777d2900d4dd1a3d9fda33dca74184c79c197f2539402d3912210067fcb40b02,2018-08,Hertfordshire Constabulary,Hertfordshire Constabulary,-0.018609,51.684889,On or near QUEEN'S DRIVE,E01023338,Broxbourne 013C,Investigation complete; no suspect identified
76119cfd26cb19c4ca2c55fd83d6ff936ab9a3802c4bf0ad3ce912060ccfdccc,2018-08,Hertfordshire Constabulary,Hertfordshire Constabulary,-0.444657,51.777733,On or near DENHAM CLOSE,E01023436,Dacorum 005C,Investigation complete; no suspect identified
e11dc6dd292fecbd903e6a78f17bbe9a0c1dafd7f0a27c7c56de9764ebeb7c20,2018-08,Hertfordshire Constabulary,Hertfordshire Constabulary,-0.221284,51.913779,On or near SCARBOROUGH AVENUE,E01023796,Stevenage 005B,Investigation complete; no suspect identified
a052eea912080056bc01ba23db63de958e6534a4f596c4cbbf3054852a6ce5d9,2018-08,Hertfordshire Constabulary,Hertfordshire Constabulary,-0.202379,51.902935,On or near Shopping Area,E01023758,Stevenage 008D,Unable to prosecute suspect
a7b2c47177b76b36a6c8bb3b97ba9eaf0cb846b3c542a2b8e5f445d4b0c16a18,2018-08,Hertfordshire Constabulary,Hertfordshire Constabulary,-0.267191,51.959333,On or near Park/Open Space,E01023605,North Hertfordshire 010E,Unable to prosecute suspect
a9857a150eee16f16db7ae855816c51a51f15beb500a6758f425dff020137fb7,2018-08,Hertfordshire Constabulary,Hertfordshire Constabulary,-0.640973,51.795479,On or near COW LANE,E01023422,Dacorum 004C,Investigation complete; no suspect identified
1619b043ff9df09a3edf3642d2eb02838ff597bc083dcf81469fc79590ca4ba6,2018-08,Hertfordshire Constabulary,Hertfordshire Constabulary,-0.161923,51.903327,On or near SPEKE CLOSE,E01023760,Stevenage 007B,Unable to prosecute suspect
cdfa90c724731555c2dac66452722a87cb414de7423e69a8933e5b100228b059,2018-08,Hertfordshire Constabulary,Hertfordshire Constabulary,-0.034495,51.702233,On or near TURNER'S HILL,E01023301,Broxbourne 010E,Formal action is not in the public interest
b10fb80440dc5b52da7a9ae0049ddc3b5828aef71814c254ff3f97eddf592dd2,2018-08,Hertfordshire Constabulary,Hertfordshire Constabulary,-0.227360,51.978036,On or near Supermarket,E01023644,North Hertfordshire 008A,Investigation complete; no suspect identified
48582dc267bcffc36918da0fb08363b2dfe69b4461c9eb7aa0217dba2dfde3da,2018-08,Hertfordshire Constabulary,Hertfordshire Constabulary,-0.321174,51.758806,On or near GURNEY COURT ROAD,E01023675,St Albans 011C,Investigation complete; no suspect identified
63e8169a38f3b9d3d6153c5f9e87fcdaf3110ccdc7f90bd124d7eb63843b697d,2018-08,Hertfordshire Constabulary,Hertfordshire Constabulary,-0.460025,51.835114,On or near CLEVELAND ROAD,E01023433,Dacorum 001D,Investigation complete; no suspect identified
d2db081fb83e81a617fabe4bc82c954057db9f03bfe91330fcb9a6bb225e2560,2018-08,Hertfordshire Constabulary,Hertfordshire Constabulary,-0.396197,51.655385,On or near MARKET PLACE,E01023860,Watford 009B,Investigation complete; no suspect identified
e36275f3694b4ea358f1f3798417079bbc5e1ed8950f001e4f9e6049a3ad63a0,2018-08,Hertfordshire Constabulary,Hertfordshire Constabulary,-0.019212,51.812825,On or near HAMPDEN HILL,E01023513,East Hertfordshire 012B,Unable to prosecute suspect
3e49fe13e03aef22fb10c6357518e895151496bd4dceb017c8aa988e6e7e3356,2018-08,Hertfordshire Constabulary,Hertfordshire Constabulary,-0.309979,51.743512,On or near THIRLMERE DRIVE,E01023682,St Albans 016B,Investigation complete; no suspect identified
bfaa7df55fdca4b8be984c76e968b7d553b1ab27613f092a24b5919befabad3d,2018-08,Hertfordshire Constabulary,Hertfordshire Constabulary,-0.460798,51.734893,On or near CROWN WALK,E01033022,Dacorum 018G,Investigation complete; no suspect identified
90b1bcb89ac92f2b944b994e71bb33d4809472598484849b663c5060cec9060b,2018-08,Hertfordshire Constabulary,Hertfordshire Constabulary,-0.201562,51.900459,On or near THE QUADRANT,E01023758,Stevenage 008D,Suspect charged
fd6527784f00652b976899687f7f254ba571e077b944cf065bb817d496fe38d2,2018-08,Hertfordshire Constabulary,Hertfordshire Constabulary,-0.203302,51.903480,On or near Supermarket,E01023758,Stevenage 008D,Suspect charged
fd304afe92e83449b214b5988596128020cad408e716e57398058345a1a8f21f,2018-08,Hertfordshire Constabulary,Hertfordshire Constabulary,-0.286215,51.963118,On or near CARLING PLACE,E01023611,North Hertfordshire 012A,Offender given a caution
12f944c8c9c451a09ddc1e7d6716b370b689bf8ad05d31ce056dac7acbe86682,2018-08,Hertfordshire Constabulary,Hertfordshire Constabulary,-0.452065,51.773047,On or near BASILDON SQUARE,E01023393,Dacorum 007A,Investigation complete; no suspect identified
04ac57db46f6f8299d545018eae6068ab84ff7545dc1c3c810a4154e4578828c,2018-08,Hertfordshire Constabulary,Hertfordshire Constabulary,-0.239023,51.763458,On or near HARPSFIELD BROADWAY,E01033308,Welwyn Hatfield 010E,Investigation complete; no suspect identified
8e9cbf852b952af96f79ef0780823d1a8006eec69ba34ce21237dbb997d70e8a,2018-08,Hertfordshire Constabulary,Hertfordshire Constabulary,-0.286215,51.963118,On or near CARLING PLACE,E01023611,North Hertfordshire 012A,Unable to prosecute suspect
5f7b3c41908aca35d6f2794fe25bb62b33b2a1d6b5d2f959619a8c86cf88a788,2018-08,Hertfordshire Constabulary,Hertfordshire Constabulary,-0.364564,51.664669,On or near HARTSWOOD CLOSE,E01023555,Hertsmere 008D,Investigation complete; no suspect identified
21567e846771755ca2704e906ab8433533b9ac63a4a429b589559773bfc5f036,2018-08,Hertfordshire Constabulary,Hertfordshire Constabulary,-0.303096,51.766010,On or near HAZELMERE ROAD,E01023710,St Albans 008B,Suspect charged
0dca31e723c141e72dbee8435ca3d11ea661fb6e93616b558fc7944d8c184efe,2018-08,Hertfordshire Constabulary,Hertfordshire Constabulary,-0.386718,51.672772,On or near WESTFIELD AVENUE,E01023898,Watford 005D,Investigation complete; no suspect identified
472dd17c6f5a9bbace185adbc153a4de3111f4aad0fd4919e03cc70587913d39,2018-08,Hertfordshire Constabulary,Hertfordshire Constabulary,-0.249644,51.762762,On or near ALBATROSS WAY,E01033314,Welwyn Hatfield 010G,Investigation complete; no suspect identified
f2dcf40444ccb6b4cd614e3d5e3456526d5f5fb16227dd5b26dd48163f84219b,2018-08,Hertfordshire Constabulary,Hertfordshire Constabulary,-0.394857,51.655268,On or near Shopping Area,E01023860,Watford 009B,Investigation complete; no suspect identified
dc68c3adf4cc25f2dbbcee9576997bef830aedb4d431a3377bf529b85b181a94,2018-08,Hertfordshire Constabulary,Hertfordshire Constabulary,-0.227296,51.762068,On or near QUEENSWAY,E01023920,Welwyn Hatfield 012A,Investigation complete; no suspect identified
b4fa54b7eee4cf76a5adf9bec25358303e3bed6e041f7339a61ed4f24160a5b0,2018-08,Hertfordshire Constabulary,Hertfordshire Constabulary,-0.389951,51.679470,On or near Supermarket,E01023896,Watford 005B,Unable to prosecute suspect
a1b7cdde374d21e9c8dbe5cda5e950e1e5cb5a6872b43c35b62140d9e7e065b7,2018-08,Hertfordshire Constabulary,Hertfordshire Constabulary,-0.033271,51.683059,On or near HIGH STREET,E01023337,Broxbourne 013B,Investigation complete; no suspect identified
d53be60cb11b9c37eaaf529d9f79eed37c42b1d1bf1d6e1c60a57e973e1dbdb0,2018-08,Hertfordshire Constabulary,Hertfordshire Constabulary,-0.457668,51.772806,On or near Parking Area,E01023393,Dacorum 007A,Investigation complete; no suspect identified
7584938ac66be510afdaa483a49858d2f33718ba14c0d59856c5ba8259c8d665,2018-08,Hertfordshire Constabulary,Hertfordshire Constabulary,-0.460112,51.768280,On or near WHARFEDALE,E01023402,Dacorum 008B,Unable to prosecute suspect
d29d55512adb65e175b891f2aceb465294673b196be6b449168143d7bf41cdbd,2018-08,Hertfordshire Constabulary,Hertfordshire Constabulary,-0.473058,51.748828,On or near Shopping Area,E01023398,Dacorum 015D,Unable to prosecute suspect
4954d5b427ba0b6a33c0b1ebc3733d0624dff3a997292f6b95f3536e69eb9c78,2018-08,Hertfordshire Constabulary,Hertfordshire Constabulary,-0.389951,51.679470,On or near Supermarket,E01023896,Watford 005B,Investigation complete; no suspect identified
f270608c9d01e110d34939990fda04851361077e077517a228ef0e022998620c,2018-08,Hertfordshire Constabulary,Hertfordshire Constabulary,-0.192578,51.897579,On or near ROCKINGHAM WAY,E01023755,Stevenage 008A,Unable to prosecute suspect
7cf8932b609045a7196f36ba5a1c3aca89aa13a7054ba80733cf4aab4027b5e3,2018-08,Hertfordshire Constabulary,Hertfordshire Constabulary,-0.456151,51.749282,On or near Petrol Station,E01023387,Dacorum 019B,Investigation complete; no suspect identified
8b3fcf9fc49f092421c062474db48184a7d82fce062efafaf5bf2460c0a31aca,2018-08,Hertfordshire Constabulary,Hertfordshire Constabulary,-0.486516,51.643411,On or near RIDGE WAY,E01023853,Three Rivers 007E,Unable to prosecute suspect
7e8435523def9ee7bad7d7a74a8f168465885a93dc0a74a8af2288c65afe6270,2018-08,Hertfordshire Constabulary,Hertfordshire Constabulary,-0.468063,51.758169,On or near Petrol Station,E01023401,Dacorum 008A,Unable to prosecute suspect
f42db23f4c945c161d1ca1e9f67415fdda2a22039c92929dd0dd5d0a49e1688f,2018-08,Hertfordshire Constabulary,Hertfordshire Constabulary,-0.024318,52.052585,On or near QUEENSWAY,E01023660,North Hertfordshire 001A,Investigation complete; no suspect identified
76554737e4f623b730bb78e167af3d4666d6e6df221324ef2baaa9ec7dcbe229,2018-08,Hertfordshire Constabulary,Hertfordshire Constabulary,-0.198623,51.701133,On or near OAKFIELD CLOSE,E01023579,Hertsmere 001D,Investigation complete; no suspect identified
5f1a266fa50349945d114958333f3c261038528fa128cea78ce9ca65043e4a5f,2018-08,Hertfordshire Constabulary,Hertfordshire Constabulary,-0.221937,51.979303,On or near RUSHBY WALK,E01023631,North Hertfordshire 006B,Investigation complete; no suspect identified
f1de1079e21772bcbaafdd0ad4ddfc836b53d15a197843651a95b01a685d8f5b,2018-08,Hertfordshire Constabulary,Hertfordshire Constabulary,-0.466653,51.637569,On or near NORFOLK ROAD,E01023850,Three Rivers 007C,Unable to prosecute suspect
b5713f8342f82b24d1357d9d0a9ad86c1bc09fa46477c531d3128f769f68f4eb,2018-08,Hertfordshire Constabulary,Hertfordshire Constabulary,-0.274374,51.656815,On or near Supermarket,E01023530,Hertsmere 007B,Unable to prosecute suspect
4e18ffd0ed706833d868d1aec17bc72e463246c99e1539322141756dc152876e,2018-08,Hertfordshire Constabulary,Hertfordshire Constabulary,-0.274374,51.656815,On or near Supermarket,E01023530,Hertsmere 007B,Unable to prosecute suspect
964154946643de127c19d3d49ff2388034dd63bb15a07e08efea27faf1352748,2018-08,Hertfordshire Constabulary,Hertfordshire Constabulary,-0.303045,51.740697,On or near HOUSEFIELD WAY,E01023678,St Albans 015B,Suspect charged
2069d185e788adc3200a993050155916513ef1c5a5b7d41ed5cfa787124a7c4a,2018-08,Hertfordshire Constabulary,Hertfordshire Constabulary,-0.298688,51.742171,On or near TILLAGE CLOSE,E01023678,St Albans 015B,Investigation complete; no suspect identified
e0977a67f6349335b444987831e00071ecf426b3962345bfddd797175af69b87,2018-08,Hertfordshire Constabulary,Hertfordshire Constabulary,-0.033919,51.698141,On or near THE BRAMBLES,E01023300,Broxbourne 010D,Investigation complete; no suspect identified
d3f98b1d39f427695d439e3c8177d1a52b0383686eadfbd5c09d6132c0d70b4f,2018-08,Hertfordshire Constabulary,Hertfordshire Constabulary,-0.239023,51.763458,On or near HARPSFIELD BROADWAY,E01033308,Welwyn Hatfield 010E,Investigation complete; no suspect identified
0277612ed11cf0497680f254757594ffe33fa97ad8694b5a90502bc1edd5a088,2018-08,Hertfordshire Constabulary,Hertfordshire Constabulary,-0.342157,51.829124,On or near SOMERIES ROAD,E01023687,St Albans 002C,Suspect charged
39f5dbd84e8d4725d9f8377cf57ab86f0dfbf3ae96311cb8934d63098c51ad6a,2018-08,Hertfordshire Constabulary,Hertfordshire Constabulary,-0.471191,51.728159,On or near THE COURTYARD,E01023407,Dacorum 022B,Unable to prosecute suspect
8218b2b40ff4b496459058382f822fe9f36bf3bdb411821ef2f9f04a665fc1e4,2018-08,Hertfordshire Constabulary,Hertfordshire Constabulary,-0.457668,51.772806,On or near Parking Area,E01023393,Dacorum 007A,Investigation complete; no suspect identified
dc322d4b03bbc33f5b8500bf5ec9ed4e57878ad3802c78b7f45bbfc57ec0755e,2018-08,Hertfordshire Constabulary,Hertfordshire Constabulary,-0.342157,51.829124,On or near SOMERIES ROAD,E01023687,St Albans 002C,Suspect charged
a1917cd18eb318090a41f6f08bdb6e070c0a6cbdcb2fe95ddf3b83114a554c9d,2018-08,Hertfordshire Constabulary,Hertfordshire Constabulary,-0.222164,51.762494,On or near GOLDINGS CRESCENT,E01023924,Welwyn Hatfield 011A,Unable to prosecute suspect
86ed6fc9b583408034586c25f5cdb7526324bea011e720e2acc7d6cd30ef22dc,2018-08,Hertfordshire Constabulary,Hertfordshire Constabulary,-0.020822,51.764797,On or near HILLSIDE,E01023322,Broxbourne 003C,Unable to prosecute suspect
4b3e4587fd6458abf870b6b3c2e8d6323dc2f9f58a5145b8eefbe98fc8a2f18d,2018-08,Hertfordshire Constabulary,Hertfordshire Constabulary,-0.026614,51.718044,On or near WILLOWDENE,E01023306,Broxbourne 008E,Unable to prosecute suspect
19288fe4cc84c3a13c97c0d6394566024c3a6455f03141d9ec00e22e98d50bf2,2018-08,Hertfordshire Constabulary,Hertfordshire Constabulary,-0.228835,51.763107,On or near Supermarket,E01023920,Welwyn Hatfield 012A,Investigation complete; no suspect identified
96e1b11f28d948a6cfcde4974a7e3ed249e4fe33d43211a226d5381127f17f57,2018-08,Hertfordshire Constabulary,Hertfordshire Constabulary,-0.024809,51.817864,On or near LARKSFIELD,E01023520,East Hertfordshire 012F,Investigation complete; no suspect identified
fb7548d31017baae560d5db8b156bbaf801f5d1814a2542aba3d5a0a9707bff9,2018-08,Hertfordshire Constabulary,Hertfordshire Constabulary,-0.389852,51.620247,On or near GLENEAGLES CLOSE,E01023843,Three Rivers 012C,Unable to prosecute suspect
27690d2e9e660e07ff5e1051887a059e02d4bcefc892b498e1dcd05d5792c0d7,2018-08,Hertfordshire Constabulary,Hertfordshire Constabulary,0.020563,51.826005,On or near KINGHAM ROAD,E01023491,East Hertfordshire 009A,Unable to prosecute suspect
bc2003f0d455fa35acee9c68c24d3f67640e44430a493a6dcb6bfa00a04f891d,2018-08,Hertfordshire Constabulary,Hertfordshire Constabulary,-0.014027,51.773342,On or near WARE ROAD,E01023317,Broxbourne 001B,Investigation complete; no suspect identified
64797f2e3f2506ea4cc19354957d608938517af16e01e79164f256cd3ab47618,2018-08,Hertfordshire Constabulary,Hertfordshire Constabulary,-0.301428,51.740539,On or near CHURCH CROFT,E01023678,St Albans 015B,Suspect charged
7ef9fd7e7db68b0e3102cd57069d6681f9397b89d847d679ce1df5c289b22262,2018-08,Hertfordshire Constabulary,Hertfordshire Constabulary,-0.467810,51.753643,On or near CAERNARVON COURT,E01023400,Dacorum 015E,Action to be taken by another organisation
c25f506c173164ffde8aac2a7c2a98e491c119466991f79d5df3750596a6ef3a,2018-08,Hertfordshire Constabulary,Hertfordshire Constabulary,-0.384398,51.681462,On or near HARVEST END,E01023876,Watford 003D,Unable to prosecute suspect
eb79fb3e2bb0c5c936b34d92a04bea1ee643899d3f3db2a2fb42b9b2563b3231,2018-08,Hertfordshire Constabulary,Hertfordshire Constabulary,0.006345,51.770541,On or near Park/Open Space,E01023504,East Hertfordshire 018E,Investigation complete; no suspect identified
2cf9eeae8d83d2160fc96419431016c57050361224dbcc1e77ab535d2f11f001,2018-08,Hertfordshire Constabulary,Hertfordshire Constabulary,-0.446423,51.718671,On or near Park/Open Space,E01023808,Three Rivers 001E,Unable to prosecute suspect
729c4efd055589b7798afd8c2ad39a6530b053de0a4efd072db5dc34ddb5a173,2018-08,Hertfordshire Constabulary,Hertfordshire Constabulary,-0.228835,51.763107,On or near Supermarket,E01023920,Welwyn Hatfield 012A,Investigation complete; no suspect identified
efabe14a1351817b2bb160feb198108f339eb546cf23237a773a96c204bf5759,2018-08,Hertfordshire Constabulary,Hertfordshire Constabulary,-0.186999,51.903680,On or near HILLSIDE,E01023756,Stevenage 008B,Unable to prosecute suspect
407c699d28c2de95e6893ba8966ede00494b9a568c17a68cfc56dc50c6672300,2018-08,Hertfordshire Constabulary,Hertfordshire Constabulary,-0.201081,51.795992,On or near MOATWOOD GREEN,E01023954,Welwyn Hatfield 007A,Unable to prosecute suspect
a9c6358098799c5b9dd5d82eb964fd92daed4d5f75780326a05e527b5f404918,2018-08,Hertfordshire Constabulary,Hertfordshire Constabulary,-0.228835,51.763107,On or near Supermarket,E01023920,Welwyn Hatfield 012A,Investigation complete; no suspect identified
33985146985bf9b91571bfff4396ff2221814376cdbbdb3e5d556011316dd687,2018-08,Hertfordshire Constabulary,Hertfordshire Constabulary,-0.401996,51.702591,On or near MEADOWSIDE,E01023833,Three Rivers 002D,Unable to prosecute suspect
0c7de5c9ebd0b46388b232c1aa4efbfe24ff035f667ecb2a6bc529925d73a65e,2018-08,Hertfordshire Constabulary,Hertfordshire Constabulary,-0.358729,51.711302,On or near M25,E01023721,St Albans 019D,Investigation complete; no suspect identified
85951b48dc873e47fe6c726e60492c9a8bc17efa762ae0c901b8a5f4acbd1d53,2018-08,Hertfordshire Constabulary,Hertfordshire Constabulary,-0.219417,51.767497,On or near GROUND LANE,E01023930,Welwyn Hatfield 010B,Investigation complete; no suspect identified
9ebc897725be15dbe4bccfcf6cafbd81e2a6b3b187ee3c970605b398ad6bcca8,2018-08,Hertfordshire Constabulary,Hertfordshire Constabulary,-0.464809,51.773781,On or near TREVALGA WAY,E01023397,Dacorum 007E,Investigation complete; no suspect identified
60958ee703579efccfc557de17dea59517d721bd787f970e0bfacb9d856ee5cb,2018-08,Hertfordshire Constabulary,Hertfordshire Constabulary,-0.393947,51.634394,On or near HIGHLANDS,E01023845,Three Rivers 008C,Investigation complete; no suspect identified
7752975882344f0acd132dbc763a4c8d3fb4769eb87b86629b2d495f5f112a89,2018-08,Hertfordshire Constabulary,Hertfordshire Constabulary,-0.392017,51.656668,On or near GROSVENOR ROAD,E01023860,Watford 009B,Investigation complete; no suspect identified
43ae0cd22fcbb8167fc44221f0a38976ad1eab4574c12eaf0f0ea12f65804133,2018-08,Hertfordshire Constabulary,Hertfordshire Constabulary,-0.178681,51.921715,On or near CHESTER ROAD,E01023789,Stevenage 001C,Unable to prosecute suspect
7f07c7b2b36389e036c5927a1fa6714a607cbd8c2ee509e28d55ec64cd32c50d,2018-08,Hertfordshire Constabulary,Hertfordshire Constabulary,-0.595811,51.769502,On or near ST MARY'S AVENUE,E01023416,Dacorum 006C,Investigation complete; no suspect identified
e028270d2aa3141d5593067d87592b15c1303f45343e27395c311968544e8d8c,2018-08,Hertfordshire Constabulary,Hertfordshire Constabulary,-0.220578,51.687062,On or near WASH LANE,E01023567,Hertsmere 002A,Investigation complete; no suspect identified
abca9762188271d149332e794f501ac2ae151cfa039d9e1c3eb0188caa1eb607,2018-08,Hertfordshire Constabulary,Hertfordshire Constabulary,-0.364564,51.664669,On or near HARTSWOOD CLOSE,E01023555,Hertsmere 008D,Investigation complete; no suspect identified
444c1a717ab67a9d3031dbac62c0953efc9e08e93bcdf249770a79b3d1d62919,2018-08,Hertfordshire Constabulary,Hertfordshire Constabulary,-0.230362,51.762977,On or near Further/Higher Educational Building,E01023920,Welwyn Hatfield 012A,Unable to prosecute suspect
c0dc9d18f2848087d2931c5ce760e0fab6c6c7cca97d0f5ccbbeb09437273eca,2018-08,Hertfordshire Constabulary,Hertfordshire Constabulary,-0.387878,51.691024,On or near CROWN RISE,E01023893,Watford 002D,Investigation complete; no suspect identified
9ae81e4a7d2af0bf341ee225701019bbebd1d69790752115ffb9611e4aba57de,2018-08,Hertfordshire Constabulary,Hertfordshire Constabulary,-0.220578,51.687062,On or near WASH LANE,E01023567,Hertsmere 002A,Investigation complete; no suspect identified
23f98de8dbb85c4429a4671281f72e698a77117b75f7572ac3618552a717ef1f,2018-08,Hertfordshire Constabulary,Hertfordshire Constabulary,-0.274374,51.656815,On or near Supermarket,E01023530,Hertsmere 007B,Investigation complete; no suspect identified
dbdc9f6dbeef293024981e5f74da84f8c4b11dbd730800e64790cb3ec320d005,2018-08,Hertfordshire Constabulary,Hertfordshire Constabulary,-0.305338,51.764577,On or near HUGHENDEN ROAD,E01023712,St Albans 008D,Investigation complete; no suspect identified
b503a648b56f2fc4a1e5f27f47e9d3a86c6b4559ce8e2cea1b2e158aefbebc03,2018-08,Hertfordshire Constabulary,Hertfordshire Constabulary,-0.349323,51.741832,On or near ST STEPHEN'S HILL,E01023743,St Albans 014B,Suspect charged
7dfe875740b058e5f16b90c3936b437c0d796b86c4e3529498907e19e8d0e77c,2018-08,Hertfordshire Constabulary,Hertfordshire Constabulary,-0.349323,51.741832,On or near ST STEPHEN'S HILL,E01023743,St Albans 014B,Suspect charged
7100c8a920f98b164895b2389e856478d225015123e6418bcba00b620c0cffb8,2018-08,Hertfordshire Constabulary,Hertfordshire Constabulary,-0.272373,51.661911,On or near Sports/Recreation Area,E01023538,Hertsmere 006E,Investigation complete; no suspect identified
d380fe4b5d982baac6ecc761c046acf0347d1f85a8fb86db563a6d5cd3d694e9,2018-08,Hertfordshire Constabulary,Hertfordshire Constabulary,-0.034710,51.712632,On or near DAVISON CLOSE,E01023302,Broxbourne 008A,Suspect charged
38069027e5c6b2e59fa8fdd3534d31b8e40bdd64375d369597da11e615890606,2018-08,Hertfordshire Constabulary,Hertfordshire Constabulary,-0.180572,51.803266,On or near WREN WOOD,E01023912,Welwyn Hatfield 004A,Investigation complete; no suspect identified
20a51f1b0eb9e9cd0fe94bea652a4eb281805e5da2a9f428b51432cc0808e1a2,2018-08,Hertfordshire Constabulary,Hertfordshire Constabulary,-0.032400,51.682783,On or near ARLINGTON CRESCENT,E01023337,Broxbourne 013B,Investigation complete; no suspect identified
d2194e1b098a23371eba8582f0ea20a085ccfba736fbce6e7e0f3f8999c7a22e,2018-08,Hertfordshire Constabulary,Hertfordshire Constabulary,-0.289763,51.729570,On or near WHITE HORSE LANE,E01023678,St Albans 015B,Investigation complete; no suspect identified
b13b8219b27c3cf3f6da72991d895a5dc04668dd37a67403758d5fbdd3cb343d,2018-08,Hertfordshire Constabulary,Hertfordshire Constabulary,-0.442527,51.713683,On or near WATER LANE,E01023808,Three Rivers 001E,Action to be taken by another organisation
981605af851c6923885e2ad4a3309b897a1d8c37b63cb36714122b2baf05907c,2018-08,Hertfordshire Constabulary,Hertfordshire Constabulary,-0.489481,51.634223,On or near Petrol Station,E01023836,Three Rivers 009B,Investigation complete; no suspect identified
a0e8085cca33d7c7dc27face7eb26ca60fc32906465169587130763c62342a9b,2018-08,Hertfordshire Constabulary,Hertfordshire Constabulary,-0.298688,51.742171,On or near TILLAGE CLOSE,E01023678,St Albans 015B,Investigation complete; no suspect identified
58a9ad316e50157b844476abae11723145edf90fc06018dacaddd24d578c7e22,2018-08,Hertfordshire Constabulary,Hertfordshire Constabulary,-0.380257,51.680785,On or near YORK WAY,E01023876,Watford 003D,Investigation complete; no suspect identified
9e29b551463fbb6ef08e7f7ea916c765f176b23e66563c9b0b1c8a04362ccc5b,2018-08,Hertfordshire Constabulary,Hertfordshire Constabulary,-0.192911,51.907772,On or near BROX DELL,E01023779,Stevenage 006B,Investigation complete; no suspect identified
4b7fff0966238a8aa982e9a56dfaf8d67e5ce2900759c8288a6b27eb3469dabf,2018-08,Hertfordshire Constabulary,Hertfordshire Constabulary,-0.329538,51.756345,On or near HILLSIDE ROAD,E01023676,St Albans 011D,Investigation complete; no suspect identified
f80cb88c5cfc351588a8b635ad372d47ae88d8bd09ccfe26d91856e065561d1b,2018-08,Hertfordshire Constabulary,Hertfordshire Constabulary,-0.394087,51.699120,On or near BOUNDARY WAY,E01023905,Watford 001B,Investigation complete; no suspect identified
16983f5ad70cd3cf7640c4bc07311c281c14ad3b0cdc218fc6da04dd1b768603,2018-08,Hertfordshire Constabulary,Hertfordshire Constabulary,-0.392585,51.657782,On or near THE BROADWAY,E01023859,Watford 009A,Unable to prosecute suspect
49e270280dc7c2b090cb421b5d83ba3cca96541063a0f12fc4ab0f652d35f807,2018-08,Hertfordshire Constabulary,Hertfordshire Constabulary,0.082732,51.876608,On or near FORD FIELD,E01023493,East Hertfordshire 003F,Investigation complete; no suspect identified
49520fff731ae4610b7c513cd0c696ffee3a60b6aedb6a10ca95f47741895ef8,2018-08,Hertfordshire Constabulary,Hertfordshire Constabulary,-0.425262,51.698553,On or near SCHOOL MEAD,E01023829,Three Rivers 002A,Investigation complete; no suspect identified
84588ca1b19443003e8f2c0d6b690410d21045a1e637d4d86714ae32325b5a0a,2018-08,Hertfordshire Constabulary,Hertfordshire Constabulary,-0.196213,51.900467,On or near FOX ROAD,E01023755,Stevenage 008A,Investigation complete; no suspect identified
d0d7b7afb2605c9f40216c4c15a5b159666eca3f55a9da0d7321088647bc1d1d,2018-08,Hertfordshire Constabulary,Hertfordshire Constabulary,-0.457633,51.733853,On or near BELSWAINS LANE,E01023415,Dacorum 020F,Investigation complete; no suspect identified
8f6206934f4dd8e9b59e1abf8bcc27deecb587cefc04fdfe0078eb11eeeb9a92,2018-08,Hertfordshire Constabulary,Hertfordshire Constabulary,-0.398009,51.656903,On or near Shopping Area,E01023861,Watford 009C,Investigation complete; no suspect identified
c4545223659ea47a361f8e133b1f316546813427e74bbb8e135bd7ad546676b6,2018-08,Hertfordshire Constabulary,Hertfordshire Constabulary,-0.011724,51.766694,On or near Petrol Station,E01023327,Broxbourne 002A,Investigation complete; no suspect identified
a912a6f5cb7469c4f3b69385428b74f5b11345354cb39ef3682574bcac3d0329,2018-08,Hertfordshire Constabulary,Hertfordshire Constabulary,-0.050670,51.711756,On or near Petrol Station,E01023326,Broxbourne 009D,Investigation complete; no suspect identified
970ca83eb5c242afed9e33b654ee7d180dcfcf459337f19a34928aa55d4cca51,2018-08,Hertfordshire Constabulary,Hertfordshire Constabulary,-0.559315,51.759583,On or near MANOR STREET,E01023361,Dacorum 009A,Investigation complete; no suspect identified
bbebe22e8794ed773517e474b4e08df30d0b8a4171f37faa736a9c6c7c17fdd4,2018-08,Hertfordshire Constabulary,Hertfordshire Constabulary,-0.294004,51.806891,On or near THE HILL,E01023747,St Albans 004B,Investigation complete; no suspect identified
32c5c137520a09a222b0e4185d4a881fac63b34ba53b3fc0b7b84dd37d050181,2018-08,Hertfordshire Constabulary,Hertfordshire Constabulary,-0.349323,51.741832,On or near ST STEPHEN'S HILL,E01023743,St Albans 014B,Suspect charged
8c11c8c3a749e0eeac488ea527b551105600da664f00b4be3ccbfda6a36cce3b,2018-08,Hertfordshire Constabulary,Hertfordshire Constabulary,-0.273918,51.952454,On or near Sports/Recreation Area,E01023601,North Hertfordshire 010A,Investigation complete; no suspect identified
de7eaf9ae08a7c857b0105ab0e152438aa24842ba8a77791cb7466d61126a33e,2018-08,Hertfordshire Constabulary,Hertfordshire Constabulary,-0.069600,51.796461,On or near Shopping Area,E01023477,East Hertfordshire 017C,Investigation complete; no suspect identified
6260e870c8f1e8a7430a2c73f74a2b6dadfa9f108dfb1aa620c7fae37f6e587c,2018-08,Hertfordshire Constabulary,Hertfordshire Constabulary,-0.180722,51.799554,On or near HALL BARNS,E01023944,Welwyn Hatfield 008B,Investigation complete; no suspect identified
d2faeb519acaa9c9f9d64697146dfba61ef811c464f1ee799b20b61a864527fc,2018-08,Hertfordshire Constabulary,Hertfordshire Constabulary,0.145387,51.863657,On or near YEOMANS CLOSE,E01023443,East Hertfordshire 007A,Unable to prosecute suspect
1bbf1c5e68fe744c09fa5e5f183402ba7df0e9c7195dfd9c7c8e3e49c4b2a629,2018-08,Hertfordshire Constabulary,Hertfordshire Constabulary,-0.342142,51.742154,On or near Shopping Area,E01023737,St Albans 017A,Investigation complete; no suspect identified
cb7ff4dfa2a7fc58fe53a93885771870f11b00e6ed431ee742999a2e01588aae,2018-08,Hertfordshire Constabulary,Hertfordshire Constabulary,-0.069600,51.796461,On or near Shopping Area,E01023477,East Hertfordshire 017C,Investigation complete; no suspect identified
3c39db0cd871d9d3e2dd82982b4e842acaba9753c8a88716ca57bbb27cceb90c,2018-08,Hertfordshire Constabulary,Hertfordshire Constabulary,-0.312788,51.751708,On or near Petrol Station,E01023674,St Albans 011B,Suspect charged
1f8a5062386a629e42bab07fbffe9e69af0c04b85144a348c638f51ea7dda858,2018-08,Hertfordshire Constabulary,Hertfordshire Constabulary,-0.312788,51.751708,On or near Petrol Station,E01023674,St Albans 011B,Suspect charged
74ba1bf5035692f37186e1652214066f5eaef2eba5f77f05e620e3d76c4aa059,2018-08,Hertfordshire Constabulary,Hertfordshire Constabulary,-0.399926,51.657468,On or near Nightclub,E01023861,Watford 009C,Investigation complete; no suspect identified
f8e882ee9da14e4a86262a56d049f1baa41fa6b87fecaa9e1ae588dc8b4d6a10,2018-08,Hertfordshire Constabulary,Hertfordshire Constabulary,-0.471424,51.749149,On or near Shopping Area,E01023398,Dacorum 015D,Investigation complete; no suspect identified
8b95c8483fe199f8893d725f7a816affcf13338bb74cb2c99e59645b3f3f6341,2018-08,Hertfordshire Constabulary,Hertfordshire Constabulary,-0.220578,51.687062,On or near WASH LANE,E01023567,Hertsmere 002A,Investigation complete; no suspect identified
c583435922ff525c7a66d14b383c75300e98c9581769757756cfc8568e954f78,2018-08,Hertfordshire Constabulary,Hertfordshire Constabulary,-0.348263,51.756205,On or near Petrol Station,E01023728,St Albans 012C,Unable to prosecute suspect
a45e4c9672283530ce2ead286d089c7289662ef70a65b49eba59ba71f52df133,2018-08,Hertfordshire Constabulary,Hertfordshire Constabulary,-0.471424,51.749149,On or near Shopping Area,E01023398,Dacorum 015D,Investigation complete; no suspect identified
62fefe857945c56465770e9d6afe49ae8aec2d0ae07b4f86a573da04210ac714,2018-08,Hertfordshire Constabulary,Hertfordshire Constabulary,-0.471974,51.757770,On or near QUEENSWAY,E01023400,Dacorum 015E,Unable to prosecute suspect
2160cd8eec48d37d60f7aa22eb115f93a83b16c76b98372e561e8a8e065e05cf,2018-08,Hertfordshire Constabulary,Hertfordshire Constabulary,-0.204608,51.899535,On or near Police Station,E01023758,Stevenage 008D,Investigation complete; no suspect identified
077033f4576f7a14894060a3f160300db6300b1a874c8a94fa3eb0095bfe0a86,2018-08,Hertfordshire Constabulary,Hertfordshire Constabulary,-0.426299,51.823311,On or near Petrol Station,E01023430,Dacorum 001A,Investigation complete; no suspect identified
3bfe43e74fc88df8ca861bdb9e205af3ef0ffbb54e875173d1376ea12abba8b4,2018-08,Hertfordshire Constabulary,Hertfordshire Constabulary,-0.209222,51.913255,On or near Pedestrian Subway,E01023776,Stevenage 002A,Investigation complete; no suspect identified
93710f666cf84d0335958866a02cf2cd5ccafeaddd1521be52f29a81c3da0256,2018-08,Hertfordshire Constabulary,Hertfordshire Constabulary,-0.214864,51.823745,On or near Petrol Station,E01023970,Welwyn Hatfield 002D,Investigation complete; no suspect identified
5873ea610b86fd2e981d88340fa8955e172a70e8c1765b1f9feb2b87d55634f6,2018-08,Hertfordshire Constabulary,Hertfordshire Constabulary,0.174038,51.870460,On or near EDENS CLOSE,E01023441,East Hertfordshire 005D,Investigation complete; no suspect identified
fdb152b12b6f4f5122f45872dd1a058ff54fb5aaa38bf3c989a91063b80e24c9,2018-08,Hertfordshire Constabulary,Hertfordshire Constabulary,-0.221956,51.773335,On or near LONGMEAD,E01033311,Welwyn Hatfield 010F,Suspect charged
be4d3a943f5a01201c0b52ba681d938180f5ab543eb914621f9bd1ace059bae7,2018-08,Hertfordshire Constabulary,Hertfordshire Constabulary,-0.277322,51.949060,On or near Shopping Area,E01023616,North Hertfordshire 012F,Investigation complete; no suspect identified
a5d71fb833847f42d78ce9f6b704e12dcad34089a22775d516dafd3857195209,2018-08,Hertfordshire Constabulary,Hertfordshire Constabulary,-0.455071,51.755454,On or near OLD HOUSE ROAD,E01023349,Dacorum 015A,Unable to prosecute suspect
73974a66d93243043cad69a20bf9ee12cbaa93d88cf43b0ce169321df3441758,2018-08,Hertfordshire Constabulary,Hertfordshire Constabulary,-0.237817,51.765040,On or near GOLDSMITH WAY,E01033308,Welwyn Hatfield 010E,Suspect charged
78f2eda8de55daebc6fd2c7a1149b607fa086f08bea2d40a40290dc16ccdfd7f,2018-08,Hertfordshire Constabulary,Hertfordshire Constabulary,-0.489481,51.634223,On or near Petrol Station,E01023836,Three Rivers 009B,Investigation complete; no suspect identified
c7f91bfce987edf61a1bf3a32cf0614b6b1c31334a8160bd6cfb7956618c167e,2018-08,Hertfordshire Constabulary,Hertfordshire Constabulary,-0.277322,51.949060,On or near Shopping Area,E01023616,North Hertfordshire 012F,Investigation complete; no suspect identified
8f186c48f75f243a5ae51b8fd77f4688ed8a8d6ed94d6c9b6a6b5a98a82bc080,2018-08,Hertfordshire Constabulary,Hertfordshire Constabulary,-0.230639,51.980927,On or near Police Station,E01023634,North Hertfordshire 006E,Unable to prosecute suspect
247441886b1de7b85c2be9fd0589600b04b76e002086082d22ec663b54071243,2018-08,Hertfordshire Constabulary,Hertfordshire Constabulary,-0.018978,51.761574,On or near BURNSIDE,E01023323,Broxbourne 003D,Investigation complete; no suspect identified
7d2d019534aaa177e5db65606ef66198cec788c87569e77c338ca756b4ad2fa5,2018-08,Hertfordshire Constabulary,Hertfordshire Constabulary,-0.078285,51.799229,On or near HARTHAM LANE,E01023470,East Hertfordshire 014A,Investigation complete; no suspect identified
1ca300a0796dc4610576a591df93ce17d2207798bc32da0f384ef7ac959e99f7,2018-08,Hertfordshire Constabulary,Hertfordshire Constabulary,-0.197999,51.908138,On or near SISH LANE,E01023779,Stevenage 006B,Investigation complete; no suspect identified
698f4ee51ff2cf4e97bf9affc2681575c0b2b395d01016ef9016518512fcceae,2018-08,Hertfordshire Constabulary,Hertfordshire Constabulary,-0.021953,51.722345,On or near GALLOWAY CLOSE,E01023342,Broxbourne 005C,Unable to prosecute suspect
15062f3859935ca6966dc96c14636902d652966b982ee444394fd694bab4685f,2018-08,Hertfordshire Constabulary,Hertfordshire Constabulary,-0.277322,51.949060,On or near Shopping Area,E01023616,North Hertfordshire 012F,Suspect charged
cd1fd4183b91242e292145dc666aa91512b5b00fee21a611589745aeaaf57426,2018-08,Hertfordshire Constabulary,Hertfordshire Constabulary,-0.175238,51.704351,On or near FRAMPTON ROAD,E01023911,Welwyn Hatfield 015D,Investigation complete; no suspect identified
dd6938655671bbb86a4030ce4c49b0f31f6d786df4b5fa698e09285d44fa4628,2018-08,Hertfordshire Constabulary,Hertfordshire Constabulary,-0.023273,51.723267,On or near FELTON CLOSE,E01023342,Broxbourne 005C,Action to be taken by another organisation
18f358dc54080c3ec5078c07cc9c9a772af82e21458110e149c2462eb7afa932,2018-08,Hertfordshire Constabulary,Hertfordshire Constabulary,0.016552,51.785240,On or near ROYDON ROAD,E01023504,East Hertfordshire 018E,Investigation complete; no suspect identified
c36af8541e27cf97956691a19aa5055e805259a896096ca386d500dcd8a62441,2018-08,Hertfordshire Constabulary,Hertfordshire Constabulary,-0.279391,51.653354,On or near Parking Area,E01023539,Hertsmere 011A,Unable to prosecute suspect
070625b58fdb777c63a96ad575daaf185211f2dbb7ce5354f6eae3cb9ed94dca,2018-08,Hertfordshire Constabulary,Hertfordshire Constabulary,-0.436306,51.819686,On or near HIGH STREET,E01023430,Dacorum 001A,Investigation complete; no suspect identified
da331133ab60534e55da079ced87262066e52944449957d09460f67d2f3e2775,2018-08,Hertfordshire Constabulary,Hertfordshire Constabulary,0.166112,51.859689,On or near TWYFORD CLOSE,E01023458,East Hertfordshire 008C,Unable to prosecute suspect
137eef90f4f9b641383d521bff815bc7de195710171132ecc65d61cf3580be9b,2018-08,Hertfordshire Constabulary,Hertfordshire Constabulary,-0.044224,51.800070,On or near Petrol Station,E01023484,East Hertfordshire 016C,Investigation complete; no suspect identified
4dea74f8319c0d827eeefb66db4dbf05ce3c1fe5b6168c3145b571666737f109,2018-08,Hertfordshire Constabulary,Hertfordshire Constabulary,-0.260502,51.660018,On or near ELSTREE WAY,E01023545,Hertsmere 009B,Investigation complete; no suspect identified
9d291c856c0a857aa4cf988e67dd05fca48a406fda3cf676c633957aae32e8f2,2018-08,Hertfordshire Constabulary,Hertfordshire Constabulary,-0.227050,51.770562,On or near HEATHCOTE AVENUE,E01023929,Welwyn Hatfield 010A,Investigation complete; no suspect identified
9793705a90a7b6ec2d7f699858b205def08d924a987cd24a0d7fde8f4dd0e7b4,2018-08,Hertfordshire Constabulary,Hertfordshire Constabulary,-0.325050,51.730411,On or near Parking Area,E01023738,St Albans 017B,Investigation complete; no suspect identified
82b689a152edd07adb7da652ac7437bd3c1e1e9efec3836acd63d82017fd6024,2018-08,Hertfordshire Constabulary,Hertfordshire Constabulary,-0.427348,51.755644,On or near Petrol Station,E01023409,Dacorum 017A,Investigation complete; no suspect identified
06d13166cbc7760ee938b9f20db5a8e53c747b5e372fcff35dd0ba031fb9252c,2018-08,Hertfordshire Constabulary,Hertfordshire Constabulary,-0.421344,51.680993,On or near STRANGEWAYS,E01023881,Watford 007D,Offender given penalty notice
b76890c706e214097f9ddbf87044f7b210834592a03ca0c37f8ad71e380b92af,2018-08,Hertfordshire Constabulary,Hertfordshire Constabulary,-0.212783,51.920988,On or near WHITNEY WOOD,E01023800,Stevenage 002E,Investigation complete; no suspect identified
2a0506be03de1d8876a08931c210e48e0c3199d85d83bce9dab73593ef4f4cb9,2018-08,Hertfordshire Constabulary,Hertfordshire Constabulary,-0.223972,51.761478,On or near LINK DRIVE,E01023924,Welwyn Hatfield 011A,Investigation complete; no suspect identified
4206b7537a3c2615a2b6b2698348ff996182138604488c36b56fad915b98f72a,2018-08,Hertfordshire Constabulary,Hertfordshire Constabulary,-0.217264,51.787184,On or near Police Station,E01023916,Welwyn Hatfield 006A,Suspect charged
4206b7537a3c2615a2b6b2698348ff996182138604488c36b56fad915b98f72a,2018-08,Hertfordshire Constabulary,Hertfordshire Constabulary,-0.217264,51.787184,On or near Police Station,E01023916,Welwyn Hatfield 006A,Suspect charged
4f45ca462422320ead1e2f9a64fa2f04e55b76c8152d872ef63f1dd67915833a,2018-08,Hertfordshire Constabulary,Hertfordshire Constabulary,-0.025910,51.816903,On or near MUSLEY HILL,E01023519,East Hertfordshire 012E,Unable to prosecute suspect
1582d591bd218fe929f7cccebc1428712cfe95331a44bc19c9bb699f7033b3b1,2018-08,Hertfordshire Constabulary,Hertfordshire Constabulary,-0.473723,51.752721,On or near Bus/Coach Station,E01023398,Dacorum 015D,Offender given a caution
23fdfe1865b83808ccddb9e0e71ad843a9135c9cb1eefaa5e96d41da06b850d4,2018-08,Hertfordshire Constabulary,Hertfordshire Constabulary,-0.192693,51.797941,On or near VERULAM CLOSE,E01023958,Welwyn Hatfield 007E,Unable to prosecute suspect
c613ee5f9612748c4bd07dfa0ef672bb2ee85132bceacbbd35d690d8ffa7195d,2018-08,Hertfordshire Constabulary,Hertfordshire Constabulary,-0.220578,51.687062,On or near WASH LANE,E01023567,Hertsmere 002A,Investigation complete; no suspect identified
f61352dab74ef5093c5b5101de0c60f5da19475dea46d2841e9c04e3afcf1c27,2018-08,Hertfordshire Constabulary,Hertfordshire Constabulary,-0.275289,51.951224,On or near Supermarket,E01023601,North Hertfordshire 010A,Investigation complete; no suspect identified
24ab1b7a65d64c27e8798bdb227bcd28ed37a1df140abbf51e63fcf99bd0c304,2018-08,Hertfordshire Constabulary,Hertfordshire Constabulary,-0.392017,51.656668,On or near GROSVENOR ROAD,E01023860,Watford 009B,Suspect charged
8c48eeebac8e5e43c2dc2ebe9228427ccc13d1521368381c6a441928c09b22df,2018-08,Hertfordshire Constabulary,Hertfordshire Constabulary,-0.488246,51.742982,On or near Petrol Station,E01023354,Dacorum 018B,Unable to prosecute suspect
fb8a8b097dcebdb277113214b1d02fd552fde89dba582fd8905390aa7cd1382a,2018-08,Hertfordshire Constabulary,Hertfordshire Constabulary,-0.224752,51.691324,On or near SWANLAND ROAD,E01023584,Hertsmere 004D,Investigation complete; no suspect identified
5c684994b57ffcc517000013f68c40cc8cb7be84c3db056f8102da7b9f7e96c4,2018-08,Hertfordshire Constabulary,Hertfordshire Constabulary,-0.061788,51.708361,On or near FOXES DRIVE,E01023314,Broxbourne 009A,Investigation complete; no suspect identified
0646c947a86447fa0492df43f22d43edd9d5643f40b594bfcac7e57fdaa30ee3,2018-08,Hertfordshire Constabulary,Hertfordshire Constabulary,-0.383899,51.632485,On or near THE WATERGATE,E01023811,Three Rivers 010D,Investigation complete; no suspect identified
d031057c6b2d2ae162fbc50c2fb1d397de5e76898fa60bca555c58cd32724e8f,2018-08,Hertfordshire Constabulary,Hertfordshire Constabulary,-0.281319,51.952985,On or near Park/Open Space,E01023616,North Hertfordshire 012F,Unable to prosecute suspect
9b3085836cc51cddb08c5554e77170ab0cd65e57343c2d8f5f81984a86c367f8,2018-08,Hertfordshire Constabulary,Hertfordshire Constabulary,-0.004461,51.758208,On or near BRIDGEWAYS,E01023321,Broxbourne 003B,Investigation complete; no suspect identified
3041d1c02031c1b3084cb81c661673a8938d15f49b1665b0465b5cd202aaee53,2018-08,Hertfordshire Constabulary,Hertfordshire Constabulary,-0.304488,51.637057,On or near A41,E01023564,Hertsmere 010B,Investigation complete; no suspect identified
11a6db0ee6e7873194f91f0ff477941d9b7b1aaf2aa13f35006b961b9fdac355,2018-08,Hertfordshire Constabulary,Hertfordshire Constabulary,-0.488246,51.742982,On or near Petrol Station,E01023354,Dacorum 018B,Unable to prosecute suspect
8e517deea7c6f58703584339e1542b6ec8a8ef9b81dc9d5867fa49fc0cf3c425,2018-08,Hertfordshire Constabulary,Hertfordshire Constabulary,-0.174916,51.703356,On or near HERONFIELD,E01023911,Welwyn Hatfield 015D,Investigation complete; no suspect identified
b6ef552b7a1d8d957b0438bafcb5011e7033b5c2ac79126b480003e554419b75,2018-08,Hertfordshire Constabulary,Hertfordshire Constabulary,-0.220578,51.687062,On or near WASH LANE,E01023567,Hertsmere 002A,Investigation complete; no suspect identified
da044f08284d97ccc2ea1438b1b978098dd9f335e1e50b3c4c6593e745380ea7,2018-08,Hertfordshire Constabulary,Hertfordshire Constabulary,-0.355515,51.678580,On or near WALL HALL DRIVE,E01023528,Hertsmere 010A,Investigation complete; no suspect identified
268a918e7e3267869e429e52287f6792ba0df10211754286f4e454bbd029f5b9,2018-08,Hertfordshire Constabulary,Hertfordshire Constabulary,-0.230723,51.977664,On or near Further/Higher Educational Building,E01023645,North Hertfordshire 008B,Investigation complete; no suspect identified
2b354cef74b47825848628f91f934949318d831d567d46922bdf1cb87474fdde,2018-08,Hertfordshire Constabulary,Hertfordshire Constabulary,-0.469624,51.639020,On or near Supermarket,E01023850,Three Rivers 007C,Investigation complete; no suspect identified
22f3c850a532ceec378124a9d5c2d143ece3b7faf1ea04fa3a5919302d4b994d,2018-08,Hertfordshire Constabulary,Hertfordshire Constabulary,-0.045326,51.800079,On or near PAR CLOSE,E01023484,East Hertfordshire 016C,Unable to prosecute suspect
a324064d8334fe0fce4ba0d489ab6a71fc5cbe2c999d7af8ce950eab7d1d5afe,2018-08,Hertfordshire Constabulary,Hertfordshire Constabulary,-0.314043,51.684907,On or near Sports/Recreation Area,E01023523,Hertsmere 005A,Unable to prosecute suspect
af1f3f8a627cc7a05f6bf13cc5f51b919fa5c08cba8694170f1c833ec6d647b0,2018-08,Hertfordshire Constabulary,Hertfordshire Constabulary,0.172405,51.873637,On or near STORTFORD HALL ROAD,E01023438,East Hertfordshire 005A,Unable to prosecute suspect
3e27fb00ab898af86e6b7c7cdceaa4ef23b928c7c59715e0e9211b136c03f7fc,2018-08,Hertfordshire Constabulary,Hertfordshire Constabulary,-0.314043,51.684907,On or near Sports/Recreation Area,E01023523,Hertsmere 005A,Unable to prosecute suspect
daa158a6fb3cf41f66db44d6382bdd0186a796cc3fd8e386b5fcfa1d14d5baeb,2018-08,Hertfordshire Constabulary,Hertfordshire Constabulary,-0.049435,51.813752,On or near TRAPSTYLE ROAD,E01023515,East Hertfordshire 013C,Investigation complete; no suspect identified
34432385257223f9db73f335a57b96037978200aa705cadc9e21ecd445612e8e,2018-08,Hertfordshire Constabulary,Hertfordshire Constabulary,-0.244747,51.766466,On or near DRAGON MOTH ROAD,E01033308,Welwyn Hatfield 010E,Investigation complete; no suspect identified
60bd62ad8c37cd07214c53ea16948219169ad116d4ff8facc17cb57e810a2644,2018-08,Hertfordshire Constabulary,Hertfordshire Constabulary,-0.227296,51.762068,On or near QUEENSWAY,E01023920,Welwyn Hatfield 012A,Unable to prosecute suspect
5b5019238a76664b44623e337dbed024293d37b568150380aba794b36b8b3036,2018-08,Hertfordshire Constabulary,Hertfordshire Constabulary,-0.170106,51.894049,On or near WARNERS CLOSE,E01023793,Stevenage 010C,Unable to prosecute suspect
b5465c77b750567d80a30277d1a3e808460e4c73342e177ae47ad5ae4a5f4d5a,2018-08,Hertfordshire Constabulary,Hertfordshire Constabulary,-0.397992,51.676226,On or near FULLER ROAD,E01023857,Watford 006C,Investigation complete; no suspect identified
822032e8391b5f3e56a3762429ae0d55d353c5d0b3071d2e00215054c00cd78d,2018-08,Hertfordshire Constabulary,Hertfordshire Constabulary,-0.378694,51.680799,On or near THE TURNSTONES,E01023874,Watford 003B,Unable to prosecute suspect
8e2b91695c4ef6e57f3dad2e59d3a79f5694548814971f3e6d37c452bc146f61,2018-08,Hertfordshire Constabulary,Hertfordshire Constabulary,-0.348817,51.758092,On or near OYSTERFIELDS,E01023669,St Albans 009A,Unable to prosecute suspect
8f3f1bfc352fb1d58d6b09caba83e1f69f26ba5c4de680d6e9dcda8d6f4ec74c,2018-08,Hertfordshire Constabulary,Hertfordshire Constabulary,-0.358729,51.711302,On or near M25,E01023721,St Albans 019D,Investigation complete; no suspect identified
a9026e21cb9d3fb7c63d5a294af18d043f83c08e8f93e8f188f0205859e4c5f3,2018-08,Hertfordshire Constabulary,Hertfordshire Constabulary,-0.663759,51.796756,On or near ST PETERS HILL,E01023420,Dacorum 003C,Offender given a drugs possession warning
2ae04e9db28da27b3853132cc1c6b8c2c1d4f770d24fdd20f0e63893b97ef83b,2018-08,Hertfordshire Constabulary,Hertfordshire Constabulary,-0.034230,51.691312,On or near MONARCH'S WAY,E01023332,Broxbourne 012A,Investigation complete; no suspect identified
f6fdf12c9b32988bceee204117eae0382c01d98cec8f5014d7f856a20361fa43,2018-08,Hertfordshire Constabulary,Hertfordshire Constabulary,-0.283563,51.669583,On or near BUCKTON ROAD,E01023536,Hertsmere 006C,Investigation complete; no suspect identified
c52fb75f137cc33fa447194e8051d5df12a6e1112887876b6dee5994d72a9427,2018-08,Hertfordshire Constabulary,Hertfordshire Constabulary,-0.688282,51.817722,On or near ROSEBARN LANE,E01023424,Dacorum 002B,Investigation complete; no suspect identified
18ca989e86406a8796a257b684a8c5f21a71598db77848385c9bb08cc35d0335,2018-08,Hertfordshire Constabulary,Hertfordshire Constabulary,0.082732,51.876608,On or near FORD FIELD,E01023493,East Hertfordshire 003F,Investigation complete; no suspect identified
b00993100bdc59bcf5cb0800337486e1f1f8f5b3584548426ac83fc5bdbb61af,2018-08,Hertfordshire Constabulary,Hertfordshire Constabulary,-0.303031,51.751109,On or near OAKDENE WAY,E01023665,St Albans 013B,Investigation complete; no suspect identified
35f9611dd692d35b6bae713904c8634998182a5a89551ba9b5804d3467ffaae7,2018-08,Hertfordshire Constabulary,Hertfordshire Constabulary,-0.198592,51.892951,On or near Shopping Area,E01023786,Stevenage 011D,Investigation complete; no suspect identified
bce14bab69d1b50059c07a65e9e3affa48a1889fe1af5dd3b3ea315250f1763d,2018-08,Hertfordshire Constabulary,Hertfordshire Constabulary,-0.235450,51.763305,On or near DE HAVILLAND CLOSE,E01023921,Welwyn Hatfield 012B,Unable to prosecute suspect
62227839db496e275261385523bd418a99cd36c2ae8e297e8418111322088c67,2018-08,Hertfordshire Constabulary,Hertfordshire Constabulary,-0.081010,51.806089,On or near BENGEO STREET,E01023471,East Hertfordshire 014B,Unable to prosecute suspect
fe64112672716f9c61bc5844555a7c573da5fb0013dabd6142d864e4d82fca77,2018-08,Hertfordshire Constabulary,Hertfordshire Constabulary,-0.395073,51.627045,On or near MATLOCK CRESCENT,E01023844,Three Rivers 012D,Offender given a caution
5d57e4b35f25482a56164fdcd157cddca62605730da30819c9a75f3f6816ccf7,2018-08,Hertfordshire Constabulary,Hertfordshire Constabulary,-0.443988,51.772302,On or near Petrol Station,E01023346,Dacorum 013B,Investigation complete; no suspect identified
d0e91c05d1bff198503ed3df644ea6ba0c83323148f1363cb62efee4e7c22e4b,2018-08,Hertfordshire Constabulary,Hertfordshire Constabulary,0.003919,51.767804,On or near SALISBURY ROAD,E01023330,Broxbourne 002D,Unable to prosecute suspect
0927f5ed9164ab6778e4dec5e39b3f3ec9157cdfa604d0a9ec935c0210f33ce9,2018-08,Hertfordshire Constabulary,Hertfordshire Constabulary,-0.422678,51.651329,On or near PRINTERS AVENUE,E01023867,Watford 011E,Investigation complete; no suspect identified
7ac944a03f96447ed59262c82eea621f0991095cb89b007ffd33bb9321dff07b,2018-08,Hertfordshire Constabulary,Hertfordshire Constabulary,-0.176917,51.914989,On or near FAIRLANDS WAY,E01023769,Stevenage 004C,Suspect charged
779f6e8b662f18f348d899c630db3f806edcaa65a5aab7f28928ceae49bd0057,2018-08,Hertfordshire Constabulary,Hertfordshire Constabulary,-0.178687,51.690538,On or near Petrol Station,E01023573,Hertsmere 003C,Suspect charged
e8c9acb96c7dbe9e5b4f7e1483035c76e2cb9a346f5e878526e6ea0cd3ae802d,2018-08,Hertfordshire Constabulary,Hertfordshire Constabulary,-0.173063,51.804246,On or near NEW WOOD,E01023913,Welwyn Hatfield 004B,Unable to prosecute suspect
e68e28d4b7c470e7ab2176506ccfef376fd03b01671022f9744c8f94b9e41f14,2018-08,Hertfordshire Constabulary,Hertfordshire Constabulary,-0.194819,51.790834,On or near GOOSEACRE,E01023940,Welwyn Hatfield 009B,Investigation complete; no suspect identified
f6d558eba13008e28da907152c432caad0f3a08d7a860e522782022590cfed4c,2018-08,Hertfordshire Constabulary,Hertfordshire Constabulary,-0.348817,51.758092,On or near OYSTERFIELDS,E01023669,St Albans 009A,Unable to prosecute suspect
047f423117d84d48171224eb69fdfae1be6d812a91123cb7fdbdfb341b1e0612,2018-08,Hertfordshire Constabulary,Hertfordshire Constabulary,-0.192911,51.907772,On or near BROX DELL,E01023779,Stevenage 006B,Investigation complete; no suspect identified
e5f9bf95bfe47baefb940b3b6608094211d831e393305189a79c7983c228184b,2018-08,Hertfordshire Constabulary,Hertfordshire Constabulary,-0.473578,51.751029,On or near BRIDGE STREET,E01023398,Dacorum 015D,Suspect charged
53da52ff5fbd5737e0d24f58c378c013fbca5173dba2698a71f686b61337a2d5,2018-08,Hertfordshire Constabulary,Hertfordshire Constabulary,-0.028980,51.946576,On or near BALDOCK ROAD,E01023464,East Hertfordshire 001B,Investigation complete; no suspect identified
06d7e84aff83b66d1b5768e2bff5bea4f186141d2ae3788fb9f2ec4682437bb3,2018-08,Hertfordshire Constabulary,Hertfordshire Constabulary,-0.502968,51.699866,On or near WINDMILL HILL,E01023854,Three Rivers 003D,Investigation complete; no suspect identified
aeb0028ab4bd6bf035c82f71d916015b50fd5833a859c76fa5627cd9dfb6ca97,2018-08,Hertfordshire Constabulary,Hertfordshire Constabulary,-0.031814,51.694302,On or near SPRINGFIELD ROAD,E01023333,Broxbourne 012B,Offender given a drugs possession warning
f391aceeae17f871c50daab9a92e630b38acc42c05e798369d468b165670c8d1,2018-08,Hertfordshire Constabulary,Hertfordshire Constabulary,-0.220417,51.776333,On or near Supermarket,E01033311,Welwyn Hatfield 010F,Investigation complete; no suspect identified
8a06db0dbf6daa5ec43a0726e5779d6635637eb3bf6130b22839261e87e7ba9b,2018-08,Hertfordshire Constabulary,Hertfordshire Constabulary,0.148823,51.864440,On or near WARD CRESCENT,E01023447,East Hertfordshire 007E,Unable to prosecute suspect
82fa5a2ed3f67ac97754b35a1c73715b35f916cafe0975775346147fbe1dad07,2018-08,Hertfordshire Constabulary,Hertfordshire Constabulary,-0.253704,51.758192,On or near BRAMBLE ROAD,E01023938,Welwyn Hatfield 010D,Unable to prosecute suspect
feae482f2edd90ab71ba7f2d49df03351f26ef4cad3046f55e8fb3e298685d92,2018-08,Hertfordshire Constabulary,Hertfordshire Constabulary,-0.230736,51.993247,On or near HEATHERMERE,E01023635,North Hertfordshire 003A,Unable to prosecute suspect
c9337f08ff7635069e275a850c1b4a4fde645d45e4fd0e36d003d7da042a5cba,2018-08,Hertfordshire Constabulary,Hertfordshire Constabulary,-0.394385,51.650208,On or near NEAL STREET,E01023862,Watford 009D,Unable to prosecute suspect
64d461f0f29b6de370d6ff0f25cbdc57207b24b4f63ba2f1ae39cebfa8d1f24c,2018-08,Hertfordshire Constabulary,Hertfordshire Constabulary,-0.460219,51.774063,On or near CLAYMORE,E01023396,Dacorum 007D,Unable to prosecute suspect
471629ddc5e2317699ee2452f3092a20a72b013d324e3c853d151e56b20ad7d1,2018-08,Hertfordshire Constabulary,Hertfordshire Constabulary,-0.400677,51.670643,On or near LEAVESDEN ROAD,E01023856,Watford 006B,Suspect charged
f728ba7ded319827589cb1868a4237bc477b18ad74b89b44cfc0196f36c69c5b,2018-08,Hertfordshire Constabulary,Hertfordshire Constabulary,-0.494891,51.756591,On or near LONG CHAULDEN,E01023429,Dacorum 011D,Investigation complete; no suspect identified
197f03d83cfb9b5ada86a0d01485d097572fb8dedde3bc1d9b61aef0a1ae4671,2018-08,Hertfordshire Constabulary,Hertfordshire Constabulary,-0.246875,51.756786,On or near THE SIDINGS,E01023938,Welwyn Hatfield 010D,Investigation complete; no suspect identified
efc1561a4fa3fc461745f388913d9428034f402b4294c6dc097ab13530573c76,2018-08,Hertfordshire Constabulary,Hertfordshire Constabulary,-0.427348,51.755644,On or near Petrol Station,E01023409,Dacorum 017A,Suspect charged
3b2346a533257abc6bc2cf4edbb2f48c8e154271791bd56d856b500d2ddcaedc,2018-08,Hertfordshire Constabulary,Hertfordshire Constabulary,-0.339097,51.929222,On or near WEST LANE,E01023653,North Hertfordshire 014F,Investigation complete; no suspect identified
e9886bd0003ecff062c2dd35f5ed9322e3a94ed0ac500a9a97bbd6d3cb9b3b8a,2018-08,Hertfordshire Constabulary,Hertfordshire Constabulary,-0.448076,51.644555,On or near HARVEY ROAD,E01023826,Three Rivers 006F,Investigation complete; no suspect identified
e1a3b6426d4c2595af9c020abc821d41e05fa49d50f34e5b2263e18f1bb5728d,2018-08,Hertfordshire Constabulary,Hertfordshire Constabulary,-0.334894,51.926052,On or near KING'S WALDEN ROAD,E01023653,North Hertfordshire 014F,Investigation complete; no suspect identified
a3897fed11a8b0c837bde2dc4ba6fcce3764d396636a46f4a585433a701f34ab,2018-08,Hertfordshire Constabulary,Hertfordshire Constabulary,-0.015565,51.766696,On or near GOODWOOD CLOSE,E01023319,Broxbourne 001D,Offender given a caution
2ab05407dc75544eb45ec3e3176e688d455fb1879d659a54dd821d331c1e9119,2018-08,Hertfordshire Constabulary,Hertfordshire Constabulary,-0.339097,51.929222,On or near WEST LANE,E01023653,North Hertfordshire 014F,Investigation complete; no suspect identified
389bdc9244cb8c1031caebed1425d274dfec739933a7c8db2e8464581fc03c81,2018-08,Hertfordshire Constabulary,Hertfordshire Constabulary,-0.338390,51.927890,On or near GOSLING AVENUE,E01023653,North Hertfordshire 014F,Investigation complete; no suspect identified
90147ad4653141227b895b56a240c0259cdf6865b98fb38c4b5fc5d4ec758153,2018-08,Hertfordshire Constabulary,Hertfordshire Constabulary,-0.354186,51.815634,On or near VAUGHAN ROAD,E01023701,St Albans 003C,Unable to prosecute suspect
90147ad4653141227b895b56a240c0259cdf6865b98fb38c4b5fc5d4ec758153,2018-08,Hertfordshire Constabulary,Hertfordshire Constabulary,-0.354186,51.815634,On or near VAUGHAN ROAD,E01023701,St Albans 003C,Unable to prosecute suspect
90147ad4653141227b895b56a240c0259cdf6865b98fb38c4b5fc5d4ec758153,2018-08,Hertfordshire Constabulary,Hertfordshire Constabulary,-0.354186,51.815634,On or near VAUGHAN ROAD,E01023701,St Albans 003C,Unable to prosecute suspect
e1a8b20f131b78e465ce905dab68ed0b9d5aa09abf2cc069f353fc9624036cd5,2018-08,Hertfordshire Constabulary,Hertfordshire Constabulary,-0.339554,51.930227,On or near HIGH STREET,E01023653,North Hertfordshire 014F,Investigation complete; no suspect identified
b05984e320b5852d741ea43605cf778b37488f04435bafb2ba36c2f356106185,2018-08,Hertfordshire Constabulary,Hertfordshire Constabulary,-0.338390,51.927890,On or near GOSLING AVENUE,E01023653,North Hertfordshire 014F,Investigation complete; no suspect identified
73defcb8632f9686de59a6bf7b8c3c4bf2c6bccd5d46a664c19e540b53020a57,2018-08,Hertfordshire Constabulary,Hertfordshire Constabulary,-0.182475,51.699625,On or near BILLY LOWS LANE,E01023577,Hertsmere 001B,Investigation complete; no suspect identified
8ad0724c22780de2e7c24b517af1972d66326b76d1ee147eaf1c383c02e64d7b,2018-08,Hertfordshire Constabulary,Hertfordshire Constabulary,-0.339554,51.930227,On or near HIGH STREET,E01023653,North Hertfordshire 014F,Investigation complete; no suspect identified
121b3e5c1dc57b2442a181234644c2892cb96ed487f0fc3abb2241b4176e77ea,2018-08,Hertfordshire Constabulary,Hertfordshire Constabulary,-0.166013,51.809982,On or near Park/Open Space,E01023486,East Hertfordshire 010B,Unable to prosecute suspect
03462075e1c82c808b4ea3cea1313dda13f0516b43538898b5ec266998e9c188,2018-08,Hertfordshire Constabulary,Hertfordshire Constabulary,0.178443,51.872033,On or near RAYNHAM CLOSE,E01023438,East Hertfordshire 005A,Investigation complete; no suspect identified
c8b611d76a0687089626f040ed0c0bae0b82ab8e4ce11a4d45a60e4f32779d5a,2018-08,Hertfordshire Constabulary,Hertfordshire Constabulary,-0.463594,51.773289,On or near TREMAINE GROVE,E01023397,Dacorum 007E,Unable to prosecute suspect
68a9be2178b545a4c36e77ef84f27c7643e5bdcacf5ecdeb0b88843c6a0060fd,2018-08,Hertfordshire Constabulary,Hertfordshire Constabulary,-0.211912,51.924230,On or near Hospital,E01023800,Stevenage 002E,Suspect charged
f6b35938ccac8f8c7f5d0b8373c38a3f5f091ef7a790875307d6a032132d6f10,2018-08,Hertfordshire Constabulary,Hertfordshire Constabulary,-0.169757,51.916226,On or near CHEPSTOW CLOSE,E01023771,Stevenage 003A,Suspect charged
b4e7fd422d3ce828553bf0181519418affbeaf4f3a6f7930dcc07c11edf15b86,2018-08,Hertfordshire Constabulary,Hertfordshire Constabulary,-0.455071,51.755454,On or near OLD HOUSE ROAD,E01023349,Dacorum 015A,Suspect charged
4b63e8d9728fbd988e0bc8f169560f751ef1e6d08b3e8bc57a67e3e161878b51,2018-08,Hertfordshire Constabulary,Hertfordshire Constabulary,-0.177843,51.892127,On or near LOWER SEAN,E01023791,Stevenage 010A,Investigation complete; no suspect identified
6baa4bf7bf0554f892b8379e805e3f0e837479a575aa4fd801321a9f8fd9df14,2018-08,Hertfordshire Constabulary,Hertfordshire Constabulary,-0.455071,51.755454,On or near OLD HOUSE ROAD,E01023349,Dacorum 015A,Suspect charged
4a32915d6d984e1ad01e9ddd74004b660a5655ec0415debe83c8845845d9da65,2018-08,Hertfordshire Constabulary,Hertfordshire Constabulary,-0.108342,51.707879,On or near Parking Area,E01023947,Welwyn Hatfield 016A,Offender given a drugs possession warning
b1878792ba78c6c67f3d6d2724da8878af799dee9e96a8393e3eb419f693f94a,2018-08,Hertfordshire Constabulary,Hertfordshire Constabulary,-0.453316,51.730488,On or near KINGFISHER DRIVE,E01023414,Dacorum 020E,Investigation complete; no suspect identified
b8ba285f24266cd78d09cf0c74a1b8acf43f4dab913b6700a8156031ff01a013,2018-08,Hertfordshire Constabulary,Hertfordshire Constabulary,-0.339554,51.930227,On or near HIGH STREET,E01023653,North Hertfordshire 014F,Investigation complete; no suspect identified
926e1d0464c48b7144b85a9d9423b4db77fa460480dd9c787d71f139c4e574a2,2018-08,Hertfordshire Constabulary,Hertfordshire Constabulary,-0.353834,51.826087,On or near DELL CLOSE,E01023692,St Albans 001C,Investigation complete; no suspect identified
515da7dd02184d3ddd07900db30478b9a9260b317384c0f23ad2f71bd4fb6871,2018-08,Hertfordshire Constabulary,Hertfordshire Constabulary,-0.394857,51.655268,On or near Shopping Area,E01023860,Watford 009B,Offender given a caution
6891c3861e9159b9d39de48ee33d00e7ea56c7454204b9a6a70b592622af31c5,2018-08,Hertfordshire Constabulary,Hertfordshire Constabulary,-0.209673,51.988145,On or near GREEN LANE,E01023632,North Hertfordshire 006C,Investigation complete; no suspect identified
a5db65afcc8c00d3cabacd1feeed369ca4d0fb5ce99765af3aa37210df535764,2018-08,Hertfordshire Constabulary,Hertfordshire Constabulary,-0.455611,51.741326,On or near STONELEA ROAD,E01023360,Dacorum 020D,Investigation complete; no suspect identified
664728bf3fb25816bf37cf1f56fc907e1307b71d5487d5f12cebfce0547348bf,2018-08,Hertfordshire Constabulary,Hertfordshire Constabulary,-0.353259,51.928144,On or near Parking Area,E01023653,North Hertfordshire 014F,Investigation complete; no suspect identified
c11d177878567b6174053ee1405a67e52cdb5b87244885a916421798d15fa067,2018-08,Hertfordshire Constabulary,Hertfordshire Constabulary,-0.456401,51.724531,On or near ABBOTS VIEW,E01023407,Dacorum 022B,Investigation complete; no suspect identified
c4797807ca6d20cb1db0d838c7142cc68bf7e888b898fad28f40acc08e4656cc,2018-08,Hertfordshire Constabulary,Hertfordshire Constabulary,-0.283864,51.655497,On or near PARK CRESCENT,E01023565,Hertsmere 010C,Investigation complete; no suspect identified
03371f5c0e75feae006295c2820fdd6a1668d6c2c5391eedf220ae923dc8236b,2018-08,Hertfordshire Constabulary,Hertfordshire Constabulary,-0.483285,51.636283,On or near UXBRIDGE ROAD,E01023852,Three Rivers 007D,Unable to prosecute suspect
096b285c2a8438b6f087455406f40eeafb1e05c245f444330cdec5c81b449014,2018-08,Hertfordshire Constabulary,Hertfordshire Constabulary,-0.023304,51.946930,On or near BOWLERS MEAD,E01023466,East Hertfordshire 001D,Unable to prosecute suspect
85bdf15b6fc04302c3b9c7e72adab7dce65ba843d07ac786e30f1eb6810c605e,2018-08,Hertfordshire Constabulary,Hertfordshire Constabulary,-0.208946,51.912162,On or near BELL LANE,E01023775,Stevenage 006A,Suspect charged
9eaec25f2d049d056f693c375c4a9c8ce01f4552fbc43698d25be653ab5c3de5,2018-08,Hertfordshire Constabulary,Hertfordshire Constabulary,-0.446578,51.758067,On or near SARACENS HEAD,E01023347,Dacorum 013C,Investigation complete; no suspect identified
8d400f9fb2a4fddbe4699a63af8ef264d80cd940367e0205c7bcc2e8b86d8534,2018-08,Hertfordshire Constabulary,Hertfordshire Constabulary,-0.237817,51.765040,On or near GOLDSMITH WAY,E01033308,Welwyn Hatfield 010E,Suspect charged
e8fa1f8904487af8bbccdce9bb8615b8e2fed70542ec41a3222a4ae694d392fa,2018-08,Hertfordshire Constabulary,Hertfordshire Constabulary,-0.351296,51.646194,On or near MALVERN CLOSE,E01023557,Hertsmere 013F,Investigation complete; no suspect identified
54a0c4a28e817b91d0e356011957e0ddb261b6c7d482f050afd8932225ac8de1,2018-08,Hertfordshire Constabulary,Hertfordshire Constabulary,-0.470828,51.753952,On or near Supermarket,E01023398,Dacorum 015D,Investigation complete; no suspect identified
188d4afd307e95cf936426d6b34744716e1dfe644e1c5a315a1b91b060c86e92,2018-08,Hertfordshire Constabulary,Hertfordshire Constabulary,-0.174149,51.926599,On or near LINCOLN ROAD,E01023801,Stevenage 002F,Investigation complete; no suspect identified
09484317d8b03c87cee7d842ceca6d25cdf2559e24580b0ccf00f6ce3529569e,2018-08,Hertfordshire Constabulary,Hertfordshire Constabulary,-0.291470,51.805991,On or near VALE COURT,E01023746,St Albans 004A,Investigation complete; no suspect identified
c1ceb3fb28032e0d3421cb82f364b24c44552c7754c7d859191e24a5e7669ff3,2018-08,Hertfordshire Constabulary,Hertfordshire Constabulary,-0.285448,51.654891,On or near ORCHARD CLOSE,E01023565,Hertsmere 010C,Investigation complete; no suspect identified
a3ac123b48c96d1be3ea5e11caaf9837b397a01b2ae456ba27de74f9eb331cca,2018-08,Hertfordshire Constabulary,Hertfordshire Constabulary,-0.191476,51.814234,On or near DAWLEY,E01023914,Welwyn Hatfield 004C,Investigation complete; no suspect identified
d442037662867cba181b021400a85f8288f07d2ad25e979e6836dfe0b0b3f402,2018-08,Hertfordshire Constabulary,Hertfordshire Constabulary,-0.106231,51.804448,On or near LINFIELD COURT,E01023488,East Hertfordshire 015B,Investigation complete; no suspect identified
88079a84745fc0678137ba21150d0987bef4813a67c3c8738ed31691ba328fa8,2018-08,Hertfordshire Constabulary,Hertfordshire Constabulary,-0.033715,51.706860,On or near NIAGARA CLOSE,E01023298,Broxbourne 010B,Offender given a caution
601df9905a48d81a61d1f51f3d0c010e4e02da81a9131aae1e387083159f3d45,2018-08,Hertfordshire Constabulary,Hertfordshire Constabulary,-0.339836,51.751707,On or near MARKET PLACE,E01023727,St Albans 012B,Unable to prosecute suspect
a351e7163d4cb76158c0989f1e81dcfccdd2993b2e3f07d3883641d4d28cf2ac,2018-08,Hertfordshire Constabulary,Hertfordshire Constabulary,-0.206640,51.803549,On or near Shopping Area,E01023918,Welwyn Hatfield 006C,Investigation complete; no suspect identified
2da8360218c23d247b3e128d8374e23aee8b2d35e2647eb43bbb43ce772c0310,2018-08,Hertfordshire Constabulary,Hertfordshire Constabulary,-0.207010,51.801901,On or near HOWARDSGATE,E01023918,Welwyn Hatfield 006C,Investigation complete; no suspect identified
8828857aff30d51f86c275cd822675b9a6a912b54a25afa721c1138ab4f9c720,2018-08,Hertfordshire Constabulary,Hertfordshire Constabulary,-0.470828,51.753952,On or near Supermarket,E01023398,Dacorum 015D,Investigation complete; no suspect identified
ce3607ac0d0d777254d2fb8f693e1df7e1fdde7166570b77d0cdbc228c19feaf,2018-08,Hertfordshire Constabulary,Hertfordshire Constabulary,-0.215995,51.987018,On or near GLEBE ROAD,E01023632,North Hertfordshire 006C,Investigation complete; no suspect identified
bbfe76323b73212b6f4cdc03acaf9d353f4eb895100b71ffcb896282810ff408,2018-08,Hertfordshire Constabulary,Hertfordshire Constabulary,-0.400520,51.659491,On or near Nightclub,E01023861,Watford 009C,Investigation complete; no suspect identified
dd88944744464b4de6475a6fb55e5840c16a69678e2bb409dc3a732b2a759a21,2018-08,Hertfordshire Constabulary,Hertfordshire Constabulary,-0.184987,51.909943,On or near ARCHER ROAD,E01023781,Stevenage 006D,Investigation complete; no suspect identified
53968eee396fc80fe10420f65e18a5b144bd2802f705ac5b82c7365813c57d0a,2018-08,Hertfordshire Constabulary,Hertfordshire Constabulary,-0.400520,51.659491,On or near Nightclub,E01023861,Watford 009C,Investigation complete; no suspect identified
6e48d108f05933273fdf5dd47ced80ffb3ecab13a5a989ce32fc592df824ed6d,2018-08,Hertfordshire Constabulary,Hertfordshire Constabulary,-0.489481,51.634223,On or near Petrol Station,E01023836,Three Rivers 009B,Suspect charged
6e48d108f05933273fdf5dd47ced80ffb3ecab13a5a989ce32fc592df824ed6d,2018-08,Hertfordshire Constabulary,Hertfordshire Constabulary,-0.489481,51.634223,On or near Petrol Station,E01023836,Three Rivers 009B,Suspect charged
8a4e97061885a34b27b23b615072121f4224be054c41c82f55362059f17c5d51,2018-08,Hertfordshire Constabulary,Hertfordshire Constabulary,-0.353834,51.826087,On or near DELL CLOSE,E01023692,St Albans 001C,Investigation complete; no suspect identified
7bce368d7fa3a729ce8bfadcb5160d9aa3b9cd8cbc5e5c5ad439847cd077d93a,2018-08,Hertfordshire Constabulary,Hertfordshire Constabulary,-0.491656,51.759346,On or near SPRING LANE,E01023427,Dacorum 011B,Investigation complete; no suspect identified
c0ccfb1f69c5fc7f7a356828dd91d454d522a2776a6f458ca9c1a29d5e0fc15e,2018-08,Hertfordshire Constabulary,Hertfordshire Constabulary,-0.010892,51.765187,On or near BELCHER ROAD,E01023322,Broxbourne 003C,Investigation complete; no suspect identified
fccbb3000427576b65fb43c3b69a2a123f4c27ebf1512b1270ad6b562073634e,2018-08,Hertfordshire Constabulary,Hertfordshire Constabulary,-0.172175,51.802524,On or near HARDINGS,E01023913,Welwyn Hatfield 004B,Investigation complete; no suspect identified
d38378d3a9ed9f2d5640514d184b644ff5581960f69ba4fbd505039223860f22,2018-08,Hertfordshire Constabulary,Hertfordshire Constabulary,-0.228256,51.769384,On or near BIRCHWOOD AVENUE,E01023929,Welwyn Hatfield 010A,Investigation complete; no suspect identified
12fc30a694c4bb0f2924766b7691199c0652264926328faf9ff82f1c401f3b7d,2018-08,Hertfordshire Constabulary,Hertfordshire Constabulary,-0.232318,51.769652,On or near WEST VIEW,E01033311,Welwyn Hatfield 010F,Investigation complete; no suspect identified
08bac49e5315260dd6b1e8cf14116a9b8e8cee56c61d2d4ece3c9e5c003cb7e7,2018-08,Hertfordshire Constabulary,Hertfordshire Constabulary,-0.237901,51.770329,On or near Sports/Recreation Area,E01033308,Welwyn Hatfield 010E,Unable to prosecute suspect
af0d8c728e985770424a0641336145ff7dfe968f56442b52bed8e2629932dd7d,2018-08,Hertfordshire Constabulary,Hertfordshire Constabulary,-0.228927,51.980029,On or near Parking Area,E01023644,North Hertfordshire 008A,Unable to prosecute suspect
0f561a3dfb3ef5050ff027ba0c294d105ae18eb906dc93188cd613d7ff0ee527,2018-08,Hertfordshire Constabulary,Hertfordshire Constabulary,-0.390393,51.682911,On or near EDWARD AMEY CLOSE,E01023875,Watford 003C,Unable to prosecute suspect
42e3dffa70b2a2f98950df4ccf45554e3ca06083a8002bfcbf70431a03ff22e5,2018-08,Hertfordshire Constabulary,Hertfordshire Constabulary,-0.323435,51.751348,On or near STANHOPE ROAD,E01023676,St Albans 011D,Unable to prosecute suspect
6b8b6fc948ccea0f9f3e092c6e3112a87cad7531afbd218e024ba0db023ddaf4,2018-08,Hertfordshire Constabulary,Hertfordshire Constabulary,-0.034710,51.712632,On or near DAVISON CLOSE,E01023302,Broxbourne 008A,Investigation complete; no suspect identified
e6a26addb323cb11544124758256f91e8f2f840c1fefdead05ccf4e5cd3b236c,2018-08,Hertfordshire Constabulary,Hertfordshire Constabulary,-0.300972,51.731072,On or near A1081,E01023684,St Albans 016D,Suspect charged
28b4bd75ec520ebab6f7882b6aa101fd796c74cf0543c7d1f56142eb03ac9a3f,2018-08,Hertfordshire Constabulary,Hertfordshire Constabulary,-0.203302,51.903480,On or near Supermarket,E01023758,Stevenage 008D,Investigation complete; no suspect identified
b207eb75e2e6e4fb5b5127a2c04e51f92d9dce32bfc38ba1eb56b197fd2eedc8,2018-08,Hertfordshire Constabulary,Hertfordshire Constabulary,-0.552112,51.805371,On or near CHAPEL CLOSE,E01023356,Dacorum 006B,Investigation complete; no suspect identified
ba0a0e7395635aa6fbc69ece0cec1ff61e249822b22d471845fdb903ef639135,2018-08,Hertfordshire Constabulary,Hertfordshire Constabulary,-0.521372,51.772726,On or near BROWNS SPRING,E01023355,Dacorum 006A,Investigation complete; no suspect identified
61a5a48a8af1dc23591f02dc3c7ded3b049f2a523e7ac8ae077ba599dfa0fa04,2018-08,Hertfordshire Constabulary,Hertfordshire Constabulary,-0.281715,51.874816,On or near BRADWAY,E01023623,North Hertfordshire 014C,Investigation complete; no suspect identified
9bf9f21ea240bbf901a0a8995510ca13f92f828df2579606c8ff7490a9cfcaeb,2018-08,Hertfordshire Constabulary,Hertfordshire Constabulary,-0.204335,51.784172,On or near ELLIOTT CLOSE,E01023941,Welwyn Hatfield 009C,Unable to prosecute suspect
8b37bbdac9d8d4b1ec4f21f8ce0b9b3a945b998a22bd2f4a79de1ede73802d0a,2018-08,Hertfordshire Constabulary,Hertfordshire Constabulary,-0.277322,51.949060,On or near Shopping Area,E01023616,North Hertfordshire 012F,Investigation complete; no suspect identified
0bbeafbe384787ba4e9b93142d37ad6647510f980cbf4f00f024c0bd9e00afbe,2018-08,Hertfordshire Constabulary,Hertfordshire Constabulary,-0.198505,51.800224,On or near HYDE WAY,E01023954,Welwyn Hatfield 007A,Investigation complete; no suspect identified
a7e6f182beef08337e500ec429d13b390b1a33bfc25488f63a8fe8e24c6ff86a,2018-08,Hertfordshire Constabulary,Hertfordshire Constabulary,-0.225214,51.911815,On or near BLAKENEY ROAD,E01023796,Stevenage 005B,Unable to prosecute suspect
c80fefc530eedfd31ad1b75d95f9f14e5ebf4f92f007c1adc07cc2998dc0be9f,2018-08,Hertfordshire Constabulary,Hertfordshire Constabulary,-0.467272,51.763545,On or near TYPLEDEN CLOSE,E01023404,Dacorum 008D,Unable to prosecute suspect
aaece2ad6f5b99335ef442220319550a2ab56c93828e82fb4c64de297dcb2205,2018-08,Hertfordshire Constabulary,Hertfordshire Constabulary,-0.415372,51.653568,On or near HAGDEN LANE,E01023888,Watford 008C,Unable to prosecute suspect
2498aa6932aec1cfc56a91bb1af11e2907ffb9af47e362933a599dfdecfc81eb,2018-08,Hertfordshire Constabulary,Hertfordshire Constabulary,-0.005285,51.789155,On or near FRENCH'S CLOSE,E01023469,East Hertfordshire 018B,Unable to prosecute suspect
837d430f3ba312b486dfe4f378a671fc9a1319cfe8f7ed05c0f0249834ea4ff0,2018-08,Hertfordshire Constabulary,Hertfordshire Constabulary,-0.467272,51.763545,On or near TYPLEDEN CLOSE,E01023404,Dacorum 008D,Unable to prosecute suspect
49801e11243722f697672676c7055b3b857465f49f72f59e06ee650ba61e1102,2018-08,Hertfordshire Constabulary,Hertfordshire Constabulary,-0.467272,51.763545,On or near TYPLEDEN CLOSE,E01023404,Dacorum 008D,Unable to prosecute suspect
65728a6ffae2c8f522f3fc720c3071347a62bc11bc2db219a4e4bdf3db84f6da,2018-08,Hertfordshire Constabulary,Hertfordshire Constabulary,-0.195934,51.910696,On or near RYECROFT,E01023778,Stevenage 002C,Investigation complete; no suspect identified
11273e36490c2251075697c320a754871cc484a76c03af7607c56b266ba43e40,2018-08,Hertfordshire Constabulary,Hertfordshire Constabulary,-0.412444,51.721202,On or near BLUEBELL DRIVE,E01023807,Three Rivers 001D,Investigation complete; no suspect identified
23d032a1b3459e592dc028164ae8626ce284d755d9dc708181f762125c988fff,2018-08,Hertfordshire Constabulary,Hertfordshire Constabulary,-0.165651,51.695542,On or near STAMFORD CLOSE,E01023571,Hertsmere 003A,Investigation complete; no suspect identified
436972e080d68e402f9ad7c268a322ee262d205db328cdcd3a845009ca86eb0c,2018-08,Hertfordshire Constabulary,Hertfordshire Constabulary,-0.283864,51.655497,On or near PARK CRESCENT,E01023565,Hertsmere 010C,Investigation complete; no suspect identified
0cfe8b72af1fa42cf6c1c0fcce887a1632e49a467ae713e0165f7f0b76913df3,2018-08,Hertfordshire Constabulary,Hertfordshire Constabulary,-0.460420,51.751127,On or near ACRE WOOD,E01023350,Dacorum 015B,Unable to prosecute suspect
65badd85256338975cb4362b1860deb69b49d5ad4717f46021d4f555e3e4f73a,2018-08,Hertfordshire Constabulary,Hertfordshire Constabulary,-0.048327,51.709370,On or near CHURCH LANE,E01023310,Broxbourne 006D,Suspect charged
aa20fa3c98cb0f462f5e5b76b325bba3810234e8edc4a0398b152cad14bbb373,2018-08,Hertfordshire Constabulary,Hertfordshire Constabulary,-0.084411,51.788151,On or near HILLSIDE TERRACE,E01023475,East Hertfordshire 017A,Investigation complete; no suspect identified
39f08237ec29cf389ead570e5d811d2dddfed0ffd275aa51d3c9504208450b12,2018-08,Hertfordshire Constabulary,Hertfordshire Constabulary,-0.233757,51.987916,On or near THE BIRCHES,E01023638,North Hertfordshire 003D,Investigation complete; no suspect identified
7b05b19eea8362256c2fccc3bfa504630824bed081c6ad6f0f2598afcaa7f6c7,2018-08,Hertfordshire Constabulary,Hertfordshire Constabulary,-0.040375,51.710155,On or near Petrol Station,E01023303,Broxbourne 008B,Investigation complete; no suspect identified
c9537840b714ef69649692d4c623c41e9c9140fa6883cdd441d5f7e826f32534,2018-08,Hertfordshire Constabulary,Hertfordshire Constabulary,-0.175387,51.789805,On or near BIRDS CLOSE,E01023943,Welwyn Hatfield 008A,Unable to prosecute suspect
b7765db1516ee5b876b94761f89b709d7011db44608b60b83034b1deda824362,2018-08,Hertfordshire Constabulary,Hertfordshire Constabulary,-0.259462,51.644896,On or near CONNEMARA CLOSE,E01023543,Hertsmere 011E,Suspect charged
13644ab1dfce7686bd945e11bacae3b30b7966cb8158ba7a815d9bcec192b460,2018-08,Hertfordshire Constabulary,Hertfordshire Constabulary,-0.186063,51.984943,On or near Supermarket,E01023592,North Hertfordshire 004F,Suspect charged
0975f3e49b5dac5e921955c97647d0f5ef83c4cba009ced3f6cc61e926cdd247,2018-08,Hertfordshire Constabulary,Hertfordshire Constabulary,-0.420895,51.643158,On or near KIMBLE CLOSE,E01023864,Watford 011B,Unable to prosecute suspect
6b368a28ef089a695858cf016f360f02a67928e566580ef28abe32d8578a6b28,2018-08,Hertfordshire Constabulary,Hertfordshire Constabulary,-0.176820,51.917388,On or near Pedestrian Subway,E01023780,Stevenage 006C,Unable to prosecute suspect
23a0c7736c8d9489320e0f5f5e9587118b9d22dd732c4b10edf5e6b185fa27d5,2018-08,Hertfordshire Constabulary,Hertfordshire Constabulary,-0.659642,51.796233,On or near PLAITERS CLOSE,E01023420,Dacorum 003C,Investigation complete; no suspect identified
aab9d0a728962b71eeffa49c70b623b6de6752eeee4b8f45614c06d798d1ad10,2018-08,Hertfordshire Constabulary,Hertfordshire Constabulary,-0.016386,51.685113,On or near BARBEL CLOSE,E01023338,Broxbourne 013C,Investigation complete; no suspect identified
f4f7f83a5c332681db03c50efe2e3fa225ff55df82ed042901941a42503d9655,2018-08,Hertfordshire Constabulary,Hertfordshire Constabulary,-0.004824,51.759185,On or near THE LYNCH,E01023320,Broxbourne 003A,Offender given a drugs possession warning
14b3f597bfee3a391920a64869776426f0dd8dea92c6766323f524ce21d853e1,2018-08,Hertfordshire Constabulary,Hertfordshire Constabulary,-0.402395,51.655919,On or near CASSIO ROAD,E01023861,Watford 009C,Unable to prosecute suspect
6340895ae961cd769822f58696a5dfbc9c188ba08dfc0a4a02c4a0686ccacfc6,2018-08,Hertfordshire Constabulary,Hertfordshire Constabulary,-0.573306,51.767136,On or near NORMANDY DRIVE,E01023364,Dacorum 009D,Investigation complete; no suspect identified
965e98b46fb7be59df2a4ed21b53cbee5ac0f098be92f7234c89d160722ad40e,2018-08,Hertfordshire Constabulary,Hertfordshire Constabulary,-0.269865,51.649159,On or near MILTON DRIVE,E01023540,Hertsmere 011B,Investigation complete; no suspect identified
2bf6a7e334ecd22eb119ea0fcafa533a77c6f387ea2cded1d57c205cfc0cbd88,2018-08,Hertfordshire Constabulary,Hertfordshire Constabulary,-0.030124,51.815094,On or near GOLDSTONE CLOSE,E01023519,East Hertfordshire 012E,Unable to prosecute suspect
258c55154aee3af99130ca4920433ab63e00c85426bd7f1fe55fd2f049bcc353,2018-08,Hertfordshire Constabulary,Hertfordshire Constabulary,-0.053653,51.699926,On or near HARGREAVES AVENUE,E01023296,Broxbourne 011D,Unable to prosecute suspect
f37834bb185d75fdf6d02684f3c654b518ae46909ea49b7d6ffe695cda6e1802,2018-08,Hertfordshire Constabulary,Hertfordshire Constabulary,-0.401362,51.656508,On or near UPTON ROAD,E01023861,Watford 009C,Investigation complete; no suspect identified
0415ba7f1f968f57129f6aa4856214b5e7712addbef82b979a421c0fe269f59c,2018-08,Hertfordshire Constabulary,Hertfordshire Constabulary,-0.032921,51.684447,On or near HIGH STREET,E01023337,Broxbourne 013B,Unable to prosecute suspect
25cb6c4a2f35f852e60b833a547e5e99919c13592d2590f6f0d546fc3200ff7a,2018-08,Hertfordshire Constabulary,Hertfordshire Constabulary,-0.396655,51.672728,On or near Parking Area,E01023857,Watford 006C,Unable to prosecute suspect
3b09557ad96f571fdd951b11e7cc5fab5ac69dbc7a04745eb7ad33a9eba95bca,2018-08,Hertfordshire Constabulary,Hertfordshire Constabulary,0.147955,51.813873,On or near Petrol Station,E01023501,East Hertfordshire 011C,Investigation complete; no suspect identified
4c8fad53a9196124258cf8f5a91b341e963e44d8f199ad761e39147a91eb644f,2018-08,Hertfordshire Constabulary,Hertfordshire Constabulary,-0.026882,51.722185,On or near ROCHFORD CLOSE,E01023342,Broxbourne 005C,Unable to prosecute suspect
3c2494e9cb67b291133c387cda779563eb74ef6c7af2e3fe1cd4b80d1b6b4b68,2018-08,Hertfordshire Constabulary,Hertfordshire Constabulary,-0.215354,51.700354,On or near WINDMORE AVENUE,E01023567,Hertsmere 002A,Investigation complete; no suspect identified
aeacde6281bb6da60d0ccc783fb552f24ba23a8d6bae397be78274b3508743bb,2018-08,Hertfordshire Constabulary,Hertfordshire Constabulary,-0.393603,51.661689,On or near ORPHANAGE ROAD,E01023861,Watford 009C,Unable to prosecute suspect
dd3dc3eb8d22d8d7d04b987c779fd587bea894aa1773931910c0ddd1b5e00fb7,2018-08,Hertfordshire Constabulary,Hertfordshire Constabulary,-0.490131,51.747269,On or near SEBRIGHT ROAD,E01023379,Dacorum 018C,Investigation complete; no suspect identified
1ca7fb2d3d708f3dc07604ba065b08bc0fa84145062a26bc0a9c388615da0310,2018-08,Hertfordshire Constabulary,Hertfordshire Constabulary,-0.315728,51.748603,On or near BAKERS CLOSE,E01023666,St Albans 011A,Investigation complete; no suspect identified
20a463c761df55d24149c66460b8fa7c5390150b25b5319489476a2d39298e9c,2018-08,Hertfordshire Constabulary,Hertfordshire Constabulary,-0.234947,51.748344,On or near Parking Area,E01023937,Welwyn Hatfield 013E,Suspect charged
dd3309a87faf57f31600b42168ff63f9b81876ae8a134794fabd2938ff59a160,2018-08,Hertfordshire Constabulary,Hertfordshire Constabulary,-0.220417,51.776333,On or near Supermarket,E01033311,Welwyn Hatfield 010F,Suspect charged
b0223b47b8c8b05dc67c79b6bb8d157ac3b4fb3cda5fb829e87ca2ad211fb0bf,2018-08,Hertfordshire Constabulary,Hertfordshire Constabulary,-0.174149,51.926599,On or near LINCOLN ROAD,E01023801,Stevenage 002F,Investigation complete; no suspect identified
1bf4bb82ad3ad9ae41848f387f6c4cd18c97fac26b3936a43b7b7d479b370510,2018-08,Hertfordshire Constabulary,Hertfordshire Constabulary,-0.349191,51.735509,On or near ROBERT AVENUE,E01023744,St Albans 014C,Unable to prosecute suspect
745a1722f9f78a429d26c8f801319099ac85b73d3121f523f1f3f9b2e8bfcc00,2018-08,Hertfordshire Constabulary,Hertfordshire Constabulary,-0.396809,51.674088,On or near LEA ROAD,E01023857,Watford 006C,Investigation complete; no suspect identified
d593b67592c734d42c31fd219cd6e997982dedb33cbc19c3610378a81cdf392b,2018-08,Hertfordshire Constabulary,Hertfordshire Constabulary,-0.183035,51.692161,On or near HUNTER CLOSE,E01023573,Hertsmere 003C,Unable to prosecute suspect
7bd25fd99594d1d56d28c50ec37de7c31264eeaa5de3f42fa5f4a94ea8184166,2018-08,Hertfordshire Constabulary,Hertfordshire Constabulary,-0.414784,51.651366,On or near HAGDEN LANE,E01023863,Watford 011A,Unable to prosecute suspect
23542589bb72c4e3a54f9b463e00c1713041f609df7e9e422d0fabf53b47f090,2018-08,Hertfordshire Constabulary,Hertfordshire Constabulary,0.162057,51.872956,On or near Parking Area,E01023450,East Hertfordshire 004B,Investigation complete; no suspect identified
f8fc6229280bc61957c8d7b0dfde783366839ba8852e6b502496ea36b4fc5d4f,2018-08,Hertfordshire Constabulary,Hertfordshire Constabulary,-0.400166,51.656797,On or near WILMINGTON CLOSE,E01023861,Watford 009C,Suspect charged
e3a071f16f5bdfa940c857c4fa6f6e6c36b4a6a872a1c784a2f94138847f429e,2018-08,Hertfordshire Constabulary,Hertfordshire Constabulary,-0.404472,51.649051,On or near Hospital,E01023902,Watford 010D,Suspect charged
ab550f492165f7179b9bbe4215288c615974eda4241a4c528df34af7fe55afe7,2018-08,Hertfordshire Constabulary,Hertfordshire Constabulary,0.136162,51.863906,On or near MARGUERITE WAY,E01023452,East Hertfordshire 003A,Unable to prosecute suspect
77f33ea5a3220b509d2a57a25106e8c4913e2d9c32c537e90bad289c989984d5,2018-08,Hertfordshire Constabulary,Hertfordshire Constabulary,-0.218551,51.799414,On or near ELM GARDENS,E01023919,Welwyn Hatfield 006D,Unable to prosecute suspect
31020572248013db4c910ba62e63441a6fee68c6b1c0eafb69b697ced7383c4c,2018-08,Hertfordshire Constabulary,Hertfordshire Constabulary,-0.399146,51.660722,On or near ALBERT ROAD NORTH,E01023861,Watford 009C,Offender given a caution
e902766915ff6a274b614b8805471e147cb5c5cb9e2d0be8ab966da02b112ccc,2018-08,Hertfordshire Constabulary,Hertfordshire Constabulary,-0.400866,51.658281,On or near Nightclub,E01023861,Watford 009C,Offender given a caution
3d1e32c2785cb2982911457275d17b7c29f5035327416538c8c8823a4c155323,2018-08,Hertfordshire Constabulary,Hertfordshire Constabulary,0.160994,51.869864,On or near RIVERSIDE,E01023449,East Hertfordshire 004A,Investigation complete; no suspect identified
d84f15d1bd1e11cf3d0e70010636957c1210f1733ec261b2e3d58fec975345d8,2018-08,Hertfordshire Constabulary,Hertfordshire Constabulary,-0.475150,51.757676,On or near Parking Area,E01023399,Dacorum 010C,Suspect charged
2c58b73a5cf7a0997a23b8ac4ef3565301c3dba9a309782949a2ea647cb2cbe3,2018-08,Hertfordshire Constabulary,Hertfordshire Constabulary,-0.438695,51.774471,On or near MEDWICK MEWS,E01023434,Dacorum 005A,Suspect charged
ea5c428ac3b1eb8fdb915d959af8dc05d0c624f1814b83632eceef8728432c18,2018-08,Hertfordshire Constabulary,Hertfordshire Constabulary,0.135830,51.861205,On or near STOCKMEN FIELD,E01023448,East Hertfordshire 007F,Unable to prosecute suspect
dd6b32476710a7021a408ea2877ff5c59aea4b1631f8fc99162384b9adf035d7,2018-08,Hertfordshire Constabulary,Hertfordshire Constabulary,-0.029652,51.714750,On or near CHESHUNT WASH,E01023304,Broxbourne 008C,Suspect charged
a7297f639919bb8f2a2f9ba1646efd88bda6a7b6fc5511daff569bee8ed7b330,2018-08,Hertfordshire Constabulary,Hertfordshire Constabulary,-0.317981,51.756594,On or near JENNINGS ROAD,E01023675,St Albans 011C,Investigation complete; no suspect identified
8720faed345950ee68b7c67c4999685e5d77895e6cb512474b229b40667b56ae,2018-08,Hertfordshire Constabulary,Hertfordshire Constabulary,-0.274131,51.946900,On or near ST ANDREW'S PLACE,E01023606,North Hertfordshire 013A,Investigation complete; no suspect identified
67e79a9adf80778e758b69057d74aae0c6055f566da0bf6df75bf14e3c8b64cb,2018-08,Hertfordshire Constabulary,Hertfordshire Constabulary,-0.400520,51.659491,On or near Nightclub,E01023861,Watford 009C,Investigation complete; no suspect identified
094f4f09b7871616e63d51d443b806d211edff1cdf046224ae28882e1c0ff8af,2018-08,Hertfordshire Constabulary,Hertfordshire Constabulary,-0.216980,51.800281,On or near YOUNGS RISE,E01023919,Welwyn Hatfield 006D,Investigation complete; no suspect identified
068bcfe3b0705500e30d835a3bef7e2ddabd31ff48ab110922ae48af573ad922,2018-08,Hertfordshire Constabulary,Hertfordshire Constabulary,-0.612799,51.783110,On or near A4251,E01023416,Dacorum 006C,Investigation complete; no suspect identified
885207bcd88a856973233d6b7f973b5b9daac1f0d218f2ced0e7a4de46cb6960,2018-08,Hertfordshire Constabulary,Hertfordshire Constabulary,-0.085736,51.799647,On or near PORT VALE,E01023470,East Hertfordshire 014A,Investigation complete; no suspect identified
ac08afae7174c504fdb14fd770c15fa1d962d0a21920ba5dafee53dd33c3aa71,2018-08,Hertfordshire Constabulary,Hertfordshire Constabulary,-0.205363,51.904294,On or near Petrol Station,E01023758,Stevenage 008D,Investigation complete; no suspect identified
40bc34ac93bdec34937beb386861999105a78bc4c21efedef780897976fa43f3,2018-08,Hertfordshire Constabulary,Hertfordshire Constabulary,-0.228835,51.763107,On or near Supermarket,E01023920,Welwyn Hatfield 012A,Investigation complete; no suspect identified
f6102ed42cc3e85c435d3ec4b2562cb5ddd4f5aa2cbfa45ffa691bfcb3c9f4ca,2018-08,Hertfordshire Constabulary,Hertfordshire Constabulary,-0.435099,51.763624,On or near CENTRO,E01023345,Dacorum 013A,Investigation complete; no suspect identified
477e3c6779035ab17442ba2c81a6a5aa867719c09d56ccd510fba1d2aa825c7a,2018-08,Hertfordshire Constabulary,Hertfordshire Constabulary,-0.394857,51.655268,On or near Shopping Area,E01023860,Watford 009B,Investigation complete; no suspect identified
48c996d9efd6cd15c4d0e00f54f2c64c8533acbb29d744b25669edfaa14be65c,2018-08,Hertfordshire Constabulary,Hertfordshire Constabulary,-0.400677,51.670643,On or near LEAVESDEN ROAD,E01023856,Watford 006B,Investigation complete; no suspect identified
a6379b5d506d8122e22d22293de8bfe9f90f3ab707ea3cb6156210b40095ab96,2018-08,Hertfordshire Constabulary,Hertfordshire Constabulary,-0.219817,51.977689,On or near RIDGE AVENUE,E01023631,North Hertfordshire 006B,Investigation complete; no suspect identified
443f2b808e5c27dda611b62eb63508ebc6b36de306d79097e56517ac64489fc1,2018-08,Hertfordshire Constabulary,Hertfordshire Constabulary,-0.341268,51.827655,On or near PORTERS HILL,E01023687,St Albans 002C,Unable to prosecute suspect
60e01800e48ab449d63d17251801e707ec8d710c576b0c89365f69b4a9324116,2018-08,Hertfordshire Constabulary,Hertfordshire Constabulary,-0.227050,51.770562,On or near HEATHCOTE AVENUE,E01023929,Welwyn Hatfield 010A,Investigation complete; no suspect identified
e003a569e19412625f5c1278311a5f132939aaf7a2bc018cdf30e4b328e36ba4,2018-08,Hertfordshire Constabulary,Hertfordshire Constabulary,-0.059725,51.718344,On or near PERRIORS CLOSE,E01023309,Broxbourne 006C,Unable to prosecute suspect
9b0729334a04950fb864d4fe1943bdb47448e601f664e454290f343dc00d61e1,2018-08,Hertfordshire Constabulary,Hertfordshire Constabulary,-0.388998,51.688818,On or near THE PIPPINS,E01023893,Watford 002D,Investigation complete; no suspect identified
1a9245921f71d8dd7c97dc0bd635906e6abbcf5179d8cf6bfc877053f4b2b800,2018-08,Hertfordshire Constabulary,Hertfordshire Constabulary,-0.210173,51.924068,On or near PIRTON CLOSE,E01023800,Stevenage 002E,Suspect charged
cb1ffc9ed05ef2098fbcde3e12b46560f0162dc3398d7202645c27b654478a6e,2018-08,Hertfordshire Constabulary,Hertfordshire Constabulary,-0.033231,51.699343,On or near Parking Area,E01023300,Broxbourne 010D,Investigation complete; no suspect identified
8837f8791eb33c8bb5716a7e6de3810b464ecb0a1129d394864c6ab5dc62d01d,2018-08,Hertfordshire Constabulary,Hertfordshire Constabulary,0.038519,51.950057,On or near HORSESHOE HILL,E01023462,East Hertfordshire 001A,Investigation complete; no suspect identified
6156483004b418e3defdd766f06ca21c641dfd8fbba3bc1ac2a6e862785a98e4,2018-08,Hertfordshire Constabulary,Hertfordshire Constabulary,-0.260502,51.660018,On or near ELSTREE WAY,E01023545,Hertsmere 009B,Unable to prosecute suspect
8bb6b32f62da896139706007980ba33da681c325dd2a82ad0ef0f8c98f8d13ed,2018-08,Hertfordshire Constabulary,Hertfordshire Constabulary,-0.237817,51.765040,On or near GOLDSMITH WAY,E01033308,Welwyn Hatfield 010E,Suspect charged
ab7e326b3bfd717e850e2cdc34b9e909896cdc76f18f7138108b618e42f043b7,2018-08,Hertfordshire Constabulary,Hertfordshire Constabulary,-0.312394,51.743619,On or near Supermarket,E01023683,St Albans 016C,Unable to prosecute suspect
a960c90a2ffe06a6d7fb0834d1dc48dac96f07829e2a3d496097501a20475e3b,2018-08,Hertfordshire Constabulary,Hertfordshire Constabulary,-0.473058,51.748828,On or near Shopping Area,E01023398,Dacorum 015D,Investigation complete; no suspect identified
11ca9ccbdee00cc2904a7f341603730e1024f42861a015e4aedc576ff31952a1,2018-08,Hertfordshire Constabulary,Hertfordshire Constabulary,-0.470521,51.639409,On or near NORTHWAY,E01023850,Three Rivers 007C,Action to be taken by another organisation
690fe92c439560f5e2436899ff2fc8ebc989fc9a60f06f52cca84dadfc349171,2018-08,Hertfordshire Constabulary,Hertfordshire Constabulary,-0.035269,51.712093,On or near DAVISON DRIVE,E01023303,Broxbourne 008B,Suspect charged
ef648baee143c512dfaa5c95f002ba1d8de1ade692726be46dda4b78623ed05b,2018-08,Hertfordshire Constabulary,Hertfordshire Constabulary,-0.425419,51.644801,On or near GREENHILL CRESCENT,E01023866,Watford 011D,Suspect charged
38daecd054c7185fba77d8d723fa662d019886eef51a01c0690861353e658c54,2018-08,Hertfordshire Constabulary,Hertfordshire Constabulary,-0.312394,51.743619,On or near Supermarket,E01023683,St Albans 016C,Suspect charged
69536011f9722d27b9ef49a98705b0a524b4a4d4be98b8ee091e3aa903d2a355,2018-08,Hertfordshire Constabulary,Hertfordshire Constabulary,-0.412796,51.706200,On or near TIBBS HILL ROAD,E01023804,Three Rivers 001C,Investigation complete; no suspect identified
7b99fc4f28bb0e97e8c71419cdac83cbf90d71c03c7b7607786822289c5ccdab,2018-08,Hertfordshire Constabulary,Hertfordshire Constabulary,-0.194823,51.792551,On or near BURGUNDY CROFT,E01023957,Welwyn Hatfield 007D,Unable to prosecute suspect
749e658f9b6b971808b2cace0e85c18d992460b811ee3c8aacc7422f953bce9e,2018-08,Hertfordshire Constabulary,Hertfordshire Constabulary,-0.316454,51.731034,On or near NAPSBURY LANE,E01023684,St Albans 016D,Unable to prosecute suspect
ecb9efb3b36de3ed6e3cce8d413cbe8793d604f2c0cb80a7894898fc16938c9e,2018-08,Hertfordshire Constabulary,Hertfordshire Constabulary,-0.470521,51.639409,On or near NORTHWAY,E01023850,Three Rivers 007C,Unable to prosecute suspect
6df67c0b85304b6ac0e30fb1f907731641d7f128a6cd7378dd5c10b9bac3203f,2018-08,Hertfordshire Constabulary,Hertfordshire Constabulary,-0.476654,51.746573,On or near PARK ROAD,E01023398,Dacorum 015D,Investigation complete; no suspect identified
5417b49923d78697257511a14c924fad2e5b76c8050a334319e380a97b3e2c80,2018-08,Hertfordshire Constabulary,Hertfordshire Constabulary,-0.399980,51.672773,On or near GAMMONS LANE,E01023856,Watford 006B,Investigation complete; no suspect identified
6a57b32618e609fbde858081ad351edd46597f939912a7191b2b79ed25cac89f,2018-08,Hertfordshire Constabulary,Hertfordshire Constabulary,-0.325589,51.969745,On or near Sports/Recreation Area,E01023653,North Hertfordshire 014F,Investigation complete; no suspect identified
56273887a70d93d1d19abc7c7b66e681f29ae684cc40cce4fc98fea21d951f0d,2018-08,Hertfordshire Constabulary,Hertfordshire Constabulary,-0.253023,51.658612,On or near Petrol Station,E01023546,Hertsmere 009C,Investigation complete; no suspect identified
91e05f6d3c8cc09602665bb2d72e373c6aec88840465b853619da0af496ed3c5,2018-08,Hertfordshire Constabulary,Hertfordshire Constabulary,-0.476654,51.746573,On or near PARK ROAD,E01023398,Dacorum 015D,Investigation complete; no suspect identified
01ed29f4bfe0baeb170c6f9787d441f41d40180df1877361a2dd3a9b3505eff4,2018-08,Hertfordshire Constabulary,Hertfordshire Constabulary,-0.241813,51.973721,On or near CHILTERN VIEW,E01023646,North Hertfordshire 008C,Investigation complete; no suspect identified
ba46054079ddf5e0c458a6cd69a021c5a86cf5dc3b1009fa4fe1bccf3621fd19,2018-08,Hertfordshire Constabulary,Hertfordshire Constabulary,-0.376664,51.663551,On or near SCOTTSWOOD ROAD,E01023552,Hertsmere 008A,Investigation complete; no suspect identified
17053a694db6e0bb4b5a7c920bafdf63143c63af34f488159c46f5bb922992a5,2018-08,Hertfordshire Constabulary,Hertfordshire Constabulary,-0.253023,51.658612,On or near Petrol Station,E01023546,Hertsmere 009C,Investigation complete; no suspect identified
545ac71452b84ceadc9667cefe459fbd04e1ef5c879bc98207d826dfb22664a5,2018-08,Hertfordshire Constabulary,Hertfordshire Constabulary,-0.216443,51.988221,On or near COMMON VIEW,E01023633,North Hertfordshire 006D,Investigation complete; no suspect identified
13ef6198349bb84ca1100dd46b456a8ef2d201480f2c7106f694e51e5cbbf299,2018-08,Hertfordshire Constabulary,Hertfordshire Constabulary,-0.471424,51.749149,On or near Shopping Area,E01023398,Dacorum 015D,Investigation complete; no suspect identified
0171be8cd36c065ba8abacb338caf170f94344b99fa454c016c36ab6cd5f9510,2018-08,Hertfordshire Constabulary,Hertfordshire Constabulary,-0.225427,51.687369,On or near BIGNELLS CORNER,E01023584,Hertsmere 004D,Investigation complete; no suspect identified
14d9bc01a1553b2243117f06a89ab6e1ea41b77427afb9daa360f697e61c93dd,2018-08,Hertfordshire Constabulary,Hertfordshire Constabulary,-0.401548,51.686975,On or near FERN WAY,E01023892,Watford 002C,Investigation complete; no suspect identified
a8c3a10a721e5d8e514b580bed16851fe493bd70a5887748bd6393e22c951056,2018-08,Hertfordshire Constabulary,Hertfordshire Constabulary,-0.225427,51.687369,On or near BIGNELLS CORNER,E01023584,Hertsmere 004D,Investigation complete; no suspect identified
dd43a727ed0f6f29319f815dd9c82af6298aef310f26f8c34592eaffb0e7b543,2018-08,Hertfordshire Constabulary,Hertfordshire Constabulary,-0.205363,51.904294,On or near Petrol Station,E01023758,Stevenage 008D,Investigation complete; no suspect identified
562385e738c0038cad89a823eabc61d9b1978f672ad176eb57091f9b3283b783,2018-08,Hertfordshire Constabulary,Hertfordshire Constabulary,-0.329513,51.683167,On or near WATFORD ROAD,E01023526,Hertsmere 005D,Investigation complete; no suspect identified
d640bc3c70935649dfd23edb14032c62d9bb97a483e3210ddfd8a32ddef12eb4,2018-08,Hertfordshire Constabulary,Hertfordshire Constabulary,-0.225427,51.687369,On or near BIGNELLS CORNER,E01023584,Hertsmere 004D,Investigation complete; no suspect identified
4a02d6e737345d197624522011c8cea74af6685b108578c275949cfe5cb267e6,2018-08,Hertfordshire Constabulary,Hertfordshire Constabulary,-0.380390,51.654737,On or near BUSHEY HALL ROAD,E01023553,Hertsmere 008B,Investigation complete; no suspect identified
fc8e929d8623a39bf9db85792d80e772809f4f332abb1d57caa85db8d2a93f20,2018-08,Hertfordshire Constabulary,Hertfordshire Constabulary,-0.256742,51.645350,On or near SADDLERS CLOSE,E01023543,Hertsmere 011E,Investigation complete; no suspect identified
c669665981801ac51187758bdd63b20b43cbc4bf37c57c5de43ad46e0921c6e1,2018-08,Hertfordshire Constabulary,Hertfordshire Constabulary,-0.359823,51.819427,On or near Petrol Station,E01023699,St Albans 003A,Investigation complete; no suspect identified
fa84ebf4550e271fc22d764ca8db30e0cf00ef6fb5572a138ce9e76782edcbfb,2018-08,Hertfordshire Constabulary,Hertfordshire Constabulary,0.176616,51.862768,On or near BELDAMS LANE,E01023442,East Hertfordshire 005E,Suspect charged
40b5c0e158bb5517ffce079a46c3ffdb35215a526eeeca0629ad1f3eb6a7bea1,2018-08,Hertfordshire Constabulary,Hertfordshire Constabulary,-0.222479,51.911873,On or near Pedestrian Subway,E01023796,Stevenage 005B,Offender given a caution
feffdd9235085d5c17e740463e75b4752d34338be8eaf832b9b97b629645df3d,2018-08,Hertfordshire Constabulary,Hertfordshire Constabulary,-0.393603,51.661689,On or near ORPHANAGE ROAD,E01023861,Watford 009C,Unable to prosecute suspect
fc32fe3e10c7d6e6e775e1efa46c5352a9f7d62fddf5ecf197df942858f01ca0,2018-08,Hertfordshire Constabulary,Hertfordshire Constabulary,-0.275602,51.949512,On or near Nightclub,E01023601,North Hertfordshire 010A,Unable to prosecute suspect
61d9f7007e9a99cd25fed7428b09e7848855aeb2ea0ced8b4f5091f6e475e5b1,2018-08,Hertfordshire Constabulary,Hertfordshire Constabulary,-0.359823,51.819427,On or near Petrol Station,E01023699,St Albans 003A,Investigation complete; no suspect identified
e61c853f4efb0d0a088ea144235203bdac726ba8ec0f5830b813217eb22f1430,2018-08,Hertfordshire Constabulary,Hertfordshire Constabulary,-0.385979,51.671188,On or near HIBBERT AVENUE,E01023898,Watford 005D,Investigation complete; no suspect identified
406df113a2013bb044c42bad9f08f4792c4c60426d1906a50a28471f9ce0ac4e,2018-08,Hertfordshire Constabulary,Hertfordshire Constabulary,-0.178460,51.920336,On or near Petrol Station,E01023774,Stevenage 003D,Investigation complete; no suspect identified
a65a6da0d38cc3f9e80ba682a3fe1ee5ca29cb547eb81a2f73b649e2f7318ed0,2018-08,Hertfordshire Constabulary,Hertfordshire Constabulary,0.157344,51.854005,On or near HAYLEY BELL GARDENS,E01023460,East Hertfordshire 008E,Investigation complete; no suspect identified
6d0f298e40c884c15999d33faf3ce1033417db4ca642722b735c78a5efa6a3a7,2018-08,Hertfordshire Constabulary,Hertfordshire Constabulary,-0.427348,51.755644,On or near Petrol Station,E01023409,Dacorum 017A,Investigation complete; no suspect identified
8d453b978733ebbfd887e5eaaa2a2b54e1139b887e652a2367a7d3d9beba35da,2018-08,Hertfordshire Constabulary,Hertfordshire Constabulary,-0.227360,51.978036,On or near Supermarket,E01023644,North Hertfordshire 008A,Investigation complete; no suspect identified
d7da0d7c6097bf22b836ee12d844c3feb621ef4a142ea070191300c51ba8f7bd,2018-08,Hertfordshire Constabulary,Hertfordshire Constabulary,-0.284413,51.952365,On or near BEDFORD ROAD,E01023612,North Hertfordshire 012B,Unable to prosecute suspect
811f464d8f8760ed99dbb19c37629baa0f9430fda0a172ff1b898cfea1219e82,2018-08,Hertfordshire Constabulary,Hertfordshire Constabulary,-0.455699,51.723892,On or near BARNES RISE,E01023407,Dacorum 022B,Suspect charged
2140e06b2f7c19ad566137734ca0d78bad93b069d2cc93d25a0da53e58114af2,2018-08,Hertfordshire Constabulary,Hertfordshire Constabulary,-0.357077,51.643793,On or near MILNER COURT,E01023557,Hertsmere 013F,Investigation complete; no suspect identified
83b81b539425071d539b9068692db434dec8a86aa916b71d0f0c80eb984121af,2018-08,Hertfordshire Constabulary,Hertfordshire Constabulary,-0.286216,51.910795,On or near Sports/Recreation Area,E01023625,North Hertfordshire 014E,Offender given a caution
ca1862da227f97e688c24bba13754b25b10bb1956f32d3d6e06b53abde82c122,2018-08,Hertfordshire Constabulary,Hertfordshire Constabulary,-0.422678,51.651329,On or near PRINTERS AVENUE,E01023867,Watford 011E,Unable to prosecute suspect
bd364337eb1eb676ec52aa77d0d9bd690b145a413cb77e61e658451dea3a7224,2018-08,Hertfordshire Constabulary,Hertfordshire Constabulary,-0.236781,51.757400,On or near Parking Area,E01023923,Welwyn Hatfield 012D,Unable to prosecute suspect
71270afbfaa33730093c20fefb56264cbe954b09c560262465efe426473f2a9a,2018-08,Hertfordshire Constabulary,Hertfordshire Constabulary,-0.400866,51.658281,On or near Nightclub,E01023861,Watford 009C,Unable to prosecute suspect
e0402643667e064ef11860fba76f7c8b42d9939bafab6d236d5a35e7d53c2055,2018-08,Hertfordshire Constabulary,Hertfordshire Constabulary,-0.346964,51.719958,On or near SPOONERS DRIVE,E01023718,St Albans 019A,Investigation complete; no suspect identified
708b74952ed652e892c6d1576b646b480d3d340881aa71008e59fc62a39d53b7,2018-08,Hertfordshire Constabulary,Hertfordshire Constabulary,-0.225427,51.687369,On or near BIGNELLS CORNER,E01023584,Hertsmere 004D,Investigation complete; no suspect identified
d92e876a94b801460001721016790a2ca6e78dc778f1d54634eaf81f4658330c,2018-08,Hertfordshire Constabulary,Hertfordshire Constabulary,-0.004176,51.765657,On or near RIVER AVENUE,E01023331,Broxbourne 002E,Unable to prosecute suspect
660c65a11d34962aec2f17ecf790707a536947a51d7da1c66f4ee878ec28ab08,2018-08,Hertfordshire Constabulary,Hertfordshire Constabulary,-0.232602,51.767210,On or near JASMINE GARDENS,E01023921,Welwyn Hatfield 012B,Unable to prosecute suspect
c18e00d3b952801c078516fb1629c0acf6a88c95f7e28f5f945f9c84867d0cc8,2018-08,Hertfordshire Constabulary,Hertfordshire Constabulary,-0.342282,51.730017,On or near WATLING STREET,E01023718,St Albans 019A,Investigation complete; no suspect identified
3dcbdbf925f4057ed5141c3458642fcb62f1a2e20ded75346997400f9191218c,2018-08,Hertfordshire Constabulary,Hertfordshire Constabulary,-0.266376,51.651212,On or near NEWTON CRESCENT,E01023540,Hertsmere 011B,Investigation complete; no suspect identified
1e444a87ef754ad628f74699801ed924a953f94a721dfe7550d1416edb490e7f,2018-08,Hertfordshire Constabulary,Hertfordshire Constabulary,-0.225427,51.687369,On or near BIGNELLS CORNER,E01023584,Hertsmere 004D,Investigation complete; no suspect identified
49e62c7e092208bb20fc1cf9929da8d08a8e00444cd8a4e9fc93061d66b843d4,2018-08,Hertfordshire Constabulary,Hertfordshire Constabulary,-0.225427,51.687369,On or near BIGNELLS CORNER,E01023584,Hertsmere 004D,Investigation complete; no suspect identified
78a0449809724c55384f3d924822e06ee50e5e4bfc24b2499b1d66799a6b11d3,2018-08,Hertfordshire Constabulary,Hertfordshire Constabulary,-0.040375,51.710155,On or near Petrol Station,E01023303,Broxbourne 008B,Investigation complete; no suspect identified
020ffdb96eac86d97f65e56e2aa14ef5cadce747f27c92610cc344359b0d9615,2018-08,Hertfordshire Constabulary,Hertfordshire Constabulary,-0.291470,51.805991,On or near VALE COURT,E01023746,St Albans 004A,Investigation complete; no suspect identified
9b83a855468ec9e5403bfd3749d1d58edf6fa531e71b7711eac6b8731dab015f,2018-08,Hertfordshire Constabulary,Hertfordshire Constabulary,-0.294707,51.709383,On or near B5378,E01023583,Hertsmere 004C,Investigation complete; no suspect identified
e449fa15b8c7bfec52f52447f6405c61e04cc6b282d7966710fed28dd227886f,2018-08,Hertfordshire Constabulary,Hertfordshire Constabulary,-0.470829,51.758645,On or near FIGTREE HILL,E01023399,Dacorum 010C,Investigation complete; no suspect identified
61078edd3736deaa3bc4a4141f02b1c7ca5d1922d241e9d68dae5999e8820ee6,2018-08,Hertfordshire Constabulary,Hertfordshire Constabulary,-0.184271,51.892380,On or near Parking Area,E01023794,Stevenage 010D,Unable to prosecute suspect
34256b41896593c6afb9e9dc37e1a4d280cd534e06dfe2e7d46b9f85d598c3ab,2018-08,Hertfordshire Constabulary,Hertfordshire Constabulary,-0.389646,51.626899,On or near HENBURY WAY,E01023844,Three Rivers 012D,Investigation complete; no suspect identified
43424eb1ac493bbd3cac615576bf26b13d3308fc242df0e2bf0731285302a267,2018-08,Hertfordshire Constabulary,Hertfordshire Constabulary,-0.334091,51.970522,On or near GREAT GREEN,E01023653,North Hertfordshire 014F,Investigation complete; no suspect identified
05259dd265d54a0f8792ef83e990c50fb2026bf33c52728b0fc1b4c04570f83b,2018-08,Hertfordshire Constabulary,Hertfordshire Constabulary,0.174568,51.885656,On or near THE ASPENS,E01023450,East Hertfordshire 004B,Unable to prosecute suspect
e5a7e70cada47e47f0ee572d6f40817943aff9e575340986c96befdae4b7d561,2018-08,Hertfordshire Constabulary,Hertfordshire Constabulary,-0.200491,52.014108,On or near Petrol Station,E01023585,North Hertfordshire 005A,Unable to prosecute suspect
c830615d8ed6abba472da77db47888438f672ffeb516daaf3fc2a21e657380ea,2018-08,Hertfordshire Constabulary,Hertfordshire Constabulary,-0.018794,51.748559,On or near HIGH ROAD,E01023290,Broxbourne 004B,Investigation complete; no suspect identified
76c4f5c27e12e4bf1bdf2d041bc3f12626bef8a98f259c2d059da19a5b50582d,2018-08,Hertfordshire Constabulary,Hertfordshire Constabulary,-0.323883,51.683240,On or near GILLS HILL,E01023525,Hertsmere 005C,Investigation complete; no suspect identified
67652aa1876c029c3b74156aefb436a86d8b853b5915cf97a1cef71e9389dd16,2018-08,Hertfordshire Constabulary,Hertfordshire Constabulary,-0.409080,51.643358,On or near CARACTACUS COTTAGE VIEW,E01023865,Watford 011C,Unable to prosecute suspect
1851bd8d1497d4fdfc64e7249b28ccc8231ca166f110361ca8f87ab61ee35628,2018-08,Hertfordshire Constabulary,Hertfordshire Constabulary,-0.410626,51.662388,On or near STRATFORD WAY,E01023889,Watford 008D,Unable to prosecute suspect
0cc9ae1aee017651278bfd8c2d452f446ada5612d0800bfc6df70d931957c417,2018-08,Hertfordshire Constabulary,Hertfordshire Constabulary,-0.018794,51.748559,On or near HIGH ROAD,E01023290,Broxbourne 004B,Investigation complete; no suspect identified
708e805c49bec8595246a2d0a19e17aae65ef5a9b4cadc94b476b4d7ac66c3d8,2018-08,Hertfordshire Constabulary,Hertfordshire Constabulary,-0.170246,51.991783,On or near CONSTANTINE PLACE,E01023587,North Hertfordshire 004A,Unable to prosecute suspect
7251e402e36d30404838772da8ca6e53b900a009af68061ce32fed178a7a30ec,2018-08,Hertfordshire Constabulary,Hertfordshire Constabulary,-0.383145,51.674836,On or near TUDOR DRIVE,E01023897,Watford 005C,Unable to prosecute suspect
824efbcb50535954972d9310dec8ea7c0011780a779002e3973594b0050bf8a8,2018-08,Hertfordshire Constabulary,Hertfordshire Constabulary,-0.027315,52.058058,On or near DONNE CLOSE,E01023661,North Hertfordshire 001B,Investigation complete; no suspect identified
05cfd2dc97fced80909117627133e4b104e29a5154ba66435542bef2b7936300,2018-08,Hertfordshire Constabulary,Hertfordshire Constabulary,-0.336038,51.739154,On or near WALLINGFORD WALK,E01023738,St Albans 017B,Unable to prosecute suspect
a6a6be16f812a7d43a1bdeece3450b31be4749fd23ba8f06e9624f59c23e4e06,2018-08,Hertfordshire Constabulary,Hertfordshire Constabulary,-0.493730,51.637236,On or near SHEPHERDS FARM,E01023847,Three Rivers 007A,Unable to prosecute suspect
0c1da8c7a4d76ecc336d75636d74fd690d45d28aa02d98c3527ef8b9fc7b5ebc,2018-08,Hertfordshire Constabulary,Hertfordshire Constabulary,-0.208473,51.911247,On or near Supermarket,E01023775,Stevenage 006A,Investigation complete; no suspect identified
c940905b0b0feabc17a02b161ddee2da736c296bbd5158b100cd4cfaa20fb895,2018-08,Hertfordshire Constabulary,Hertfordshire Constabulary,-0.353886,51.753766,On or near ST MICHAEL'S STREET,E01023745,St Albans 014D,Investigation complete; no suspect identified
c83a8643194c35220ccdb5aa8f599df1cb99d0d4a40bcf88975329e004f0b3f1,2018-08,Hertfordshire Constabulary,Hertfordshire Constabulary,-0.373857,51.712447,On or near Petrol Station,E01023732,St Albans 020D,Investigation complete; no suspect identified
87366f976a9fb0f0bbb71bb9b46f31294b2f723b475c15a25edba9a58a3540c3,2018-08,Hertfordshire Constabulary,Hertfordshire Constabulary,-0.561548,51.754971,On or near LORING ROAD,E01023366,Dacorum 014B,Investigation complete; no suspect identified
be17a019fa8e40ac55e478151d7c22e36a19875969fc3f8ee7bde7c17941effb,2018-08,Hertfordshire Constabulary,Hertfordshire Constabulary,0.170332,51.881283,On or near REDVERS CLOSE,E01023451,East Hertfordshire 004C,Investigation complete; no suspect identified
80ef79dddde5bd25b7ec0f0353146ea1aea69adf0e3c63fcf890544b079cb9f2,2018-08,Hertfordshire Constabulary,Hertfordshire Constabulary,-0.302997,51.726111,On or near PETERS AVENUE,E01033028,St Albans 018F,Unable to prosecute suspect
b09941cfb46a227b1fe6750b4070c33be916078006225bb98070f53e5be76371,2018-08,Hertfordshire Constabulary,Hertfordshire Constabulary,-0.295518,51.764794,On or near THE LEYS,E01023735,St Albans 007C,Investigation complete; no suspect identified
e7d052c609f7e6ae54b923a49f6b115321831324250029f1f0d612101ff60969,2018-08,Hertfordshire Constabulary,Hertfordshire Constabulary,0.152696,51.862813,On or near BENHOOKS AVENUE,E01023447,East Hertfordshire 007E,Investigation complete; no suspect identified
383fb5a72781ccb48d0b03e5617aa7000bac7baa09e317ec1da73118513853a7,2018-08,Hertfordshire Constabulary,Hertfordshire Constabulary,-0.373857,51.712447,On or near Petrol Station,E01023732,St Albans 020D,Investigation complete; no suspect identified
2a0e285b76561ad4d91a51e314863b5bd627820baa533fb731f1dcd38bf46764,2018-08,Hertfordshire Constabulary,Hertfordshire Constabulary,-0.297177,51.723014,On or near Supermarket,E01023706,St Albans 018C,Investigation complete; no suspect identified
86c3ed3032b884be9d07a6b1439f756fb9557c5748d53c16608ea6c7fd0d1b3d,2018-08,Hertfordshire Constabulary,Hertfordshire Constabulary,-0.560800,51.756167,On or near PHEASANT CLOSE,E01023366,Dacorum 014B,Investigation complete; no suspect identified
d68a0eb71fd8b4c8f32831bb68e30f4bdbbb320e6434e61eb949bc89bd97f63b,2018-08,Hertfordshire Constabulary,Hertfordshire Constabulary,-0.269992,51.963340,On or near BILTON ROAD,E01023605,North Hertfordshire 010E,Investigation complete; no suspect identified
fb3cb14b29520a27974338ffaeea35fd21b989b427a579833ef18cba174762af,2018-08,Hertfordshire Constabulary,Hertfordshire Constabulary,-0.314072,51.771680,On or near WHEAT CLOSE,E01023709,St Albans 008A,Investigation complete; no suspect identified
269ed765281d8424a319a166c2a03c0d9356346714c4630719e52a47909e1ec3,2018-08,Hertfordshire Constabulary,Hertfordshire Constabulary,-0.018011,51.777015,On or near ELLIS CLOSE,E01023317,Broxbourne 001B,Investigation complete; no suspect identified
af1063bba7f7c9fb3391b2a86264dbdad451334fc911241d860e4352b93d3c90,2018-08,Hertfordshire Constabulary,Hertfordshire Constabulary,-0.009610,51.761712,On or near Nightclub,E01023320,Broxbourne 003A,Unable to prosecute suspect
ed317cbfb35fac462be384f1c12d31fce963e9d7bfd74ad8e49fc6ec845f4040,2018-08,Hertfordshire Constabulary,Hertfordshire Constabulary,-0.095440,51.819578,On or near BARLEY CROFT,E01023485,East Hertfordshire 010A,Investigation complete; no suspect identified
095e1e61f11b69ecd026a82a3e28b65aaa6544ae8a80da5585e0982d92f1683c,2018-08,Hertfordshire Constabulary,Hertfordshire Constabulary,-0.035309,51.697804,On or near LABURNUM CLOSE,E01023333,Broxbourne 012B,Unable to prosecute suspect
1ea9484b4b5d5075ba2af9da500d49b281d7f9e9353aa82059555225911983a9,2018-08,Hertfordshire Constabulary,Hertfordshire Constabulary,-0.223883,51.978326,On or near NORTON WAY SOUTH,E01023631,North Hertfordshire 006B,Investigation complete; no suspect identified
9ef69100a4570179c7e4ce3b65644068894e70da95afe387076a52103eb9baec,2018-08,Hertfordshire Constabulary,Hertfordshire Constabulary,-0.228835,51.763107,On or near Supermarket,E01023920,Welwyn Hatfield 012A,Investigation complete; no suspect identified
6998c5e895dfc29c308d27c682aed8b9f27a688cc3fb12b31bb27fdc0b6d585c,2018-08,Hertfordshire Constabulary,Hertfordshire Constabulary,-0.168791,51.798353,On or near ANDREWSFIELD,E01023952,Welwyn Hatfield 005C,Unable to prosecute suspect
1ae5ed88d82f93c82c98a6bf305bd493659e201594482ac825e7de9aab7649fe,2018-08,Hertfordshire Constabulary,Hertfordshire Constabulary,0.165259,51.862493,On or near SOUTHMILL ROAD,E01023444,East Hertfordshire 007B,Investigation complete; no suspect identified
2d4ec3b2ce41e547d826c0e948c7edd4ef2afef6892d1b329c0b1418977206c6,2018-08,Hertfordshire Constabulary,Hertfordshire Constabulary,-0.190545,51.904058,On or near LINKWAYS WEST,E01023757,Stevenage 008C,Investigation complete; no suspect identified
941a0fa0e866abf1e700967ede4a29392aa92da2ed5c3bcf2e40e7fc495f4278,2018-08,Hertfordshire Constabulary,Hertfordshire Constabulary,-0.342090,51.724160,On or near HAWFIELD GARDENS,E01023718,St Albans 019A,Investigation complete; no suspect identified
8764d4cf858e137c9331321e5484f1d4566913567af1ef0ad0406b8c423b0407,2018-08,Hertfordshire Constabulary,Hertfordshire Constabulary,-0.263117,51.664607,On or near GATE CLOSE,E01023545,Hertsmere 009B,Investigation complete; no suspect identified
12a475f7e2887e8b6844d3bbec9f6049070b306e75f56c27886ed8aefc868f04,2018-08,Hertfordshire Constabulary,Hertfordshire Constabulary,-0.181774,51.892674,On or near WILLIAM PLACE,E01023794,Stevenage 010D,Unable to prosecute suspect
1c52c6c6add71f14b6700b37c36bad2576fddc982121c20f90bb47e77f47c0bd,2018-08,Hertfordshire Constabulary,Hertfordshire Constabulary,-0.204587,51.801198,On or near Shopping Area,E01023918,Welwyn Hatfield 006C,Investigation complete; no suspect identified
1399a43fd822030867d66db4a133d6901048696edc73b85afc3c17211c02f734,2018-08,Hertfordshire Constabulary,Hertfordshire Constabulary,-0.297960,51.781177,On or near SHOTTFIELD CLOSE,E01023736,St Albans 007D,Investigation complete; no suspect identified
888ee1606a9194a15c0a56055f1755cbf58d4e36f74cfd631a4f3552a71ffd55,2018-08,Hertfordshire Constabulary,Hertfordshire Constabulary,0.188575,51.873661,On or near WOODSIDE,E01023440,East Hertfordshire 005C,Investigation complete; no suspect identified
9ff32efa50fae1fc73d028a8995eb928f0092bfac0a453a5398b338ed0b76332,2018-08,Hertfordshire Constabulary,Hertfordshire Constabulary,0.160007,51.859873,On or near THORLEY HILL,E01023458,East Hertfordshire 008C,Unable to prosecute suspect
1fa2748683358eab2720e3774ef1bb1ea55e50c66d56afc918412e2f632c3192,2018-08,Hertfordshire Constabulary,Hertfordshire Constabulary,-0.181774,51.892674,On or near WILLIAM PLACE,E01023794,Stevenage 010D,Unable to prosecute suspect
2f214d72c0788c7ee5a2b7b061eca27c5af323dd36e9556ead71982159ba7a17,2018-08,Hertfordshire Constabulary,Hertfordshire Constabulary,-0.277589,51.955763,On or near YORK ROAD,E01023602,North Hertfordshire 010B,Investigation complete; no suspect identified
5c0a49f8bec013325ef551dfd58bd77cafa9b362d76cf039ce6bc8e8c302070e,2018-08,Hertfordshire Constabulary,Hertfordshire Constabulary,-0.000337,51.772175,On or near ST CUTHBERTS ROAD,E01023328,Broxbourne 002B,Suspect charged
838a7d682890673f3c4dab21ac5d1d744e7614b48792ee79b7140e5dcd0d137f,2018-08,Hertfordshire Constabulary,Hertfordshire Constabulary,-0.036275,51.716920,On or near Parking Area,E01023305,Broxbourne 008D,Suspect charged
838a7d682890673f3c4dab21ac5d1d744e7614b48792ee79b7140e5dcd0d137f,2018-08,Hertfordshire Constabulary,Hertfordshire Constabulary,-0.036275,51.716920,On or near Parking Area,E01023305,Broxbourne 008D,Suspect charged
8e01bde352a597a9c154277183aed4516e8ade30521a5ff023ff397a9f8a0055,2018-08,Hertfordshire Constabulary,Hertfordshire Constabulary,-0.190883,51.980629,On or near THE DELL,E01023592,North Hertfordshire 004F,Offender given a caution
5adc4f2e8e2fd35278a28fbb9e7f45f848f609c7fd6fb967c41792e63598b2cf,2018-08,Hertfordshire Constabulary,Hertfordshire Constabulary,-0.208263,51.801029,On or near Supermarket,E01023918,Welwyn Hatfield 006C,Investigation complete; no suspect identified
601047edeafab150727c4f81a39fd7de819b750a8b63eb2e3ec8cefaa912230c,2018-08,Hertfordshire Constabulary,Hertfordshire Constabulary,-0.149229,51.889604,On or near WRIGHTS ORCHARD,E01023467,East Hertfordshire 002A,Investigation complete; no suspect identified
c1558d25ed173446da6512a76e72590c3a08f24522cbeba71480389b668dfab0,2018-08,Hertfordshire Constabulary,Hertfordshire Constabulary,-0.023875,51.685554,On or near ELEANOR CROSS ROAD,E01023338,Broxbourne 013C,Unable to prosecute suspect
d217a41e57edb7a36571f1f08b2c822cd3f998f5904f0219dd04e973b4787bb6,2018-08,Hertfordshire Constabulary,Hertfordshire Constabulary,-0.211912,51.924230,On or near Hospital,E01023800,Stevenage 002E,Offender given a caution
6a35b4f772eda0c751324d6c0c393310919e6fcc607949ed2a204b112fddbd15,2018-08,Hertfordshire Constabulary,Hertfordshire Constabulary,-0.285010,51.669550,On or near ALLERTON CLOSE,E01023536,Hertsmere 006C,Unable to prosecute suspect
18f5875984f5b35d6a3c5c32dd9fb76f3d9b37d5b8660da20a31e5b1ee7b9fe0,2018-08,Hertfordshire Constabulary,Hertfordshire Constabulary,-0.050165,51.711729,On or near FLAMSTEAD END ROAD,E01023326,Broxbourne 009D,Investigation complete; no suspect identified
148f8ae076a082c8c3896a26c935c8da5abffcb9a7fc1a0f8b15609ebcd79f00,2018-08,Hertfordshire Constabulary,Hertfordshire Constabulary,-0.208546,51.907229,On or near Pedestrian Subway,E01023775,Stevenage 006A,Investigation complete; no suspect identified
7c321095c11a281017df65cea2fc25ec539012e1df3bea85f082d6fd9bb8c589,2018-08,Hertfordshire Constabulary,Hertfordshire Constabulary,-0.168810,51.880891,On or near LYGRAVE,E01023766,Stevenage 012D,Offender given a caution
8096f89da09bb9aed03ca62e106e0315f1f68da4ad34d5b4f5da490f28c3c1f4,2018-08,Hertfordshire Constabulary,Hertfordshire Constabulary,-0.228319,51.772208,On or near TALBOT ROAD,E01023929,Welwyn Hatfield 010A,Investigation complete; no suspect identified
e0f578fe3361a6ae418df2990f086b560eb9c66b177e12589689f88ef4c28527,2018-08,Hertfordshire Constabulary,Hertfordshire Constabulary,-0.350814,51.717188,On or near WHITEBEAMS,E01023719,St Albans 019B,Investigation complete; no suspect identified
8d7409851b29f33424a5b389f3f0a91dd6bd629fb88ce67273faf09b34b6cb96,2018-08,Hertfordshire Constabulary,Hertfordshire Constabulary,-0.168810,51.880891,On or near LYGRAVE,E01023766,Stevenage 012D,Offender given a caution
4b245edb14375006ba117231aacb21bb37af1e68b823dee803a0a5af728ee4b2,2018-08,Hertfordshire Constabulary,Hertfordshire Constabulary,-0.338894,51.748160,On or near BARDWELL ROAD,E01023727,St Albans 012B,Investigation complete; no suspect identified
ffd971b8d51a8e16710818e49b16914e90fc4111c80eb7369e0cdceb2fde8b13,2018-08,Hertfordshire Constabulary,Hertfordshire Constabulary,-0.402521,51.654383,On or near ADDISCOMBE ROAD,E01023899,Watford 010A,Investigation complete; no suspect identified
6313c8e23e2aabaea39940657357d2f1fcb3eadcc6c8ef9f4441ffc8bb5c0171,2018-08,Hertfordshire Constabulary,Hertfordshire Constabulary,-0.117439,51.937440,On or near Park/Open Space,E01023508,East Hertfordshire 002D,Investigation complete; no suspect identified
cd9c9dd325d5c824f22adee0c1574b9d85ea4c222648811e8fa01762f0f7f7ae,2018-08,Hertfordshire Constabulary,Hertfordshire Constabulary,-0.290879,51.695362,On or near LAXTON GARDENS,E01023582,Hertsmere 004B,Investigation complete; no suspect identified
a74216ed0fcf1b3de24540ac4a5e04b668d276b050257a7a0a78dcdc9f1bf36d,2018-08,Hertfordshire Constabulary,Hertfordshire Constabulary,-0.034030,51.686569,On or near SWAN ROAD,E01023337,Broxbourne 013B,Investigation complete; no suspect identified
5311780525a27a23776c33467b120d118f9baacc10645f16742e0db68cbab7a4,2018-08,Hertfordshire Constabulary,Hertfordshire Constabulary,-0.222191,51.673949,On or near Park/Open Space,E01023584,Hertsmere 004D,Investigation complete; no suspect identified
5b842957fdea695aac91fadf9ffbd6fe5956e7b4f8d041e24a5afd0b546d6c47,2018-08,Hertfordshire Constabulary,Hertfordshire Constabulary,-0.286632,51.717772,On or near ALSOP CLOSE,E01023704,St Albans 018A,Suspect charged
1cfcb3d97cab3f2481682de33460a7460b96b71741062489b0ff16de717c6a44,2018-08,Hertfordshire Constabulary,Hertfordshire Constabulary,-0.426299,51.823311,On or near Petrol Station,E01023430,Dacorum 001A,Investigation complete; no suspect identified
dcc36abbaf065b84ef632b51dd9d0143b1ef6eaea10a8b9225638338f5df0b90,2018-08,Hertfordshire Constabulary,Hertfordshire Constabulary,-0.189086,51.903109,On or near EXCHANGE ROAD,E01023757,Stevenage 008C,Investigation complete; no suspect identified
1103105e04c8b55959b9f6a8e0a27322a9e395567495ad3458ae324ca254786f,2018-08,Hertfordshire Constabulary,Hertfordshire Constabulary,-0.663487,51.811859,On or near Park/Open Space,E01023419,Dacorum 003B,Investigation complete; no suspect identified
8b095dc1d8124d1ab68f00a3b4bdc50bec729f0dfdba5575bb437d8b4811ad99,2018-08,Hertfordshire Constabulary,Hertfordshire Constabulary,-0.032214,51.685082,On or near Supermarket,E01023337,Broxbourne 013B,Investigation complete; no suspect identified
43098492e4859de483bd99d5b5c34f6a1ab5499259e7170463f5b581126e65b1,2018-08,Hertfordshire Constabulary,Hertfordshire Constabulary,-0.214941,51.830598,On or near Supermarket,E01023969,Welwyn Hatfield 002C,Investigation complete; no suspect identified
4f0e2078956e8f3fc7307f6c61f0538c6b148757147bc621553426e96d09b94d,2018-08,Hertfordshire Constabulary,Hertfordshire Constabulary,-0.488966,51.764815,On or near GALLEY HILL,E01023390,Dacorum 010A,Unable to prosecute suspect
4c18e3817e4c691820082c8e1703c5f2475c1802cd8229dabc995d262af305de,2018-08,Hertfordshire Constabulary,Hertfordshire Constabulary,-0.199079,51.984306,On or near LETCHWORTH ROAD,E01023641,North Hertfordshire 009C,Offender given a caution
5da7dd0d3d81d86eea908ea00db9625bff898b2b93b8bf121a2ec52808c51488,2018-08,Hertfordshire Constabulary,Hertfordshire Constabulary,-0.172829,51.788875,On or near THISTLE GROVE,E01023945,Welwyn Hatfield 008C,Investigation complete; no suspect identified
4ddc5acefe02bb16bfb762fd70eedead3534aef929595aba15617461835c42b3,2018-08,Hertfordshire Constabulary,Hertfordshire Constabulary,-0.172716,51.801714,On or near Parking Area,E01023951,Welwyn Hatfield 005B,Suspect charged
a9762c996b5040ce2dd5643c3e30eaa6ca86e475f2312f6fcda5cb6d30f1439f,2018-08,Hertfordshire Constabulary,Hertfordshire Constabulary,-0.541368,51.724753,On or near Prison,E01023373,Dacorum 021A,Investigation complete; no suspect identified
404e97bab2452aa26b675c53b192c2de9e7f6f0601e72dfc69b1f1af1f527739,2018-08,Hertfordshire Constabulary,Hertfordshire Constabulary,-0.447398,51.709656,On or near LANGLEY CRESCENT,E01023406,Dacorum 022A,Offender given a caution
fbd30ad6981754c1829d9f2a2470e9e2ac6919c42e2d537876b98e56f7c878b2,2018-08,Hertfordshire Constabulary,Hertfordshire Constabulary,-0.341005,51.805189,On or near COLESWOOD ROAD,E01023697,St Albans 005C,Unable to prosecute suspect
a6249f5c6684e8aaa66db68676704df4c47ddbefb99d2bb6e28b8f5c560ebe48,2018-08,Hertfordshire Constabulary,Hertfordshire Constabulary,0.066852,51.843635,On or near STATION ROAD,E01023497,East Hertfordshire 009D,Unable to prosecute suspect
1e1f80d4d2bf7c6729804680383351d1e88342b6f88e193ca38afcc93fcbcd6c,2018-08,Hertfordshire Constabulary,Hertfordshire Constabulary,-0.226733,51.985059,On or near Park/Open Space,E01023634,North Hertfordshire 006E,Investigation complete; no suspect identified
38b6fff4910846c45424663c76724bafe24a545dd04a9299f91d0d20d9430b8b,2018-08,Hertfordshire Constabulary,Hertfordshire Constabulary,0.161030,51.869414,On or near Shopping Area,E01023449,East Hertfordshire 004A,Suspect charged
d74c6817c39dfba61b7f4a96f1efd3827ad07d75613b884f4a67d627d3d36439,2018-08,Hertfordshire Constabulary,Hertfordshire Constabulary,-0.215849,51.925809,On or near Parking Area,E01023800,Stevenage 002E,Unable to prosecute suspect
de9d4dc3215534df258064f6e7c18b3d5210513a088eeae6a2d1756d2cbe07d5,2018-08,Hertfordshire Constabulary,Hertfordshire Constabulary,-0.388687,51.627047,On or near BRIDLINGTON ROAD,E01023844,Three Rivers 012D,Investigation complete; no suspect identified
12b5c4bf972151f887f0155ec1ab17f2dc92201b2febfb2bc7daf7e9b32ab716,2018-08,Hertfordshire Constabulary,Hertfordshire Constabulary,-0.299815,51.747646,On or near STURMER CLOSE,E01023677,St Albans 015A,Unable to prosecute suspect
611290c273b603a86740ed00082bb292524fb1c4b61a89d24380591bd3479cd9,2018-08,Hertfordshire Constabulary,Hertfordshire Constabulary,-0.230723,51.977664,On or near Further/Higher Educational Building,E01023645,North Hertfordshire 008B,Investigation complete; no suspect identified
d7da63c3c35dc278a7d69a23030837883bd9e098923dd9693679f5a90b62790b,2018-08,Hertfordshire Constabulary,Hertfordshire Constabulary,-0.445572,51.769239,On or near EASTMAN WAY,E01023346,Dacorum 013B,Investigation complete; no suspect identified
d349a62872435c60de72060c98f33ae90a57dcdf2bda0d6ce5654a8cfac78075,2018-08,Hertfordshire Constabulary,Hertfordshire Constabulary,-0.205948,51.802352,On or near Shopping Area,E01023918,Welwyn Hatfield 006C,Investigation complete; no suspect identified
a176869c31aa3c81dbca444cbb1fb67b497ca1ecf305f77946a608ef87779315,2018-08,Hertfordshire Constabulary,Hertfordshire Constabulary,-0.222268,51.984551,On or near NORTON WAY NORTH,E01023633,North Hertfordshire 006D,Unable to prosecute suspect
e049e6afdaaef7a5306f06fa8b7911e31defa8fd7f2241f9db561371b783c8bc,2018-08,Hertfordshire Constabulary,Hertfordshire Constabulary,-0.429158,51.675460,On or near GROVE MILL LANE,E01023854,Three Rivers 003D,Unable to prosecute suspect
3b47161d6516b420fc128bc42389ab5ca0adcacc4f18d234447d03f7844b6c00,2018-08,Hertfordshire Constabulary,Hertfordshire Constabulary,-0.167301,51.895471,On or near KYMSWELL ROAD,E01023754,Stevenage 009E,Offender given a caution
dc7deb03f66fd8ccc400af88bad4478caaacb7bc395568dfc88f5fa3ffaac65d,2018-08,Hertfordshire Constabulary,Hertfordshire Constabulary,-0.388687,51.627047,On or near BRIDLINGTON ROAD,E01023844,Three Rivers 012D,Suspect charged
a506a91b9d77024e1444666cc8d3524caafa2dbed436bd8afc98a40690d3f5a9,2018-08,Hertfordshire Constabulary,Hertfordshire Constabulary,-0.112543,51.708144,On or near Supermarket,E01023947,Welwyn Hatfield 016A,Investigation complete; no suspect identified
4e53438c4d2c4d3fd189f8ce1b102719e4f2285d74a8ca918633eed42da74f06,2018-08,Hertfordshire Constabulary,Hertfordshire Constabulary,-0.388687,51.627047,On or near BRIDLINGTON ROAD,E01023844,Three Rivers 012D,Investigation complete; no suspect identified
150c5de7e85bedbc4ec3180c7abecd34904943be93a00cff6f2ae96a44dc4642,2018-08,Hertfordshire Constabulary,Hertfordshire Constabulary,-0.082669,51.803230,On or near CROSS ROAD,E01023474,East Hertfordshire 014E,Investigation complete; no suspect identified
5994da005eb894a15097dfbd715c616fb616a92b8b13b5f813b9907838731c7c,2018-08,Hertfordshire Constabulary,Hertfordshire Constabulary,-0.388687,51.627047,On or near BRIDLINGTON ROAD,E01023844,Three Rivers 012D,Investigation complete; no suspect identified
356cb2e0066ef1b419626539c99db4df815613210e5d84c78908866edeb59c1f,2018-08,Hertfordshire Constabulary,Hertfordshire Constabulary,-0.228835,51.763107,On or near Supermarket,E01023920,Welwyn Hatfield 012A,Investigation complete; no suspect identified
5615806176b449c22e1c7112c8451405bc69a4c6d20499c8c8a36f179150776a,2018-08,Hertfordshire Constabulary,Hertfordshire Constabulary,-0.254782,51.652712,On or near BALMORAL DRIVE,E01023546,Hertsmere 009C,Unable to prosecute suspect
0538fa486bfde9401d2e30adc951b6aad8c8d167ed7ae14412d982defe581561,2018-08,Hertfordshire Constabulary,Hertfordshire Constabulary,0.153143,51.865467,On or near WEST ROAD,E01023447,East Hertfordshire 007E,Unable to prosecute suspect
b071f9f5bf5036aa29f41ed5479e4d5e993131d65fd3a7f28228199419307b68,2018-08,Hertfordshire Constabulary,Hertfordshire Constabulary,-0.234157,51.745194,On or near SHALLCROSS CRESCENT,E01023932,Welwyn Hatfield 013A,Unable to prosecute suspect
8db2f266c9a28628440edcd3be0b7ac29dfeac474a4dd7a397a13b2e9bb3c5bf,2018-08,Hertfordshire Constabulary,Hertfordshire Constabulary,-0.169670,51.912637,On or near MOBBSBURY WAY,E01023769,Stevenage 004C,Investigation complete; no suspect identified
dd6c6fb3bbac593a8eae365395e4f3fb2626433e86f94bc326d915972ceabf13,2018-08,Hertfordshire Constabulary,Hertfordshire Constabulary,-0.586544,51.767377,On or near STONEY CLOSE,E01023369,Dacorum 012A,Investigation complete; no suspect identified
81a337239f7282c9bc4571b26e39f718931ec04159ca34e4e52edd0a4d89c774,2018-08,Hertfordshire Constabulary,Hertfordshire Constabulary,0.155685,51.854233,On or near PARK AVENUE,E01023460,East Hertfordshire 008E,Investigation complete; no suspect identified
ad435df6f47d2f5bd7dba36741f0f02790d09ad804c28ba2ec7d2915214cf848,2018-08,Hertfordshire Constabulary,Hertfordshire Constabulary,-0.403362,51.679806,On or near FOXHILL,E01023870,Watford 004C,Investigation complete; no suspect identified
f97c143818f728d44ce74b6e495bec96679fee8b09e66b970cc4f31fceba6ae5,2018-08,Hertfordshire Constabulary,Hertfordshire Constabulary,-0.225346,51.764133,On or near WELLFIELD ROAD,E01023920,Welwyn Hatfield 012A,Investigation complete; no suspect identified
54160ae291e7a1fd82af0e3dfc965e086b4d53ca52741a8d191f85ced9ecad04,2018-08,Hertfordshire Constabulary,Hertfordshire Constabulary,-0.170509,51.918837,On or near Pedestrian Subway,E01023771,Stevenage 003A,Unable to prosecute suspect
85de620f4a3091fbee624da0f5062645e3662bb13167ca7a2c86cc878c7fc41a,2018-08,Hertfordshire Constabulary,Hertfordshire Constabulary,-0.176717,51.692747,On or near HIGHVIEW CLOSE,E01023572,Hertsmere 003B,Unable to prosecute suspect
23f7835abc68ad185d95aeda55509ea7e836dc2e8e73e84999fc9e3cd7cb0313,2018-08,Hertfordshire Constabulary,Hertfordshire Constabulary,-0.224955,51.914329,On or near Pedestrian Subway,E01023797,Stevenage 005C,Unable to prosecute suspect
e4360d5a183438cf8fddeb18dc3153f983c66226460a52a145d5c5bdfff2ff74,2018-08,Hertfordshire Constabulary,Hertfordshire Constabulary,0.164738,51.860713,On or near Petrol Station,E01023444,East Hertfordshire 007B,Action to be taken by another organisation
3f1b26dedc007cc6b657e57dc2c0249dc1cb323ee923bea24a6836881071ebcc,2018-08,Hertfordshire Constabulary,Hertfordshire Constabulary,-0.349323,51.741832,On or near ST STEPHEN'S HILL,E01023743,St Albans 014B,Investigation complete; no suspect identified
6ad318c6c202bb320037d69eacc27d9a02a37f7e8455400f63e8786085d21950,2018-08,Hertfordshire Constabulary,Hertfordshire Constabulary,-0.337328,51.753722,On or near ST PETER'S STREET,E01023727,St Albans 012B,Unable to prosecute suspect
e4a32b271f2da4748a1e43927a8b1406f81874cb71cc1ec4c2db41ecafb0ce7e,2018-08,Hertfordshire Constabulary,Hertfordshire Constabulary,-0.310570,51.751344,On or near SUTTON ROAD,E01023674,St Albans 011B,Investigation complete; no suspect identified
45c0856a9e064cb81f800990a323697816af154027f5abc0c14e505269a2bc07,2018-08,Hertfordshire Constabulary,Hertfordshire Constabulary,-0.133217,51.806399,On or near HERTFORD ROAD,E01023486,East Hertfordshire 010B,Investigation complete; no suspect identified
f9d9353a0e4d0ddae8dc5ddbd655191d339c377cf1fc5691dcf79ba36d93fe5a,2018-08,Hertfordshire Constabulary,Hertfordshire Constabulary,-0.383466,51.622318,On or near GANTON WALK,E01023805,Three Rivers 010A,Investigation complete; no suspect identified
2c19468d6c55c2aa5554fe68842195ac61f15e630b3cdb8ef0447c134e222a7b,2018-08,Hertfordshire Constabulary,Hertfordshire Constabulary,-0.198503,51.913702,On or near ROWAN CRESCENT,E01023778,Stevenage 002C,Unable to prosecute suspect
907665f9f51e1d16acba3652ee6f3b756592436281c562115846f2bca9cfb4a8,2018-08,Hertfordshire Constabulary,Hertfordshire Constabulary,-0.222191,51.673949,On or near Park/Open Space,E01023584,Hertsmere 004D,Investigation complete; no suspect identified
d393c03402585736fa72ba45d1600495ef028a4a9471ec1aaae90b5b8fb4609b,2018-08,Hertfordshire Constabulary,Hertfordshire Constabulary,-0.233833,51.769845,On or near Pedestrian Subway,E01033311,Welwyn Hatfield 010F,Investigation complete; no suspect identified
f56f98e28a27a2ced30f1792f6746fda3a0905941ccc87983ab9304e36c75f83,2018-08,Hertfordshire Constabulary,Hertfordshire Constabulary,-0.347419,51.783294,On or near CHILDWICK GREEN,E01023722,St Albans 006A,Unable to prosecute suspect
63985ef115657f300d8e1acf7c5c96b3fb795128be47f5c81f9b17c929e31eee,2018-08,Hertfordshire Constabulary,Hertfordshire Constabulary,-0.299573,51.781839,On or near LANGLEY GROVE,E01023736,St Albans 007D,Unable to prosecute suspect
057db8b41f48048c8348bc275bd7306c1c7a1c6bc367b2e971de305e69eb6ed5,2018-08,Hertfordshire Constabulary,Hertfordshire Constabulary,-0.202790,51.901746,On or near Bus/Coach Station,E01023758,Stevenage 008D,Investigation complete; no suspect identified
f7d1a0c2990c79eaf46250717502078b1c4abebae2fedb7d9e64a2eaa5a05a65,2018-08,Hertfordshire Constabulary,Hertfordshire Constabulary,-0.437409,51.777727,On or near NORTHAW CLOSE,E01023437,Dacorum 005D,Suspect charged
db1bbdb7499fc29b83a637ae1ae77eccb1233c97dc2b76c96fcd078844f62b9d,2018-08,Hertfordshire Constabulary,Hertfordshire Constabulary,-0.353392,51.637007,On or near ASH HILL CLOSE,E01023550,Hertsmere 013C,Investigation complete; no suspect identified
03118311ddf56a0817681ffb97c9b0244a0e5ead0ad65138c35ec6fc6ba0f9eb,2018-08,Hertfordshire Constabulary,Hertfordshire Constabulary,-0.465164,51.743232,On or near JOHNSON COURT,E01023386,Dacorum 019A,Unable to prosecute suspect
9205b4c5dc71f508232685492c0dd391ec0b46afcdab7bed81d19385022a5fe0,2018-08,Hertfordshire Constabulary,Hertfordshire Constabulary,-0.184485,51.912309,On or near WEBB RISE,E01023781,Stevenage 006D,Investigation complete; no suspect identified
d574c1e57e79922f12faa44f4f60995a2dc193fb03657c1a89fc8d7a14f2c060,2018-08,Hertfordshire Constabulary,Hertfordshire Constabulary,-0.397609,51.668245,On or near Supermarket,E01023855,Watford 006A,Offender given a caution
19cea8785da3a37d672c708a400bfac1933c0e69a83b49475ea6f72ea2379827,2018-08,Hertfordshire Constabulary,Hertfordshire Constabulary,-0.318657,51.686474,On or near Petrol Station,E01023525,Hertsmere 005C,Investigation complete; no suspect identified
447f40c456e8b48d049c50ea1ba419213509b9946a7f1fd745ead0f34bca1029,2018-08,Hertfordshire Constabulary,Hertfordshire Constabulary,-0.460391,51.745174,On or near JENNINGS WAY,E01023387,Dacorum 019B,Unable to prosecute suspect
9d2cfd8f5adbef445d3135cd25f073d4ba5a616c919799d0468cc556bd528553,2018-08,Hertfordshire Constabulary,Hertfordshire Constabulary,-0.496554,51.644933,On or near EDINBURGH AVENUE,E01023848,Three Rivers 007B,Investigation complete; no suspect identified
66aebe66a9ab138236e51e1edba8b4b7ddda1c3f27b93535bc5f2fcddaa3c085,2018-08,Hertfordshire Constabulary,Hertfordshire Constabulary,0.014510,51.787253,On or near TROTTERS GAP,E01023504,East Hertfordshire 018E,Suspect charged
4ea9caae3e23047ed1e245f6afe9804b0923a57e2faf91dc13e78ca1efaa50d3,2018-08,Hertfordshire Constabulary,Hertfordshire Constabulary,-0.436302,51.753551,On or near A414,E01023411,Dacorum 017C,Investigation complete; no suspect identified
e474d3b3195cc1848f29bca3231f2244033b9d266979fc46fbd1a0c05ff04b0b,2018-08,Hertfordshire Constabulary,Hertfordshire Constabulary,-0.312394,51.743619,On or near Supermarket,E01023683,St Albans 016C,Suspect charged
272ab15e8111fa30c3a4bb2e9567ac83214f6c08a614700c2bff46039656163a,2018-08,Hertfordshire Constabulary,Hertfordshire Constabulary,-0.208473,51.911247,On or near Supermarket,E01023775,Stevenage 006A,Investigation complete; no suspect identified
ff439faf217da358b9f9f4d6dd3f137f6c304982ab6d6bafb09f04ccc5b3265a,2018-08,Hertfordshire Constabulary,Hertfordshire Constabulary,-0.186026,51.916262,On or near WISDEN ROAD,E01023781,Stevenage 006D,Offender given a caution
f9518d4908dcc55e075d79f0498aa42bdb3819e0f9ef4b2d8a7183ecfa59fb3c,2018-08,Hertfordshire Constabulary,Hertfordshire Constabulary,-0.215849,51.925809,On or near Parking Area,E01023800,Stevenage 002E,Unable to prosecute suspect
718b80bbeb074e0eb732900cd6ae3ae76d180738ffaec53e1b5d72a5f34c8c8b,2018-08,Hertfordshire Constabulary,Hertfordshire Constabulary,-0.341839,51.728653,On or near WATLING STREET,E01023718,St Albans 019A,Investigation complete; no suspect identified
c9da8cee1ef0a46eafd7176bf6d455e2c0dc27391f165ac72f35749417883ed7,2018-08,Hertfordshire Constabulary,Hertfordshire Constabulary,-0.214864,51.823745,On or near Petrol Station,E01023970,Welwyn Hatfield 002D,Investigation complete; no suspect identified
dec3e531adbfe3c35c2842e963ebbd51844461bd2c62cc0f3034231b882c6f81,2018-08,Hertfordshire Constabulary,Hertfordshire Constabulary,-0.064980,51.875534,On or near KENNEDY ROAD,E01023495,East Hertfordshire 002C,Investigation complete; no suspect identified
2c37629672127a647e3aaa3fe5923055b1b0b90b87b9162e3ea56433c61f523d,2018-08,Hertfordshire Constabulary,Hertfordshire Constabulary,-0.435984,51.743872,On or near WESTRAY,E01023413,Dacorum 017E,Investigation complete; no suspect identified
6766d6eca46bd30ac8f53d94eeea056aa66ee07b803f2442ebb1d8e4610df251,2018-08,Hertfordshire Constabulary,Hertfordshire Constabulary,-0.445336,51.764722,On or near AVEBURY COURT,E01023346,Dacorum 013B,Investigation complete; no suspect identified
91d8df6667e7088868988e64110a71a5004e103b4ffe2c0890db7504e681b71b,2018-08,Hertfordshire Constabulary,Hertfordshire Constabulary,-0.159382,51.873721,On or near PEMBRIDGE GARDENS,E01023763,Stevenage 012A,Investigation complete; no suspect identified
df57a55328f06d3cbca12069bf4aec66f779f04ee8d351741c8c58784c97fc9f,2018-08,Hertfordshire Constabulary,Hertfordshire Constabulary,0.002733,51.767860,On or near CECIL ROAD,E01023330,Broxbourne 002D,Investigation complete; no suspect identified
dedbf3c9938a012df6b69bf0b30d9b9d0c26ad895143a09441f572b755767d80,2018-08,Hertfordshire Constabulary,Hertfordshire Constabulary,-0.087457,51.796330,On or near CROSS LANE,E01023479,East Hertfordshire 017E,Investigation complete; no suspect identified
2f8b2c386c8bb57f6f7deef410023f9115ec8d54b7189e3c48abaf7fc7540943,2018-08,Hertfordshire Constabulary,Hertfordshire Constabulary,0.014510,51.787253,On or near TROTTERS GAP,E01023504,East Hertfordshire 018E,Suspect charged
28608e5f38af46cc16b35c6fffa6283ea6caa81299c4889281ef9ca19468ef5b,2018-08,Hertfordshire Constabulary,Hertfordshire Constabulary,-0.000207,51.788565,On or near WOODHAM WAY,E01023469,East Hertfordshire 018B,Investigation complete; no suspect identified
73bf79132388a85b32768f4bffbd58bacd1ccd977bb52182745dc286fca4354c,2018-08,Hertfordshire Constabulary,Hertfordshire Constabulary,-0.152442,51.753029,On or near THE COURTYARD,E01023925,Welwyn Hatfield 011B,Investigation complete; no suspect identified
84633b58378a8927998582636995b4a0c7fcddce0c511d62cc385b9e3ca80a62,2018-08,Hertfordshire Constabulary,Hertfordshire Constabulary,-0.390431,51.652465,On or near NEW ROAD,E01023860,Watford 009B,Suspect charged
7bc18a6eafb76d882858ca0daad73e76b7f2040e40324f838d1a7d78408ece24,2018-08,Hertfordshire Constabulary,Hertfordshire Constabulary,-0.471974,51.757770,On or near QUEENSWAY,E01023400,Dacorum 015E,Suspect charged
39c22c331b12c571b48911669187de3d7a11926c3716e6a2ac6539d157110f9a,2018-08,Hertfordshire Constabulary,Hertfordshire Constabulary,-0.541368,51.724753,On or near Prison,E01023373,Dacorum 021A,Investigation complete; no suspect identified
0f1e4c42f46a7fc329cbe7fe1382bf94dd6c18d092e6d094d04cb82948adce83,2018-08,Hertfordshire Constabulary,Hertfordshire Constabulary,-0.176371,51.987652,On or near WALLINGTON ROAD,E01023588,North Hertfordshire 004B,Investigation complete; no suspect identified
383d48e3a1ce27ab05946d7a601bc7e700bd5b596db062f9416e5b110c61da4c,2018-08,Hertfordshire Constabulary,Hertfordshire Constabulary,-0.260810,51.662181,On or near RUTHERFORD CLOSE,E01023545,Hertsmere 009B,Investigation complete; no suspect identified
ae0eacb3b2332e11c458665b368d108c1fea0011c08a10e8fde21bbf72215550,2018-08,Hertfordshire Constabulary,Hertfordshire Constabulary,-0.427348,51.755644,On or near Petrol Station,E01023409,Dacorum 017A,Investigation complete; no suspect identified
ffa6be3141d63d3334d07873bad309ff5902f9e52d027e3f4e9d3ca88b7c3f7b,2018-08,Hertfordshire Constabulary,Hertfordshire Constabulary,-0.388687,51.627047,On or near BRIDLINGTON ROAD,E01023844,Three Rivers 012D,Investigation complete; no suspect identified
37c45213ee06d43906c24c9c8350bea2e3ae2fc4d16a2d595fa18e7062f94cfa,2018-08,Hertfordshire Constabulary,Hertfordshire Constabulary,-0.200649,51.900023,On or near SOUTHGATE,E01023758,Stevenage 008D,Unable to prosecute suspect
1fc8ae34247f4b9f3966a4b0caa4f0ba5233d66e1058bd72cfb2192236cd7440,2018-08,Hertfordshire Constabulary,Hertfordshire Constabulary,-0.178844,51.882099,On or near Supermarket,E01023784,Stevenage 011B,Investigation complete; no suspect identified
32eb8e83aaffce77e8402733e4382fa04589a89be71c9badb40dbef91adc1d1b,2018-08,Hertfordshire Constabulary,Hertfordshire Constabulary,-0.412043,51.725630,On or near BEDMOND ROAD,E01023807,Three Rivers 001D,Investigation complete; no suspect identified
8edaa06a6558406c9de4cdab64998591571ae79e96267b8de370da26247dbbd9,2018-08,Hertfordshire Constabulary,Hertfordshire Constabulary,-0.337328,51.753722,On or near ST PETER'S STREET,E01023727,St Albans 012B,Unable to prosecute suspect
7443c5d02cbceae7c1639e3d9e1964621c1f63750e8b62420c01f77a6f04a05a,2018-08,Hertfordshire Constabulary,Hertfordshire Constabulary,-0.359823,51.819427,On or near Petrol Station,E01023699,St Albans 003A,Investigation complete; no suspect identified
3ab17cf9ac56084b7828ff53790b1f9c9d82efe11467ecb60cec237d8b879b07,2018-08,Hertfordshire Constabulary,Hertfordshire Constabulary,-0.010139,51.761874,On or near BELL LANE,E01023323,Broxbourne 003D,Investigation complete; no suspect identified
a29a30e9860a0c23f346c15a05ba1a99c326561a7ff839a404cea4925f41a131,2018-08,Hertfordshire Constabulary,Hertfordshire Constabulary,-0.410868,51.683990,On or near HEATHER LANE,E01023871,Watford 004D,Investigation complete; no suspect identified
d6a1bde12eab48f029a7a844939cfef129064e2c2fc2bd74dcd4e1781f88d3eb,2018-08,Hertfordshire Constabulary,Hertfordshire Constabulary,-0.436387,51.741863,On or near BARRA CLOSE,E01023413,Dacorum 017E,Offender given a caution
fb541b35aa05c523a17b38218ef338ada0661cd556f93899068beb8eca685e2f,2018-08,Hertfordshire Constabulary,Hertfordshire Constabulary,-0.491123,51.744035,On or near Park/Open Space,E01023382,Dacorum 018F,Suspect charged
498803bb26cd85eb495156af5ff26d75043e028c026d18befa8298415fae9b5d,2018-08,Hertfordshire Constabulary,Hertfordshire Constabulary,-0.176371,51.987652,On or near WALLINGTON ROAD,E01023588,North Hertfordshire 004B,Investigation complete; no suspect identified
6b4ee9e8894d3bbd508c8f9289ff446af87b00af2360ca991f367e331eb2d6b2,2018-08,Hertfordshire Constabulary,Hertfordshire Constabulary,-0.208026,51.806637,On or near SCHOLARS MEWS,E01023959,Welwyn Hatfield 003A,Investigation complete; no suspect identified
5f25cb089d702c4b9135e0754f51d000ee20c727b9393ed4696341ea1b53ecb7,2018-08,Hertfordshire Constabulary,Hertfordshire Constabulary,-0.279180,51.949951,On or near GRAMMAR SCHOOL WALK,E01023616,North Hertfordshire 012F,Unable to prosecute suspect
b757b69a2b023b08ff64e75df97d0bd616c83e7d86151673df54715f618839bd,2018-08,Hertfordshire Constabulary,Hertfordshire Constabulary,-0.476832,51.751170,On or near CEMETERY HILL,E01023398,Dacorum 015D,Suspect charged
648f874da4294380107246ae125dc2035aaf7454c1dc55a13da58d9ca1344506,2018-08,Hertfordshire Constabulary,Hertfordshire Constabulary,-0.342282,51.730017,On or near WATLING STREET,E01023718,St Albans 019A,Investigation complete; no suspect identified
b20361728565784f174993571d283af348a094ffe5179c0ad5d4d1d9b3457b06,2018-08,Hertfordshire Constabulary,Hertfordshire Constabulary,-0.476832,51.751170,On or near CEMETERY HILL,E01023398,Dacorum 015D,Suspect charged
c2fc4f037135c922afea93998acf06359d7c94fe6d2f24a541709ab3abad12b7,2018-08,Hertfordshire Constabulary,Hertfordshire Constabulary,-0.405000,51.653788,On or near DURBAN ROAD EAST,E01023901,Watford 010C,Investigation complete; no suspect identified
58a76e5292203c9ecff7cb1de42272cadfedee246271039d1b8ca2c481abd5cf,2018-08,Hertfordshire Constabulary,Hertfordshire Constabulary,-0.289372,51.661647,On or near BEECHFIELD CLOSE,E01023524,Hertsmere 005B,Unable to prosecute suspect
bcfa1d718ef093144f12877f26bc8bdd2709935de19d7f38f47722b789d007c1,2018-08,Hertfordshire Constabulary,Hertfordshire Constabulary,-0.366519,51.667817,On or near OTTERSPOOL WAY,E01023555,Hertsmere 008D,Investigation complete; no suspect identified
6cf4711b0e5467a357573ed60fb08ed62362be165029aa012a9726e6d8cf6410,2018-08,Hertfordshire Constabulary,Hertfordshire Constabulary,-0.398430,51.666683,On or near ST ALBANS ROAD,E01023855,Watford 006A,Investigation complete; no suspect identified
402313ee0bb9a8420ce45f0b168679e400e3d4ea6a94353e87e5341d7bc96314,2018-08,Hertfordshire Constabulary,Hertfordshire Constabulary,-0.412043,51.725630,On or near BEDMOND ROAD,E01023807,Three Rivers 001D,Investigation complete; no suspect identified
10f27274a6825f67c247b224ea38a513ad74853ee752fbb96e0fab31f5776561,2018-08,Hertfordshire Constabulary,Hertfordshire Constabulary,-0.186880,51.888212,On or near Petrol Station,E01023786,Stevenage 011D,Investigation complete; no suspect identified
38d04bfdb391c241ac7d73ec837f4220787c3ccd97d3a7daf8d01a6dcf7e5588,2018-08,Hertfordshire Constabulary,Hertfordshire Constabulary,-0.260502,51.660018,On or near ELSTREE WAY,E01023545,Hertsmere 009B,Investigation complete; no suspect identified
d0bd467e553043c427c4c72b59a5368f35d3baa60223ce6e375f38762b77b7e4,2018-08,Hertfordshire Constabulary,Hertfordshire Constabulary,-0.434758,51.743307,On or near LISMORE,E01023413,Dacorum 017E,Investigation complete; no suspect identified
c9c1a2e52adb1582e30cb4afa863787b2578d66251035e2759a9ac6fbcbd0549,2018-08,Hertfordshire Constabulary,Hertfordshire Constabulary,-0.328820,51.745175,On or near PULLMAN CLOSE,E01023741,St Albans 017E,Investigation complete; no suspect identified
a489019c3257d8f9291082cfad1bc715865d0f2646698c00eb3e10329193f1f6,2018-08,Hertfordshire Constabulary,Hertfordshire Constabulary,0.163862,51.862141,On or near SOUTH ROAD,E01023444,East Hertfordshire 007B,Investigation complete; no suspect identified
a8e12f218b0a322e8aa8ca89254b16d5f41e5c4c7e37f2f9a4c0509f7731b077,2018-08,Hertfordshire Constabulary,Hertfordshire Constabulary,-0.211912,51.924230,On or near Hospital,E01023800,Stevenage 002E,Investigation complete; no suspect identified
dd1bd90474451c48ca6b054f668e403e741a6bc64b9916fa37ae274de4efc034,2018-08,Hertfordshire Constabulary,Hertfordshire Constabulary,-0.339165,51.753028,On or near WADDINGTON ROAD,E01023727,St Albans 012B,Investigation complete; no suspect identified
e8d5533d53d6d0793e3d19946f37938e61c64fdd5b5772ad6862c0fefbc4b753,2018-08,Hertfordshire Constabulary,Hertfordshire Constabulary,-0.400547,51.643116,On or near WATERMAN CLOSE,E01023883,Watford 012B,Investigation complete; no suspect identified
f30b42599432aa659d492ee88e381ff7576e1f44b16e766305e48cebf21399e6,2018-08,Hertfordshire Constabulary,Hertfordshire Constabulary,-0.208263,51.801029,On or near Supermarket,E01023918,Welwyn Hatfield 006C,Investigation complete; no suspect identified
e5c05cedda9cf22b91589d34976decd18da1ad4a18f853b681f49628e4d3f235,2018-08,Hertfordshire Constabulary,Hertfordshire Constabulary,-0.541368,51.724753,On or near Prison,E01023373,Dacorum 021A,Investigation complete; no suspect identified
e6e523fe2c95daa844a705cfec705586e88ca946032ee1bd0b090268a0e77dfa,2018-08,Hertfordshire Constabulary,Hertfordshire Constabulary,-0.196508,51.783036,On or near KENDALL CLOSE,E01023941,Welwyn Hatfield 009C,Unable to prosecute suspect
bd098fdee6d889106e3e3d51fe91344c2a537329a8ee58ff8e87b19a98365b11,2018-08,Hertfordshire Constabulary,Hertfordshire Constabulary,-0.182421,51.890310,On or near LONG LEAVES,E01023794,Stevenage 010D,Investigation complete; no suspect identified
59de044e6a126838b109bada6568f24d926c4bc556de78d2950fd15343252991,2018-08,Hertfordshire Constabulary,Hertfordshire Constabulary,-0.235450,51.763305,On or near DE HAVILLAND CLOSE,E01023921,Welwyn Hatfield 012B,Local resolution
327ac389890a7e610b5775ab69e341393d82907e26fc3ba44f6e129144a0d46a,2018-08,Hertfordshire Constabulary,Hertfordshire Constabulary,-0.182421,51.890310,On or near LONG LEAVES,E01023794,Stevenage 010D,Investigation complete; no suspect identified
49bfc5b70e673703e447d995865e9214fbf7ccae48ff6012052b7b97e35b79f8,2018-08,Hertfordshire Constabulary,Hertfordshire Constabulary,0.160500,51.871689,On or near OLD RIVER LANE,E01023449,East Hertfordshire 004A,Suspect charged
94546cce25ffb62628c523c38ee6f95a8285986216eeb1fbc1ff329f595216b2,2018-08,Hertfordshire Constabulary,Hertfordshire Constabulary,-0.029726,51.707063,On or near LONG MOOR,E01023298,Broxbourne 010B,Investigation complete; no suspect identified
e6db6979f5f6ef55125d6449dd86fca2dbcee231a1f512ffee7b236f2abc1c96,2018-08,Hertfordshire Constabulary,Hertfordshire Constabulary,-0.182421,51.890310,On or near LONG LEAVES,E01023794,Stevenage 010D,Investigation complete; no suspect identified
8084da5c0d5fe20337992f7e96d35ffeb04d7c8312ea9031a1cfcb4b8c4ba77a,2018-08,Hertfordshire Constabulary,Hertfordshire Constabulary,-0.225427,51.687369,On or near BIGNELLS CORNER,E01023584,Hertsmere 004D,Investigation complete; no suspect identified
45190c1c025fbd9a8ba49878c4b016194e2e626bd6e5e7bdbe193312988fe23f,2018-08,Hertfordshire Constabulary,Hertfordshire Constabulary,-0.179316,51.918236,On or near Supermarket,E01023774,Stevenage 003D,Unable to prosecute suspect
190121f211e742873c1a4fc9a8879cafc50816549475f00261b2413fe821d5b6,2018-08,Hertfordshire Constabulary,Hertfordshire Constabulary,-0.339291,51.751564,On or near CHEQUER STREET,E01023727,St Albans 012B,Investigation complete; no suspect identified
dc49b46994d5129d4d2c45121acb36dd2e0f6763c597307c8d251c3ab62088cd,2018-08,Hertfordshire Constabulary,Hertfordshire Constabulary,-0.176371,51.987652,On or near WALLINGTON ROAD,E01023588,North Hertfordshire 004B,Investigation complete; no suspect identified
58ec2c23fa23eebb810e86997c7f90803c97e21d2db7de4b6206f6d47cc25b77,2018-08,Hertfordshire Constabulary,Hertfordshire Constabulary,-0.203522,51.905624,On or near Parking Area,E01023775,Stevenage 006A,Unable to prosecute suspect
9adee4e975f24afa74d1142780a954f38a5525306b9ddefeff01c76540dab5e0,2018-08,Hertfordshire Constabulary,Hertfordshire Constabulary,-0.225427,51.687369,On or near BIGNELLS CORNER,E01023584,Hertsmere 004D,Suspect charged
712cbc498169ae02ab8ee4575de03ecd58533a0f52349b03b71340ac09922980,2018-08,Hertfordshire Constabulary,Hertfordshire Constabulary,-0.191934,51.791554,On or near COLE GREEN LANE,E01023939,Welwyn Hatfield 009A,Investigation complete; no suspect identified
77b980ad80be864acecaae6583712923b62e8754d894a3540565023d27a9d5a7,2018-08,Hertfordshire Constabulary,Hertfordshire Constabulary,0.160500,51.871689,On or near OLD RIVER LANE,E01023449,East Hertfordshire 004A,Suspect charged
624dca6c7894881d9958af7b027980687fc728d501f844516b37961c4d6c8820,2018-08,Hertfordshire Constabulary,Hertfordshire Constabulary,-0.216477,51.921700,On or near ANSELL COURT,E01023800,Stevenage 002E,Unable to prosecute suspect
a6ab94cb3ea91b569098f455cbb4eb95b93aebca0f6abc93a6004f47c9ea00ca,2018-08,Hertfordshire Constabulary,Hertfordshire Constabulary,-0.393599,51.680222,On or near Petrol Station,E01023896,Watford 005B,Investigation complete; no suspect identified
78774a303bb0de0b0e2a13cc5a0106c98697c7f95342869fe27e6e21d8253bd7,2018-08,Hertfordshire Constabulary,Hertfordshire Constabulary,-0.225427,51.687369,On or near BIGNELLS CORNER,E01023584,Hertsmere 004D,Suspect charged
350f0d600d137762d962eae8861f5ac03613015f46794607166d40580e05eb2f,2018-08,Hertfordshire Constabulary,Hertfordshire Constabulary,-0.213730,51.800303,On or near GUESSENS GROVE,E01023918,Welwyn Hatfield 006C,Investigation complete; no suspect identified
f2d64e8e57a2407514260207b2a300c2431510b7c3768bd60e15e60fc37897c8,2018-08,Hertfordshire Constabulary,Hertfordshire Constabulary,-0.191934,51.791554,On or near COLE GREEN LANE,E01023939,Welwyn Hatfield 009A,Investigation complete; no suspect identified
035164e06117bb1d216932a5abf97a1c31859effff9eb124f9c722adf9aa2b2c,2018-08,Hertfordshire Constabulary,Hertfordshire Constabulary,-0.398009,51.656903,On or near Shopping Area,E01023861,Watford 009C,Investigation complete; no suspect identified
ea77d0a5541b6c027049b9a45fad5827335ba22e3503c592a0f2f83f79df6423,2018-08,Hertfordshire Constabulary,Hertfordshire Constabulary,-0.541368,51.724753,On or near Prison,E01023373,Dacorum 021A,Investigation complete; no suspect identified
049e30e49bec8f33306f45dc1c8a5e7876510da96fdd4701e6b49c820cfdbc22,2018-08,Hertfordshire Constabulary,Hertfordshire Constabulary,-0.173074,51.884662,On or near PARK VIEW,E01023765,Stevenage 012C,Unable to prosecute suspect
729019793c635643126875dc5cd5c1f97f7abcacdfea7af128e2efb9d5749513,2018-08,Hertfordshire Constabulary,Hertfordshire Constabulary,-0.394857,51.655268,On or near Shopping Area,E01023860,Watford 009B,Suspect charged
0081e00eb675425f2f7ac39649f4b3a1d52caa783b037473d8d1901d6790e136,2018-08,Hertfordshire Constabulary,Hertfordshire Constabulary,-0.178039,51.694062,On or near Petrol Station,E01023580,Hertsmere 001E,Investigation complete; no suspect identified
92fe3e30de043373f1af7180976510acb40d7606945141384170731e7f30a333,2018-08,Hertfordshire Constabulary,Hertfordshire Constabulary,-0.159382,51.873721,On or near PEMBRIDGE GARDENS,E01023763,Stevenage 012A,Unable to prosecute suspect
ab25b8c9791d25b1273acba725a840c70d69a30cd3d6852721b72927892914bc,2018-08,Hertfordshire Constabulary,Hertfordshire Constabulary,-0.525924,51.740655,On or near A41,E01023377,Dacorum 021E,Suspect charged
69009645c20e8ba430ecf1b5326759f33a0fdfe71f06eb57cdb5ac6fcf3f7613,2018-08,Hertfordshire Constabulary,Hertfordshire Constabulary,-0.020375,51.747182,On or near BOURNE CLOSE,E01023290,Broxbourne 004B,Investigation complete; no suspect identified
c00c1b43d59d528a36cfe8c681d48111088fb8218d2d9de637354474a9e42c6b,2018-08,Hertfordshire Constabulary,Hertfordshire Constabulary,-0.269328,51.655688,On or near Supermarket,E01023541,Hertsmere 011C,Investigation complete; no suspect identified
c94f4445d656857d8cbc4c5169467907974148a54a59f8869af2ac2379ffd1a4,2018-08,Hertfordshire Constabulary,Hertfordshire Constabulary,-0.186161,51.982157,On or near HILLCREST,E01023593,North Hertfordshire 004G,Unable to prosecute suspect
f2b5fe0e91a5d2b62cbb6e1679bbf8deb70241e1c33135f5d8212898edb788ba,2018-08,Hertfordshire Constabulary,Hertfordshire Constabulary,-0.405008,51.661782,On or near THE AVENUE,E01023880,Watford 007C,Unable to prosecute suspect
c89fa8c719df83405410eb482d01ee255ef6415f928026f5ad8cb5d20cb9c3fc,2018-08,Hertfordshire Constabulary,Hertfordshire Constabulary,-0.186088,51.924104,On or near Pedestrian Subway,E01023788,Stevenage 001B,Suspect charged
c021ec1545d398b445a3a46d0c769cf8d23e04172c0b72d4c9338c1e249595ab,2018-08,Hertfordshire Constabulary,Hertfordshire Constabulary,-0.225427,51.687369,On or near BIGNELLS CORNER,E01023584,Hertsmere 004D,Investigation complete; no suspect identified
beb78c2bd667bf2579efac98dfd341823838fb241bd98cc864cac944a39bc5c9,2018-08,Hertfordshire Constabulary,Hertfordshire Constabulary,-0.186161,51.982157,On or near HILLCREST,E01023593,North Hertfordshire 004G,Unable to prosecute suspect
02be4c73afdbdd0f5e9fc9466db7a2ba9dcfd146981d5de280af1cbca678ec8c,2018-08,Hertfordshire Constabulary,Hertfordshire Constabulary,-0.497766,51.642359,On or near CHILTERN DRIVE,E01023848,Three Rivers 007B,Unable to prosecute suspect
22fb1308817f8ca841ce8313c5c30a008edb331a471092d78af9cb7c0259c0c1,2018-08,Hertfordshire Constabulary,Hertfordshire Constabulary,-0.234079,51.756856,On or near SPRING GLEN,E01023923,Welwyn Hatfield 012D,Unable to prosecute suspect
424ea42c064da193fe2e0e4e57f47629da3133de78994790fe8d8ed2f0047960,2018-08,Hertfordshire Constabulary,Hertfordshire Constabulary,-0.271530,51.659363,On or near BROOK CLOSE,E01023538,Hertsmere 006E,Unable to prosecute suspect
ed288a0cb8b3a11d4c5137b7ffac750273056f53d424b01cc09c20dc3467ee5b,2018-08,Hertfordshire Constabulary,Hertfordshire Constabulary,-0.056389,51.690116,On or near LIEUTENANT ELLIS WAY,E01023293,Broxbourne 011A,Unable to prosecute suspect
a42b1910324d13962ecda9750d8c779237d611dc61f95b7857ed4e0371b93246,2018-08,Hertfordshire Constabulary,Hertfordshire Constabulary,-0.253023,51.658612,On or near Petrol Station,E01023546,Hertsmere 009C,Investigation complete; no suspect identified
03d7aa603bee2ca6a3c18dd1e57be3f17c3ea1a418ddac427b2b8216d5d1dcd9,2018-08,Hertfordshire Constabulary,Hertfordshire Constabulary,-0.443237,51.757051,On or near HALESWOOD ROAD,E01023345,Dacorum 013A,Offender given penalty notice
6bc7a334c8be72edc27fb6597020bcaae8e9b424b1141b037ee058af341b69d0,2018-08,Hertfordshire Constabulary,Hertfordshire Constabulary,-0.190280,51.698037,On or near THE SERVICE ROAD,E01023579,Hertsmere 001D,Unable to prosecute suspect
a6c034c01aa9ecdc47c46d4556db8b5e07942057a9f3e19a2bdf888b9785ac83,2018-08,Hertfordshire Constabulary,Hertfordshire Constabulary,-0.225427,51.687369,On or near BIGNELLS CORNER,E01023584,Hertsmere 004D,Investigation complete; no suspect identified
59cc8e2faa9cc17cc927f65cee0c6e30a55a730ec30b81cd0f9a2618c285a881,2018-08,Hertfordshire Constabulary,Hertfordshire Constabulary,-0.308996,51.769062,On or near ST MARYS WALK,E01023710,St Albans 008B,Unable to prosecute suspect
d45af39479bbf876bb30ac782afede954b9acdcd0626f7583c81bb1098fb2725,2018-08,Hertfordshire Constabulary,Hertfordshire Constabulary,-0.220168,51.829445,On or near WINGATE GARDENS,E01023969,Welwyn Hatfield 002C,Unable to prosecute suspect
ab43bd3522776a3e3261722d6acefe0d22db696e63f5816b11c7d30ad238c8cc,2018-08,Hertfordshire Constabulary,Hertfordshire Constabulary,-0.253023,51.658612,On or near Petrol Station,E01023546,Hertsmere 009C,Investigation complete; no suspect identified
210374b82a630e896f068de85d61fef07354ec7d0eedb998c966d0b3dcc8f8a7,2018-08,Hertfordshire Constabulary,Hertfordshire Constabulary,-0.224752,51.691324,On or near SWANLAND ROAD,E01023584,Hertsmere 004D,Investigation complete; no suspect identified
ef76eb24d3d87ada1ddc4272ac9be1277297a2f38d970d9fe993f484eda6cf40,2018-08,Hertfordshire Constabulary,Hertfordshire Constabulary,-0.252990,51.651966,On or near HOWARD DRIVE,E01023547,Hertsmere 009D,Investigation complete; no suspect identified
3afc0e4827970a9a094301535e5863fb01d5be65354a2d0ffd2ab9f644b8ab63,2018-08,Hertfordshire Constabulary,Hertfordshire Constabulary,-0.208263,51.801029,On or near Supermarket,E01023918,Welwyn Hatfield 006C,Investigation complete; no suspect identified
1a80a534f2b33bb1694db4f0a0dd62d5618b9445cae49ecb8d0b88bf9612e91a,2018-08,Hertfordshire Constabulary,Hertfordshire Constabulary,-0.040375,51.710155,On or near Petrol Station,E01023303,Broxbourne 008B,Investigation complete; no suspect identified
fd83b1ae68d1a02b5ee55132053611b9c865a83d44e42533c9f95f9d7f7dba90,2018-08,Hertfordshire Constabulary,Hertfordshire Constabulary,-0.009564,51.764733,On or near ROMAN STREET,E01023322,Broxbourne 003C,Investigation complete; no suspect identified
cb476c2c1856a62b1f2f773a61b0ddb8b455921b4dddc5fd02c45163bb82a210,2018-08,Hertfordshire Constabulary,Hertfordshire Constabulary,-0.029168,52.045788,On or near LANKESTER ROAD,E01023655,North Hertfordshire 002B,Investigation complete; no suspect identified
74564497fd7fac58e4e4dab7c60acd92797d5d1296830bb137772dd89143c836,2018-08,Hertfordshire Constabulary,Hertfordshire Constabulary,-0.040375,51.710155,On or near Petrol Station,E01023303,Broxbourne 008B,Investigation complete; no suspect identified
c7cd46001b35c24e0b8b37c949e7df9ec7e8d9aaafd082580b64882a21f3722a,2018-08,Hertfordshire Constabulary,Hertfordshire Constabulary,-0.399146,51.660722,On or near ALBERT ROAD NORTH,E01023861,Watford 009C,Offender given a caution
b6860fbbad5f76560ea467c37cb415ac3330865c3131fe7dd02e0891a909f326,2018-08,Hertfordshire Constabulary,Hertfordshire Constabulary,-0.285566,51.668623,On or near BELFORD ROAD,E01023536,Hertsmere 006C,Unable to prosecute suspect
32356791ff919b9ea58f924de8871bb275fae093ff13d222930bfe4730419de1,2018-08,Hertfordshire Constabulary,Hertfordshire Constabulary,0.001613,51.788067,On or near Parking Area,E01023469,East Hertfordshire 018B,Investigation complete; no suspect identified
f5f4ad6b6f225d6f911b0b2c735e94e2976e5016bfd78c784f93f61bf7905f3e,2018-08,Hertfordshire Constabulary,Hertfordshire Constabulary,-0.188030,51.884902,On or near Parking Area,E01023783,Stevenage 011A,Suspect charged
7b189c9c4c310567a9541959be55af5177d62014ec63e0ba70545a624e3cf96b,2018-08,Hertfordshire Constabulary,Hertfordshire Constabulary,-0.179819,51.790998,On or near KILWORTH CLOSE,E01023945,Welwyn Hatfield 008C,Unable to prosecute suspect
69a624fc24581289c058f822eaeca9665451fdafb688ad9e7714ded2de02bab1,2018-08,Hertfordshire Constabulary,Hertfordshire Constabulary,-0.215343,51.764584,On or near Parking Area,E01023926,Welwyn Hatfield 011C,Investigation complete; no suspect identified
a5389b794b1f6707a9f7392510071e87534a44e7301154e09f9c729c08ac55f0,2018-08,Hertfordshire Constabulary,Hertfordshire Constabulary,-0.184785,51.916396,On or near VARDON ROAD,E01023781,Stevenage 006D,Investigation complete; no suspect identified
d1cd9e7507fe60a2b149df00bbf1db0d3d9b5abaf0e0068ff633b9d9a6db6f53,2018-08,Hertfordshire Constabulary,Hertfordshire Constabulary,-0.205363,51.904294,On or near Petrol Station,E01023758,Stevenage 008D,Suspect charged
d9881488fd0851902cf1a48fbd971d0a9269f5f0efb0ab6a23a442449f68928b,2018-08,Hertfordshire Constabulary,Hertfordshire Constabulary,-0.258633,51.666914,On or near MILLAND COURT,E01023544,Hertsmere 009A,Unable to prosecute suspect
6105cf437212907ee59940b8c95bfdce69627c5477f8a9dff2f7699c94868548,2018-08,Hertfordshire Constabulary,Hertfordshire Constabulary,-0.469105,51.737204,On or near AVIA CLOSE,E01033023,Dacorum 018H,Investigation complete; no suspect identified
06d4db5f718cc5c9d82ee56c18c12ff3e3a5f22e477e6b988f1496b90c659cfc,2018-08,Hertfordshire Constabulary,Hertfordshire Constabulary,-0.464350,51.638573,On or near SALTERS CLOSE,E01023851,Three Rivers 004D,Investigation complete; no suspect identified
ef660f03b2433e554a5e23c1af64b473f3183a3e71eb22c997004749e123868f,2018-08,Hertfordshire Constabulary,Hertfordshire Constabulary,-0.176371,51.987652,On or near WALLINGTON ROAD,E01023588,North Hertfordshire 004B,Investigation complete; no suspect identified
857bb57fbce270075a1f5f048af8b403dc3ff905f95616df3f394ad5f09b6554,2018-08,Hertfordshire Constabulary,Hertfordshire Constabulary,-0.455499,51.834192,On or near LONG MEADOW,E01023432,Dacorum 001C,Investigation complete; no suspect identified
a08ad27a56b76e12fae6b6e06b90c39a9cfd0ef0770f1910b53350b26b9d0cac,2018-08,Hertfordshire Constabulary,Hertfordshire Constabulary,-0.204979,51.907723,On or near LINTOTT CLOSE,E01023779,Stevenage 006B,Unable to prosecute suspect
7da83525645d47f9e32e239425dffc20790620d9a7bf5848e91dfda9cde57082,2018-08,Hertfordshire Constabulary,Hertfordshire Constabulary,-0.224813,51.991621,On or near MIDDLEFIELDS,E01023636,North Hertfordshire 003B,Investigation complete; no suspect identified
f46fa40c7d489bb14887cef3fef909778809b14e8ccb6410aa6112e5facecff7,2018-08,Hertfordshire Constabulary,Hertfordshire Constabulary,-0.474374,51.656813,On or near ARMITAGE CLOSE,E01023851,Three Rivers 004D,Investigation complete; no suspect identified
b36b8f10230f2a1b5a4ef59929790a59ea0158276c66f05c10e2f7d8344d9f6a,2018-08,Hertfordshire Constabulary,Hertfordshire Constabulary,-0.469602,51.640979,On or near Supermarket,E01023851,Three Rivers 004D,Suspect charged
dfa0932bb08295d9c7e63a8f6d4fcbe6b36e11b0b1943acb6f2e9f106a251889,2018-08,Hertfordshire Constabulary,Hertfordshire Constabulary,-0.204587,51.801198,On or near Shopping Area,E01023918,Welwyn Hatfield 006C,Suspect charged
dfa0932bb08295d9c7e63a8f6d4fcbe6b36e11b0b1943acb6f2e9f106a251889,2018-08,Hertfordshire Constabulary,Hertfordshire Constabulary,-0.204587,51.801198,On or near Shopping Area,E01023918,Welwyn Hatfield 006C,Suspect charged
fff03df0ac22d6f0a1b58c0279a96e51be3d9884e7c7cdcc6c855c34d35d9527,2018-08,Hertfordshire Constabulary,Hertfordshire Constabulary,-0.525924,51.740655,On or near A41,E01023377,Dacorum 021E,Suspect charged
38f572d2ae78ef0820f8245cc986e67aa45ab83f031ad82ff33ea8d912c0aa16,2018-08,Hertfordshire Constabulary,Hertfordshire Constabulary,-0.474072,51.753994,On or near Police Station,E01023400,Dacorum 015E,Unable to prosecute suspect
dd4f1a5c429859fd95f5bd2bc9d10cca81ce7a10ce60ede094b6ab6dce9693fd,2018-08,Hertfordshire Constabulary,Hertfordshire Constabulary,-0.458258,51.733358,On or near STEPHENSON WHARF,E01033022,Dacorum 018G,Unable to prosecute suspect
97f26e0658a6bf2d470acf8e27cb0713089b73d84ffb704f636b2022b4697c49,2018-08,Hertfordshire Constabulary,Hertfordshire Constabulary,-0.657892,51.804881,On or near PHEASANT CLOSE,E01023419,Dacorum 003B,Investigation complete; no suspect identified
59129f05fc20b169552623ab2c20c16ac06bc55ec4bed46eb36c3ececfb8c603,2018-08,Hertfordshire Constabulary,Hertfordshire Constabulary,-0.035993,51.710063,On or near WOOLPACK COURT,E01023303,Broxbourne 008B,Investigation complete; no suspect identified
71c4a501bd72b8275bf4d6848c82686712cdb1be792017e4b0ae641047916508,2018-08,Hertfordshire Constabulary,Hertfordshire Constabulary,-0.453778,51.747075,On or near ST ALBANS HILL,E01023357,Dacorum 020A,Investigation complete; no suspect identified
ff6880d5a34e6755c8342fa01cb084e20adbe9b1ff6facb86e48390644e9f57e,2018-08,Hertfordshire Constabulary,Hertfordshire Constabulary,-0.409903,51.702851,On or near THE HIDEAWAY,E01023832,Three Rivers 002C,Investigation complete; no suspect identified
bd9df7fbd899d40eed00cf3cc5596510b7078744bd71a0ec0d378026a0daa115,2018-08,Hertfordshire Constabulary,Hertfordshire Constabulary,-0.092812,51.817207,On or near WATERFORD COMMON,E01023485,East Hertfordshire 010A,Further investigation is not in the public interest
7927f26a702d6f8662ab7d430ec0e62476cfab464cfce0c58ed009bfa2ce15de,2018-08,Hertfordshire Constabulary,Hertfordshire Constabulary,-0.395758,51.655118,On or near HIGH STREET,E01023862,Watford 009D,Offender given a caution
2919d9f959f96fbc2629a6c803a0782385871c600335d59d4b23acd7cf34d464,2018-08,Hertfordshire Constabulary,Hertfordshire Constabulary,-0.233861,51.763165,On or near FIDDLE BRIDGE LANE,E01023921,Welwyn Hatfield 012B,Unable to prosecute suspect
2ca5d18b0ca67159f7c9dd6bd94f8e20037e01d81438bb6ec6a481682a7c1294,2018-08,Hertfordshire Constabulary,Hertfordshire Constabulary,-0.006847,51.763581,On or near PARROTTS FIELD,E01023323,Broxbourne 003D,Unable to prosecute suspect
195446351f7d80520619b9b9086d8062cedc9d29d9b86c904876c744b314f709,2018-08,Hertfordshire Constabulary,Hertfordshire Constabulary,-0.440531,51.751917,On or near ST ALBANS ROAD,E01023345,Dacorum 013A,Unable to prosecute suspect
7f95a83f757cd1d51608d1c79d6e084ccc64dc5dcfd447feb11732afacdcf40b,2018-08,Hertfordshire Constabulary,Hertfordshire Constabulary,-0.282907,51.668576,On or near AYCLIFFE ROAD,E01023536,Hertsmere 006C,Investigation complete; no suspect identified
e4555e33220672228cef92ef4b7a6ac32f7c776b7e7f0592f69e726b8580acb1,2018-08,Hertfordshire Constabulary,Hertfordshire Constabulary,-0.435342,51.653827,On or near WARWICK WAY,E01023824,Three Rivers 003B,Investigation complete; no suspect identified
7f397c1d6c0a83fbde65923378060d78fd048cc7396d94db944269ea27217d66,2018-08,Hertfordshire Constabulary,Hertfordshire Constabulary,-0.441259,51.756854,On or near MASONS ROAD,E01023345,Dacorum 013A,Unable to prosecute suspect
2dc9bdc59d0e1e1aa601a26ce861ec5ea2a524eafeb1050746ae8f137b3ffdca,2018-08,Hertfordshire Constabulary,Hertfordshire Constabulary,-0.336758,51.752293,On or near Police Station,E01023727,St Albans 012B,Suspect charged
6c10fb6bd1055dde34a890fbce95c44b5b91b0fe162471c09b86a438ec2ea111,2018-08,Hertfordshire Constabulary,Hertfordshire Constabulary,-0.317007,51.748487,On or near DEXTER CLOSE,E01023666,St Albans 011A,Investigation complete; no suspect identified
dd2a8221467fc49729de96f4e9b9561cf1f7c310d5c0f9d9d47a3cdc8ed521ac,2018-08,Hertfordshire Constabulary,Hertfordshire Constabulary,-0.056389,51.690116,On or near LIEUTENANT ELLIS WAY,E01023293,Broxbourne 011A,Unable to prosecute suspect
4fcf6e88627f8a25b273a4c90085a625ef944d26bb75e3f5e64b85c3858cfaf2,2018-08,Hertfordshire Constabulary,Hertfordshire Constabulary,-0.194823,51.792551,On or near BURGUNDY CROFT,E01023957,Welwyn Hatfield 007D,Investigation complete; no suspect identified
d84b6119af89c2e45091201131e47ab7b0581e4790de97af7544e82538ae6834,2018-08,Hertfordshire Constabulary,Hertfordshire Constabulary,-0.397146,51.678067,On or near LONGSPRING,E01023872,Watford 004E,Unable to prosecute suspect
32efbb622964106b7a42ce5e2a97f27d6a4c45b4fad57b27e76bf8f257ead43b,2018-08,Hertfordshire Constabulary,Hertfordshire Constabulary,-0.328114,51.749796,On or near Parking Area,E01023729,St Albans 012D,Unable to prosecute suspect
796f44551002cf697d30ab6b04728c65be2d7965a04bbfcd97aa8547197aac6c,2018-08,Hertfordshire Constabulary,Hertfordshire Constabulary,-0.281319,51.952985,On or near Park/Open Space,E01023616,North Hertfordshire 012F,Investigation complete; no suspect identified
bd752298ec859f103c85cc64e777a946082f2fbc51a2270ef87f725b0293d720,2018-08,Hertfordshire Constabulary,Hertfordshire Constabulary,-0.448348,51.771542,On or near ST AGNELLS COURT,E01023395,Dacorum 007C,Investigation complete; no suspect identified
6e29704e1c97491415df5ad6509923e4ccdced4caa1263cb47b269f7cbccb742,2018-08,Hertfordshire Constabulary,Hertfordshire Constabulary,-0.441259,51.756854,On or near MASONS ROAD,E01023345,Dacorum 013A,Unable to prosecute suspect
3b5ea5db1fdf83d2aa9c7f616d7026ba0a38a3a90f8708f800162b2d8352d45b,2018-08,Hertfordshire Constabulary,Hertfordshire Constabulary,-0.461703,51.748321,On or near CHILHAM CLOSE,E01023387,Dacorum 019B,Investigation complete; no suspect identified
46e75f58de3119e37853d2ebd17c71799793ef5215b136106421ddbc9fa04df3,2018-08,Hertfordshire Constabulary,Hertfordshire Constabulary,-0.177491,51.933494,On or near SNOWDONIA WAY,E01033026,North Hertfordshire 005J,Investigation complete; no suspect identified
c926d21aa19125fff9352febc29e81bb2b0ea33c3f176641cd05cb237284ad1a,2018-08,Hertfordshire Constabulary,Hertfordshire Constabulary,-0.019120,51.735139,On or near CLYFTON CLOSE,E01023340,Broxbourne 005A,Suspect charged
84b55f95deb97473333036f4081dd0f1633bb5ca581d3e8e26add384ec574ad5,2018-08,Hertfordshire Constabulary,Hertfordshire Constabulary,-0.407317,51.656544,On or near PARK AVENUE,E01023888,Watford 008C,Offender given a drugs possession warning
a870766d9238fe1d672d89e2a63be79c448ca13ee9a2562e6671f26e688aef78,2018-08,Hertfordshire Constabulary,Hertfordshire Constabulary,-0.274084,51.670919,On or near THIRSK ROAD,E01023534,Hertsmere 006A,Investigation complete; no suspect identified
21ef845e2668408035593cf9e138973d9f1255b53c7745119ca33c16240d796a,2018-08,Hertfordshire Constabulary,Hertfordshire Constabulary,-0.339500,51.770360,On or near Supermarket,E01023671,St Albans 009C,Investigation complete; no suspect identified
381c20615bea7a8773c3fe48b75d1fb6777a46752e1cd71b599e8eeb5919bc94,2018-08,Hertfordshire Constabulary,Hertfordshire Constabulary,-0.577392,51.765765,On or near BELTON ROAD,E01023370,Dacorum 012B,Investigation complete; no suspect identified
e420a74a87b7988e8f9fdb647371a56fe9e696f09b569146ea98c65707b91df7,2018-08,Hertfordshire Constabulary,Hertfordshire Constabulary,-0.034185,51.711049,On or near HIGH STREET,E01023302,Broxbourne 008A,Investigation complete; no suspect identified
bbbf5335f8e580f87a4dd152dd417f053db597f35d9ff39e4d169283328cca89,2018-08,Hertfordshire Constabulary,Hertfordshire Constabulary,-0.471128,51.760088,On or near Parking Area,E01023399,Dacorum 010C,Investigation complete; no suspect identified
bdc68e883abc0ae7d2dfdacb2645cacf136a7f4603a4ba02ef3a50870382afb8,2018-08,Hertfordshire Constabulary,Hertfordshire Constabulary,-0.175120,51.911274,On or near CHERRY TREES DRIVE,E01023762,Stevenage 007D,Unable to prosecute suspect
8bcc032bf060f167968065edccbb99517446382a376b026fbf1bdfde93a821d4,2018-08,Hertfordshire Constabulary,Hertfordshire Constabulary,-0.433318,51.695721,On or near HAMILTON ROAD,E01023831,Three Rivers 003C,Unable to prosecute suspect
feeef830125084229bba3b54a72bf09721d1cb835b50f87b0bb2305a50777e72,2018-08,Hertfordshire Constabulary,Hertfordshire Constabulary,-0.260504,51.958371,On or near WOOLGROVE ROAD,E01023619,North Hertfordshire 011C,Investigation complete; no suspect identified
6823af82747787ca9eafb9f091987f11be8f9025a50e3ab415c5122a3198b8d5,2018-08,Hertfordshire Constabulary,Hertfordshire Constabulary,-0.001219,51.767972,On or near WHITTINGSTALL ROAD,E01023330,Broxbourne 002D,Suspect charged
5eea80d16d7b125c35b065c3abcf011730e1f432d275c0ffc827369a5d8341bf,2018-08,Hertfordshire Constabulary,Hertfordshire Constabulary,-0.178327,51.851033,On or near CARVERS CROFT,E01023967,Welwyn Hatfield 001C,Investigation complete; no suspect identified
5aa8d92cf86ed346a2e0556c0e642a575aabe33d77b838f5de56330a4982d274,2018-08,Hertfordshire Constabulary,Hertfordshire Constabulary,-0.023149,51.734739,On or near A1170,E01023341,Broxbourne 005B,Suspect charged
36d0465d2b75b524080d015ec65d1e8f75547a98a89dffdd45e7b341873140dc,2018-08,Hertfordshire Constabulary,Hertfordshire Constabulary,0.016552,51.785240,On or near ROYDON ROAD,E01023504,East Hertfordshire 018E,Investigation complete; no suspect identified
c99a28028f7d24b7518e4b000096fd559f6183836baeaebfb41097cfbb1006e6,2018-08,Hertfordshire Constabulary,Hertfordshire Constabulary,-0.058662,51.799563,On or near MOUNTSORREL,E01023483,East Hertfordshire 016B,Investigation complete; no suspect identified
21d259e4c46a5f603c26b49a0b529975045b8d15c3ce79df4f9dd5f6c144c1bf,2018-08,Hertfordshire Constabulary,Hertfordshire Constabulary,-0.188286,51.861554,On or near CHERRY CLOSE,E01023629,North Hertfordshire 015F,Suspect charged
e2ba456d3eee24e381f5b842ceaaeaedd8fc5483c65c1bc4c74c70a1e00fa9e2,2018-08,Hertfordshire Constabulary,Hertfordshire Constabulary,-0.276758,51.945554,On or near Supermarket,E01023616,North Hertfordshire 012F,Investigation complete; no suspect identified
a83c15f84f39b6457c392b43da49ec0769f9cf3201c2c64a10abbd1cb10c3590,2018-08,Hertfordshire Constabulary,Hertfordshire Constabulary,-0.002280,51.776110,On or near STANSTEAD ROAD,E01023318,Broxbourne 001C,Investigation complete; no suspect identified
ca6be7e11d95ca6571f5dfeda9cc072dccafdeb7b2c76e0887ed933bb9ca1d3f,2018-08,Hertfordshire Constabulary,Hertfordshire Constabulary,-0.298295,51.763036,On or near BROOMLEYS,E01023711,St Albans 008C,Investigation complete; no suspect identified
082813e55089033c67536ecebe4e64cb94446c3136e0886b8f7a9b6a3baf7f29,2018-08,Hertfordshire Constabulary,Hertfordshire Constabulary,-0.225427,51.687369,On or near BIGNELLS CORNER,E01023584,Hertsmere 004D,Investigation complete; no suspect identified
65ed845f5bd67ee98071e2949cd2f1aed8029690ef69097634da5e4e4d2ab8fd,2018-08,Hertfordshire Constabulary,Hertfordshire Constabulary,-0.225427,51.687369,On or near BIGNELLS CORNER,E01023584,Hertsmere 004D,Investigation complete; no suspect identified
e8fd035bf8638119afaa40f98f37b61b19355d5a60db4ed5071f78013baaf58b,2018-08,Hertfordshire Constabulary,Hertfordshire Constabulary,-0.432984,51.763182,On or near GROVELANDS,E01023345,Dacorum 013A,Investigation complete; no suspect identified
de75b20919cf946b43b4a7afa8e3e1cef0db7198ed88caa819e7e00ca0bf74a9,2018-08,Hertfordshire Constabulary,Hertfordshire Constabulary,-0.225427,51.687369,On or near BIGNELLS CORNER,E01023584,Hertsmere 004D,Investigation complete; no suspect identified
6aa6035055e795e9fbfbdbc587aeb0dfbb050958cd018c4b1595bd865239fa3d,2018-08,Hertfordshire Constabulary,Hertfordshire Constabulary,-0.202859,51.981550,On or near Shopping Area,E01023633,North Hertfordshire 006D,Investigation complete; no suspect identified
484c58bbbb3595aebd6777af831bd633a273a73b0d3c7f4273b373dd3d00f8c5,2018-08,Hertfordshire Constabulary,Hertfordshire Constabulary,-0.276718,51.954941,On or near DUKE'S LANE,E01023602,North Hertfordshire 010B,Investigation complete; no suspect identified
b692ff29b6f119b3ae2b332b0501f365f2379ecef97b29e82d772a0eba5a07f4,2018-08,Hertfordshire Constabulary,Hertfordshire Constabulary,-0.178039,51.694062,On or near Petrol Station,E01023580,Hertsmere 001E,Investigation complete; no suspect identified
7fd0cc21fc83c95f529f3a652f49dd7978fe907570eb1467d861b69db6fea397,2018-08,Hertfordshire Constabulary,Hertfordshire Constabulary,-0.389951,51.679470,On or near Supermarket,E01023896,Watford 005B,Investigation complete; no suspect identified
c76ee93728f9fccff14aeb0d1a35d46675c2458d4fd33b5f93bc8d18b9bdc0f9,2018-08,Hertfordshire Constabulary,Hertfordshire Constabulary,-0.476429,51.763169,On or near GADEBRIDGE LANE,E01023399,Dacorum 010C,Unable to prosecute suspect
efab599d70ddd968e647ff6399a9d67c1189a5ed8d9165ba3628766f77d00983,2018-08,Hertfordshire Constabulary,Hertfordshire Constabulary,-0.193389,51.795407,On or near LUDWICK WAY,E01023957,Welwyn Hatfield 007D,Investigation complete; no suspect identified
ab9af3e4d9b726e5e396e9a5bd0028b6678805adfc1d64188c98a1e96c187092,2018-08,Hertfordshire Constabulary,Hertfordshire Constabulary,-0.434735,51.778753,On or near BERKELEY SQUARE,E01023437,Dacorum 005D,Unable to prosecute suspect
9aa29c0dfeb4bf41dc375db3d73fadb049af190aa95c437b3ce28758d6f8a181,2018-08,Hertfordshire Constabulary,Hertfordshire Constabulary,-0.360306,51.822104,On or near BYRON ROAD,E01023699,St Albans 003A,Investigation complete; no suspect identified
6b2c765bf3bb917739974db7a684107717bd1a6f7603339153535117f034a763,2018-08,Hertfordshire Constabulary,Hertfordshire Constabulary,-0.425953,51.646508,On or near Parking Area,E01023866,Watford 011D,Investigation complete; no suspect identified
43119c842bde9bd932777fa50bd02b46c52bdfef0a42261041e193a80c9ca2c8,2018-08,Hertfordshire Constabulary,Hertfordshire Constabulary,-0.072935,51.798835,On or near RAILWAY STREET,E01023478,East Hertfordshire 017D,Suspect charged
bc410e33d01b8633f6a31d9abb4e54559646377a9b9c69d5f8dc853dbb015fca,2018-08,Hertfordshire Constabulary,Hertfordshire Constabulary,-0.011724,51.766694,On or near Petrol Station,E01023327,Broxbourne 002A,Investigation complete; no suspect identified
4d69d9bc28f530dac5d4c684b94f5df0ebd798ea2dbc5ba379eb60e17c10f5e7,2018-08,Hertfordshire Constabulary,Hertfordshire Constabulary,-0.056389,51.690116,On or near LIEUTENANT ELLIS WAY,E01023293,Broxbourne 011A,Unable to prosecute suspect
eecab7f7ec8ad666bc13c07091b9499e6de00f3fec172a59005bd98c9beea2fb,2018-08,Hertfordshire Constabulary,Hertfordshire Constabulary,-0.339165,51.753028,On or near WADDINGTON ROAD,E01023727,St Albans 012B,Offender given a caution
894bafa218889c9198394725262e460656e8f04565d13b477ca15fe51b08dc2d,2018-08,Hertfordshire Constabulary,Hertfordshire Constabulary,-0.011724,51.766694,On or near Petrol Station,E01023327,Broxbourne 002A,Investigation complete; no suspect identified
b674b6699970a96a71b0b7d836d5e582e6ec5599287d81fe3cbdc99924e346c8,2018-08,Hertfordshire Constabulary,Hertfordshire Constabulary,-0.484464,51.599620,On or near COUNTESS CLOSE,E01002441,Hillingdon 003D,Investigation complete; no suspect identified
2dbe9fa27b5ef71767217da21b837c7b642555c357b37475b1cf2af2c129d186,2018-08,Hertfordshire Constabulary,Hertfordshire Constabulary,-0.200491,52.014108,On or near Petrol Station,E01023585,North Hertfordshire 005A,Unable to prosecute suspect
f24e67c428b6fd44e7a586e072477c3407e50a1d9c86bc0256703b77476b8312,2018-08,Hertfordshire Constabulary,Hertfordshire Constabulary,-0.452650,51.766096,On or near PHOEBE ROAD,E01023402,Dacorum 008B,Investigation complete; no suspect identified
8d7ba0751ab406bc3135607887719a22d79a761507ad979dc887d671ad056dff,2018-08,Hertfordshire Constabulary,Hertfordshire Constabulary,-0.018794,51.748559,On or near HIGH ROAD,E01023290,Broxbourne 004B,Unable to prosecute suspect
31c25a4b9a540b9ef6ab6e0f96532975e1936230960796d3a7aa7907dff980d5,2018-08,Hertfordshire Constabulary,Hertfordshire Constabulary,-0.197999,51.908138,On or near SISH LANE,E01023779,Stevenage 006B,Investigation complete; no suspect identified
f067b315260b6005ed250d4215dd5cfbfd458f6aba246fd26449eab9d3acbaa8,2018-08,Hertfordshire Constabulary,Hertfordshire Constabulary,-0.205363,51.904294,On or near Petrol Station,E01023758,Stevenage 008D,Suspect charged
950baa8356bf20900bff1693ede24fbc4af7a0834357b70d9027b9214e9b1dfb,2018-08,Hertfordshire Constabulary,Hertfordshire Constabulary,0.149262,51.812680,On or near BELL STREET,E01023502,East Hertfordshire 011D,Investigation complete; no suspect identified
1cf23e99697c7c6c49bd3cb2fb58eebaa7062e90b49800f4c28ccc9ad36fe97a,2018-08,Hertfordshire Constabulary,Hertfordshire Constabulary,-0.186026,51.916262,On or near WISDEN ROAD,E01023781,Stevenage 006D,Investigation complete; no suspect identified
ce164c84b05b1bac207f66e4b80e8b1a90c9124ccc08b3eaf04cad01e0df9fb8,2018-08,Hertfordshire Constabulary,Hertfordshire Constabulary,-0.205363,51.904294,On or near Petrol Station,E01023758,Stevenage 008D,Suspect charged
420469648b9053b8c98ed7ed193d50493009d581342a01343d917c72010d41f2,2018-08,Hertfordshire Constabulary,Hertfordshire Constabulary,-0.192195,51.794093,On or near ROSEMOOR CLOSE,E01023955,Welwyn Hatfield 007B,Investigation complete; no suspect identified
b6349cf4edbcabe9df4355496131735493b2f3670dc73a4cb63146b6d6b3e2fe,2018-08,Hertfordshire Constabulary,Hertfordshire Constabulary,-0.194819,51.790834,On or near GOOSEACRE,E01023940,Welwyn Hatfield 009B,Investigation complete; no suspect identified
b55750aed870ef647b850149addfd713c2f21de1be542f8b57d1aefa1be0140d,2018-08,Hertfordshire Constabulary,Hertfordshire Constabulary,-0.450448,51.651294,On or near CHERWELL CLOSE,E01023820,Three Rivers 006B,Investigation complete; no suspect identified
bb523d709237755fba9d55a6a50209da96143d251d9f6d5387cc99cb4d38e39f,2018-08,Hertfordshire Constabulary,Hertfordshire Constabulary,-0.205363,51.904294,On or near Petrol Station,E01023758,Stevenage 008D,Suspect charged
5f268a885c496c11cbd159271219540ac967727797863eddd5d1c7d05b8ee39b,2018-08,Hertfordshire Constabulary,Hertfordshire Constabulary,-0.189031,51.884234,On or near ROEBUCK GATE,E01023783,Stevenage 011A,Investigation complete; no suspect identified
f5e3a47cdf8e1bd8342b9c301cbd92db35ccbafe379a9b57ef9c4a27303bc3d3,2018-08,Hertfordshire Constabulary,Hertfordshire Constabulary,0.000996,51.785595,On or near SANVILLE GARDENS,E01023505,East Hertfordshire 018F,Investigation complete; no suspect identified
fc55931fff959d2b65f77a626ece7e1db738e6d32f0b12d034388627c7862bfd,2018-08,Hertfordshire Constabulary,Hertfordshire Constabulary,-0.205363,51.904294,On or near Petrol Station,E01023758,Stevenage 008D,Suspect charged
6bf88813452fb7a5f834fce08e60f346d322fe6a801abdb59f8f7b04d462498d,2018-08,Hertfordshire Constabulary,Hertfordshire Constabulary,-0.300938,51.781004,On or near LYNDON MEAD,E01023736,St Albans 007D,Investigation complete; no suspect identified
4c8f808cf4d5bf52374e923af280f809d07c28795d54aa4976f88e30b547dd0d,2018-08,Hertfordshire Constabulary,Hertfordshire Constabulary,-0.324008,51.773045,On or near SANDRIDGE PARK,E01023713,St Albans 007A,Investigation complete; no suspect identified
3ab38d78a9151f367dbb3830c77d6374f02c35a2de2c7f5eb698199f83db27f9,2018-08,Hertfordshire Constabulary,Hertfordshire Constabulary,-0.264074,51.955627,On or near COOKS WAY,E01023619,North Hertfordshire 011C,Investigation complete; no suspect identified
42c9de2eeafc0d3983352d1c9f91d476bb36ada432a7c4c73d8dba2140e7c5c5,2018-08,Hertfordshire Constabulary,Hertfordshire Constabulary,-0.410117,51.693844,On or near EDSON CLOSE,E01023833,Three Rivers 002D,Unable to prosecute suspect
a9fa52244e65df96e853c9ef83635abc5ecbdddf744e581af2c71e68c5152fb0,2018-08,Hertfordshire Constabulary,Hertfordshire Constabulary,-0.427348,51.755644,On or near Petrol Station,E01023409,Dacorum 017A,Investigation complete; no suspect identified
7b41be2b6f512fefb14e97af38127bde862bcbc99680e291a0c70d40634aa6b5,2018-08,Hertfordshire Constabulary,Hertfordshire Constabulary,-0.013650,51.759811,On or near Supermarket,E01023320,Broxbourne 003A,Investigation complete; no suspect identified
dddfd4119bb81b4cbf8c966f3b493473fedfd75188b74951cdaabe708d02e95a,2018-08,Hertfordshire Constabulary,Hertfordshire Constabulary,-0.453613,51.727299,On or near NASH MILLS LANE,E01023407,Dacorum 022B,Unable to prosecute suspect
7f809b64922bf8d82d6f972ae1e4ab81869b29e6806b93b40b9ab4e5bc95412f,2018-08,Hertfordshire Constabulary,Hertfordshire Constabulary,-0.183703,51.985689,On or near PINNOCKS CLOSE,E01023589,North Hertfordshire 004C,Investigation complete; no suspect identified
1ad56828a690cba89a53809b0394640db5c0c609cdba5d404cfc751f4a10fcd8,2018-08,Hertfordshire Constabulary,Hertfordshire Constabulary,-0.426299,51.823311,On or near Petrol Station,E01023430,Dacorum 001A,Investigation complete; no suspect identified
3dccb85bf3b402d399a13dfc6ca3f0cf5327c844e51a6a8fb620777303dd7e8d,2018-08,Hertfordshire Constabulary,Hertfordshire Constabulary,-0.268828,51.650205,On or near FURZEHILL ROAD,E01023540,Hertsmere 011B,Investigation complete; no suspect identified
f0b72adc09e96e33dfb8248e2c037a5f03916af2291fd2c670a8f8c5f266750a,2018-08,Hertfordshire Constabulary,Hertfordshire Constabulary,-0.415648,51.745946,On or near WESTWICK ROW,E01023722,St Albans 006A,Investigation complete; no suspect identified
cbf346ab51b9efcb9ccc3f0f7f13e13bc22be0c34781e91d533b4cf821775b39,2018-08,Hertfordshire Constabulary,Hertfordshire Constabulary,-0.174854,51.908851,On or near NEWTON ROAD,E01023762,Stevenage 007D,Investigation complete; no suspect identified
162513045d29bf33aee5b85cbc2c0e56f30ea4c8acdfe041bc098b255f6177b5,2018-08,Hertfordshire Constabulary,Hertfordshire Constabulary,-0.359823,51.819427,On or near Petrol Station,E01023699,St Albans 003A,Investigation complete; no suspect identified
87263360294a9c88e62962e764860e8689872d0568ebb8d11803fba75867414e,2018-08,Hertfordshire Constabulary,Hertfordshire Constabulary,-0.450014,51.779180,On or near ESSEX MEAD,E01023395,Dacorum 007C,Investigation complete; no suspect identified
24ea13e5268e4793209a29ae7a991c435bb433058cb381a12eaa0a9ebb83ee39,2018-08,Hertfordshire Constabulary,Hertfordshire Constabulary,-0.359823,51.819427,On or near Petrol Station,E01023699,St Albans 003A,Investigation complete; no suspect identified
957de6bbe23dc7908e3ce5c3313ae0e7c434b4b611c0c255e10ed99d90e72dba,2018-08,Hertfordshire Constabulary,Hertfordshire Constabulary,-0.535866,51.716241,On or near GREEN VIEW CLOSE,E01023377,Dacorum 021E,Investigation complete; no suspect identified
73d94a2dda0451c41eb98b6aeb7f060203f5cceff3483f69e35256beeab0ee97,2018-08,Hertfordshire Constabulary,Hertfordshire Constabulary,-0.017598,51.780164,On or near SPRINGLE LANE,E01023317,Broxbourne 001B,Investigation complete; no suspect identified
6958610cf926d23917ae77b15b57a2ac9fcedd3f4d100096154345bee2923ac3,2018-08,Hertfordshire Constabulary,Hertfordshire Constabulary,-0.234079,51.756856,On or near SPRING GLEN,E01023923,Welwyn Hatfield 012D,Unable to prosecute suspect
2efc53e15c18ca6bf333e8e0520307fe2d2e255e8b2d11210c8abf1afab7a5c5,2018-08,Hertfordshire Constabulary,Hertfordshire Constabulary,-0.188286,51.861554,On or near CHERRY CLOSE,E01023629,North Hertfordshire 015F,Suspect charged
cf0276fa09fac9fb116dc26be4c43053ebc946c66e3090e95c9dd722a83e2e51,2018-08,Hertfordshire Constabulary,Hertfordshire Constabulary,-0.227178,51.978582,On or near Shopping Area,E01023644,North Hertfordshire 008A,Investigation complete; no suspect identified
1079608bfd7b9d304b5418ca4f86ca5710456c4608afbf622f8645643e581008,2018-08,Hertfordshire Constabulary,Hertfordshire Constabulary,-0.380858,51.684192,On or near PHILLIPERS,E01023873,Watford 003A,Investigation complete; no suspect identified
43811f91e3d74e50ced8a557730d3ffa69692c2f8011995f5d7fabd06d0cfab1,2018-08,Hertfordshire Constabulary,Hertfordshire Constabulary,-0.462805,51.762380,On or near CATTSDELL,E01023401,Dacorum 008A,Investigation complete; no suspect identified
6cd478ce68431fa2549fb88ee34b5ed20ae735de1bdb6e2d5e20079f2caaf8e3,2018-08,Hertfordshire Constabulary,Hertfordshire Constabulary,-0.225427,51.687369,On or near BIGNELLS CORNER,E01023584,Hertsmere 004D,Investigation complete; no suspect identified
155663b412e288512842081b3b8b967550487df7deb4134da41b05dacaa22ea1,2018-08,Hertfordshire Constabulary,Hertfordshire Constabulary,-0.339165,51.753028,On or near WADDINGTON ROAD,E01023727,St Albans 012B,Unable to prosecute suspect
f002b909cb73b2e025fa21872b3eec22527bb23e35af0439150d84d50a03c943,2018-08,Hertfordshire Constabulary,Hertfordshire Constabulary,-0.400812,51.635989,On or near ST FRANCIS CLOSE,E01023846,Three Rivers 008D,Unable to prosecute suspect
064281f1fb882f438773b063ba4c3f085b951a5ba68904fd44c9d1039d30ce57,2018-08,Hertfordshire Constabulary,Hertfordshire Constabulary,-0.225427,51.687369,On or near BIGNELLS CORNER,E01023584,Hertsmere 004D,Suspect charged
4d9dc91e0ca8dfffedfbef4420af6b1ec8658546d4bffde5ef90dcc68a39bb13,2018-08,Hertfordshire Constabulary,Hertfordshire Constabulary,-0.225427,51.687369,On or near BIGNELLS CORNER,E01023584,Hertsmere 004D,Investigation complete; no suspect identified
e1796942af28ae217d57c18a580df9804fda12117e1543c473b731bcd25a9fcb,2018-08,Hertfordshire Constabulary,Hertfordshire Constabulary,-0.255373,51.644107,On or near Shopping Area,E01023543,Hertsmere 011E,Investigation complete; no suspect identified
a04d901cd467de86d58343469f31910e3e99f266b95dfe007d2bb3e80f485e19,2018-08,Hertfordshire Constabulary,Hertfordshire Constabulary,-0.525924,51.740655,On or near A41,E01023377,Dacorum 021E,Investigation complete; no suspect identified
7e13fab3b1c11e38330af4b3b36614faf667930f1a7f3cfb14f4b6bc4855e0a5,2018-08,Hertfordshire Constabulary,Hertfordshire Constabulary,-0.459527,51.747995,On or near SHERBOURNE CLOSE,E01023387,Dacorum 019B,Investigation complete; no suspect identified
d530237d98d3b5684491c75b7c0b916eda31341735548d77b2dc140edc06375a,2018-08,Hertfordshire Constabulary,Hertfordshire Constabulary,-0.288614,51.937958,On or near CHARLTON ROAD,E01023615,North Hertfordshire 012E,Investigation complete; no suspect identified
036bc037ae4b1caccde0aaa67bfbb74cbb52d4e8a54c75b16f262f09eb655dfc,2018-08,Hertfordshire Constabulary,Hertfordshire Constabulary,-0.189920,51.808527,On or near Pedestrian Subway,E01023912,Welwyn Hatfield 004A,Unable to prosecute suspect
eb26283ed10d5aa11f08f2883a3fb629ba21427be78f69c32a65268c9c5bd312,2018-08,Hertfordshire Constabulary,Hertfordshire Constabulary,-0.199079,51.984306,On or near LETCHWORTH ROAD,E01023641,North Hertfordshire 009C,Investigation complete; no suspect identified
c4b7d9016b71c5f1ef819417552e6634baab9553653c2fa914d1bba6abda9475,2018-08,Hertfordshire Constabulary,Hertfordshire Constabulary,-0.056389,51.690116,On or near LIEUTENANT ELLIS WAY,E01023293,Broxbourne 011A,Unable to prosecute suspect
2d243f545c4c5fb9b9f9394e286c8897aa1c64e8fa402825fe15c1569333e8c8,2018-08,Hertfordshire Constabulary,Hertfordshire Constabulary,-0.165653,51.908456,On or near ELIOT ROAD,E01023759,Stevenage 007A,Investigation complete; no suspect identified
b318e0d0a465dfb90644a428141e632f4828f71b551b440f144a491726663119,2018-08,Hertfordshire Constabulary,Hertfordshire Constabulary,-0.271824,51.949375,On or near Theatre/Concert Hall,E01023609,North Hertfordshire 013D,Investigation complete; no suspect identified
93c51ca5101c0b07acc4170d7404764f0294ebd771e94b093eb30ebc152bd427,2018-08,Hertfordshire Constabulary,Hertfordshire Constabulary,-0.044224,51.800070,On or near Petrol Station,E01023484,East Hertfordshire 016C,Investigation complete; no suspect identified
c8cb2db144f8f427c2c0d00747532cb3afc53fb3361f272f3b3339c3f9ff0600,2018-08,Hertfordshire Constabulary,Hertfordshire Constabulary,-0.253023,51.658612,On or near Petrol Station,E01023546,Hertsmere 009C,Investigation complete; no suspect identified
47b81583786fdb7a2c434c9882c222b45c3da88e80bb71cf7ff0e52af5aca868,2018-08,Hertfordshire Constabulary,Hertfordshire Constabulary,-0.361912,51.722964,On or near LARKS RIDGE,E01023731,St Albans 020C,Investigation complete; no suspect identified
a9f04ae4627ea3c3a17bdee18dde6a9e6a84aeaef3a5d4384b97c1f3ffad3b39,2018-08,Hertfordshire Constabulary,Hertfordshire Constabulary,-0.400812,51.635989,On or near ST FRANCIS CLOSE,E01023846,Three Rivers 008D,Unable to prosecute suspect
744be49a29c8efb1b9e4ac6ce2f4b76cb0d408f390560955c0d317fa41cf2a5b,2018-08,Hertfordshire Constabulary,Hertfordshire Constabulary,-0.253503,51.645751,On or near STIRLING WAY,E01023543,Hertsmere 011E,Unable to prosecute suspect
0f95cf4af3c278946e684dba13dbe94209d4569090c2882044e38e7c629a0c33,2018-08,Hertfordshire Constabulary,Hertfordshire Constabulary,-0.389105,51.653993,On or near WATER LANE,E01023860,Watford 009B,Investigation complete; no suspect identified
c19ff2d81853d34c7e81163888db4839ec12d062270452260a26d17293649b35,2018-08,Hertfordshire Constabulary,Hertfordshire Constabulary,-0.012754,51.761720,On or near Parking Area,E01023323,Broxbourne 003D,Investigation complete; no suspect identified
32cc9c075619ff7937fc7c81f7081a1ca626954022c68bf34389a7e59937f22c,2018-08,Hertfordshire Constabulary,Hertfordshire Constabulary,-0.192195,51.794093,On or near ROSEMOOR CLOSE,E01023955,Welwyn Hatfield 007B,Investigation complete; no suspect identified
3149cc8038e623091d2412672a14395802849e93d7b7ca09d7592dc295b951de,2018-08,Hertfordshire Constabulary,Hertfordshire Constabulary,-0.393582,51.621396,On or near ST MARTINS CLOSE,E01023843,Three Rivers 012C,Unable to prosecute suspect
6077fc3a8e767422995ba2244eb7e00f4cb2207735f0726bf93b1d56e5a4fefb,2018-08,Hertfordshire Constabulary,Hertfordshire Constabulary,-0.215343,51.764584,On or near Parking Area,E01023926,Welwyn Hatfield 011C,Investigation complete; no suspect identified
3d24b18953e5367384f9fba0cf68a86323511406791c60c8833bf4ff1e2a22be,2018-08,Hertfordshire Constabulary,Hertfordshire Constabulary,-0.389302,51.696537,On or near Sports/Recreation Area,E01023905,Watford 001B,Investigation complete; no suspect identified
a8c192b3e1f4637981cc02de1d9c6c088572283a601320625a761e3f88d2b5c4,2018-08,Hertfordshire Constabulary,Hertfordshire Constabulary,-0.203130,51.968587,On or near TOWNLEY,E01023641,North Hertfordshire 009C,Unable to prosecute suspect
d2f477766bfdc4d3aeaf8371c8ddf08547dbdc8d3265904cb3b5cbb9c9a3cde4,2018-08,Hertfordshire Constabulary,Hertfordshire Constabulary,-0.278190,51.655675,On or near Supermarket,E01023530,Hertsmere 007B,Suspect charged
f87823f9ece8ecb23b57297afcafce297ad18883401ebbc90d5d295592309d82,2018-08,Hertfordshire Constabulary,Hertfordshire Constabulary,-0.339165,51.753028,On or near WADDINGTON ROAD,E01023727,St Albans 012B,Unable to prosecute suspect
1a8f697536166bbde46e7f1e9e0c5ad5611cdc7c103553ee8ef54f760859a897,2018-08,Hertfordshire Constabulary,Hertfordshire Constabulary,-0.183081,51.928347,On or near OLD BOURNE WAY,E01023801,Stevenage 002F,Investigation complete; no suspect identified
7513918ede1d4b5028391fbcf8d708ba58b93e121eea9dbc359093dd4fa49022,2018-08,Hertfordshire Constabulary,Hertfordshire Constabulary,-0.384398,51.681462,On or near HARVEST END,E01023876,Watford 003D,Unable to prosecute suspect
720990fc8162a1456e0e2c02f7ae1113adee8b5200b50f4cae58e368241e1ace,2018-08,Hertfordshire Constabulary,Hertfordshire Constabulary,-0.313406,51.752625,On or near Sports/Recreation Area,E01023674,St Albans 011B,Investigation complete; no suspect identified
1cb2e8e3eab16b3c016895b6bf149c680e8c2f64007962dd79a7382951e14a02,2018-08,Hertfordshire Constabulary,Hertfordshire Constabulary,-0.185794,51.814820,On or near MARGERY WOOD,E01023914,Welwyn Hatfield 004C,Unable to prosecute suspect
5ac6bafa4c7a15159f1bdaf9f96dc8f8d5a5f4dc53cd85281e0db2ff49e70bb3,2018-08,Hertfordshire Constabulary,Hertfordshire Constabulary,-0.333374,51.758009,On or near AVENUE ROAD,E01023716,St Albans 010D,Investigation complete; no suspect identified
f6a2fdc1eaf31257ae5cf2d4483ed9239dd3093db313e038dc54cbdb28e80f82,2018-08,Hertfordshire Constabulary,Hertfordshire Constabulary,-0.012754,51.761720,On or near Parking Area,E01023323,Broxbourne 003D,Unable to prosecute suspect
5d553d6b08dd466c162dcaefb16ea4c43a9b611b9f7efc97478b017672ac435c,2018-08,Hertfordshire Constabulary,Hertfordshire Constabulary,-0.197999,51.908138,On or near SISH LANE,E01023779,Stevenage 006B,Unable to prosecute suspect
6ed08cabc3a9fa2bee8ba502a06aa6f6ef830ce489f6e9afb092720a17254b41,2018-08,Hertfordshire Constabulary,Hertfordshire Constabulary,-0.180426,51.918469,On or near Pedestrian Subway,E01023774,Stevenage 003D,Investigation complete; no suspect identified
e8cdddb3b2c299f0455a91ffd991e7d3e52ed8dbdc5ac2192eb4a903f5fa6e4e,2018-08,Hertfordshire Constabulary,Hertfordshire Constabulary,-0.248888,51.736971,On or near FELLOWES LANE,E01023679,St Albans 015C,Unable to prosecute suspect
53bca5f0c97d4bf5d9c22f85dd28ffcda6a7f14aefd8b2db05e93781b1346444,2018-08,Hertfordshire Constabulary,Hertfordshire Constabulary,-0.198723,51.671262,On or near Park/Open Space,E01023576,Hertsmere 001A,Unable to prosecute suspect
757cd314c04a65a768df4afcf1111f8834b8169536c730e888e219206bdb732e,2018-08,Hertfordshire Constabulary,Hertfordshire Constabulary,-0.007090,51.770572,On or near STANSTEAD DRIVE,E01023329,Broxbourne 002C,Unable to prosecute suspect
74ee199431e0bbd82c044c653a742fba2d50b41ef5e031a01c6a0ddcb0d7cfd5,2018-08,Hertfordshire Constabulary,Hertfordshire Constabulary,-0.035993,51.710063,On or near WOOLPACK COURT,E01023303,Broxbourne 008B,Investigation complete; no suspect identified
f54c79427354e6680e320b3eff0d377d1a40b057b748a12e1cd3501cddc7fcf4,2018-08,Hertfordshire Constabulary,Hertfordshire Constabulary,-0.203048,51.904016,On or near Shopping Area,E01023758,Stevenage 008D,Investigation complete; no suspect identified
ce726370267fb34b56b44f1a1ef3a0a8679b89cf6295958d62d954a91ec8c0b8,2018-08,Hertfordshire Constabulary,Hertfordshire Constabulary,-0.073672,51.796527,On or near Pedestrian Subway,E01023478,East Hertfordshire 017D,Investigation complete; no suspect identified
220240dac3dbd5b3e2928f34216271232fd2655a0714374faf83c9dbf33a8e3d,2018-08,Hertfordshire Constabulary,Hertfordshire Constabulary,-0.397836,51.663446,On or near VERULAM PASSAGE,E01023861,Watford 009C,Suspect charged
4fdc9a3b36470afc2be29f19c7f36d4e8b1507abfa0f81f1357bbe9c4742b362,2018-08,Hertfordshire Constabulary,Hertfordshire Constabulary,-0.471167,51.639121,On or near HIGH STREET,E01023850,Three Rivers 007C,Unable to prosecute suspect
5cd294391268c1513b1142c22deb7370d4db5bfe166da71c2ee4fc860868429c,2018-08,Hertfordshire Constabulary,Hertfordshire Constabulary,-0.382672,51.655613,On or near WALTON ROAD,E01023554,Hertsmere 008C,Unable to prosecute suspect
67ec2c05bdcc6a91aafebd4280a4318e0e6bf40a299847fd0e7ccaf64aa87977,2018-08,Hertfordshire Constabulary,Hertfordshire Constabulary,-0.029371,51.696590,On or near SHORTMEAD DRIVE,E01023333,Broxbourne 012B,Investigation complete; no suspect identified
b43c6c799e15a806e6039087fe49b389bf8d4776078aedf45fa3a21e1ca35026,2018-08,Hertfordshire Constabulary,Hertfordshire Constabulary,-0.021600,51.726772,On or near JUNIPER CLOSE,E01023343,Broxbourne 005D,Investigation complete; no suspect identified
6d07d68b51f2b2245fc2694238e2abc4055eaa9c84b1eafee1fa34968e1c3613,2018-08,Hertfordshire Constabulary,Hertfordshire Constabulary,-0.473578,51.751029,On or near BRIDGE STREET,E01023398,Dacorum 015D,Investigation complete; no suspect identified
cfdc3d42749fa6885dcdfc1b47f12a3e164fb6fcf57f9ed7f290070e1a3d9c12,2018-08,Hertfordshire Constabulary,Hertfordshire Constabulary,-0.387679,51.651411,On or near Supermarket,E01023860,Watford 009B,Investigation complete; no suspect identified
3f7db8a158841161f40130226b5adcb0ba6e0e597c1d778f07b4e338562cba51,2018-08,Hertfordshire Constabulary,Hertfordshire Constabulary,-0.208946,51.912162,On or near BELL LANE,E01023775,Stevenage 006A,Unable to prosecute suspect
68b721d19921d12677f2a039e0dd82ba747694a46d580681a46b4c9775acc551,2018-08,Hertfordshire Constabulary,Hertfordshire Constabulary,-0.287105,51.753522,On or near Sports/Recreation Area,E01023680,St Albans 015D,Investigation complete; no suspect identified
c487dab636baafd810a13277d5a2ab402d4bd0554d30a24c2a1840da1a9fc837,2018-08,Hertfordshire Constabulary,Hertfordshire Constabulary,-0.208946,51.912162,On or near BELL LANE,E01023775,Stevenage 006A,Unable to prosecute suspect
a118531c435e2fe8ad495276655cac8fe6ba7e06a8dab7c6ed3ef3c16b6a4684,2018-08,Hertfordshire Constabulary,Hertfordshire Constabulary,-0.393737,51.672230,On or near CHISWELL COURT,E01023858,Watford 006D,Investigation complete; no suspect identified
11ee948267cced5387129bfc6b8ad4a3bc0098781d8d076319b377af2db50023,2018-08,Hertfordshire Constabulary,Hertfordshire Constabulary,-0.437416,51.775857,On or near KIMPTON CLOSE,E01023434,Dacorum 005A,Unable to prosecute suspect
b6a016fd3982b09740d08b21ae249c0f63ff9835731c4e65b1a508980f5aa122,2018-08,Hertfordshire Constabulary,Hertfordshire Constabulary,-0.185582,51.793002,On or near BLACKTHORN ROAD,E01023955,Welwyn Hatfield 007B,Unable to prosecute suspect
e4165dae3af7109000f69855e2aa47dd6193a9d463ac658048a83c3b1271f7b3,2018-08,Hertfordshire Constabulary,Hertfordshire Constabulary,-0.389951,51.679470,On or near Supermarket,E01023896,Watford 005B,Investigation complete; no suspect identified
df4215acb01538227e37846898eadd2678dbc1214447973876df6fc2ed0fbf3a,2018-08,Hertfordshire Constabulary,Hertfordshire Constabulary,0.035995,51.947026,On or near HORSESHOE LANE,E01023462,East Hertfordshire 001A,Investigation complete; no suspect identified
92479949059df8c7cb41c6eca11620eeac31300f11b3c32c87c14d6f3c11e4a1,2018-08,Hertfordshire Constabulary,Hertfordshire Constabulary,-0.279683,51.667036,On or near CLIFTON WAY,E01023535,Hertsmere 006B,Investigation complete; no suspect identified
27debb882f7f2c38c5f82c05293ca95951e8948aca75df82c2f4b4c554cbf489,2018-08,Hertfordshire Constabulary,Hertfordshire Constabulary,0.035995,51.947026,On or near HORSESHOE LANE,E01023462,East Hertfordshire 001A,Investigation complete; no suspect identified
4f55480f033e51332ddf2404dee3669702d331ba253e49b7d165d14c0aad6eb6,2018-08,Hertfordshire Constabulary,Hertfordshire Constabulary,-0.026796,51.743451,On or near WILLOUGHBY CLOSE,E01023289,Broxbourne 004A,Investigation complete; no suspect identified
98dcbff1633722cbf3f6f5cfc46794472c46153df5cd89828a39ca032efff982,2018-08,Hertfordshire Constabulary,Hertfordshire Constabulary,-0.276557,51.655669,On or near KEYSTONE PASSAGE,E01023530,Hertsmere 007B,Unable to prosecute suspect
9ebe68a3cc4acff2c50eb5d9cd5925ebc8176bae41536a1e5ce3329f6ea2d5a9,2018-08,Hertfordshire Constabulary,Hertfordshire Constabulary,-0.023387,51.703404,On or near Parking Area,E01023299,Broxbourne 010C,Unable to prosecute suspect
71a8d699079b0be58d8f59923c8e8f0da125ba98a0879d89f466fdbc7fbc6572,2018-08,Hertfordshire Constabulary,Hertfordshire Constabulary,-0.390782,51.663386,On or near ANGLIAN CLOSE,E01023895,Watford 005A,Investigation complete; no suspect identified
8312fc9d960def8c7d84d70e96ad0bfe8c36c3652b2bf2e6dffee5c8d141e181,2018-08,Hertfordshire Constabulary,Hertfordshire Constabulary,-0.035661,51.713718,On or near ANCHOR CLOSE,E01023305,Broxbourne 008D,Investigation complete; no suspect identified
71a9ca0768fa9b8a91e40a3dcb83e5459f134ede006c12214f1eadfb657d1987,2018-08,Hertfordshire Constabulary,Hertfordshire Constabulary,-0.276557,51.655669,On or near KEYSTONE PASSAGE,E01023530,Hertsmere 007B,Investigation complete; no suspect identified
f8ad79d8ccef29b48aee690ace1c3866d5e4ea5384f2a28eb3363b4d1c2cd0fe,2018-08,Hertfordshire Constabulary,Hertfordshire Constabulary,-0.321725,51.752133,On or near LAUREL ROAD,E01023676,St Albans 011D,Offender given a drugs possession warning
97b2291c495f7b039735456301b33b51330b09c8781ef7c34e4753b7815c063f,2018-08,Hertfordshire Constabulary,Hertfordshire Constabulary,-0.445107,51.772218,On or near REDBOURN ROAD,E01023346,Dacorum 013B,Unable to prosecute suspect
11a052aba32b334fd727a0374f877557fcdb8e7a3871fe36d2ceba0e67ba8f98,2018-08,Hertfordshire Constabulary,Hertfordshire Constabulary,-0.202379,51.902935,On or near Shopping Area,E01023758,Stevenage 008D,Investigation complete; no suspect identified
00a05452ca0d63f15cd827f21b0b32ed02abb568ae655b34a75199f806ed22f6,2018-08,Hertfordshire Constabulary,Hertfordshire Constabulary,-0.280872,51.661208,On or near Sports/Recreation Area,E01023531,Hertsmere 007C,Unable to prosecute suspect
1ab73ae8bd0ecf820e290b5f70f1de807fdb16e5a3c28368ba7bc8bb3e8e58c2,2018-08,Hertfordshire Constabulary,Hertfordshire Constabulary,-0.386917,51.648433,On or near BRIDGE PLACE,E01023862,Watford 009D,Investigation complete; no suspect identified
16b9548727ea3a8e8257a109cedaab06ea1c26dce88d11b6f81836d1fce40fb7,2018-08,Hertfordshire Constabulary,Hertfordshire Constabulary,-0.457937,51.732158,On or near BITTERN CLOSE,E01023414,Dacorum 020E,Unable to prosecute suspect
3cc761cb796a4bf1624205ef3f049f7340d72db03ae92980d19d79b8c163cdd6,2018-08,Hertfordshire Constabulary,Hertfordshire Constabulary,-0.184900,51.796283,On or near HAYNES CLOSE,E01023944,Welwyn Hatfield 008B,Unable to prosecute suspect
af692515bfdd8661222cc1ea36ef92fa60771bd7db5f30fb38da0350c8e1014e,2018-08,Hertfordshire Constabulary,Hertfordshire Constabulary,-0.280872,51.661208,On or near Sports/Recreation Area,E01023531,Hertsmere 007C,Unable to prosecute suspect
3f07216f52522976401553d7fb2ba982099b427ed5b964e608c1224ede6e68d4,2018-08,Hertfordshire Constabulary,Hertfordshire Constabulary,-0.382143,51.638800,On or near SHERWOODS ROAD,E01023882,Watford 012A,Unable to prosecute suspect
f3d9b12b6c388c0e21f0d7070372e2e3589c35860e0681a41344096ef80a651a,2018-08,Hertfordshire Constabulary,Hertfordshire Constabulary,-0.446630,51.744310,On or near FLATFIELD ROAD,E01023358,Dacorum 020B,Unable to prosecute suspect
1cbc0f2c46984a5d3925e62c0f671a3e1bf4febc71ce8e0cf89694183e4be2bc,2018-08,Hertfordshire Constabulary,Hertfordshire Constabulary,-0.194696,51.914372,On or near LEGGETT GROVE,E01023778,Stevenage 002C,Unable to prosecute suspect
aae9a5996754aa15b407a51268d466ffc50c184ec325fd4bb616c19989acef83,2018-08,Hertfordshire Constabulary,Hertfordshire Constabulary,-0.205948,51.802352,On or near Shopping Area,E01023918,Welwyn Hatfield 006C,Unable to prosecute suspect
7e3d1937707ca7b5917fd05b7d536aa1b327c43924942b19ea6f09544d765477,2018-08,Hertfordshire Constabulary,Hertfordshire Constabulary,-0.204783,51.700166,On or near MUTTON LANE,E01023570,Hertsmere 002D,Unable to prosecute suspect
a5117d2aeedf07a92b884d69034ae9e6b39c9207005a016f90af71561e3992bb,2018-08,Hertfordshire Constabulary,Hertfordshire Constabulary,-0.426299,51.823311,On or near Petrol Station,E01023430,Dacorum 001A,Investigation complete; no suspect identified
bfab2c5785ca1060d3d3e3851043158f7b7c15316de8d9701b41e91dc6a8be22,2018-08,Hertfordshire Constabulary,Hertfordshire Constabulary,-0.045264,51.709580,On or near SHAW CLOSE,E01023310,Broxbourne 006D,Investigation complete; no suspect identified
85082bb8f96974799fb298cbc6304da3842f81761f027cc897eceae828e74984,2018-08,Hertfordshire Constabulary,Hertfordshire Constabulary,-0.184987,51.909943,On or near ARCHER ROAD,E01023781,Stevenage 006D,Unable to prosecute suspect
1092a64137d6d873da00a204c18abf67eb27e0a05c74dd521485413a959b0eaa,2018-08,Hertfordshire Constabulary,Hertfordshire Constabulary,-0.229568,51.765123,On or near TOWN FIELDS,E01023920,Welwyn Hatfield 012A,Investigation complete; no suspect identified
b364bcccf9b65dfde30ba4acf2b792ba234595b9864654f84c549b237dad7b1b,2018-08,Hertfordshire Constabulary,Hertfordshire Constabulary,-0.281231,51.668164,On or near NORTHGATE PATH,E01023536,Hertsmere 006C,Investigation complete; no suspect identified
c8ce62b51e181bede3fd241a12cb14c1a9d84f6bff2edd6908bea2a734f01fa3,2018-08,Hertfordshire Constabulary,Hertfordshire Constabulary,-0.455088,51.718866,On or near CONISTON ROAD,E01023408,Dacorum 022C,Investigation complete; no suspect identified
3bd0d14fa7120a3d76d71b1232c763426002a417f516bb7f3f40714a237e4ad5,2018-08,Hertfordshire Constabulary,Hertfordshire Constabulary,-0.286632,51.717772,On or near ALSOP CLOSE,E01023704,St Albans 018A,Suspect charged
a76a1a183056c2a73ec39991995ebe0046bd94a36b5c5313d6e7e300c788294e,2018-08,Hertfordshire Constabulary,Hertfordshire Constabulary,-0.490967,51.710008,On or near CROFT FIELD,E01023375,Dacorum 021C,Investigation complete; no suspect identified
8ec55a0a18a75f7004b2cbdf49b3a7d97ca182c5a23a487992c7f8d06e9636fd,2018-08,Hertfordshire Constabulary,Hertfordshire Constabulary,-0.455088,51.718866,On or near CONISTON ROAD,E01023408,Dacorum 022C,Investigation complete; no suspect identified
bec910e67cb263bd28888ed796650c596f99b517627aaa3008b37dc48aecf350,2018-08,Hertfordshire Constabulary,Hertfordshire Constabulary,-0.182731,51.901015,On or near SHEPHALL VIEW,E01023756,Stevenage 008B,Unable to prosecute suspect
4bf663dbc98532f318118a8fa1254ae1886c2367843dbd0c20a06335c8a049fc,2018-08,Hertfordshire Constabulary,Hertfordshire Constabulary,-0.306842,51.758843,On or near CHESTNUT DRIVE,E01023673,St Albans 010A,Investigation complete; no suspect identified
386f769e7f256f72f41542167368cb70b0f5f6c60ede18e8b98851c953d45633,2018-08,Hertfordshire Constabulary,Hertfordshire Constabulary,-0.412096,51.628580,On or near DUMFRIES CLOSE,E01023827,Three Rivers 008A,Unable to prosecute suspect
0ae0b291075ce943bcae06aecdb7d12723ebfdb36f77f4acb1004d962a4a181b,2018-08,Hertfordshire Constabulary,Hertfordshire Constabulary,-0.514513,51.649532,On or near CLEMENTS ROAD,E01023816,Three Rivers 005B,Investigation complete; no suspect identified
edc8cd28111e05482dc47119b8b5a69bb2e311456a761e14820b9595b9cfb15f,2018-08,Hertfordshire Constabulary,Hertfordshire Constabulary,-0.397992,51.676226,On or near FULLER ROAD,E01023857,Watford 006C,Unable to prosecute suspect
36fb8f79a0a4f49ec0c7e38b9f101846aef3ad6cee69beeb919ebe72c66895fc,2018-08,Hertfordshire Constabulary,Hertfordshire Constabulary,-0.310992,51.677085,On or near Sports/Recreation Area,E01023525,Hertsmere 005C,Investigation complete; no suspect identified
ed9504fa3cd27cc224e0b3d1533f9daf7d7d9746ff4a1e5d46a49a31f3030363,2018-08,Hertfordshire Constabulary,Hertfordshire Constabulary,-0.257370,51.734085,On or near Sports/Recreation Area,E01023679,St Albans 015C,Investigation complete; no suspect identified
cbab6579352c325919a450c0a157b13cf13f8da785112a61452f94c20eadfbe4,2018-08,Hertfordshire Constabulary,Hertfordshire Constabulary,-0.460291,51.717001,On or near HIGHFIELD,E01023408,Dacorum 022C,Investigation complete; no suspect identified
9222fa639c6deac658fc5fd91b998bef153c52ea41e0468fdf107e7d3337e264,2018-08,Hertfordshire Constabulary,Hertfordshire Constabulary,0.165867,51.862158,On or near MILL STREET,E01023444,East Hertfordshire 007B,Suspect charged
ccd40301eb835b7fe4aae65edd7e9561d186c42b84261b8b94cb9b562f432812,2018-08,Hertfordshire Constabulary,Hertfordshire Constabulary,-0.411562,51.668282,On or near KILDONAN CLOSE,E01023879,Watford 007B,Investigation complete; no suspect identified
b35adb3a5b51647bea10119a140ef8095b8aa5138f9dabed2bd1a94d25b9fc22,2018-08,Hertfordshire Constabulary,Hertfordshire Constabulary,-0.472093,51.758950,On or near Theatre/Concert Hall,E01023399,Dacorum 010C,Investigation complete; no suspect identified
b84628073f0c973a5b317b33b7e226611ce37aef04a941d2d8a96d547dea8e1b,2018-08,Hertfordshire Constabulary,Hertfordshire Constabulary,-0.202859,51.981550,On or near Shopping Area,E01023633,North Hertfordshire 006D,Offender given a caution
4ad1acc9999950c35ba2b05a55803faed09446dfe33cfde46cbc19c82905a9cc,2018-08,Hertfordshire Constabulary,Hertfordshire Constabulary,-0.027484,52.058852,On or near ISHERWOOD CLOSE,E01023661,North Hertfordshire 001B,Unable to prosecute suspect
453e136e1027f1b8ed8683bfe46daa361f4f4101553f66e48986e35bfc4d8d01,2018-08,Hertfordshire Constabulary,Hertfordshire Constabulary,-0.084099,51.785583,On or near MANDEVILLE CLOSE,E01023475,East Hertfordshire 017A,Investigation complete; no suspect identified
7b3e0c14fdbbe24fed483a5e7bb1489f9fcabeb5cdaeb87d99fee993e1df21a2,2018-08,Hertfordshire Constabulary,Hertfordshire Constabulary,-0.018794,51.748559,On or near HIGH ROAD,E01023290,Broxbourne 004B,Investigation complete; no suspect identified
a4d93748813fa85b399c67882cf0975828951965ff91b4d113711a514451a0f0,2018-08,Hertfordshire Constabulary,Hertfordshire Constabulary,-0.549720,51.757415,On or near BANK MILL,E01023362,Dacorum 009B,Investigation complete; no suspect identified
42a99c02df7e1c969afefc1c40f3871c25a9b07098776a70947b7e3254b10f31,2018-08,Hertfordshire Constabulary,Hertfordshire Constabulary,0.159079,51.872048,On or near BARRETT LANE,E01023449,East Hertfordshire 004A,Investigation complete; no suspect identified
bfee5370752329b45618a8ef5edb92b20174de3656a6e334ffd0064911b440b7,2018-08,Hertfordshire Constabulary,Hertfordshire Constabulary,-0.416475,51.699910,On or near DE HAVILLAND WAY,E01023830,Three Rivers 002B,Investigation complete; no suspect identified
0b88724af3c4d6fb4faf7bdfe5b48f1b4938c38e3fe3b353de6c0ba750c61efe,2018-08,Hertfordshire Constabulary,Hertfordshire Constabulary,-0.324852,51.769442,On or near MELBOURNE CLOSE,E01023713,St Albans 007A,Investigation complete; no suspect identified
5ba81bb12c2405bac6b500e9e2ba79cf3c1fedb5749f74effeb205836695b988,2018-08,Hertfordshire Constabulary,Hertfordshire Constabulary,-0.492100,51.813392,On or near WEST DENE,E01023431,Dacorum 001B,Investigation complete; no suspect identified
11023933e05bd408f207b8bfe4e039a12da18ec1070a4dcdb98a7f2ce26df610,2018-08,Hertfordshire Constabulary,Hertfordshire Constabulary,-0.090096,51.797389,On or near ROYSTON CLOSE,E01023479,East Hertfordshire 017E,Investigation complete; no suspect identified
24fd76da46d00deff972960caaffa76c49273bc299963a92f846e3165e6319eb,2018-08,Hertfordshire Constabulary,Hertfordshire Constabulary,-0.394087,51.699120,On or near BOUNDARY WAY,E01023905,Watford 001B,Investigation complete; no suspect identified
d74f503d97b0ee551ce6e91d5047ffc0ace629004f37d54eede68ef18ac76c5c,2018-08,Hertfordshire Constabulary,Hertfordshire Constabulary,-0.525924,51.740655,On or near A41,E01023377,Dacorum 021E,Investigation complete; no suspect identified
bf9b9ead745e33d8e5898c81b3ac552d8e264ab835d4da5e3472a63b0886248c,2018-08,Hertfordshire Constabulary,Hertfordshire Constabulary,-0.078285,51.799229,On or near HARTHAM LANE,E01023470,East Hertfordshire 014A,Suspect charged
f0eb43b8d48585f87d69f82f9f6297318d4c3953bdaf64a3a5cd2d6431c3dbf1,2018-08,Hertfordshire Constabulary,Hertfordshire Constabulary,-0.018915,51.745782,On or near RICHMOND COURT,E01023292,Broxbourne 004D,Investigation complete; no suspect identified
2ca582819a74f3a9c16707251f4682c9362bc32fb4a8653dd97f6c5bbc1929d7,2018-08,Hertfordshire Constabulary,Hertfordshire Constabulary,-0.056389,51.690116,On or near LIEUTENANT ELLIS WAY,E01023293,Broxbourne 011A,Investigation complete; no suspect identified
18f3ba1f5fe21bc531b6c0e0c902f1184611853f41e6c794cdd79af614cd4ea1,2018-08,Hertfordshire Constabulary,Hertfordshire Constabulary,-0.443237,51.757051,On or near HALESWOOD ROAD,E01023345,Dacorum 013A,Investigation complete; no suspect identified
b3bd8c694dadcd67b8fb858c29f704339527d474a3a08bc867138f81d7fac47c,2018-08,Hertfordshire Constabulary,Hertfordshire Constabulary,-0.225427,51.687369,On or near BIGNELLS CORNER,E01023584,Hertsmere 004D,Investigation complete; no suspect identified
b375ca6e09f845eabfd76235ef447b88f2efd26ce98f2b1e55481074bdd1fb84,2018-08,Hertfordshire Constabulary,Hertfordshire Constabulary,0.022430,51.907802,On or near HULL LANE,E01023463,East Hertfordshire 003E,Investigation complete; no suspect identified
3b6ee40b57b113264705c46577fef9761e8affa2701dd0aef443dfd7efb96998,2018-08,Hertfordshire Constabulary,Hertfordshire Constabulary,-0.192259,51.790659,On or near HYDE VALLEY,E01023939,Welwyn Hatfield 009A,Investigation complete; no suspect identified
4f6230629ba31759a46d44365bddbe75bdb69cf5e114fdc0dea8dbe5e5822e25,2018-08,Hertfordshire Constabulary,Hertfordshire Constabulary,-0.225427,51.687369,On or near BIGNELLS CORNER,E01023584,Hertsmere 004D,Investigation complete; no suspect identified
1448aaad08033266b7dac4b8693e195259c04d3a6f859c3e87e7b6a11e0ebc3c,2018-08,Hertfordshire Constabulary,Hertfordshire Constabulary,-0.082377,51.798828,On or near CHAMBERS' STREET,E01023474,East Hertfordshire 014E,Unable to prosecute suspect
8a02662cd53706d05b5e883fd3aca3feb0848db24ab282395cffec895246c04b,2018-08,Hertfordshire Constabulary,Hertfordshire Constabulary,-0.233101,51.792647,On or near Sports/Recreation Area,E01033313,Welwyn Hatfield 002F,Investigation complete; no suspect identified
db690c48d8b80f68eceaa9c5382eec8b7d7512838ba5aab005a45a7e1884bb91,2018-08,Hertfordshire Constabulary,Hertfordshire Constabulary,-0.196920,51.905298,On or near Pedestrian Subway,E01023758,Stevenage 008D,Investigation complete; no suspect identified
5a1e1fb7eb2f6512607008878d9374385bd2035a0f5842c88ec687adb5b4c0e9,2018-08,Hertfordshire Constabulary,Hertfordshire Constabulary,-0.007648,51.769088,On or near Supermarket,E01023329,Broxbourne 002C,Investigation complete; no suspect identified
7c67726f073c6575b6355332da8ef7975c699773652a1aaf743b18129eac4beb,2018-08,Hertfordshire Constabulary,Hertfordshire Constabulary,-0.398009,51.656903,On or near Shopping Area,E01023861,Watford 009C,Investigation complete; no suspect identified
97f7bdcf3e92bd6d13eaada3ea0d2eff64948b9989b82563142ba0582dd161f2,2018-08,Hertfordshire Constabulary,Hertfordshire Constabulary,-0.337633,51.743043,On or near LEYLAND AVENUE,E01023741,St Albans 017E,Investigation complete; no suspect identified
42a2e32b37d8a02e543ffc401183d4f61de60792dcb0e50d0248ec26d94db8ae,2018-08,Hertfordshire Constabulary,Hertfordshire Constabulary,-0.279511,51.741380,On or near BARLEY MOW LANE,E01023678,St Albans 015B,Investigation complete; no suspect identified
21167afb5c201bf19960bda3a0d781b8f56a60f5bd92829c884a80b7f99c5848,2018-08,Hertfordshire Constabulary,Hertfordshire Constabulary,-0.688359,51.819054,On or near GRANGE ROAD,E01023424,Dacorum 002B,Investigation complete; no suspect identified
8a64cd1f460b6b1480ae56933e5963646e668c7fe99fa3a6f0a14e6c0f7d7fda,2018-08,Hertfordshire Constabulary,Hertfordshire Constabulary,-0.398844,51.665618,On or near Pedestrian Subway,E01023861,Watford 009C,Unable to prosecute suspect
b2d115870fca08cd426ebb127b47702f136cd0a2f9275e72becf1d74594a3a00,2018-08,Hertfordshire Constabulary,Hertfordshire Constabulary,-0.466736,51.836236,On or near BECKS CLOSE,E01023433,Dacorum 001D,Investigation complete; no suspect identified
9a1bb5c8bef8288d3c11bf733568ac81328e43e1b2fd5a931ef56fa1d59567d6,2018-08,Hertfordshire Constabulary,Hertfordshire Constabulary,-0.225427,51.687369,On or near BIGNELLS CORNER,E01023584,Hertsmere 004D,Investigation complete; no suspect identified
20950a6464a0b4a9bec9d02a3a658f9b44637460386c90b682326b6004a22ef2,2018-08,Hertfordshire Constabulary,Hertfordshire Constabulary,-0.085124,51.756240,On or near FANSHAWS LANE,E01023481,East Hertfordshire 018D,Investigation complete; no suspect identified
856af85540ee460f650b346cadc5d2aa8bc5d8adf1bf6c4c865d98eb79f28e89,2018-08,Hertfordshire Constabulary,Hertfordshire Constabulary,-0.353821,51.751193,On or near Sports/Recreation Area,E01023745,St Albans 014D,Investigation complete; no suspect identified
75cf6b1d61033f92eda95389f2a6847f11180eb1d8dce071de0b04dda72ee25a,2018-08,Hertfordshire Constabulary,Hertfordshire Constabulary,-0.200675,51.901929,On or near MARKET SQUARE,E01023758,Stevenage 008D,Investigation complete; no suspect identified
4f6452cb7a756dc58d9786becf849a08f96f7f0a77d0e20c12b3c5e7d7c484e3,2018-08,Hertfordshire Constabulary,Hertfordshire Constabulary,-0.489481,51.634223,On or near Petrol Station,E01023836,Three Rivers 009B,Investigation complete; no suspect identified
c7ec5c636658b6b8cd03d985574720da7a8e19e4bcc9453cdb74fb0e02843ce7,2018-08,Hertfordshire Constabulary,Hertfordshire Constabulary,-0.473723,51.752721,On or near Bus/Coach Station,E01023398,Dacorum 015D,Offender given a caution
2f6fa321c472a3e3c5b3921f758de5c54f82af1c663403dd911c924bdd8ddec4,2018-08,Hertfordshire Constabulary,Hertfordshire Constabulary,-0.020631,52.058116,On or near Supermarket,E01023661,North Hertfordshire 001B,Investigation complete; no suspect identified
da92b600294918b6d064b27b3a4fe2a1cb84e1f206e2808d11db5e61d43bd438,2018-08,Hertfordshire Constabulary,Hertfordshire Constabulary,-0.451646,51.750140,On or near WADLEY CLOSE,E01023349,Dacorum 015A,Investigation complete; no suspect identified
644728f5e7bb87d992cc3e81a046024aecfaac88db420c8c8b0b2b371e360bc5,2018-08,Hertfordshire Constabulary,Hertfordshire Constabulary,-0.183803,51.987174,On or near THE TENE,E01023589,North Hertfordshire 004C,Investigation complete; no suspect identified
21367839a749e0e1e49e29d1f799dc59511a1d5c3c36869f449666e04477df54,2018-08,Hertfordshire Constabulary,Hertfordshire Constabulary,-0.001961,51.769532,On or near ISABEL CLOSE,E01023330,Broxbourne 002D,Unable to prosecute suspect
45104819e48e4185a701601e71bfba3aaab3108fab96a86a24df8f0f74e7d653,2018-08,Hertfordshire Constabulary,Hertfordshire Constabulary,-0.393773,51.700231,On or near BOUNDARY WAY,E01023832,Three Rivers 002C,Unable to prosecute suspect
d971c59d3da8b25798bafec61e6603913fabb4eef4dc1f14359531c5da881352,2018-08,Hertfordshire Constabulary,Hertfordshire Constabulary,-0.348366,51.812531,On or near LINDEN COURT,E01023702,St Albans 003D,Investigation complete; no suspect identified
e4c48d053ab9062f3df2199d13fb3efdfede245410e23b0ea48188992869a01e,2018-08,Hertfordshire Constabulary,Hertfordshire Constabulary,-0.007648,51.769088,On or near Supermarket,E01023329,Broxbourne 002C,Unable to prosecute suspect
e77988d48aff1cf072935ce4cfb3898b9a45475e52e3e933c3eeaebad2f744b4,2018-08,Hertfordshire Constabulary,Hertfordshire Constabulary,-0.197256,51.900546,On or near PENN ROAD,E01023758,Stevenage 008D,Investigation complete; no suspect identified
b383fad5a58b135fb4fd6b531addbad5f3f2750e1563371585b5a652daeddd07,2018-08,Hertfordshire Constabulary,Hertfordshire Constabulary,-0.197256,51.900546,On or near PENN ROAD,E01023758,Stevenage 008D,Unable to prosecute suspect
1a2536868e462dc060b59f6c21f16d9a2127b70e9a811c3068687b50bab451f9,2018-08,Hertfordshire Constabulary,Hertfordshire Constabulary,-0.208026,51.806637,On or near SCHOLARS MEWS,E01023959,Welwyn Hatfield 003A,Investigation complete; no suspect identified
52a37014fdc93262242eedf5e55aee2e66e4fc5e95c2d9b240152c00993331be,2018-08,Hertfordshire Constabulary,Hertfordshire Constabulary,-0.402395,51.655919,On or near CASSIO ROAD,E01023861,Watford 009C,Suspect charged
45719c80554a024de7732da04bb1178f535cf3792933ea7344ee7e574113b964,2018-08,Hertfordshire Constabulary,Hertfordshire Constabulary,-0.029791,51.743195,On or near BAAS HILL CLOSE,E01023289,Broxbourne 004A,Investigation complete; no suspect identified
d401bf57387beb15be4d9cdb5897b843cc7c82d62854c6fd6162483c8c3ea37d,2018-08,Hertfordshire Constabulary,Hertfordshire Constabulary,-0.176371,51.987652,On or near WALLINGTON ROAD,E01023588,North Hertfordshire 004B,Investigation complete; no suspect identified
0dc71dc8c53dfa114057c2a5e87e52068ec3648aa4d476b85a27435f9b0b1499,2018-08,Hertfordshire Constabulary,Hertfordshire Constabulary,-0.501233,51.657762,On or near RICKMANSWORTH ROAD,E01023814,Three Rivers 004C,Unable to prosecute suspect
d22edca45f7dbdbfea6035d537fb69d1c7b09ba7d51ecffb05a052c1a750b435,2018-08,Hertfordshire Constabulary,Hertfordshire Constabulary,-0.405824,51.674382,On or near Sports/Recreation Area,E01023869,Watford 004B,Investigation complete; no suspect identified
d54e38400233ab70ab4ec838a85b2a20f2f2b998f15b5d7ace85cf354d7cbb87,2018-08,Hertfordshire Constabulary,Hertfordshire Constabulary,-0.355488,51.664552,On or near M1,E01023555,Hertsmere 008D,Unable to prosecute suspect
fb835e8d3cc9a92ce2c0610863767478b1f733fa7c3fa7a951421454b2ee30f4,2018-08,Hertfordshire Constabulary,Hertfordshire Constabulary,-0.663487,51.811859,On or near Park/Open Space,E01023419,Dacorum 003B,Investigation complete; no suspect identified
d0fc31c399cd1ca7420ceac728b10891c73d27a34df5f01b76120c721e6fbd81,2018-08,Hertfordshire Constabulary,Hertfordshire Constabulary,-0.253005,51.648568,On or near RICHMOND CLOSE,E01023547,Hertsmere 009D,Investigation complete; no suspect identified
16872372c85d2530be9ed11a46ef951052c583c834b4b523ddcc5dad0d9fa0b3,2018-08,Hertfordshire Constabulary,Hertfordshire Constabulary,-0.468063,51.758169,On or near Petrol Station,E01023401,Dacorum 008A,Investigation complete; no suspect identified
9dfcf97083eb9b8c6132de167129cb72c2c707195219a3c8603ccdc202990605,2018-08,Hertfordshire Constabulary,Hertfordshire Constabulary,-0.228017,51.787706,On or near NEW ROAD,E01033313,Welwyn Hatfield 002F,Investigation complete; no suspect identified
142593e2cc9d255347d0438aa5b53960b0017a826bcec589c6b19d411c522232,2018-08,Hertfordshire Constabulary,Hertfordshire Constabulary,-0.473723,51.752721,On or near Bus/Coach Station,E01023398,Dacorum 015D,Unable to prosecute suspect
e656fb6d621ad0f53916b7f9e8168af92ac84a5eac59ffab55ae6c21b20baebb,2018-08,Hertfordshire Constabulary,Hertfordshire Constabulary,-0.228017,51.787706,On or near NEW ROAD,E01033313,Welwyn Hatfield 002F,Investigation complete; no suspect identified
4ce723169a60d3e45df9045fd3cd9ff08b28d1cef9c98a65ff2f9999ed0b5f7f,2018-08,Hertfordshire Constabulary,Hertfordshire Constabulary,-0.343321,51.807308,On or near Supermarket,E01023703,St Albans 003E,Suspect charged
8b2648685b6ac77bf41009206de907fce4be305f12555cd1b9551e7829a91ca6,2018-08,Hertfordshire Constabulary,Hertfordshire Constabulary,-0.020026,51.738607,On or near CALDECOT WAY,E01023340,Broxbourne 005A,Investigation complete; no suspect identified
839941edb1ce24fd2d6178e0e7e6bd1f68076fbba43c55b0e209d85df5c9b97c,2018-08,Hertfordshire Constabulary,Hertfordshire Constabulary,-0.023098,52.047502,On or near Parking Area,E01023660,North Hertfordshire 001A,Investigation complete; no suspect identified
9646698a59e7c0106d5ce63d54a999ecf5a8af8b85954f4df8278f250821727a,2018-08,Hertfordshire Constabulary,Hertfordshire Constabulary,-0.040375,51.710155,On or near Petrol Station,E01023303,Broxbourne 008B,Investigation complete; no suspect identified
4026157c38e8abdaf3098f885b2b71eb50e8d0c94c78e22239ee0d64445a33e2,2018-08,Hertfordshire Constabulary,Hertfordshire Constabulary,-0.462954,51.742636,On or near SEMPILL ROAD,E01023386,Dacorum 019A,Investigation complete; no suspect identified
196f1723828c2d303035b274a9ddd93deaca360283a8997385a3527f43bf0d4b,2018-08,Hertfordshire Constabulary,Hertfordshire Constabulary,-0.031306,51.717008,On or near HERONGATE ROAD,E01023305,Broxbourne 008D,Unable to prosecute suspect
808104f88c7c7f00be07baf74a644183ed3bdd8bead57efa9e5dba45d90315eb,2018-08,Hertfordshire Constabulary,Hertfordshire Constabulary,-0.393132,51.648437,On or near CANNON ROAD,E01023862,Watford 009D,Investigation complete; no suspect identified
f938641bca8640604c9661d082c3461137705462a095655dd7af157533d0d52d,2018-08,Hertfordshire Constabulary,Hertfordshire Constabulary,-0.275289,51.951224,On or near Supermarket,E01023601,North Hertfordshire 010A,Suspect charged
57cc75dd5c9a3729c3308bd8faa70bf977ff17e9d16e9392c63ffb5cac60a853,2018-08,Hertfordshire Constabulary,Hertfordshire Constabulary,-0.282629,51.949560,On or near CRABBES CLOSE,E01023616,North Hertfordshire 012F,Offender given a caution
97f2f2c4d3d72778ea5d247fb5272997d28f0d067338377346c5e4d22a5079aa,2018-08,Hertfordshire Constabulary,Hertfordshire Constabulary,-0.012092,51.764928,On or near AMWELL COURT,E01023322,Broxbourne 003C,Investigation complete; no suspect identified
95d0029ba39390715f33cc935c2c3f0f10202236b1e8a084096c005221ae28b8,2018-08,Hertfordshire Constabulary,Hertfordshire Constabulary,-0.302503,51.769436,On or near TEWIN CLOSE,E01023711,St Albans 008C,Unable to prosecute suspect
37576676ec636254361d6115e4313dfedaa6b8b8dfb99dfc00245df9f85c4802,2018-08,Hertfordshire Constabulary,Hertfordshire Constabulary,-0.211912,51.924230,On or near Hospital,E01023800,Stevenage 002E,Unable to prosecute suspect
17cff729355f349d33e88b50c6136bb1c8112b6cfff4dac5ef407eea1ddefe57,2018-08,Hertfordshire Constabulary,Hertfordshire Constabulary,-0.031964,51.812157,On or near CHURCH STREET,E01023514,East Hertfordshire 012C,Investigation complete; no suspect identified
dcbe33d06b067cce0b842e57b11f8fe606e3b7e1b896fed37dc2132cd8215067,2018-08,Hertfordshire Constabulary,Hertfordshire Constabulary,-0.025398,51.730334,On or near Petrol Station,E01023342,Broxbourne 005C,Unable to prosecute suspect
8739dd45763db855cc3d2f680c29b5c0e9958289aaa773efdd86ffe7da0b1182,2018-08,Hertfordshire Constabulary,Hertfordshire Constabulary,-0.019447,51.950597,On or near HONEY LANE,E01023465,East Hertfordshire 001C,Action to be taken by another organisation
b329808a1fd2619c0380bde4786dd3cdb8fc3b1cbc25af02342ceb09df61b229,2018-08,Hertfordshire Constabulary,Hertfordshire Constabulary,-0.471167,51.639121,On or near HIGH STREET,E01023850,Three Rivers 007C,Investigation complete; no suspect identified
9a1f0d96a61b3a5c021192e525d964655213ab831781311a00b6ecf983e5329c,2018-08,Hertfordshire Constabulary,Hertfordshire Constabulary,-0.169757,51.916226,On or near CHEPSTOW CLOSE,E01023771,Stevenage 003A,Suspect charged
d41db263c6a6407e017530499024ee726e0a82e0a8d7da07c7a7c4ea1dd2ce65,2018-08,Hertfordshire Constabulary,Hertfordshire Constabulary,-0.501233,51.657762,On or near RICKMANSWORTH ROAD,E01023814,Three Rivers 004C,Unable to prosecute suspect
3b02ee8f0965de120b0d53825bc091b72d5562930e186fba886148759e016939,2018-08,Hertfordshire Constabulary,Hertfordshire Constabulary,-0.078285,51.799229,On or near HARTHAM LANE,E01023470,East Hertfordshire 014A,Suspect charged
9eac4e8a637660f1454452c66a8352e342de20138279741e62d0fcfa05ffb965,2018-08,Hertfordshire Constabulary,Hertfordshire Constabulary,0.170332,51.881283,On or near REDVERS CLOSE,E01023451,East Hertfordshire 004C,Investigation complete; no suspect identified
0aa58f61a82f73c491a3dbff3ba1c6e718a27b1d6c9897e37e900417426b2150,2018-08,Hertfordshire Constabulary,Hertfordshire Constabulary,0.177920,51.874138,On or near PLAW HATCH CLOSE,E01023438,East Hertfordshire 005A,Unable to prosecute suspect
0e367b5155fb9a60341a4a5331cba22385672f3daf98a19154f4f84014e5ba14,2018-08,Hertfordshire Constabulary,Hertfordshire Constabulary,-0.291704,51.956958,On or near MATTOCKE ROAD,E01023613,North Hertfordshire 012C,Unable to prosecute suspect
37feb8980dba6c96a1b1d896489cd56df6ffbbc52ac888048f183f8a8b64dc7f,2018-08,Hertfordshire Constabulary,Hertfordshire Constabulary,-0.317196,51.743805,On or near RAMSEY CLOSE,E01023682,St Albans 016B,Investigation complete; no suspect identified
4aed39e3394023b3451deaa6544d0912a3d3373f908acd7cb441338de39a0c98,2018-08,Hertfordshire Constabulary,Hertfordshire Constabulary,-0.228017,51.787706,On or near NEW ROAD,E01033313,Welwyn Hatfield 002F,Investigation complete; no suspect identified
098775ae584d6f037504148912ac21eeacb4d6a3a1e852a6b8d7a05f91caa95f,2018-08,Hertfordshire Constabulary,Hertfordshire Constabulary,-0.474722,51.750603,On or near Parking Area,E01023398,Dacorum 015D,Investigation complete; no suspect identified
6c1f7ad7277731db83ed650bda33bbf8da882df7547593a44e0b430bfcfdd3d0,2018-08,Hertfordshire Constabulary,Hertfordshire Constabulary,-0.339855,51.750808,On or near HOLYWELL HILL,E01023743,St Albans 014B,Unable to prosecute suspect
b18930611ac7f8064ca81e65949d5559abc251eafd543da664ac55609fb77a13,2018-08,Hertfordshire Constabulary,Hertfordshire Constabulary,-0.465873,51.736839,On or near Shopping Area,E01033023,Dacorum 018H,Offender given a caution
20f5cce029a376bab547da77a89bad6414c2b759d3beeadf2315a6251a6ca487,2018-08,Hertfordshire Constabulary,Hertfordshire Constabulary,-0.017554,51.747423,On or near GROSVENOR ROAD,E01023291,Broxbourne 004C,Investigation complete; no suspect identified
f4bfe9cb5d8b4ca17b45f12facdf20e7cf9eb44ea67f6e6e234f4d39150f2998,2018-08,Hertfordshire Constabulary,Hertfordshire Constabulary,-0.476399,51.745967,On or near Parking Area,E01023398,Dacorum 015D,Investigation complete; no suspect identified
6234ac02948079d7c2673e346fa53fa787cf4b484f5505e578a87813555b01b5,2018-08,Hertfordshire Constabulary,Hertfordshire Constabulary,-0.081392,51.795386,On or near Sports/Recreation Area,E01023470,East Hertfordshire 014A,Investigation complete; no suspect identified
7bd263c94bf20156262fc419a96395b9098514dea264bc46e8acabd48a589054,2018-08,Hertfordshire Constabulary,Hertfordshire Constabulary,-0.339855,51.750808,On or near HOLYWELL HILL,E01023743,St Albans 014B,Unable to prosecute suspect
ae5750c618b3f353e59b26ae21a124a3733d800d9f3dfdf294f72c97107dc134,2018-08,Hertfordshire Constabulary,Hertfordshire Constabulary,-0.288220,51.960926,On or near MILESTONE ROAD,E01023611,North Hertfordshire 012A,Unable to prosecute suspect
7cd5c0db4f59e9f52f6419040fb0798016440f236b7e98d1b1ddd1dbd953d794,2018-08,Hertfordshire Constabulary,Hertfordshire Constabulary,-0.266693,51.951872,On or near ROSE COTTAGE GARDENS,E01023609,North Hertfordshire 013D,Investigation complete; no suspect identified
7a9842b7ebd1f269efd7c66ece60371a0c5bcd65f97887f560a2197872b983d0,2018-08,Hertfordshire Constabulary,Hertfordshire Constabulary,-0.449338,51.714286,On or near THE NAP,E01023406,Dacorum 022A,Unable to prosecute suspect
2dc1646384dc85088d5e1ea5ea85a6188ed842e10b80a11afba39554dfc50d68,2018-08,Hertfordshire Constabulary,Hertfordshire Constabulary,-0.386917,51.648433,On or near BRIDGE PLACE,E01023862,Watford 009D,Investigation complete; no suspect identified
f763c3838e6b04d8f59d42aa459597fa534271f118392312595410f91ae0b500,2018-08,Hertfordshire Constabulary,Hertfordshire Constabulary,-0.239339,51.671851,On or near BARNET BY-PASS,E01023584,Hertsmere 004D,Investigation complete; no suspect identified
cda67f9fb913a9e0b2215f63f111926042e4b3a3c4bc5627ae3a818d6d3d3fa2,2018-08,Hertfordshire Constabulary,Hertfordshire Constabulary,-0.271984,51.666815,On or near ALBAN CRESCENT,E01023537,Hertsmere 006D,Unable to prosecute suspect
37d5bca0c8b1d1fed079d23bb1dc8e7f8366960a2466c2dbd55193e6792a1bd7,2018-08,Hertfordshire Constabulary,Hertfordshire Constabulary,-0.026137,51.694072,On or near EASTFIELD ROAD,E01023335,Broxbourne 012D,Investigation complete; no suspect identified
caa729dee55e28b913e019a90ed65b1446210a5bbf29d211dfb15dbfeb2eadeb,2018-08,Hertfordshire Constabulary,Hertfordshire Constabulary,-0.215411,51.791526,On or near STANBOROUGH GREEN,E01023916,Welwyn Hatfield 006A,Investigation complete; no suspect identified
f4398586a0afabcb625daa553ed61da3a08c8dfb3ddbb335ede25a99f1f9d77e,2018-08,Hertfordshire Constabulary,Hertfordshire Constabulary,-0.255581,51.651879,On or near WARREN GROVE,E01023546,Hertsmere 009C,Unable to prosecute suspect
642a1e1b9bce2fd6a50d7c5101b98bbda31eff0985d96fa63563c31af057e8d9,2018-08,Hertfordshire Constabulary,Hertfordshire Constabulary,-0.438066,51.817884,On or near VICARAGE GARDENS,E01023430,Dacorum 001A,Unable to prosecute suspect
901a1abb90c4af0a056a3c99d3523cec067e70fdede3d2945992385b901efdf5,2018-08,Hertfordshire Constabulary,Hertfordshire Constabulary,-0.075353,51.798254,On or near PRIORY STREET,E01023478,East Hertfordshire 017D,Investigation complete; no suspect identified
d292602ed5021dec5780cb88d4b7cc027a53d7a1aeb7a96e9c21ec3e02777212,2018-08,Hertfordshire Constabulary,Hertfordshire Constabulary,-0.274374,51.656815,On or near Supermarket,E01023530,Hertsmere 007B,Unable to prosecute suspect
401d81ef3044791c595ba50e957331ade0bba0822ba29737ab8c302b8a20a924,2018-08,Hertfordshire Constabulary,Hertfordshire Constabulary,-0.370176,51.665431,On or near FRIARS WAY,E01023555,Hertsmere 008D,Investigation complete; no suspect identified
43f8001f86eb4d137ccc32693efee5ce3ba58fc39f64418ecddc1633632d5456,2018-08,Hertfordshire Constabulary,Hertfordshire Constabulary,-0.119614,51.769701,On or near LOWER HATFIELD ROAD,E01023486,East Hertfordshire 010B,Unable to prosecute suspect
ffe8f940efb4b02a5426ce6961a870dc18dac5bb7e6f8dd2b6a78e2dd101cc0d,2018-08,Hertfordshire Constabulary,Hertfordshire Constabulary,-0.438066,51.817884,On or near VICARAGE GARDENS,E01023430,Dacorum 001A,Unable to prosecute suspect
65151691af591ebce50cea1b3420072d0430cbff73b93ebce80816f935af8924,2018-08,Hertfordshire Constabulary,Hertfordshire Constabulary,-0.198623,51.701133,On or near OAKFIELD CLOSE,E01023579,Hertsmere 001D,Unable to prosecute suspect
2d5354228f3d5aebd4fb6f2e3d854abcef3b1674d9ce45f537d23b27dbe9c0eb,2018-08,Hertfordshire Constabulary,Hertfordshire Constabulary,-0.430817,51.696506,On or near UPPER HIGHWAY,E01023829,Three Rivers 002A,Unable to prosecute suspect
af2802950cc69ac4398fdc83cbcbfbd37fc32fb384913e9e274170a66422b757,2018-08,Hertfordshire Constabulary,Hertfordshire Constabulary,-0.340498,51.768828,On or near MERLOT MEWS,E01023671,St Albans 009C,Suspect charged
c71f586e4f29dbabb8418f51c54ae3664a416ff9e960334206bac9dfebb8c925,2018-08,Hertfordshire Constabulary,Hertfordshire Constabulary,-0.449134,51.740135,On or near CANDLEFIELD ROAD,E01023359,Dacorum 020C,Unable to prosecute suspect
6c838abeb30e0e9e7c666202fdb83bbf4c020017661ed5bbc1ca01237e5dc1ea,2018-08,Hertfordshire Constabulary,Hertfordshire Constabulary,-0.290691,51.955280,On or near REDHILL ROAD,E01023612,North Hertfordshire 012B,Investigation complete; no suspect identified
62d7b3ddf02222121bc0be29afc90454eed235e8e0ada7e2499f159d6650cf09,2018-08,Hertfordshire Constabulary,Hertfordshire Constabulary,-0.364564,51.664669,On or near HARTSWOOD CLOSE,E01023555,Hertsmere 008D,Investigation complete; no suspect identified
01d5d35fa241c4d3fa902cb7e620780590c7b3967e2d88cc5ac4b8c83a0be783,2018-08,Hertfordshire Constabulary,Hertfordshire Constabulary,-0.201368,51.898028,On or near Supermarket,E01023786,Stevenage 011D,Unable to prosecute suspect
d610dfe58b760bf9c6f8dd7e5ee6fc6b0a0edebb73806c91c2bc9191d5b37134,2018-08,Hertfordshire Constabulary,Hertfordshire Constabulary,-0.423854,51.618659,On or near ST MARY'S AVENUE,E01023839,Three Rivers 011A,Unable to prosecute suspect
f7a0e6635e3f8c8b461036d0480de85b5a58649b23d775e028bf4185d9759d18,2018-08,Hertfordshire Constabulary,Hertfordshire Constabulary,-0.207004,51.906531,On or near GATES WAY,E01023775,Stevenage 006A,Suspect charged
48808227af5c7e9861e927029f26a8a5e77af06d0985060e150c6c87936b639e,2018-08,Hertfordshire Constabulary,Hertfordshire Constabulary,-0.207004,51.906531,On or near GATES WAY,E01023775,Stevenage 006A,Unable to prosecute suspect
3532a022a8f43950c9a7a79c813b163b3b46bfe5c883c49ff66b76a0ddcdb62d,2018-08,Hertfordshire Constabulary,Hertfordshire Constabulary,-0.341045,51.730566,On or near UPTON CLOSE,E01023718,St Albans 019A,Investigation complete; no suspect identified
bab1988184d40475bfb8855d7aa589419f3f00dd7bd919f7e980a43e16f48e49,2018-08,Hertfordshire Constabulary,Hertfordshire Constabulary,-0.207004,51.906531,On or near GATES WAY,E01023775,Stevenage 006A,Unable to prosecute suspect
74ac5fc895fce77937d77d1a5cdd2634c546f00c76ee10b716ca636176f6bdd6,2018-08,Hertfordshire Constabulary,Hertfordshire Constabulary,-0.438974,51.759665,On or near MAYLANDS AVENUE,E01023345,Dacorum 013A,Investigation complete; no suspect identified
d9bbd44dd8ea05365bf595b75579091375a132ceb9f905e4c90d1392518c163d,2018-08,Hertfordshire Constabulary,Hertfordshire Constabulary,-0.407016,51.704287,On or near MALLARD ROAD,E01023832,Three Rivers 002C,Investigation complete; no suspect identified
6d9fa1384cb3ac5c1827aebe7161a79a9363ed142e74d7811e2d07d4a5983579,2018-08,Hertfordshire Constabulary,Hertfordshire Constabulary,-0.162454,51.906347,On or near FERRIER ROAD,E01023760,Stevenage 007B,Investigation complete; no suspect identified
dd657cb7a538a2ee91ab0fba77f40e2c95be0def601656e9ecee668e9cc0cdb7,2018-08,Hertfordshire Constabulary,Hertfordshire Constabulary,-0.370176,51.665431,On or near FRIARS WAY,E01023555,Hertsmere 008D,Investigation complete; no suspect identified
d3ab1ed954bbe0712e7530d0786c0e44ba960efc14782ba9f83b34d473dbf154,2018-08,Hertfordshire Constabulary,Hertfordshire Constabulary,-0.349919,51.658638,On or near SANDY LANE,E01023555,Hertsmere 008D,Investigation complete; no suspect identified
98e78569afd59bfa8895407f4143a0da16234f4b8f35b4bbfaf4ae10792df15a,2018-08,Hertfordshire Constabulary,Hertfordshire Constabulary,-0.201702,51.807359,On or near GRESLEY CLOSE,E01023959,Welwyn Hatfield 003A,Investigation complete; no suspect identified
949fbbeddad6c9019c942e79f8058ee33ebf9f24f67f82008d350e74a0915033,2018-08,Hertfordshire Constabulary,Hertfordshire Constabulary,-0.031306,51.717008,On or near HERONGATE ROAD,E01023305,Broxbourne 008D,Unable to prosecute suspect
e4448726ed5f1ef0565181dc0e3a29a25b6d0fc9fda6398b0254b76de3053c2b,2018-08,Hertfordshire Constabulary,Hertfordshire Constabulary,-0.258013,51.707576,On or near B556,E01023584,Hertsmere 004D,Investigation complete; no suspect identified
fd3ba970c5b0cbbed3afd11784bb758245d8318dd5b77fe93273bdff9a9604e9,2018-08,Hertfordshire Constabulary,Hertfordshire Constabulary,-0.379980,51.687318,On or near AMWELL CLOSE,E01023873,Watford 003A,Investigation complete; no suspect identified
b1b63fbbfa990944776123e42c7ae84e19de1593bf57dd5499112f05b1f7b893,2018-08,Hertfordshire Constabulary,Hertfordshire Constabulary,-0.465873,51.736839,On or near Shopping Area,E01033023,Dacorum 018H,Investigation complete; no suspect identified
58090fd89a516beeed3294fb1112a85b9dcb1ff5fe5a6b33e9a3a70410b2617e,2018-08,Hertfordshire Constabulary,Hertfordshire Constabulary,-0.414294,51.647179,On or near EXPLORER DRIVE,E01023864,Watford 011B,Investigation complete; no suspect identified
9e35a7f84f2de19c4f2ca340bfb0da10e830cb6156ef687e5b4fbf22d45c5f52,2018-08,Hertfordshire Constabulary,Hertfordshire Constabulary,-0.461907,51.835256,On or near SEBRIGHT ROAD,E01023433,Dacorum 001D,Investigation complete; no suspect identified
eb89cfa336fdd27971b3ca43f493c1470b3ddd453cf6b7b650a21da5318baba7,2018-08,Hertfordshire Constabulary,Hertfordshire Constabulary,-0.471010,51.749413,On or near WOLSEY ROAD,E01023398,Dacorum 015D,Investigation complete; no suspect identified
8ef980f25c0fe2d2525cf2cbde266db6b7e7100bccd4731a98ed0b4d1c734970,2018-08,Hertfordshire Constabulary,Hertfordshire Constabulary,-0.014284,51.752952,On or near Parking Area,E01023321,Broxbourne 003B,Investigation complete; no suspect identified
8367773201c61d1883cee909bfafebac6747bb87e5dc7a02117a58568460a4db,2018-08,Hertfordshire Constabulary,Hertfordshire Constabulary,-0.018794,51.748559,On or near HIGH ROAD,E01023290,Broxbourne 004B,Investigation complete; no suspect identified
48e27ac9537e319595a1d6381af8083dd69d246307df1f6c9d2f9dc9f2865b3e,2018-08,Hertfordshire Constabulary,Hertfordshire Constabulary,-0.178687,51.690538,On or near Petrol Station,E01023573,Hertsmere 003C,Investigation complete; no suspect identified
58c63a3d493481495a4f7aa9fc4fdcb94f0c9ba57e8e8f8bc01274f5336ea4f6,2018-08,Hertfordshire Constabulary,Hertfordshire Constabulary,-0.207004,51.906531,On or near GATES WAY,E01023775,Stevenage 006A,Suspect charged
10c040b6fcf7f79f49964789aebc96e4c7eb527452e8176aec8682317de8556c,2018-08,Hertfordshire Constabulary,Hertfordshire Constabulary,-0.331371,51.886933,On or near ST MARYS RISE,E01023625,North Hertfordshire 014E,Investigation complete; no suspect identified
632af20f7a0e9285996a5aec8daa5b791bc67877951b43fc6879206c4f2aceac,2018-08,Hertfordshire Constabulary,Hertfordshire Constabulary,-0.251436,51.737737,On or near MEADWAY,E01023679,St Albans 015C,Investigation complete; no suspect identified
89dc8443ff754b6f07c3f590d131f4e2f70ec90477ab49d0dd87af4403dc65af,2018-08,Hertfordshire Constabulary,Hertfordshire Constabulary,,,No location,,,Investigation complete; no suspect identified
2c4b4fe5f7035f849afcb33eda93607a641bb798352e30afe13d6ea35e1a0bc0,2018-08,Hertfordshire Constabulary,Hertfordshire Constabulary,-0.474432,51.748019,On or near MOOR END ROAD,E01023398,Dacorum 015D,Investigation complete; no suspect identified
b3103c18419333bac3a6979bf750d97f51d47ee35c4b72bf68ceefc1e4a55fe6,2018-08,Hertfordshire Constabulary,Hertfordshire Constabulary,-0.346984,51.716217,On or near HEYFORD END,E01023721,St Albans 019D,Suspect charged
ef35cc6a631e7efaeb3b6f8ce2c65ac1dda2fad393ed133009565fab9cebbf2e,2018-08,Hertfordshire Constabulary,Hertfordshire Constabulary,-0.491871,51.755923,On or near Petrol Station,E01023429,Dacorum 011D,Investigation complete; no suspect identified
cdd5e4d7e7f66a3fbfc3ddc8c3890c410185a5bd42ec861d9f11ba9fa4901a3e,2018-08,Hertfordshire Constabulary,Hertfordshire Constabulary,-0.203522,51.905624,On or near Parking Area,E01023775,Stevenage 006A,Suspect charged
142a09f93137e6a3ee5a204acf282d5975b5faf572ea2977bbb29ca2381011ee,2018-08,Hertfordshire Constabulary,Hertfordshire Constabulary,-0.204608,51.899535,On or near Police Station,E01023758,Stevenage 008D,Suspect charged
f71bd6c03f46e9370b02b49bdfc36b99159c577837454217b3c2f77d85d2bc83,2018-08,Hertfordshire Constabulary,Hertfordshire Constabulary,-0.265131,51.741690,On or near WISTLEA CRESCENT,E01023679,St Albans 015C,Investigation complete; no suspect identified
ff88b9fc73d0921ff5c2a165d96d4308b1ddd321348d7617a8bf91a7423d42b7,2018-08,Hertfordshire Constabulary,Hertfordshire Constabulary,-0.504641,51.756203,On or near NEWLANDS ROAD,E01023385,Dacorum 016C,Unable to prosecute suspect
0ac11dcbd62e05c600fb5966e08432f580c717bf70971147a0d12a959c0cf2e2,2018-08,Hertfordshire Constabulary,Hertfordshire Constabulary,-0.280872,51.661208,On or near Sports/Recreation Area,E01023531,Hertsmere 007C,Action to be taken by another organisation
bba83af7d0a4df5e43c7909da4d5a995a9138a32f2d6ad363036eeea379e83c1,2018-08,Hertfordshire Constabulary,Hertfordshire Constabulary,-0.537534,51.719733,On or near EASTNOR,E01023376,Dacorum 021D,Unable to prosecute suspect
6f62cfe591587c1ae65119957d36974748cbb1c93bb395ca840dc123c5aca9de,2018-08,Hertfordshire Constabulary,Hertfordshire Constabulary,-0.085431,51.787341,On or near HORNS CLOSE,E01023475,East Hertfordshire 017A,Investigation complete; no suspect identified
da8cdcf9c7939399e8ed97db97fec62b2ce76418669c7279932108bc324dadeb,2018-08,Hertfordshire Constabulary,Hertfordshire Constabulary,-0.016172,51.685712,On or near FISHERS CLOSE,E01023338,Broxbourne 013C,Investigation complete; no suspect identified
8d73c8f1607eda14609bfe0f02b28eb787378aa970b4a1bf226e09c34d1df19a,2018-08,Hertfordshire Constabulary,Hertfordshire Constabulary,-0.340525,51.751078,On or near HIGH STREET,E01023743,St Albans 014B,Investigation complete; no suspect identified
ac10f43f6d3f983838425b50dbb1cf3bd8f291ba6188ef068e775feeb47f724f,2018-08,Hertfordshire Constabulary,Hertfordshire Constabulary,-0.413473,51.645045,On or near CHARLOCK WAY,E01023864,Watford 011B,Suspect charged
c451ee5c689c56ab52bcbd1be84e8dd2fca350e9e88a4685c0d12b07611d9e78,2018-08,Hertfordshire Constabulary,Hertfordshire Constabulary,-0.256123,51.652436,On or near BUCKINGHAM ROAD,E01023546,Hertsmere 009C,Investigation complete; no suspect identified
27357a7315f6474f64515e8dd8312c56a5f311d6ea413a5db7684c75d52f127c,2018-08,Hertfordshire Constabulary,Hertfordshire Constabulary,-0.033873,51.685191,On or near Parking Area,E01023337,Broxbourne 013B,Investigation complete; no suspect identified
16de80a576e8881f6ba15b6082171123fec71455563afa192b15bdd409742d1a,2018-08,Hertfordshire Constabulary,Hertfordshire Constabulary,-0.177151,51.692034,On or near ST JOHN'S CLOSE,E01023573,Hertsmere 003C,Unable to prosecute suspect
772c7de83a4a8dfe04af92a4b3859527cd8d8e1ef059fda09bc8f2c530854291,2018-08,Hertfordshire Constabulary,Hertfordshire Constabulary,-0.076517,51.723170,On or near BEAUMONT VIEW,E01023307,Broxbourne 006A,Investigation complete; no suspect identified
57aa7b4c39033ef2509a14ce13abba8edc23b73a5662ac8410353fbaf6129ee7,2018-08,Hertfordshire Constabulary,Hertfordshire Constabulary,-0.078124,51.797212,On or near BULL PLAIN,E01023478,East Hertfordshire 017D,Suspect charged
6c9c3c6da98455f3e69de9650896598bc0b210acac2e214a306150bd4af25507,2018-08,Hertfordshire Constabulary,Hertfordshire Constabulary,-0.073426,51.799581,On or near MILL ROAD,E01023478,East Hertfordshire 017D,Investigation complete; no suspect identified
960d2fb38f0171dfeabd27455704671720045ad9c599504201e80812e6a9dbcc,2018-08,Hertfordshire Constabulary,Hertfordshire Constabulary,-0.232849,51.764957,On or near OAK TREE CLOSE,E01023920,Welwyn Hatfield 012A,Suspect charged
7bf9963b92db79e493f0aedb72f86649153df07a187f74ab31efe8eafbed9b6b,2018-08,Hertfordshire Constabulary,Hertfordshire Constabulary,-0.472093,51.758950,On or near Theatre/Concert Hall,E01023399,Dacorum 010C,Investigation complete; no suspect identified
bf8fa2f6bdf0a2039063b7d21373f172cab530b2e8d078b0e82a9165d56410c2,2018-08,Hertfordshire Constabulary,Hertfordshire Constabulary,-0.303780,51.745806,On or near CAMP ROAD,E01023678,St Albans 015B,Investigation complete; no suspect identified
40018d7f66c25193e4f79241df544aae35bb3d3b7806fcf75d2eeed2b7de3b08,2018-08,Hertfordshire Constabulary,Hertfordshire Constabulary,-0.226194,51.746198,On or near DOWNSFIELD,E01023933,Welwyn Hatfield 014A,Offender given a caution
84648ae37a4729a0de9a749392845ce4fe29c9f98ac78e02daedcc1d27d46abe,2018-08,Hertfordshire Constabulary,Hertfordshire Constabulary,-0.176371,51.987652,On or near WALLINGTON ROAD,E01023588,North Hertfordshire 004B,Investigation complete; no suspect identified
27d813a5a9a47c7be5eaa0f2b371ae4b4a27bb6c2dd8625687fa8966601b99e3,2018-08,Hertfordshire Constabulary,Hertfordshire Constabulary,-0.171586,51.804898,On or near HOCKLANDS,E01023913,Welwyn Hatfield 004B,Investigation complete; no suspect identified
4036755c5fed301d73b58193aca3c63364e6417c26d6b76a9f0c61cac21e5cf3,2018-08,Hertfordshire Constabulary,Hertfordshire Constabulary,-0.657388,51.803769,On or near WINGRAVE ROAD,E01023421,Dacorum 004B,Unable to prosecute suspect
1093099a443ca83808a8db288651421777e6652325c4083c37e8fd95037f37ef,2018-08,Hertfordshire Constabulary,Hertfordshire Constabulary,-0.239451,51.772205,On or near OYPSY MOTH AVENUE,E01033314,Welwyn Hatfield 010G,Unable to prosecute suspect
3597d8cce0318bac90f0456e142bbca34abc89c4750795e2caf903f9b2921d7e,2018-08,Hertfordshire Constabulary,Hertfordshire Constabulary,-0.291336,51.961268,On or near RIVER MEAD,E01023611,North Hertfordshire 012A,Unable to prosecute suspect
abe6f1976f6a99dbd0e0069ba65790ce9f699104f68524b6417ffe2abf760a3f,2018-08,Hertfordshire Constabulary,Hertfordshire Constabulary,-0.494629,51.634109,On or near GROVE ROAD,E01023836,Three Rivers 009B,Investigation complete; no suspect identified
487edeb62ea118b985d8b449d3b139b969d68ed1a39a55ba2dcd6322c97073f3,2018-08,Hertfordshire Constabulary,Hertfordshire Constabulary,-0.434297,51.775510,On or near BIRCH LEYS,E01023434,Dacorum 005A,Investigation complete; no suspect identified
39d5786e7de747c11b1b611c6f6d563cbbfd33115a04b1946ba46ea02cec7175,2018-08,Hertfordshire Constabulary,Hertfordshire Constabulary,-0.218880,51.792540,On or near MARSDEN CLOSE,E01023916,Welwyn Hatfield 006A,Investigation complete; no suspect identified
5fd671adebb77890a70591d161cb06a4de62a86d3db234ea7e4cd53e38238cba,2018-08,Hertfordshire Constabulary,Hertfordshire Constabulary,-0.210440,51.796585,On or near PARKWAY GARDENS,E01023917,Welwyn Hatfield 006B,Investigation complete; no suspect identified
e146442bde560a6c62083eb34a5e6ba3349eb2a19e5f5f66ef7e07bb3e46718b,2018-08,Hertfordshire Constabulary,Hertfordshire Constabulary,-0.168950,51.892457,On or near Supermarket,E01023793,Stevenage 010C,Investigation complete; no suspect identified
864b8224f2b15c360cec16840a1c33586080b162e1cb7c23bfe16b478d2d4cd7,2018-08,Hertfordshire Constabulary,Hertfordshire Constabulary,-0.186334,51.925232,On or near Pedestrian Subway,E01023788,Stevenage 001B,Unable to prosecute suspect
2e221666f5639a6f6e903901557c70ec820c22b3aca4151d99275f1ae1153023,2018-08,Hertfordshire Constabulary,Hertfordshire Constabulary,-0.360016,51.794513,On or near THE UPLANDS,E01023696,St Albans 005B,Investigation complete; no suspect identified
3918934816a28bec184ac06cb0312b4d89b57068005bd44444b2be4b783a2d1e,2018-08,Hertfordshire Constabulary,Hertfordshire Constabulary,0.165867,51.862158,On or near MILL STREET,E01023444,East Hertfordshire 007B,Suspect charged
0b3330d8f519b30b97430abceae2e69976b86b88342d016f0748bdc41bbd728c,2018-08,Hertfordshire Constabulary,Hertfordshire Constabulary,-0.001307,51.770572,On or near Sports/Recreation Area,E01023328,Broxbourne 002B,Investigation complete; no suspect identified
59bbbe2a1512fbb33a71db3a80dc01c7e0357bc8441662968cf7a18557b6eb60,2018-08,Hertfordshire Constabulary,Hertfordshire Constabulary,-0.339165,51.753028,On or near WADDINGTON ROAD,E01023727,St Albans 012B,Unable to prosecute suspect
bffc9094b4372b80d43b2816a98f094697f63efd2f5be605a9e1db4153abeefb,2018-08,Hertfordshire Constabulary,Hertfordshire Constabulary,-0.396197,51.655385,On or near MARKET PLACE,E01023860,Watford 009B,Suspect charged
06f6be14acd6ae01e3c15d5c483c95440347e4d4034d4fcc408ccc6a32589511,2018-08,Hertfordshire Constabulary,Hertfordshire Constabulary,-0.356100,51.640452,On or near CLAYBURY,E01023557,Hertsmere 013F,Investigation complete; no suspect identified
0f03eedbacff8d72eff9fcca50079697ca0c0990068ba2abbf0df310bf91cc8c,2018-08,Hertfordshire Constabulary,Hertfordshire Constabulary,-0.365140,51.644652,On or near HIGH STREET,E01023563,Hertsmere 012F,Unable to prosecute suspect
3e6b9e022636a3adde0dbdeb3aafb7d508801c8a77c6c16afbbd2181608ba152,2018-08,Hertfordshire Constabulary,Hertfordshire Constabulary,-0.189299,51.882251,On or near CARISBROOKE CLOSE,E01023783,Stevenage 011A,Investigation complete; no suspect identified
8336b4689ad803e8bcbc6aaa5ba0d5bafd09b4367e84f463bdd810af8ff68e67,2018-08,Hertfordshire Constabulary,Hertfordshire Constabulary,-0.308460,51.744623,On or near WINDERMERE AVENUE,E01023681,St Albans 016A,Investigation complete; no suspect identified
d5f9d86d958f1a9f9bc0e11984a233280f444a3c77d12f51e2ac3d032dfb4e4f,2018-08,Hertfordshire Constabulary,Hertfordshire Constabulary,-0.291613,51.697387,On or near HEADINGLEY CLOSE,E01023581,Hertsmere 004A,Investigation complete; no suspect identified
539d76469f26e718c2a8cf2b7fd5800776fcd55980520e937e16933034bebbd8,2018-08,Hertfordshire Constabulary,Hertfordshire Constabulary,-0.052732,51.413741,On or near EVELINA ROAD,E01000798,Bromley 009D,Unable to prosecute suspect
374abd8824a12ee7eafe2188b9224a172d5fb0e7b6669fe77f3d6c0232dfb2ad,2018-08,Hertfordshire Constabulary,Hertfordshire Constabulary,0.152238,51.859602,On or near CORONATION ROAD,E01023445,East Hertfordshire 007C,Investigation complete; no suspect identified
85f1038e6d5199ee3bebd18f92505b8316e92e78f0e75ff398b7da0ab6e66095,2018-08,Hertfordshire Constabulary,Hertfordshire Constabulary,-0.033873,51.685191,On or near Parking Area,E01023337,Broxbourne 013B,Investigation complete; no suspect identified
eb59e47841f9afcfc4d5b18950d6c62491196964eb570164e6d2e459d3f63089,2018-08,Hertfordshire Constabulary,Hertfordshire Constabulary,-0.332396,51.758211,On or near STONECROSS,E01023676,St Albans 011D,Investigation complete; no suspect identified
b432c9cdb9f8a92678b44f78d62a1a95a3e05c1b942def78294bb20be5561cba,2018-08,Hertfordshire Constabulary,Hertfordshire Constabulary,-0.036003,51.712186,On or near COLLET CLOSE,E01023303,Broxbourne 008B,Investigation complete; no suspect identified
3e3bd14f814b0bd58e0adad33d7365c9c1334654f8aa75855b6c4e5fba63e536,2018-08,Hertfordshire Constabulary,Hertfordshire Constabulary,-0.395008,51.653445,On or near KING STREET,E01023862,Watford 009D,Unable to prosecute suspect
9f45c577eb88fdff8237d8fc052ccd5e9cf573444db0fe47d1a614d0c3c6bdda,2018-08,Hertfordshire Constabulary,Hertfordshire Constabulary,-0.659769,51.790480,On or near CARPENTERS YARD,E01023426,Dacorum 002D,Investigation complete; no suspect identified
a8ac65088f71ca31a700877a6e8956bfa163d73b269ea0774424f7a2c13d6ba8,2018-08,Hertfordshire Constabulary,Hertfordshire Constabulary,-0.476785,51.740101,On or near WHITELEAF ROAD,E01023354,Dacorum 018B,Investigation complete; no suspect identified
5d882b37473d39d9355f648a33b5ab252b7630a1a9cf97b9264edf23ac29f997,2018-08,Hertfordshire Constabulary,Hertfordshire Constabulary,-0.008208,51.760645,On or near Supermarket,E01023320,Broxbourne 003A,Investigation complete; no suspect identified
0f296ba49e0a3667b24af9b6f148b6c50dbc4fcaa652fa645079568b3f01cc23,2018-08,Hertfordshire Constabulary,Hertfordshire Constabulary,-0.582626,51.762447,On or near VERNEY CLOSE,E01023371,Dacorum 012C,Offender given a caution
0f296ba49e0a3667b24af9b6f148b6c50dbc4fcaa652fa645079568b3f01cc23,2018-08,Hertfordshire Constabulary,Hertfordshire Constabulary,-0.582626,51.762447,On or near VERNEY CLOSE,E01023371,Dacorum 012C,Offender given a caution
87fdd194980c4cac59191578abfbd36c803fc32f525888a84293cb64abf80bff,2018-08,Hertfordshire Constabulary,Hertfordshire Constabulary,0.152238,51.859602,On or near CORONATION ROAD,E01023445,East Hertfordshire 007C,Investigation complete; no suspect identified
7a53aa930d38848c124c28e19dfbbfd02b2bb11bee45d0ac9f719b607ec33063,2018-08,Hertfordshire Constabulary,Hertfordshire Constabulary,-0.400430,51.655470,On or near MARLBOROUGH ROAD,E01023861,Watford 009C,Investigation complete; no suspect identified
8c2a9fc6f2fabc8ee096f4115e1944c0a79ce82d4249529f8f01edbb394afb76,2018-08,Hertfordshire Constabulary,Hertfordshire Constabulary,-0.253023,51.658612,On or near Petrol Station,E01023546,Hertsmere 009C,Suspect charged
9551ebccc2e5f67458c39d75363bd59f359c791b78d7c3af0a2198c8fb37f86c,2018-08,Hertfordshire Constabulary,Hertfordshire Constabulary,-0.659769,51.790480,On or near CARPENTERS YARD,E01023426,Dacorum 002D,Investigation complete; no suspect identified
7277418a5d1229ebbe6573fd69b9d3fdd461560f705f4d2ab8482d2bd14e1b11,2018-08,Hertfordshire Constabulary,Hertfordshire Constabulary,-0.205344,51.802208,On or near STONEHILLS,E01023918,Welwyn Hatfield 006C,Investigation complete; no suspect identified
f336187f7fd88439a6a4397f317a3cfeb8aa01b41202c343053c88f632c03e4b,2018-08,Hertfordshire Constabulary,Hertfordshire Constabulary,-0.393737,51.672230,On or near CHISWELL COURT,E01023858,Watford 006D,Unable to prosecute suspect
eedd77cb24d93c00d3ac0cde112bd84315ac4a5d407e66173fd818fa3c1a679b,2018-08,Hertfordshire Constabulary,Hertfordshire Constabulary,-0.504399,51.749474,On or near LINDLINGS,E01023383,Dacorum 016A,Investigation complete; no suspect identified
d80a357cf8bff877154bdccb2f654c31f811560c7b8265ca1b3944f1bdd96277,2018-08,Hertfordshire Constabulary,Hertfordshire Constabulary,-0.342997,51.757569,On or near CENTURY CLOSE,E01023670,St Albans 009B,Investigation complete; no suspect identified
3dc2f37f14abf84c195bb5fe3aa9c7b249b41bd667090e7fac677dbc0f6dc381,2018-08,Hertfordshire Constabulary,Hertfordshire Constabulary,-0.177045,51.919019,On or near Pedestrian Subway,E01023774,Stevenage 003D,Investigation complete; no suspect identified
a91492592ae5ac1501f147f37cb682445f7dbadfe809736602750a3456d0daf9,2018-08,Hertfordshire Constabulary,Hertfordshire Constabulary,-0.457448,51.646072,On or near WINDMILL DRIVE,E01023820,Three Rivers 006B,Investigation complete; no suspect identified
1b70f80feeb5ab997f37421fb2986d955cb6a2692a1f16afda0eb474fed2e2a0,2018-08,Hertfordshire Constabulary,Hertfordshire Constabulary,-0.184976,51.904799,On or near MEADOW WAY,E01023756,Stevenage 008B,Suspect charged
287dcb7cc5b228cfdb07490f922dedd59a9aff0bc4df26a4af9bb2a8d3aa18d8,2018-08,Hertfordshire Constabulary,Hertfordshire Constabulary,-0.272329,51.662683,On or near BROUGHINGE ROAD,E01023538,Hertsmere 006E,Investigation complete; no suspect identified
20f0b654ce610b8a79065def3541532e83b9cbda2feec6c63565dc854c9da531,2018-08,Hertfordshire Constabulary,Hertfordshire Constabulary,0.004329,51.787202,On or near ORCHARD CLOSE,E01023505,East Hertfordshire 018F,Investigation complete; no suspect identified
d50a255ea9815effdfc062aa16e2ca709421fe3f0ee148964f1a2009bbf5b89b,2018-08,Hertfordshire Constabulary,Hertfordshire Constabulary,-0.274374,51.656815,On or near Supermarket,E01023530,Hertsmere 007B,Unable to prosecute suspect
daf4640227e5be80473c17ebc6a5cc7143a9d9b2de72fc82546eed111f481960,2018-08,Hertfordshire Constabulary,Hertfordshire Constabulary,-0.238843,51.977786,On or near HORACE GAY GARDENS,E01023649,North Hertfordshire 007A,Suspect charged
daf4640227e5be80473c17ebc6a5cc7143a9d9b2de72fc82546eed111f481960,2018-08,Hertfordshire Constabulary,Hertfordshire Constabulary,-0.238843,51.977786,On or near HORACE GAY GARDENS,E01023649,North Hertfordshire 007A,Suspect charged
34bf23aa24950959bef7444e899c2a6f8e079d07099509727ac3a44436590005,2018-08,Hertfordshire Constabulary,Hertfordshire Constabulary,-0.220995,51.981762,On or near BIRDS HILL,E01023634,North Hertfordshire 006E,Unable to prosecute suspect
e9e99c22833f19b057b6c4d7449c51552bcd784802b9a11d4f4ea8a273e7c7d0,2018-08,Hertfordshire Constabulary,Hertfordshire Constabulary,-0.208473,51.911247,On or near Supermarket,E01023775,Stevenage 006A,Suspect charged
0ab76593bc3fbea40830b2867403a5da4cd13df3338b8419ad3d3e4ca17e8e09,2018-08,Hertfordshire Constabulary,Hertfordshire Constabulary,-0.207227,51.977570,On or near Sports/Recreation Area,E01023643,North Hertfordshire 009E,Unable to prosecute suspect
3581656a09d1a9cc48544c8c4840313e1f08cd7c9a619343baef0d90c7b41848,2018-08,Hertfordshire Constabulary,Hertfordshire Constabulary,-0.047273,51.707967,On or near KINGSLEY AVENUE,E01023294,Broxbourne 011B,Unable to prosecute suspect
0129660f74544f5f88ca3300f61a7f46ac79458d9bcf4cbd243350faa5789bbe,2018-08,Hertfordshire Constabulary,Hertfordshire Constabulary,-0.422678,51.651329,On or near PRINTERS AVENUE,E01023867,Watford 011E,Unable to prosecute suspect
119f7e8ca2275fd8ce5888c6bb0a91ad8a8d145e4f324171abde952b42c4b1d7,2018-08,Hertfordshire Constabulary,Hertfordshire Constabulary,-0.500210,51.749556,On or near Supermarket,E01023384,Dacorum 016B,Investigation complete; no suspect identified
ee3d2baa7dd5647ab61b8c78b83abcfa61253c880f03ef43da7c325928ca7b10,2018-08,Hertfordshire Constabulary,Hertfordshire Constabulary,-0.500210,51.749556,On or near Supermarket,E01023384,Dacorum 016B,Investigation complete; no suspect identified
322be7369a9be47eb4ecf01a019148cec8fcdf8e21ce0ba16cfb816924ea9664,2018-08,Hertfordshire Constabulary,Hertfordshire Constabulary,-0.223540,51.918147,On or near BERWICK CLOSE,E01023797,Stevenage 005C,Suspect charged
9744eb2b5ac180b2bfc666240e4047906e58bc8f0325cfd8388e1f12ebfe11ac,2018-08,Hertfordshire Constabulary,Hertfordshire Constabulary,-0.228835,51.763107,On or near Supermarket,E01023920,Welwyn Hatfield 012A,Investigation complete; no suspect identified
076a143de61121be77ceb555560c282ea5cb53a62a1a2be638b6d5941adf7707,2018-08,Hertfordshire Constabulary,Hertfordshire Constabulary,-0.344153,51.745366,On or near Parking Area,E01023743,St Albans 014B,Unable to prosecute suspect
57e2e6e25f1a372b1d2728af28be62edca419122d159dc9a87bea7ff06365966,2018-08,Hertfordshire Constabulary,Hertfordshire Constabulary,-0.202379,51.902935,On or near Shopping Area,E01023758,Stevenage 008D,Unable to prosecute suspect
7401ac1f813c2f6520f32f0c25ef7866f73824bd2c503fde82f43b980cbb38d3,2018-08,Hertfordshire Constabulary,Hertfordshire Constabulary,-0.337862,51.631330,On or near BROADFIELD COURT,E01023548,Hertsmere 013A,Investigation complete; no suspect identified
3e0fa849ba1659a2754686504b5b98355b998fcc34b167bc8f458bb958f26974,2018-08,Hertfordshire Constabulary,Hertfordshire Constabulary,-0.208263,51.801029,On or near Supermarket,E01023918,Welwyn Hatfield 006C,Investigation complete; no suspect identified
17812a9a9f8333e86d79fe33a53899e6d8e6bce3cab8e8833ceaf439b59e238b,2018-08,Hertfordshire Constabulary,Hertfordshire Constabulary,-0.183444,51.889463,On or near EAST REACH,E01023794,Stevenage 010D,Investigation complete; no suspect identified
e6461070e0036be3cdf19e2073c5f6ed0881d1d8273382bbc7729617bc46f566,2018-08,Hertfordshire Constabulary,Hertfordshire Constabulary,-0.016613,51.747407,On or near MC KENZIE ROAD,E01023291,Broxbourne 004C,Investigation complete; no suspect identified
21aacbc0109da3aeb53b9f32d2f926c50a668ae3e998b22f33ea4b8daccabaff,2018-08,Hertfordshire Constabulary,Hertfordshire Constabulary,0.059037,51.821282,On or near DAINTREES,E01023492,East Hertfordshire 009B,Investigation complete; no suspect identified
a659f609120bd4b9be8c12871ed2712ef806271666cb59b57c1aa37e65bdb47f,2018-08,Hertfordshire Constabulary,Hertfordshire Constabulary,-0.390695,51.653988,On or near LOWER DERBY ROAD,E01023860,Watford 009B,Suspect charged
a659f609120bd4b9be8c12871ed2712ef806271666cb59b57c1aa37e65bdb47f,2018-08,Hertfordshire Constabulary,Hertfordshire Constabulary,-0.390695,51.653988,On or near LOWER DERBY ROAD,E01023860,Watford 009B,Suspect charged
b0acf930eab468beeb9663cc735b316af4bfcb2a3c662c70a78eccbbbf5e1812,2018-08,Hertfordshire Constabulary,Hertfordshire Constabulary,-0.354186,51.815634,On or near VAUGHAN ROAD,E01023701,St Albans 003C,Suspect charged
49cd775eb6be567a393a7bc6925748c2db160c8b783d35de05b221591671dc08,2018-08,Hertfordshire Constabulary,Hertfordshire Constabulary,-0.171710,51.800044,On or near LEY WALK,E01023951,Welwyn Hatfield 005B,Unable to prosecute suspect
c6fd891255c14771dc4ce29465ace1898d59e65508474c830bfebbeab215136d,2018-08,Hertfordshire Constabulary,Hertfordshire Constabulary,-0.392982,51.681283,On or near ST ALBANS ROAD,E01023896,Watford 005B,Investigation complete; no suspect identified
79fbfcbcbe3a330c218528233c05c4972a277ef883be8be9bfa25f89ad7857b0,2018-08,Hertfordshire Constabulary,Hertfordshire Constabulary,-0.184692,51.899607,On or near TWINWOODS,E01023756,Stevenage 008B,Investigation complete; no suspect identified
82b7302620aa0511497f35bb15a24465bcb8f1480834a1af5a0bba9be0b4831d,2018-08,Hertfordshire Constabulary,Hertfordshire Constabulary,-0.232602,51.767210,On or near JASMINE GARDENS,E01023921,Welwyn Hatfield 012B,Unable to prosecute suspect
786f097411856ee9a069974d6d837d1b97d31d1ea22dd4c42274ba9ccfa83e58,2018-08,Hertfordshire Constabulary,Hertfordshire Constabulary,-0.215849,51.925809,On or near Parking Area,E01023800,Stevenage 002E,Suspect charged
6e3f4429cc779c75ac5e14ba2f5701aa3ffe53f1fb68c60dc9937ee796238558,2018-08,Hertfordshire Constabulary,Hertfordshire Constabulary,-0.205363,51.904294,On or near Petrol Station,E01023758,Stevenage 008D,Suspect charged
09be616643840fc801b97bd1f34036bdccbfe35369292036a0df37f8d4c41945,2018-08,Hertfordshire Constabulary,Hertfordshire Constabulary,-0.283360,51.955937,On or near LANCASTER AVENUE,E01023603,North Hertfordshire 010C,Suspect charged
e89854d7f60fc58472d143e78462627b1d4ee14dcbb0651418172ea9635b3282,2018-08,Hertfordshire Constabulary,Hertfordshire Constabulary,-0.232602,51.767210,On or near JASMINE GARDENS,E01023921,Welwyn Hatfield 012B,Unable to prosecute suspect
15bfa8413f505baadcb5fccf4f27d87bf642573c67f1e34cfb375e618c157fab,2018-08,Hertfordshire Constabulary,Hertfordshire Constabulary,-0.101398,51.800036,On or near FLEMING CRESCENT,E01023487,East Hertfordshire 015A,Unable to prosecute suspect
0355e91780393e74e70141a83939abe728c6287d026378b7293063804c57d94c,2018-08,Hertfordshire Constabulary,Hertfordshire Constabulary,-0.398289,51.655926,On or near WELLSTONES,E01023861,Watford 009C,Unable to prosecute suspect
31aaa7dfd58486df7c0fc6432de7669abd2eb68b682ae0ed94ae6168a4409b52,2018-08,Hertfordshire Constabulary,Hertfordshire Constabulary,0.161233,51.868484,On or near RIVERSIDE WALK,E01023450,East Hertfordshire 004B,Unable to prosecute suspect
ca37d7b7a6bad87764d2c23a2d39d62d229924467a43ab35460dc129063585aa,2018-08,Hertfordshire Constabulary,Hertfordshire Constabulary,-0.208844,51.700659,On or near LEXINGTON COURT,E01023570,Hertsmere 002D,Unable to prosecute suspect
11257c5944a0d569d6dfb498c8f756172501aaa8adc6b3778fdd21ab77a70510,2018-08,Hertfordshire Constabulary,Hertfordshire Constabulary,-0.271229,51.657380,On or near Petrol Station,E01023539,Hertsmere 011A,Investigation complete; no suspect identified
82499688d9396357c8f65582a58cfac419536781eb3a7b86efd0cfdb84627b38,2018-08,Hertfordshire Constabulary,Hertfordshire Constabulary,-0.033271,51.683059,On or near HIGH STREET,E01023337,Broxbourne 013B,Unable to prosecute suspect
1a055b12602e094b231154facd762779d09ce229ad03aeb10d40c1bce46935cd,2018-08,Hertfordshire Constabulary,Hertfordshire Constabulary,-0.269328,51.655688,On or near Supermarket,E01023541,Hertsmere 011C,Unable to prosecute suspect
a7baf062986a5b00d34e4b1d6b2bbb036410f259c59fad3a6768315457ceb5d2,2018-08,Hertfordshire Constabulary,Hertfordshire Constabulary,-0.470828,51.753952,On or near Supermarket,E01023398,Dacorum 015D,Suspect charged
854b151f4fc2e453eba42e973217c574726629f3f891c0f3262a62d3ba99e8fc,2018-08,Hertfordshire Constabulary,Hertfordshire Constabulary,-0.397080,51.657007,On or near Theatre/Concert Hall,E01023861,Watford 009C,Investigation complete; no suspect identified
16c84d4e5e6c7f5df0d6a6859e845ab852e702d24ea8fc4ab8fcaa72137edd3f,2018-08,Hertfordshire Constabulary,Hertfordshire Constabulary,-0.207010,51.801901,On or near HOWARDSGATE,E01023918,Welwyn Hatfield 006C,Investigation complete; no suspect identified
e5d120281c83538ff7595147b7b4a6504fc47d0c10276c23c2975c59eb735964,2018-08,Hertfordshire Constabulary,Hertfordshire Constabulary,-0.192223,51.695405,On or near THE CLOSE,E01023577,Hertsmere 001B,Investigation complete; no suspect identified
32ad0520147fa8cb82012d706d6f36ac5eca0232e9d873c3bcc6022cb2d8f6c0,2018-08,Hertfordshire Constabulary,Hertfordshire Constabulary,-0.298858,51.724136,On or near CHERRY TREE AVENUE,E01023706,St Albans 018C,Unable to prosecute suspect
03c89814aa754eb9ff4712f5ace919fdd75e8496cf4d25bbb43fc45f21e543bb,2018-08,Hertfordshire Constabulary,Hertfordshire Constabulary,-0.298858,51.724136,On or near CHERRY TREE AVENUE,E01023706,St Albans 018C,Unable to prosecute suspect
f3f8028ed92d42adab16d0d4cc2280b20d363e5952f2e7194778aaeaa8955ab1,2018-08,Hertfordshire Constabulary,Hertfordshire Constabulary,-0.378694,51.680799,On or near THE TURNSTONES,E01023874,Watford 003B,Unable to prosecute suspect
89aac4c7c1dd08bd834afa776281b3e7b691cd4585be4dd8c870d71b861390b6,2018-08,Hertfordshire Constabulary,Hertfordshire Constabulary,-0.051273,51.711208,On or near OAKVIEW CLOSE,E01023326,Broxbourne 009D,Unable to prosecute suspect
b96a059c7c06d09a0fd4a15dc30dca18f57e75b15fc3be1aee337299c3e8ac23,2018-08,Hertfordshire Constabulary,Hertfordshire Constabulary,0.146244,51.817555,On or near CROFTERS END,E01023499,East Hertfordshire 011A,Suspect charged
b82ecf7a263839129c8980c95b18fd08be4724aa0d4bf06677ce87425242a940,2018-08,Hertfordshire Constabulary,Hertfordshire Constabulary,-0.178039,51.694062,On or near Petrol Station,E01023580,Hertsmere 001E,Investigation complete; no suspect identified
e15308e05266eba52866640c9fb6aabfb27f90114013e162b9139f6ec9cbbe80,2018-08,Hertfordshire Constabulary,Hertfordshire Constabulary,-0.185808,51.891369,On or near SHACKLEDELL,E01023794,Stevenage 010D,Unable to prosecute suspect
93b41812bb462eecd4ebea2bc9fa5f0401062fd4e4ef8ebe3c4eae5b5e847d7a,2018-08,Hertfordshire Constabulary,Hertfordshire Constabulary,-0.395008,51.653445,On or near KING STREET,E01023862,Watford 009D,Suspect charged
8e2b740d864b68016b1a1ad37b43e58675a25fe15b757949d01cbb5815846ba3,2018-08,Hertfordshire Constabulary,Hertfordshire Constabulary,-0.393737,51.672230,On or near CHISWELL COURT,E01023858,Watford 006D,Investigation complete; no suspect identified
1192e58d4020996b77f5984aa9becb3f9ef3e503e29558ff61fd5529bbd8f790,2018-08,Hertfordshire Constabulary,Hertfordshire Constabulary,-0.041675,51.690789,On or near Park/Open Space,E01023332,Broxbourne 012A,Investigation complete; no suspect identified
4e923415a5b568e2f35e98c37916cbd9edf01eae87e96a6e623373a32b255dc1,2018-08,Hertfordshire Constabulary,Hertfordshire Constabulary,-0.178039,51.694062,On or near Petrol Station,E01023580,Hertsmere 001E,Investigation complete; no suspect identified
207c431fa9cf88e3ebfe01a3b2512ec43a9f69bf1770fbc7ebc06c7579cf7998,2018-08,Hertfordshire Constabulary,Hertfordshire Constabulary,-0.058285,51.708698,On or near Pedestrian Subway,E01023295,Broxbourne 011C,Investigation complete; no suspect identified
04d60c688cbb5bdbf4a630662ef7dacd5f96911417b2d288774fa72754ee07a5,2018-08,Hertfordshire Constabulary,Hertfordshire Constabulary,-0.397793,51.657286,On or near WATFORD HOUSE LANE,E01023861,Watford 009C,Suspect charged
98add34d0558424056747562035791bee4554391420915437a11d783a5363f13,2018-08,Hertfordshire Constabulary,Hertfordshire Constabulary,-0.394657,51.653970,On or near ST. MARYS VIEW,E01023862,Watford 009D,Investigation complete; no suspect identified
d3730d0f6b628deeeb72e45253c24bbdf491d6b8a40d164d27b080cfbd290e4f,2018-08,Hertfordshire Constabulary,Hertfordshire Constabulary,-0.616541,51.770261,On or near HAMBERLINS LANE,E01023352,Dacorum 004A,Investigation complete; no suspect identified
6c6950bca569d9deeb22a0c13e554fb8b5f0ff5df461b1f63c736e10acf3dbf6,2018-08,Hertfordshire Constabulary,Hertfordshire Constabulary,-0.446637,51.850889,On or near MANCROFT ROAD,E01017561,Central Bedfordshire 033A,Suspect charged
7aef486f8f829d27007b53a332bab48ddb3b4190e1c13f28d73d0881d4cc64d5,2018-08,Hertfordshire Constabulary,Hertfordshire Constabulary,-0.273655,51.954357,On or near COLLEGE ROAD,E01023601,North Hertfordshire 010A,Investigation complete; no suspect identified
0f9fb1c5fa3c5571aef897d0b8f04b8b7854fcfb9b44458ff2b6a5f691b949c8,2018-08,Hertfordshire Constabulary,Hertfordshire Constabulary,-0.078108,51.796915,On or near Nightclub,E01023478,East Hertfordshire 017D,Investigation complete; no suspect identified
9edca8245c0fcc77c0b4f01235c7b3ccb307c81c668cab427f800c0f4f134b94,2018-08,Hertfordshire Constabulary,Hertfordshire Constabulary,-0.395008,51.653445,On or near KING STREET,E01023862,Watford 009D,Suspect charged
c384143e24c353748ee52fd22a079c65bf0653eeda34754bedf78a27811b0abb,2018-08,Hertfordshire Constabulary,Hertfordshire Constabulary,-0.485936,51.742332,On or near STANDRING RISE,E01023354,Dacorum 018B,Investigation complete; no suspect identified
1881671d0d0fff9fa151c7fd067dbb9a6ef7fac542666521582716b8e4423c11,2018-08,Hertfordshire Constabulary,Hertfordshire Constabulary,-0.234066,51.993747,On or near WESTERN CLOSE,E01023637,North Hertfordshire 003C,Suspect charged
ec75f5fdfc35f3bab6fa4284eebca04d8870b5700d1161ecd6dd70611816bd54,2018-08,Hertfordshire Constabulary,Hertfordshire Constabulary,-0.442094,51.776387,On or near SHENLEY ROAD,E01023436,Dacorum 005C,Investigation complete; no suspect identified
257c046dfd7854a27e4503b29814b8b7c278d316218b58ef2e51951eb183212e,2018-08,Hertfordshire Constabulary,Hertfordshire Constabulary,-0.576786,51.762467,On or near SHRUBLANDS ROAD,E01023370,Dacorum 012B,Investigation complete; no suspect identified
159b0f6e37f636d5eeec4bfc58c2885d4f9c4e84bb88f2c286469fc36c53cc21,2018-08,Hertfordshire Constabulary,Hertfordshire Constabulary,-0.389560,51.687639,On or near ROCHESTER DRIVE,E01023893,Watford 002D,Investigation complete; no suspect identified
7c4f8f69fbe3ae9b68f6e537e8fbbabd8d9fb9511ffc1f824d3ce9db0353b092,2018-08,Hertfordshire Constabulary,Hertfordshire Constabulary,-0.397793,51.657286,On or near WATFORD HOUSE LANE,E01023861,Watford 009C,Suspect charged
3350e24cb7aa3c96b1f0f051f46f56c29e155c7a5e4e26cf5888fbe3162fd6f7,2018-08,Hertfordshire Constabulary,Hertfordshire Constabulary,-0.234066,51.993747,On or near WESTERN CLOSE,E01023637,North Hertfordshire 003C,Suspect charged
253f2b1df3417faf07928a608e0b701623c2530e26158f93d928fe46002803c1,2018-08,Hertfordshire Constabulary,Hertfordshire Constabulary,-0.234459,51.758246,On or near MARYLAND,E01023922,Welwyn Hatfield 012C,Investigation complete; no suspect identified
477b3b08cd86f7524f557369ebf253f7e35336534e9de6e84ce5da0c8f04b823,2018-08,Hertfordshire Constabulary,Hertfordshire Constabulary,-0.227647,51.991411,On or near SOUTHFIELDS,E01023638,North Hertfordshire 003D,Suspect charged
878d390fd994f548cc8e904533aca2ccd39188cd29ff41d6ade2d3c48da2f3db,2018-08,Hertfordshire Constabulary,Hertfordshire Constabulary,-0.274102,51.651038,On or near KEATS CLOSE,E01023539,Hertsmere 011A,Suspect charged
939ef93390de19272b50cc4ff8dba69948aa740f0ce4b5259f14e983a5dc1399,2018-08,Hertfordshire Constabulary,Hertfordshire Constabulary,-0.436415,51.881479,On or near FERNDALE ROAD,E01015724,Luton 019A,Offender given a caution
2da80340663b84640027d2774bbfeeb502d93f956a76d9dc6a6eaa1a03e45e74,2018-08,Hertfordshire Constabulary,Hertfordshire Constabulary,-0.227647,51.991411,On or near SOUTHFIELDS,E01023638,North Hertfordshire 003D,Suspect charged
d895d4036bf00ff11cadcad743ce145918109d69fef9ae6ec1ca0f8d8ce893fe,2018-08,Hertfordshire Constabulary,Hertfordshire Constabulary,-0.302997,51.726111,On or near PETERS AVENUE,E01033028,St Albans 018F,Unable to prosecute suspect
d00cb51be0fa8971b27df2280a34065631c7855170b2a9f1aa4abd3b8c00407d,2018-08,Hertfordshire Constabulary,Hertfordshire Constabulary,-0.206035,51.800888,On or near FRETHERNE ROAD,E01023918,Welwyn Hatfield 006C,Investigation complete; no suspect identified
91ab48e876d91413e18c623b93421e2174d1af2ec9d8e4728bd36234eca9ff9b,2018-08,Hertfordshire Constabulary,Hertfordshire Constabulary,-0.015178,51.764603,On or near NORRIS LANE,E01023322,Broxbourne 003C,Unable to prosecute suspect
a339040c816b2bc41ebbb2fda99122a8228422ca76a398b02d72ce421282088c,2018-08,Hertfordshire Constabulary,Hertfordshire Constabulary,-0.008208,51.760645,On or near Supermarket,E01023320,Broxbourne 003A,Investigation complete; no suspect identified
e963b8bbeab34919e100eeead9b042b676506374135125b6df36271c5155ebb5,2018-08,Hertfordshire Constabulary,Hertfordshire Constabulary,-0.468666,51.764741,On or near THRIFTFIELD,E01023404,Dacorum 008D,Investigation complete; no suspect identified
0be783c5b9c26a171631b48b6b8fc8dad4f00dfcd99ee872412173c81496d233,2018-08,Hertfordshire Constabulary,Hertfordshire Constabulary,-0.035824,51.693254,On or near RAYDON ROAD,E01023332,Broxbourne 012A,Investigation complete; no suspect identified
a033704407872f2505eff4804be167ad7b272d841d66bf2f96804cb02baf4256,2018-08,Hertfordshire Constabulary,Hertfordshire Constabulary,-0.439422,51.648252,On or near WATFORD ROAD,E01023825,Three Rivers 006E,Unable to prosecute suspect
d6cf90d0740b562cf642574f9615685fabd1d9a62ea38c0332ebe4992a2b9924,2018-08,Hertfordshire Constabulary,Hertfordshire Constabulary,-0.690612,51.792392,On or near TRING HILL,E01017629,Aylesbury Vale 021C,Investigation complete; no suspect identified
69d8974476b93ef6834cb5f9c3d7fe4fa0f4ae4c8124f789a2c5544fa4a1606d,2018-08,Hertfordshire Constabulary,Hertfordshire Constabulary,-0.015799,52.060184,On or near COOMBELANDS ROAD,E01023662,North Hertfordshire 001C,Offender given a caution
f405605f47445796d93b1ae13fccdcfe5537388a2a76624bba96159678d2a576,2018-08,Hertfordshire Constabulary,Hertfordshire Constabulary,-0.328170,51.675262,On or near HEYFORD ROAD,E01023524,Hertsmere 005B,Investigation complete; no suspect identified
50181f515922d3569c73c65ffef96834fdb02eb6fe11fac9812f5adf84467ed3,2018-08,Hertfordshire Constabulary,Hertfordshire Constabulary,-0.205363,51.904294,On or near Petrol Station,E01023758,Stevenage 008D,Suspect charged
4b4fc6d212cf3a5f9d506d9fd07d700ffb92e1aba1d5c8e487ae48ff7dd90a5a,2018-08,Hertfordshire Constabulary,Hertfordshire Constabulary,-0.274102,51.651038,On or near KEATS CLOSE,E01023539,Hertsmere 011A,Suspect charged
216369c60a2c6efe85b1f7afaaf3f7f137ecd8a36a8dffc12a00756802e01a2d,2018-08,Hertfordshire Constabulary,Hertfordshire Constabulary,-0.462468,51.834130,On or near BARTHOLOMEW GREEN,E01023432,Dacorum 001C,Investigation complete; no suspect identified
d69982fb77826626e8718a1d264f6b763428c92ca508715fc8dec41feac76a24,2018-08,Hertfordshire Constabulary,Hertfordshire Constabulary,-0.495338,51.703464,On or near Sports/Recreation Area,E01023375,Dacorum 021C,Investigation complete; no suspect identified
8d2b69a6163d6f0a9365fbe1d4a406d421d7b7c57393dad7d988bd2cb08545a2,2018-08,Hertfordshire Constabulary,Hertfordshire Constabulary,-0.218158,51.910099,On or near Pedestrian Subway,E01023798,Stevenage 005D,Investigation complete; no suspect identified
0f5d1cb0bee6ec3ad52b1ea5767e874409fa7ac4ae3f6f2cf5827187c2fe4989,2018-08,Hertfordshire Constabulary,Hertfordshire Constabulary,-0.275853,51.949416,On or near HERMITAGE ROAD,E01023616,North Hertfordshire 012F,Investigation complete; no suspect identified
402f95865ac9893272356b110b859b2ba699acaf78de403399a433b8d5c58022,2018-08,Hertfordshire Constabulary,Hertfordshire Constabulary,-0.206035,51.800888,On or near FRETHERNE ROAD,E01023918,Welwyn Hatfield 006C,Investigation complete; no suspect identified
00f30903543febb9615ef100c152e0a11c23315887b162970b0670a16c6ad063,2018-08,Hertfordshire Constabulary,Hertfordshire Constabulary,-0.411164,51.724269,On or near CHURCH HILL,E01023807,Three Rivers 001D,Investigation complete; no suspect identified
a808c7b4b5b2a99be9b14e53ad2659f95e95d7f44d939bf93e572ee42f807e49,2018-08,Hertfordshire Constabulary,Hertfordshire Constabulary,-0.013650,51.759811,On or near Supermarket,E01023320,Broxbourne 003A,Investigation complete; no suspect identified
bbf91155b90b7f38013f5208b09951306fc70c763e50d06b748b6f571a68fea3,2018-08,Hertfordshire Constabulary,Hertfordshire Constabulary,-0.050423,51.699999,On or near LILAC CLOSE,E01023296,Broxbourne 011D,Suspect charged
094cbd98a4c81b0fb005dd3653994ba4fa52034a400c7da04af4ebd7a05a2814,2018-08,Hertfordshire Constabulary,Hertfordshire Constabulary,-0.256742,51.645350,On or near SADDLERS CLOSE,E01023543,Hertsmere 011E,Investigation complete; no suspect identified
7ea809c18f6b9f431ec53a5e4561a9638527673c0072824302d2fc2584447fcc,2018-08,Hertfordshire Constabulary,Hertfordshire Constabulary,0.177920,51.874138,On or near PLAW HATCH CLOSE,E01023438,East Hertfordshire 005A,Unable to prosecute suspect
5765fdcaa0d56d6e655f20224b928b8887e7bc9a62ad6323ee79da86652eb9e7,2018-08,Hertfordshire Constabulary,Hertfordshire Constabulary,-0.402976,51.691607,On or near Pedestrian Subway,E01023906,Watford 001C,Investigation complete; no suspect identified
51ef93be74384d6372c579e5163cb4c784794ad881c0bff32c12216ef76dcfe1,2018-08,Hertfordshire Constabulary,Hertfordshire Constabulary,-0.037445,51.718001,On or near Supermarket,E01023305,Broxbourne 008D,Investigation complete; no suspect identified
d4e26cb1f2d5daed0956f4bfe77ce1e0d96ebf6229ad99d6d3742c315d2851e7,2018-08,Hertfordshire Constabulary,Hertfordshire Constabulary,-0.351366,51.721521,On or near YEWTREE END,E01023719,St Albans 019B,Unable to prosecute suspect
56d655ef52788e920eec3f7ea0265409fa1f786e47073d31d206efffa3042e99,2018-08,Hertfordshire Constabulary,Hertfordshire Constabulary,-0.228835,51.763107,On or near Supermarket,E01023920,Welwyn Hatfield 012A,Investigation complete; no suspect identified
407d7789f39c30961c9c72853ef76af2194e6fba7421962ac79f69718a50571c,2018-08,Hertfordshire Constabulary,Hertfordshire Constabulary,-0.354186,51.815634,On or near VAUGHAN ROAD,E01023701,St Albans 003C,Investigation complete; no suspect identified
4eef40a1f524b3be8955ce7739d21b88b4c3ba3bb20cfe5ab0f389b05fdc88c0,2018-08,Hertfordshire Constabulary,Hertfordshire Constabulary,-0.228986,51.977773,On or near Supermarket,E01023644,North Hertfordshire 008A,Investigation complete; no suspect identified
befe9f3ed7c5581e0facc86a97cb99cebc13fb6f0f9ae633c661832c0ed9f08f,2018-08,Hertfordshire Constabulary,Hertfordshire Constabulary,-0.228835,51.763107,On or near Supermarket,E01023920,Welwyn Hatfield 012A,Investigation complete; no suspect identified
94e5f64bc582f19154e07e374ccf9f2afc13d43bb5ae6ef7a2b32d70474ce599,2018-08,Hertfordshire Constabulary,Hertfordshire Constabulary,-0.177489,51.885432,On or near Parking Area,E01023784,Stevenage 011B,Investigation complete; no suspect identified
d36a28e045e6ad630e00573f796f798c22b6c30f77823e679c68021f3467da1f,2018-08,Hertfordshire Constabulary,Hertfordshire Constabulary,-0.385308,51.694109,On or near Pedestrian Subway,E01023905,Watford 001B,Unable to prosecute suspect
67873508cfbad48134d38428e9d06c579161c60d955bb6121b4e4d4603595a76,2018-08,Hertfordshire Constabulary,Hertfordshire Constabulary,-0.322685,51.684365,On or near HIGH FIRS,E01023525,Hertsmere 005C,Unable to prosecute suspect
9f7c4cd0ac6c5ccb9433dd96755496311c276a4a01403d852b03635cc11fa1b3,2018-08,Hertfordshire Constabulary,Hertfordshire Constabulary,-0.227178,51.978582,On or near Shopping Area,E01023644,North Hertfordshire 008A,Investigation complete; no suspect identified
066ce470d3185e87d7f62fcbabc093e0cc62dc1dbb11831b36fd7e063a6ae08a,2018-08,Hertfordshire Constabulary,Hertfordshire Constabulary,-0.011874,51.771543,On or near THE DRIVE,E01023329,Broxbourne 002C,Unable to prosecute suspect
4e7fc765f96431405d970ec88f85600775f866dc1e5b17cc6ca0e91f23238e2b,2018-08,Hertfordshire Constabulary,Hertfordshire Constabulary,-0.525924,51.740655,On or near A41,E01023377,Dacorum 021E,Investigation complete; no suspect identified
540e1c2db99e85f5d3627544123d27ec7890dd212f61db046d81884277790168,2018-08,Hertfordshire Constabulary,Hertfordshire Constabulary,-0.400018,51.651148,On or near CLIFTON ROAD,E01023902,Watford 010D,Unable to prosecute suspect
37eb6cbef52f2b81ed5b6c8dde01eaf268c72b6e81b590bea58e33d7b3a48ce6,2018-08,Hertfordshire Constabulary,Hertfordshire Constabulary,0.146975,51.817065,On or near CROFTERS,E01023499,East Hertfordshire 011A,Suspect charged
0e4e88d3296a4093b5c3d354fbc511552afba70ecf2676e119ab6dee2a4edb17,2018-08,Hertfordshire Constabulary,Hertfordshire Constabulary,-0.454344,51.733459,On or near Supermarket,E01023414,Dacorum 020E,Unable to prosecute suspect
cf0353f7790ae7938034c2bde5e10f5770b4061baae3474a450157538e91e089,2018-08,Hertfordshire Constabulary,Hertfordshire Constabulary,-0.189031,51.884234,On or near ROEBUCK GATE,E01023783,Stevenage 011A,Investigation complete; no suspect identified
fdd7bd318f91f1ed5327559ea95591405d9e66a7bfc06225448f1cd7c3d35b76,2018-08,Hertfordshire Constabulary,Hertfordshire Constabulary,-0.210672,51.793297,On or near Petrol Station,E01023917,Welwyn Hatfield 006B,Investigation complete; no suspect identified
8e77ba0820d4c24741694e851c67237effaee709324f2c5ad62b3c40f186d9bd,2018-08,Hertfordshire Constabulary,Hertfordshire Constabulary,-0.281231,51.668164,On or near NORTHGATE PATH,E01023536,Hertsmere 006C,Investigation complete; no suspect identified
a9d2cf7a19d5d07591285f53ca54bfa28cd35bb541c954cfe31d2f633b5c8255,2018-08,Hertfordshire Constabulary,Hertfordshire Constabulary,-0.387875,51.655658,On or near STEPHENSON WAY,E01023860,Watford 009B,Investigation complete; no suspect identified
d7d9a79efb76e4ff34f6254f2809502f6ca0c58ae04b1d5601ce3acc9d3d496c,2018-08,Hertfordshire Constabulary,Hertfordshire Constabulary,-0.188030,51.884902,On or near Parking Area,E01023783,Stevenage 011A,Suspect charged
7814338d96f683bb5a2d4280b8a5cf4abb2fefc4a7b19f3fb1394a7ebabfc80c,2018-08,Hertfordshire Constabulary,Hertfordshire Constabulary,-0.279664,51.656829,On or near Shopping Area,E01023532,Hertsmere 007D,Suspect charged
1024c7278d4555fb514bd0bae883edd2ee196adb30cba5498b4a1b8eee5cee71,2018-08,Hertfordshire Constabulary,Hertfordshire Constabulary,-0.277239,51.657873,On or near MALDEN ROAD,E01023532,Hertsmere 007D,Suspect charged
d0ffef0e05d5062c47a9295c75d5e07891a6589b4a06ba1b1ae334a5b393a528,2018-08,Hertfordshire Constabulary,Hertfordshire Constabulary,-0.008208,51.760645,On or near Supermarket,E01023320,Broxbourne 003A,Suspect charged
7604176d34bd5770163ab0c1c9ce0f360c01ea0267ac86687803662714a360d3,2018-08,Hertfordshire Constabulary,Hertfordshire Constabulary,-0.277239,51.657873,On or near MALDEN ROAD,E01023532,Hertsmere 007D,Suspect charged
5e4f929d32fbb505091f6beb9f3579983fda0431cd8d032731cab256cddf854f,2018-08,Hertfordshire Constabulary,Hertfordshire Constabulary,-0.335666,51.749679,On or near KEYFIELD TERRACE,E01023726,St Albans 012A,Investigation complete; no suspect identified
0ab768035a5453b2bdae4624c02e0624cfb9d2890a1ac503208597f0df9290e1,2018-08,Hertfordshire Constabulary,Hertfordshire Constabulary,-0.182403,51.918481,On or near JESSOP ROAD,E01023774,Stevenage 003D,Offender given a caution
a08791adb5129984f501c34563d0a17e5b1e025af37dc11f613b80f309d83441,2018-08,Hertfordshire Constabulary,Hertfordshire Constabulary,0.063037,51.874824,On or near Park/Open Space,E01023493,East Hertfordshire 003F,Suspect charged
6ab4f956e06d9bd420ab8465d6e6291fe2f8f6fe344934a47d925feb5d9abb3b,2018-08,Hertfordshire Constabulary,Hertfordshire Constabulary,-0.182403,51.918481,On or near JESSOP ROAD,E01023774,Stevenage 003D,Offender given a caution
0dfc39766cd668a14d638d353578857b5bb77fe632f4dd0720e603ce4b3a5a8d,2018-08,Hertfordshire Constabulary,Hertfordshire Constabulary,-0.304745,51.771501,On or near QUANTOCK CLOSE,E01023711,St Albans 008C,Unable to prosecute suspect
24f9066599b3782178f3bd5f0fdc5a07eb8694e7154e4d140c24bc004758b3f1,2018-08,Hertfordshire Constabulary,Hertfordshire Constabulary,-0.320052,51.752721,On or near ST PAUL'S PLACE,E01023674,St Albans 011B,Suspect charged
fad04e1eb26b2ebc46bda1a881e57e417dd66c7845d520fc3c1501f8248b9c5d,2018-08,Hertfordshire Constabulary,Hertfordshire Constabulary,-0.184976,51.904799,On or near MEADOW WAY,E01023756,Stevenage 008B,Unable to prosecute suspect
27685939d2da47d29d30b4d57a1ff1e659c5015da7b33ac3c79eefabec1052b8,2018-08,Hertfordshire Constabulary,Hertfordshire Constabulary,-0.020607,51.948036,On or near Supermarket,E01023466,East Hertfordshire 001D,Investigation complete; no suspect identified
f778834bab4593fe6179d359243bb4cae8d1f67d2a6146e0840a74805ce079a9,2018-08,Hertfordshire Constabulary,Hertfordshire Constabulary,-0.179316,51.918236,On or near Supermarket,E01023774,Stevenage 003D,Investigation complete; no suspect identified
bdf3ddef205025b8f9f804c11855913379fcf2bca7f924052bf95fbed3105260,2018-08,Hertfordshire Constabulary,Hertfordshire Constabulary,-0.304488,51.637057,On or near A41,E01023564,Hertsmere 010B,Investigation complete; no suspect identified
4a58fc633fd4a1c5f3987017699ea8bc9aecea3ccfbd5bbff6a473236c2186fd,2018-08,Hertfordshire Constabulary,Hertfordshire Constabulary,-0.286845,51.750434,On or near ROWAN CLOSE,E01023678,St Albans 015B,Investigation complete; no suspect identified
fcdf31f5fe3f38f00e6d3b3d7cf460b629a5ab1495e6f7850320e68639087665,2018-08,Hertfordshire Constabulary,Hertfordshire Constabulary,-0.525924,51.740655,On or near A41,E01023377,Dacorum 021E,Offender given a drugs possession warning
646d34361aa5f6cf244694f62a3c0734903ef649e8e047453b6e34267cd3771f,2018-08,Hertfordshire Constabulary,Hertfordshire Constabulary,-0.250065,51.951751,On or near PURWELL LANE,E01023620,North Hertfordshire 011D,Unable to prosecute suspect
1fdaa663d650d8703693dfcfc9bec27fd7e261665f1e2c6b1344b2c50969c4d1,2018-08,Hertfordshire Constabulary,Hertfordshire Constabulary,-0.481733,51.746297,On or near BISHOPS MEAD,E01023382,Dacorum 018F,Investigation complete; no suspect identified
82d98966e43315ece8bac7569474d65bc127e3a2f06163df6270c215f16086ef,2018-08,Hertfordshire Constabulary,Hertfordshire Constabulary,-0.157921,51.908749,On or near BEANE AVENUE,E01023767,Stevenage 004A,Investigation complete; no suspect identified
68796b7b61311b5a71e5ff2cccaab6fbef8dfd66f5664bc2a705ca39929f917d,2018-08,Hertfordshire Constabulary,Hertfordshire Constabulary,-0.220417,51.776333,On or near Supermarket,E01033311,Welwyn Hatfield 010F,Investigation complete; no suspect identified
d91a54894d0cc607a48e4ae8905774d7c88d5ae678947a7f95a31bd9874de73d,2018-08,Hertfordshire Constabulary,Hertfordshire Constabulary,-0.373427,51.664298,On or near WALNUT GREEN,E01023555,Hertsmere 008D,Unable to prosecute suspect
31531acf1815f67445b6e51081a11a239a88de43f231e88b6c2bdf4cd2b171af,2018-08,Hertfordshire Constabulary,Hertfordshire Constabulary,-0.239023,51.763458,On or near HARPSFIELD BROADWAY,E01033308,Welwyn Hatfield 010E,Investigation complete; no suspect identified
92cbbd8c76c02b9146779b59b73bb9080424bcb374d15c7b1f1e7d016d72f18f,2018-08,Hertfordshire Constabulary,Hertfordshire Constabulary,0.159521,51.870664,On or near POTTER STREET,E01023446,East Hertfordshire 007D,Unable to prosecute suspect
3e3376b4f0f7e51e873df4fbeb7c2d9006cca52d2838ab0644576a348cbccd63,2018-08,Hertfordshire Constabulary,Hertfordshire Constabulary,-0.471974,51.757770,On or near QUEENSWAY,E01023400,Dacorum 015E,Unable to prosecute suspect
1486c2afde0034f054ba0bfbc17e8f88edd432cc4056a97a8d6651b953d30614,2018-08,Hertfordshire Constabulary,Hertfordshire Constabulary,-0.202956,51.971489,On or near LANNOCK,E01023641,North Hertfordshire 009C,Unable to prosecute suspect
54da76d2c765aaaa86a594fdcaad6c9f0dc6310919fb0f0f6f1d913eb9052296,2018-08,Hertfordshire Constabulary,Hertfordshire Constabulary,-0.394264,51.702720,On or near HOP GARDEN WAY,E01023832,Three Rivers 002C,Unable to prosecute suspect
662a793872e9e6c10da4f70e48120e928f33b547e7a9421c98b2b468ff8d1877,2018-08,Hertfordshire Constabulary,Hertfordshire Constabulary,-0.349919,51.658638,On or near SANDY LANE,E01023555,Hertsmere 008D,Unable to prosecute suspect
1ffff6fb9d4da079916be53adecd851a09f0ea834e9ffc6a37763cadca551ab9,2018-08,Hertfordshire Constabulary,Hertfordshire Constabulary,-0.397080,51.657007,On or near Theatre/Concert Hall,E01023861,Watford 009C,Investigation complete; no suspect identified
46eac8fa11217c76f1baaf0c547c86fe0e0d554131b26333576ff7f70e11930d,2018-08,Hertfordshire Constabulary,Hertfordshire Constabulary,-0.424886,51.678964,On or near THE DRIVE,E01023881,Watford 007D,Suspect charged
e683b22412eae866ceff40bda80207f69930b1c345feb2902b2c74629058bb2b,2018-08,Hertfordshire Constabulary,Hertfordshire Constabulary,-0.222268,51.984551,On or near NORTON WAY NORTH,E01023633,North Hertfordshire 006D,Investigation complete; no suspect identified
d4809ba9d07c97752ff8841e694f1b29afc753442c6b3d582e5a648600e6398c,2018-08,Hertfordshire Constabulary,Hertfordshire Constabulary,-0.074711,51.797318,On or near SOUTH STREET,E01023478,East Hertfordshire 017D,Offender given a caution
972c178e3db2d0595fb9bed82ebc2d225a58a35671f619d0a59ffa931edd5b19,2018-08,Hertfordshire Constabulary,Hertfordshire Constabulary,-0.321820,51.682698,On or near SCRUBBITTS SQUARE,E01023525,Hertsmere 005C,Unable to prosecute suspect
229e07724d93c5ca0d67611d9cc339afed768e0904faa8da21c9a7bd0dbab6cc,2018-08,Hertfordshire Constabulary,Hertfordshire Constabulary,-0.201129,51.904760,On or near Parking Area,E01023758,Stevenage 008D,Offender given penalty notice
1fdd1d6790b4ca1b9ba502be83690ee0cd47a1872aee4ad874cae05003be091e,2018-08,Hertfordshire Constabulary,Hertfordshire Constabulary,-0.353859,51.766480,On or near Nightclub,E01023722,St Albans 006A,Unable to prosecute suspect
b36e1cfd7b295e15e11cdbfb53361fe0eeb2f7bb099d5dc704b05a365cc97db7,2018-08,Hertfordshire Constabulary,Hertfordshire Constabulary,-0.467135,51.736343,On or near Petrol Station,E01033023,Dacorum 018H,Suspect charged
269821d203c6500a419af88ab53346546849e80710782ac8225633a3ed1a44bb,2018-08,Hertfordshire Constabulary,Hertfordshire Constabulary,-0.498092,51.741778,On or near BOX LANE,E01023378,Dacorum 021F,Suspect charged
a8667765ff74a1a700921b94962922af0814e347d3ffb42923c322381707b184,2018-08,Hertfordshire Constabulary,Hertfordshire Constabulary,-0.013151,51.684321,On or near GORDON ROAD,E01023338,Broxbourne 013C,Unable to prosecute suspect
d1d3b5ce9722a237bcb01bfb8b61087e24b7aaffc49dd953b76db0ee4cc1a078,2018-08,Hertfordshire Constabulary,Hertfordshire Constabulary,-0.228835,51.763107,On or near Supermarket,E01023920,Welwyn Hatfield 012A,Suspect charged
5abf02b728850b78738edb04b439536d44b2eb20f067171e34983d88b92a3d46,2018-08,Hertfordshire Constabulary,Hertfordshire Constabulary,-0.200185,51.808648,On or near LYLES LANE,E01023959,Welwyn Hatfield 003A,Investigation complete; no suspect identified
3122788f563af9573c92b24e1af4a12917fc9a1690e82789c0a12a9536741819,2018-08,Hertfordshire Constabulary,Hertfordshire Constabulary,-0.016494,51.942329,On or near NUT SLIP,E01023464,East Hertfordshire 001B,Investigation complete; no suspect identified
d3d2e2f11900ff3b16be90ab1215975d0d2ed485cf8f801878cf41ee871cfb30,2018-08,Hertfordshire Constabulary,Hertfordshire Constabulary,-0.079036,51.795887,On or near MILLERS YARD,E01023478,East Hertfordshire 017D,Investigation complete; no suspect identified
2d2760bdd7b5293b12e9edcd18d3c38dbe755fbeb52246073e116a748a6dcbdd,2018-08,Hertfordshire Constabulary,Hertfordshire Constabulary,-0.495021,51.811083,On or near BRADDEN MEADOW,E01023431,Dacorum 001B,Investigation complete; no suspect identified
b46a1c832fb80c318ffa31aa5461fd194e23a102e09f753b503d7a8d184371a4,2018-08,Hertfordshire Constabulary,Hertfordshire Constabulary,-0.437587,51.741079,On or near CATSDELL BOTTOM,E01023413,Dacorum 017E,Investigation complete; no suspect identified
896f00fadd4ca705be69c4188a83d27f634f13dc203da7865ed72785edfecc4a,2018-08,Hertfordshire Constabulary,Hertfordshire Constabulary,-0.458474,51.733828,On or near DICKINSON QUAY,E01033022,Dacorum 018G,Investigation complete; no suspect identified
b6f99b2a2488cf1447c7659ac5230e6d33a48266eae17a8e6ff783fb449d6026,2018-08,Hertfordshire Constabulary,Hertfordshire Constabulary,-0.415058,51.685782,On or near POUNDFIELD,E01023907,Watford 001D,Investigation complete; no suspect identified
33539cc34ea30442e262e3af6a522261ec953fb5135c4df14b6a49a9148ea1a5,2018-08,Hertfordshire Constabulary,Hertfordshire Constabulary,-0.020607,51.948036,On or near Supermarket,E01023466,East Hertfordshire 001D,Investigation complete; no suspect identified
c2593acd833913b32373d137647b92c410a4a1d12b531c9ec9f346d83728436e,2018-08,Hertfordshire Constabulary,Hertfordshire Constabulary,-0.020607,51.948036,On or near Supermarket,E01023466,East Hertfordshire 001D,Investigation complete; no suspect identified
c90e93d6c1a68071afad309b66217b0006b540e24da6a3d4ffa4e02570996040,2018-08,Hertfordshire Constabulary,Hertfordshire Constabulary,-0.448896,51.769922,On or near REDBOURN ROAD,E01023346,Dacorum 013B,Investigation complete; no suspect identified
bab000cbb53fb049f81418ea14a5820dc60f311ed0ce332e85f9616ff11188b7,2018-08,Hertfordshire Constabulary,Hertfordshire Constabulary,-0.279391,51.653354,On or near Parking Area,E01023539,Hertsmere 011A,Unable to prosecute suspect
c22a4236fbd9487140a6ca55836e163354df88b676fb0d395b5e9e1c5e3a2c3c,2018-08,Hertfordshire Constabulary,Hertfordshire Constabulary,-0.218158,51.910099,On or near Pedestrian Subway,E01023798,Stevenage 005D,Investigation complete; no suspect identified
a8fc2a6b297c5d4eb5cd91991b75ce7140fb927b9eacaf04341326664b6605d6,2018-08,Hertfordshire Constabulary,Hertfordshire Constabulary,0.176616,51.862768,On or near BELDAMS LANE,E01023442,East Hertfordshire 005E,Investigation complete; no suspect identified
2f904b5db0c47910cbace67f54214305fd58b515b5ef277221c0325a37030208,2018-08,Hertfordshire Constabulary,Hertfordshire Constabulary,-0.660509,51.794373,On or near CHURCH YARD,E01023420,Dacorum 003C,Unable to prosecute suspect
0fb3b27487e156ef2e3a4ee096970537814cde670cf809f5b1a1768f1a357941,2018-08,Hertfordshire Constabulary,Hertfordshire Constabulary,-0.457634,51.770828,On or near Pedestrian Subway,E01023396,Dacorum 007D,Investigation complete; no suspect identified
d21e8cd17121397682a3488c411fc4e43fb32b46bf59d944ec85ef783befb741,2018-08,Hertfordshire Constabulary,Hertfordshire Constabulary,-0.467135,51.736343,On or near Petrol Station,E01033023,Dacorum 018H,Suspect charged
0d1eaca127591327e2792696614ad03cfb9e7ebb0537b3db319dca51453e4c34,2018-08,Hertfordshire Constabulary,Hertfordshire Constabulary,-0.077499,51.796572,On or near SALISBURY SQUARE,E01023478,East Hertfordshire 017D,Investigation complete; no suspect identified
4e622000cb52794942e8e24af69ee172acc59a964620d03013f2178a49d9e815,2018-08,Hertfordshire Constabulary,Hertfordshire Constabulary,-0.206256,51.966144,On or near CREAMERY COURT,E01023639,North Hertfordshire 009A,Unable to prosecute suspect
22a00fe4594ef0a47b7a4bf8dc3d3dc22798df71f4a227ec7d193b2756503ace,2018-08,Hertfordshire Constabulary,Hertfordshire Constabulary,-0.274982,51.651069,On or near CHAUCER GROVE,E01023539,Hertsmere 011A,Suspect charged
cf1ccb39b212fddc3f866d96252e64ed2592b249960ef8493e59adc6454b87d8,2018-08,Hertfordshire Constabulary,Hertfordshire Constabulary,-0.356500,51.742032,On or near ABBEY AVENUE,E01023743,St Albans 014B,Investigation complete; no suspect identified
e07503a838da856c673c98fb40f63fdbad0213d22ef40d61b46d99b6f59aa963,2018-08,Hertfordshire Constabulary,Hertfordshire Constabulary,-0.176109,51.802819,On or near SMALLCROFT,E01023951,Welwyn Hatfield 005B,Investigation complete; no suspect identified
476a5a9d9b2b01cda306df3f43f0b51a61fdbfe07c7736013731dc612a2bf8be,2018-08,Hertfordshire Constabulary,Hertfordshire Constabulary,-0.220417,51.776333,On or near Supermarket,E01033311,Welwyn Hatfield 010F,Investigation complete; no suspect identified
76051de7c7a30be8af6078f8f167c5397484b206831a7c89e7dd9a0ec4b03c28,2018-08,Hertfordshire Constabulary,Hertfordshire Constabulary,-0.403481,51.672327,On or near DIAMOND ROAD,E01023856,Watford 006B,Investigation complete; no suspect identified
148e3664cfd180fa571e354cdc6c75e82203f03ffc66af7dcb39fbaa752e7be2,2018-08,Hertfordshire Constabulary,Hertfordshire Constabulary,-0.022125,51.737968,On or near Petrol Station,E01023340,Broxbourne 005A,Investigation complete; no suspect identified
d82d1a008631f44856331a7431b7dadf201203b87ed83e14f08ab2b12f4bead3,2018-08,Hertfordshire Constabulary,Hertfordshire Constabulary,-0.189299,51.882251,On or near CARISBROOKE CLOSE,E01023783,Stevenage 011A,Offender given a drugs possession warning
adef427b25ab8957e5c8edb7f3295333a6dcdd25c02537f44111216cc5a34601,2018-08,Hertfordshire Constabulary,Hertfordshire Constabulary,-0.202881,51.796316,On or near EDGARS COURT,E01023954,Welwyn Hatfield 007A,Investigation complete; no suspect identified
0b5a776d8d285c32547978f95ca79f1c47e59de50c65b638e66b360699d1d377,2018-08,Hertfordshire Constabulary,Hertfordshire Constabulary,-0.214051,51.916880,On or near GUNNELS WOOD ROAD,E01023776,Stevenage 002A,Investigation complete; no suspect identified
69c542634c76c963755247e1eabacdc9a364e9df729eef9de9de4cd3f13a66cd,2018-08,Hertfordshire Constabulary,Hertfordshire Constabulary,-0.022039,51.733956,On or near BURY HOLME,E01023340,Broxbourne 005A,Investigation complete; no suspect identified
4c723c1836315a4ad0861f94c4f9d2c80cf3c33746be973b8b4c22f16a09885b,2018-08,Hertfordshire Constabulary,Hertfordshire Constabulary,-0.252990,51.651966,On or near HOWARD DRIVE,E01023547,Hertsmere 009D,Unable to prosecute suspect
8bad84abd7a6ddaf25e19d474b490e0276d6973295aaa6f7213b61ff942c328b,2018-08,Hertfordshire Constabulary,Hertfordshire Constabulary,-0.252990,51.651966,On or near HOWARD DRIVE,E01023547,Hertsmere 009D,Unable to prosecute suspect
a02179b9ced78625232e92e8e9ae0d81b62982ac2760c3f37c7f534c2ee8e99e,2018-08,Hertfordshire Constabulary,Hertfordshire Constabulary,-0.364564,51.664669,On or near HARTSWOOD CLOSE,E01023555,Hertsmere 008D,Investigation complete; no suspect identified
f994aa8c7119432fccb92191edc2fe8a1431ab67d1df255df6abf0fbb1b344d3,2018-08,Hertfordshire Constabulary,Hertfordshire Constabulary,-0.396071,51.624550,On or near FERNDOWN ROAD,E01023842,Three Rivers 012B,Suspect charged
ec2b7d6bd935e8ddb87a33be6e8d6c7e7dfe4a1f68e7402741562cef68bdbd63,2018-08,Hertfordshire Constabulary,Hertfordshire Constabulary,-0.278190,51.655675,On or near Supermarket,E01023530,Hertsmere 007B,Investigation complete; no suspect identified
39fcd937e9102e6bd2be30653a2d0e441330230fc64ed3eace18668d039c98ad,2018-08,Hertfordshire Constabulary,Hertfordshire Constabulary,-0.037445,51.718001,On or near Supermarket,E01023305,Broxbourne 008D,Investigation complete; no suspect identified
02e7449a2ef73e4adb24a60e4d7bee6409bf1769b6e1f57bf6570c72d8332d47,2018-08,Hertfordshire Constabulary,Hertfordshire Constabulary,0.155412,51.867358,On or near CHESTNUT CLOSE,E01023446,East Hertfordshire 007D,Investigation complete; no suspect identified
38feddce341df5ce449b1edb6b4e7f3ee04cad349cd1586cc6ff4333f7ba1ae0,2018-08,Hertfordshire Constabulary,Hertfordshire Constabulary,-0.078285,51.799229,On or near HARTHAM LANE,E01023470,East Hertfordshire 014A,Investigation complete; no suspect identified
9c31def4e10a830825b42e3b0d32de50523c33a6aca42737a07a67d48d84fca7,2018-08,Hertfordshire Constabulary,Hertfordshire Constabulary,0.161075,51.860043,On or near MARLBOROUGH CLOSE,E01023458,East Hertfordshire 008C,Investigation complete; no suspect identified
f276f79651023c0a08bd7701ce8f795d6da9cd60fb228e4e1e08575d7cb9bba8,2018-08,Hertfordshire Constabulary,Hertfordshire Constabulary,-0.184987,51.909943,On or near ARCHER ROAD,E01023781,Stevenage 006D,Offender given a caution
7d1dad637970334c290fa248d95c85775104779f0619dae43fc042ebc81ed740,2018-08,Hertfordshire Constabulary,Hertfordshire Constabulary,-0.528101,51.720001,On or near AUSTINS MEAD,E01023374,Dacorum 021B,Unable to prosecute suspect
b6f47aaf68ab3e0536b5806f5ae48a9f7cbf127880bafc2f0b6018bb6463a5cd,2018-08,Hertfordshire Constabulary,Hertfordshire Constabulary,-0.176109,51.802819,On or near SMALLCROFT,E01023951,Welwyn Hatfield 005B,Investigation complete; no suspect identified
6f800cdab4dedd11a0ac5cb02e1f8d82fdd69f7297063c1a770785e38722f06e,2018-08,Hertfordshire Constabulary,Hertfordshire Constabulary,-0.274982,51.651069,On or near CHAUCER GROVE,E01023539,Hertsmere 011A,Suspect charged
f909c79566b0707038ed36a9553b7bea8ba5973fde9796bd9d33ab487b9016ad,2018-08,Hertfordshire Constabulary,Hertfordshire Constabulary,-0.274982,51.651069,On or near CHAUCER GROVE,E01023539,Hertsmere 011A,Suspect charged
866b116f9d7956817b47e7715d9fcd92b1c6f99c4991628901c897c02300cc82,2018-08,Hertfordshire Constabulary,Hertfordshire Constabulary,-0.030653,51.685713,On or near ELEANOR CROSS ROAD,E01023337,Broxbourne 013B,Offender given a drugs possession warning
375087d9504be71180a02e395d1635edd0b0525ffbff4c9d4e3dc0ace3174a6f,2018-08,Hertfordshire Constabulary,Hertfordshire Constabulary,-0.049080,51.800132,On or near IRON DRIVE,E01023484,East Hertfordshire 016C,Suspect charged
1b0397e6863d9731e41472e894dd2de21b9c5fca3b2abd7c233f8e0299e32ee2,2018-08,Hertfordshire Constabulary,Hertfordshire Constabulary,-0.342153,51.746183,On or near LATIUM CLOSE,E01023740,St Albans 017D,Investigation complete; no suspect identified
adc339a5c7a74440a816aac40b678adba26aece399755cda697c185a02dff5b1,2018-08,Hertfordshire Constabulary,Hertfordshire Constabulary,-0.259594,51.831069,On or near HILL FARM LANE,E01023969,Welwyn Hatfield 002C,Investigation complete; no suspect identified
3de32ab548930a48dd615f0d42cd63fa86ac8258c5bf4ac340993902affce791,2018-08,Hertfordshire Constabulary,Hertfordshire Constabulary,-0.356737,51.682778,On or near Further/Higher Educational Building,E01023528,Hertsmere 010A,Investigation complete; no suspect identified
6f6e63da1314d0151fa224ee411bad5251cd93bb875f7d11908dec354da5af16,2018-08,Hertfordshire Constabulary,Hertfordshire Constabulary,-0.279391,51.653354,On or near Parking Area,E01023539,Hertsmere 011A,Investigation complete; no suspect identified
00dec5f7ca2c0e44bbfa3ecba0e4d38331242f2debe2e96d5bd3fb66f4029208,2018-08,Hertfordshire Constabulary,Hertfordshire Constabulary,-0.270115,51.955977,On or near ALEXANDRA ROAD,E01023602,North Hertfordshire 010B,Investigation complete; no suspect identified
2191049baf3ca1d4514b35563857689cfaace449ee5eb9d3f54525dbb1d13b54,2018-08,Hertfordshire Constabulary,Hertfordshire Constabulary,-0.273353,51.956546,On or near PERIWINKLE LANE,E01023604,North Hertfordshire 010D,Investigation complete; no suspect identified
7b62f9d1aba93258df3de1b520d6c8849245218a81e5d5b48dcee7bfb676acac,2018-08,Hertfordshire Constabulary,Hertfordshire Constabulary,-0.188865,51.863784,On or near HORNBEAM SPRING,E01023629,North Hertfordshire 015F,Offender given a caution
c74a1904bfbb39fc21d7b300ac61a5ba52df29f88264824a4581c08868a0bf2e,2018-08,Hertfordshire Constabulary,Hertfordshire Constabulary,-0.539863,51.722945,On or near MITCHELL CLOSE,E01023373,Dacorum 021A,Offender given a caution
475f129d61ea239f33e4e457a5f9448ed2a4107e762ad8900cb651a31d0edbbd,2018-08,Hertfordshire Constabulary,Hertfordshire Constabulary,-0.277589,51.955763,On or near YORK ROAD,E01023602,North Hertfordshire 010B,Unable to prosecute suspect
b91c93e8bff4a6df59290932ef14e9c5fa80b8058e4d571d1c90ffa36e2cd3db,2018-08,Hertfordshire Constabulary,Hertfordshire Constabulary,-0.035385,51.691025,On or near LAMBTON AVENUE,E01023332,Broxbourne 012A,Investigation complete; no suspect identified
f1a00fd8c7dd77824b1e5a8127a27df001f8a842a4d90300a8564f4a05418123,2018-08,Hertfordshire Constabulary,Hertfordshire Constabulary,-0.270082,51.953810,On or near NIGHTINGALE ROAD,E01023601,North Hertfordshire 010A,Unable to prosecute suspect
ba918f0eaaf68abdf3106d201dcce1cb7232c812aef526ed9d65215814cddfb2,2018-08,Hertfordshire Constabulary,Hertfordshire Constabulary,-0.337862,51.631330,On or near BROADFIELD COURT,E01023548,Hertsmere 013A,Investigation complete; no suspect identified
d93e29c4b26658c143175c3d0112ca17f189e42710a8942383c7d6bfbfd88c9e,2018-08,Hertfordshire Constabulary,Hertfordshire Constabulary,-0.440606,51.750992,On or near RITCROFT DRIVE,E01023411,Dacorum 017C,Investigation complete; no suspect identified
485c558dfacefd65b9b57c93439023b00a9f91e5367356f843501ef3c05ab55d,2018-08,Hertfordshire Constabulary,Hertfordshire Constabulary,-0.009889,51.770862,On or near TREGELLES ROAD,E01023329,Broxbourne 002C,Unable to prosecute suspect
0080737e80d49f20677d0893fac6a71ca2a9fb30372fd0ef6675e838cdc4655b,2018-08,Hertfordshire Constabulary,Hertfordshire Constabulary,-0.230798,51.849262,On or near THE CLOSE,E01023595,North Hertfordshire 015A,Unable to prosecute suspect
aeaff6163670cdda9a32a9f29fc64525ccfd2b2b03d39908300603e773f5a7e5,2018-08,Hertfordshire Constabulary,Hertfordshire Constabulary,-0.049080,51.800132,On or near IRON DRIVE,E01023484,East Hertfordshire 016C,Suspect charged
098eb0be347b469d83e7df579bf1d1060e5300e452e485ef46aa4a80679b1433,2018-08,Hertfordshire Constabulary,Hertfordshire Constabulary,-0.399926,51.657468,On or near Nightclub,E01023861,Watford 009C,Offender given a caution
2dfb3886f3dc1c19962901100ead5c3c06614c78892e5c51378eee747d78415e,2018-08,Hertfordshire Constabulary,Hertfordshire Constabulary,-0.211912,51.924230,On or near Hospital,E01023800,Stevenage 002E,Investigation complete; no suspect identified
37a974d41f82c902618afe22227b6212443ed76210b883e99323f5ebfc897116,2018-08,Hertfordshire Constabulary,Hertfordshire Constabulary,-0.241813,51.973721,On or near CHILTERN VIEW,E01023646,North Hertfordshire 008C,Investigation complete; no suspect identified
2cc128d2cab80befb02b50837d8895d0619640cfbd23f8f2ed6eb8d08f35dd86,2018-08,Hertfordshire Constabulary,Hertfordshire Constabulary,-0.427348,51.755644,On or near Petrol Station,E01023409,Dacorum 017A,Investigation complete; no suspect identified
85956c56edafd46c3152ac61ba2e003777d615314ac53afd2ab0f0c6cd8df02e,2018-08,Hertfordshire Constabulary,Hertfordshire Constabulary,-0.394749,51.621492,On or near MUIRFIELD ROAD,E01023842,Three Rivers 012B,Unable to prosecute suspect
2fd8d551975d28521db3b62db5c7a58f44f7647c2bd57e06e26cad595d0a406e,2018-08,Hertfordshire Constabulary,Hertfordshire Constabulary,-0.276181,51.957568,On or near WHITEHURST AVENUE,E01023604,North Hertfordshire 010D,Unable to prosecute suspect
cf312a0d93fcecf20146fb9e4afd57abb6ffbc0af9bb43e8a6af35700977ec62,2018-08,Hertfordshire Constabulary,Hertfordshire Constabulary,-0.477182,51.765337,On or near Sports/Recreation Area,E01023399,Dacorum 010C,Investigation complete; no suspect identified
f4e4cde6f60c285526bc385b9835fc35e2475b8ad50d601747a07f687ff1302c,2018-08,Hertfordshire Constabulary,Hertfordshire Constabulary,-0.026833,51.694389,On or near HAZELDENE,E01023335,Broxbourne 012D,Investigation complete; no suspect identified
f88cd0f79b1bf302a0ee20f4a229a71d4d4fcccbadb617bdd0bdfc90ae9f0f59,2018-08,Hertfordshire Constabulary,Hertfordshire Constabulary,-0.215972,51.981380,On or near ARDEN PRESS WAY,E01023631,North Hertfordshire 006B,Investigation complete; no suspect identified
637f10ed85eed9dddaa543ad6229a596005d2fa28f819d6322795de6a2086ae4,2018-08,Hertfordshire Constabulary,Hertfordshire Constabulary,-0.181818,51.916422,On or near Theatre/Concert Hall,E01023781,Stevenage 006D,Offender given penalty notice
9beafc9bdbf8ef12ea5328a67348dafbc0c1f80e9bd3a144a42e9b464643b6d3,2018-08,Hertfordshire Constabulary,Hertfordshire Constabulary,-0.018794,51.748559,On or near HIGH ROAD,E01023290,Broxbourne 004B,Investigation complete; no suspect identified
e85311c2950fff47d3155aa1c135ce81edaf2d6cf5661267b2fbd4a29b878bc9,2018-08,Hertfordshire Constabulary,Hertfordshire Constabulary,-0.018794,51.748559,On or near HIGH ROAD,E01023290,Broxbourne 004B,Unable to prosecute suspect
3ebe3c92ba302868413da861f9c93430f85c0ae670d785c00e9e741f153ee6dc,2018-08,Hertfordshire Constabulary,Hertfordshire Constabulary,-0.498092,51.741778,On or near BOX LANE,E01023378,Dacorum 021F,Investigation complete; no suspect identified
3ba8dcc7efcc70b1caa28e0b91a0da215340833524b3c850609970372dd3b98b,2018-08,Hertfordshire Constabulary,Hertfordshire Constabulary,-0.451610,51.756676,On or near Petrol Station,E01023348,Dacorum 013D,Investigation complete; no suspect identified
9f8b85dbc0f4f1e764ccd576f1b7b9bdc69a46642a31cda6f0d2cd1001f74d27,2018-08,Hertfordshire Constabulary,Hertfordshire Constabulary,-0.203233,51.985673,On or near Shopping Area,E01023633,North Hertfordshire 006D,Investigation complete; no suspect identified
d5fbcafefce2296d2dfd2880d03f1b4222f54a460de783d9f1cabedcd1cf1b12,2018-08,Hertfordshire Constabulary,Hertfordshire Constabulary,-0.353287,51.641105,On or near ASHFIELD AVENUE,E01023557,Hertsmere 013F,Unable to prosecute suspect
a305364a86dba7be2a216e684f862f99b212403af194042a696d00df6ca0f82d,2018-08,Hertfordshire Constabulary,Hertfordshire Constabulary,-0.353287,51.641105,On or near ASHFIELD AVENUE,E01023557,Hertsmere 013F,Unable to prosecute suspect
c58236c557c7a6f7eb0dcc2d61150397a8a7e06a05fb6a522037265a1493cc27,2018-08,Hertfordshire Constabulary,Hertfordshire Constabulary,-0.503334,51.750144,On or near SHEPHERDS GREEN,E01023384,Dacorum 016B,Unable to prosecute suspect
f0d0fa7faf6339096e144dfed3e8ae40456f33b9569af6899b6077442da34324,2018-08,Hertfordshire Constabulary,Hertfordshire Constabulary,-0.034567,51.705229,On or near CLARENDON PARADE,E01023301,Broxbourne 010E,Unable to prosecute suspect
ee22bd15cb73418a96407fe762b9789c44b4ef62aeb0ca49a6b5edc6079b3c22,2018-08,Hertfordshire Constabulary,Hertfordshire Constabulary,-0.387344,51.662485,On or near LINK ROAD,E01023860,Watford 009B,Investigation complete; no suspect identified
e221b0452b8c481a7148f783e26fe8ba2831c648070c770e5622d24b7a484fdc,2018-08,Hertfordshire Constabulary,Hertfordshire Constabulary,-0.274982,51.651069,On or near CHAUCER GROVE,E01023539,Hertsmere 011A,Suspect charged
a594c4b261aca53923267d60f74aee143b9051cd9e75a0ec78f33878638d9227,2018-08,Hertfordshire Constabulary,Hertfordshire Constabulary,0.158202,51.869816,On or near Parking Area,E01023446,East Hertfordshire 007D,Investigation complete; no suspect identified
141c1b84217520ad8f218387e938f0e58271ae160d14fa840023d29a91ac001f,2018-08,Hertfordshire Constabulary,Hertfordshire Constabulary,-0.296827,51.746209,On or near STANMORE CHASE,E01023677,St Albans 015A,Suspect charged
be0b9874388ac80c2d761030d36512990ede6ecc7d5ea3afc94aeeaf07d17fb5,2018-08,Hertfordshire Constabulary,Hertfordshire Constabulary,-0.111860,51.855793,On or near Sports/Recreation Area,E01033609,East Hertfordshire 010E,Investigation complete; no suspect identified
0b4e5fc40f460bf1be6e266f5e15f8b7b68a7c8e82f07a514aeeec3c36e165ed,2018-08,Hertfordshire Constabulary,Hertfordshire Constabulary,-0.394087,51.699120,On or near BOUNDARY WAY,E01023905,Watford 001B,Investigation complete; no suspect identified
c6d3ae6555f5e842530a181f793b512c18e25f608061fa5f7a1764893d8a182a,2018-08,Hertfordshire Constabulary,Hertfordshire Constabulary,-0.036426,51.690045,On or near CEDAR AVENUE,E01023332,Broxbourne 012A,Offender given a drugs possession warning
c1c4dc5b6e4a96d6e7275f07ccf9a673e51ef5e78c016bc400094f2865499019,2018-08,Hertfordshire Constabulary,Hertfordshire Constabulary,-0.494150,51.755799,On or near Supermarket,E01023429,Dacorum 011D,Investigation complete; no suspect identified
cba070501661db91f617c3f6446b0403c8eb24994f02c77a912904bc6e772dd1,2018-08,Hertfordshire Constabulary,Hertfordshire Constabulary,0.069960,51.850630,On or near Sports/Recreation Area,E01023497,East Hertfordshire 009D,Investigation complete; no suspect identified
77414649fe7f58c05d0a1f1d364c1d05c629ffe8943a62eaeeffe1c5e755a99a,2018-08,Hertfordshire Constabulary,Hertfordshire Constabulary,-0.191934,51.791554,On or near COLE GREEN LANE,E01023939,Welwyn Hatfield 009A,Investigation complete; no suspect identified
2bdfa8e20ddd08ed5dd83fa1871169ac0d85ec6169f9cbb17d5ef0b4bcdb8c2f,2018-08,Hertfordshire Constabulary,Hertfordshire Constabulary,-0.393625,51.626306,On or near OTLEY WAY,E01023844,Three Rivers 012D,Unable to prosecute suspect
b81068f5e4548c8395bdf98ebe7d202c241a92aa781b5ef4233612d13b5e156e,2018-08,Hertfordshire Constabulary,Hertfordshire Constabulary,-0.473413,51.733996,On or near ST ANDREW'S ROAD,E01023354,Dacorum 018B,Investigation complete; no suspect identified
f0015b46829367b28d161d17ac5ec2a7ca7f5402232c39284e59eb7557ce5119,2018-08,Hertfordshire Constabulary,Hertfordshire Constabulary,-0.393625,51.626306,On or near OTLEY WAY,E01023844,Three Rivers 012D,Unable to prosecute suspect
0c9e9433f2be3fbe0d869640288809e87ffc73856ba51873eb27e0d2f164f658,2018-08,Hertfordshire Constabulary,Hertfordshire Constabulary,-0.393625,51.626306,On or near OTLEY WAY,E01023844,Three Rivers 012D,Unable to prosecute suspect
1651ab2238a3c1bbe9086fd98c54664ac6ea35f237dc1f18d0c0349cd0b4b651,2018-08,Hertfordshire Constabulary,Hertfordshire Constabulary,-0.405008,51.661782,On or near THE AVENUE,E01023880,Watford 007C,Unable to prosecute suspect
f9cc74182bfba8038aa7ea0844540e1a250bfdce3e1b339073e8a0cfc7aa5515,2018-08,Hertfordshire Constabulary,Hertfordshire Constabulary,-0.308078,51.639617,On or near CENTENNIAL AVENUE,E01023564,Hertsmere 010B,Investigation complete; no suspect identified
cfa4f3b4f224cd338143b90108684a09d74e1ca7e27dd9ade6c92fa1b810d0e9,2018-08,Hertfordshire Constabulary,Hertfordshire Constabulary,-0.274374,51.656815,On or near Supermarket,E01023530,Hertsmere 007B,Investigation complete; no suspect identified
ab0bfa5e6988a49a264840b7ea72bd1a1d03d3d132e5ba3223969ea90a6bf5cd,2018-08,Hertfordshire Constabulary,Hertfordshire Constabulary,-0.030603,51.715854,On or near OSBORNE ROAD,E01023304,Broxbourne 008C,Investigation complete; no suspect identified
f65de6211f28f24ec3b935fb14b860ed2e2a079243508a8ff0d06260b5772b6a,2018-08,Hertfordshire Constabulary,Hertfordshire Constabulary,-0.181601,51.693991,On or near Supermarket,E01023580,Hertsmere 001E,Investigation complete; no suspect identified
3edc21fc587726fb878a36e4ee2f3196fdf9a1764ea1e8429352d913cb8c5246,2018-08,Hertfordshire Constabulary,Hertfordshire Constabulary,-0.226192,51.912828,On or near MINEHEAD WAY,E01023797,Stevenage 005C,Investigation complete; no suspect identified
44435f5824f1a05b85a241dcad4e2248915926b5aae85f5498a36cb73db3a2c0,2018-08,Hertfordshire Constabulary,Hertfordshire Constabulary,-0.181321,51.986614,On or near ROMAN LANE,E01023589,North Hertfordshire 004C,Investigation complete; no suspect identified
8ae517a5ec4f80a3d9b2b984a1a83d784e7d57158499a4cd2cb0243902b6132c,2018-08,Hertfordshire Constabulary,Hertfordshire Constabulary,-0.466736,51.836236,On or near BECKS CLOSE,E01023433,Dacorum 001D,Investigation complete; no suspect identified
655ec1b9d881ff49e6f9aeba38c1c37be173037c27494a3589c3d4b9f50e2a4c,2018-08,Hertfordshire Constabulary,Hertfordshire Constabulary,-0.156593,51.772067,On or near Park/Open Space,E01023925,Welwyn Hatfield 011B,Investigation complete; no suspect identified
95c01589906f73f19bf5b309ffc5e162d1bf0d026b9619297766e83726775a16,2018-08,Hertfordshire Constabulary,Hertfordshire Constabulary,-0.209673,51.988145,On or near GREEN LANE,E01023632,North Hertfordshire 006C,Investigation complete; no suspect identified
2199d22d35d68ef4c1dda5496ae76970c9e4227daa171c075076868e3b3d87c7,2018-08,Hertfordshire Constabulary,Hertfordshire Constabulary,-0.204587,51.801198,On or near Shopping Area,E01023918,Welwyn Hatfield 006C,Investigation complete; no suspect identified
18a41a1e0f09cd22eb3d0cb2be5bf5dead271059fc020d70714a479bd3875915,2018-08,Hertfordshire Constabulary,Hertfordshire Constabulary,0.071317,51.848565,On or near FERNDALE,E01023497,East Hertfordshire 009D,Investigation complete; no suspect identified
1918330592408371af6c313a52a193d68d092eb539751ea97f838bb161ca1114,2018-08,Hertfordshire Constabulary,Hertfordshire Constabulary,-0.304488,51.637057,On or near A41,E01023564,Hertsmere 010B,Investigation complete; no suspect identified
f5bd5b37c919e3d70ba1b1f17d9e90592c5f87f6c38b646ba7270f63e86c0018,2018-08,Hertfordshire Constabulary,Hertfordshire Constabulary,-0.473940,51.730820,On or near Sports/Recreation Area,E01023407,Dacorum 022B,Investigation complete; no suspect identified
d24ff72895526ccd52e18d91654e5337011875258b8168157af8444b3c6d0c1e,2018-08,Hertfordshire Constabulary,Hertfordshire Constabulary,-0.267931,51.755192,On or near Petrol Station,E01023680,St Albans 015D,Investigation complete; no suspect identified
8404936730a8319c419bf5048d5f1388c6d26fb7be397b1f4b38e234661c2b2b,2018-08,Hertfordshire Constabulary,Hertfordshire Constabulary,-0.160145,51.901662,On or near Pedestrian Subway,E01023753,Stevenage 009D,Investigation complete; no suspect identified
833158cce5df463510588b5de070dca7fad836d8550173e660ecdcd52c04ef3e,2018-08,Hertfordshire Constabulary,Hertfordshire Constabulary,0.163765,51.881593,On or near GRANGESIDE,E01023450,East Hertfordshire 004B,Investigation complete; no suspect identified
ad4eb7a6973eb7f463a49255f9256b25438c6106aaf5857b48b8d0d6ff26dc14,2018-08,Hertfordshire Constabulary,Hertfordshire Constabulary,-0.475949,51.635712,On or near Park/Open Space,E01023850,Three Rivers 007C,Unable to prosecute suspect
9ce184afe9240e3d15f73bd99b5c7b43dedbb5c89f9354b9e9d65b08557928fa,2018-08,Hertfordshire Constabulary,Hertfordshire Constabulary,-0.184778,51.794258,On or near BLACKTHORN ROAD,E01023944,Welwyn Hatfield 008B,Unable to prosecute suspect
748f6b3634ff1bee704e49f9d440d404071a3dc69971520f438a874caca1dd9b,2018-08,Hertfordshire Constabulary,Hertfordshire Constabulary,-0.435625,51.780257,On or near Supermarket,E01023435,Dacorum 005B,Investigation complete; no suspect identified
1dbed26fcefc148e70ee9d139b7934dff7b7ab3bb503b44972a9566ba2d49b5c,2018-08,Hertfordshire Constabulary,Hertfordshire Constabulary,-0.286355,51.661117,On or near CHILTERN CLOSE,E01023531,Hertsmere 007C,Unable to prosecute suspect
cb212710e8e10b2328c0ceec799cb868c336edfeabc7fc349c19555b2173f70d,2018-08,Hertfordshire Constabulary,Hertfordshire Constabulary,-0.014152,51.946264,On or near SUNNY HILL,E01023464,East Hertfordshire 001B,Investigation complete; no suspect identified
13bfe3192b299771da201ea623473435565a315790f91cf3ec06c80faa6e6363,2018-08,Hertfordshire Constabulary,Hertfordshire Constabulary,-0.586544,51.767377,On or near STONEY CLOSE,E01023369,Dacorum 012A,Unable to prosecute suspect
3718104a446382e25fd2ee8698d298969541f3abac0f3b9679259c7195b11901,2018-08,Hertfordshire Constabulary,Hertfordshire Constabulary,-0.149976,51.937588,On or near DANE END LANE,E01023663,North Hertfordshire 005G,Investigation complete; no suspect identified
4b3fcccb619c9c3d3c714b0f4679a57807a5828eb8414191dc02ccbe4a40e03a,2018-08,Hertfordshire Constabulary,Hertfordshire Constabulary,-0.451727,51.755815,On or near THE QUEEN'S SQUARE,E01023348,Dacorum 013D,Investigation complete; no suspect identified
d0f581e97bdfc53e0363443ef48bef8b3a0ff1aac80bd499b5619e708db54cfe,2018-08,Hertfordshire Constabulary,Hertfordshire Constabulary,-0.426299,51.823311,On or near Petrol Station,E01023430,Dacorum 001A,Investigation complete; no suspect identified
08ac03863f191229dd1722ac88ef7bd8a477550acd20562d1fb274fef04ad19c,2018-08,Hertfordshire Constabulary,Hertfordshire Constabulary,-0.565200,51.760411,On or near Police Station,E01023365,Dacorum 014A,Investigation complete; no suspect identified
196263e36ebf450d687ca7031724b8e9362d27e65fb14ab1dced5ebf822a9edc,2018-08,Hertfordshire Constabulary,Hertfordshire Constabulary,-0.214864,51.823745,On or near Petrol Station,E01023970,Welwyn Hatfield 002D,Investigation complete; no suspect identified
60faa67d682d249b8b30987e16266a4be16505f7814537af1abfefc314b49a39,2018-08,Hertfordshire Constabulary,Hertfordshire Constabulary,-0.354193,51.714628,On or near HAZEL ROAD,E01023721,St Albans 019D,Investigation complete; no suspect identified
b9198517181782ccea007857c5b2023594ffedd4116bd46a32127cd7f2455dfa,2018-08,Hertfordshire Constabulary,Hertfordshire Constabulary,-0.278577,51.948206,On or near HIGH STREET,E01023616,North Hertfordshire 012F,Investigation complete; no suspect identified
0690557e82c83515bd062230408bad527a8b6350edea4d3158fdf5a888ad001b,2018-08,Hertfordshire Constabulary,Hertfordshire Constabulary,-0.390395,51.649821,On or near FARTHING CLOSE,E01023862,Watford 009D,Investigation complete; no suspect identified
95eb61d380730003d896679a969532c91a1e4a15935ac56fde32b4aa798ace9f,2018-08,Hertfordshire Constabulary,Hertfordshire Constabulary,-0.491871,51.755923,On or near Petrol Station,E01023429,Dacorum 011D,Investigation complete; no suspect identified
a58393fab0b53426bffd361d883d2635a1336237fa70de2ca843395e15faa29e,2018-08,Hertfordshire Constabulary,Hertfordshire Constabulary,-0.440606,51.750992,On or near RITCROFT DRIVE,E01023411,Dacorum 017C,Investigation complete; no suspect identified
d9fc84647702991102b5a102599f727d80a202cacdf5cde53fff91d44c406f08,2018-08,Hertfordshire Constabulary,Hertfordshire Constabulary,-0.146339,51.705337,On or near Sports/Recreation Area,E01023947,Welwyn Hatfield 016A,Investigation complete; no suspect identified
da04ec0910428cfc11b2db6924a6bc01e6652f920dd9bcc0e7945f825bc64f19,2018-08,Hertfordshire Constabulary,Hertfordshire Constabulary,-0.335673,51.820391,On or near MARQUIS LANE,E01023685,St Albans 002A,Investigation complete; no suspect identified
6bb92cdc83ecc766a7b4de559dc309775f1ffeda7c2e766676366e30657b7180,2018-08,Hertfordshire Constabulary,Hertfordshire Constabulary,-0.288220,51.960926,On or near MILESTONE ROAD,E01023611,North Hertfordshire 012A,Investigation complete; no suspect identified
5eb628ef7ff3116326ef23d4a1c8db28ae79ed0b95f127f3e1df60d6163dd8d2,2018-08,Hertfordshire Constabulary,Hertfordshire Constabulary,-0.309611,51.755304,On or near SALISBURY AVENUE,E01023673,St Albans 010A,Investigation complete; no suspect identified
d16014f79ea16740e1c45276cf47d49b10aaca85f5347c9d4cb986f939495ffa,2018-08,Hertfordshire Constabulary,Hertfordshire Constabulary,-0.664206,51.793408,On or near Parking Area,E01023420,Dacorum 003C,Investigation complete; no suspect identified
1cb6de6ad1bdb71bc5bf326607fabd500aed6a7a37736482afae462edb08eb12,2018-08,Hertfordshire Constabulary,Hertfordshire Constabulary,-0.304488,51.637057,On or near A41,E01023564,Hertsmere 010B,Investigation complete; no suspect identified
469249336d8a7116162381fb6ffce1f932452444a150c55d1b2c5469fbaa0151,2018-08,Hertfordshire Constabulary,Hertfordshire Constabulary,-0.541368,51.724753,On or near Prison,E01023373,Dacorum 021A,Investigation complete; no suspect identified
e1590a2c127c53db066468a693f51d08b2acdcf964fa17d7a32fa2147904c107,2018-08,Hertfordshire Constabulary,Hertfordshire Constabulary,-0.227360,51.978036,On or near Supermarket,E01023644,North Hertfordshire 008A,Investigation complete; no suspect identified
58eafe0e9fd0c079d8cd2b1210a606f47e4f34454ede651db6999d909f89b635,2018-08,Hertfordshire Constabulary,Hertfordshire Constabulary,-0.418287,51.618835,On or near SHELLEY CLOSE,E01023839,Three Rivers 011A,Investigation complete; no suspect identified
46a55a3872c2cab9803c5a964ff91c9c8e878aa63aec8bb7e1be1a5c65e5dd5b,2018-08,Hertfordshire Constabulary,Hertfordshire Constabulary,-0.584362,51.769491,On or near CANALSIDE,E01023363,Dacorum 009C,Unable to prosecute suspect
bfbc5e3f97bedaf9d92ef90861134c0646e2d588e7a372617f7cd71e11b58a64,2018-08,Hertfordshire Constabulary,Hertfordshire Constabulary,-0.405520,51.687560,On or near GORLE CLOSE,E01023892,Watford 002C,Unable to prosecute suspect
47a100018a7a188bdb5c5864a63b8e1bc6a1a1628aff47b385d9a284c065c3ac,2018-08,Hertfordshire Constabulary,Hertfordshire Constabulary,-0.335673,51.820391,On or near MARQUIS LANE,E01023685,St Albans 002A,Investigation complete; no suspect identified
ecb0ac23092786a98a6674b7fac9561ab6d315d2acf9d552ea6b81be4c7e6401,2018-08,Hertfordshire Constabulary,Hertfordshire Constabulary,-0.541368,51.724753,On or near Prison,E01023373,Dacorum 021A,Investigation complete; no suspect identified
c1826fe89f24eff5b6c51e57119ad1a2fa5a18bff4563089bebdec296971a075,2018-08,Hertfordshire Constabulary,Hertfordshire Constabulary,-0.058662,51.799563,On or near MOUNTSORREL,E01023483,East Hertfordshire 016B,Unable to prosecute suspect
b5598a9c6b51a79715586674d07715a122f02b97aca9604918156451861bde43,2018-08,Hertfordshire Constabulary,Hertfordshire Constabulary,-0.394437,51.656108,On or near Parking Area,E01023860,Watford 009B,Investigation complete; no suspect identified
bcad81632690753312d1e12d8a570c51ee6ade087e17e0592854cb565f1a9b3a,2018-08,Hertfordshire Constabulary,Hertfordshire Constabulary,-0.503646,51.735878,On or near Park/Open Space,E01023378,Dacorum 021F,Investigation complete; no suspect identified
ff102ed49a6fb768d119e9b9b961c6e0c7317de891c2a1aa6e8b05117c092e7f,2018-08,Hertfordshire Constabulary,Hertfordshire Constabulary,-0.310570,51.751344,On or near SUTTON ROAD,E01023674,St Albans 011B,Investigation complete; no suspect identified
6395a49cc9e4558894efe5315df78e5e0b60d46346f5cab586379efe85318e61,2018-08,Hertfordshire Constabulary,Hertfordshire Constabulary,-0.109297,51.801898,On or near LAWRENCE CLOSE,E01023488,East Hertfordshire 015B,Investigation complete; no suspect identified
0d737e2103915429e626ab0ef4209a5e615c3302c2a255ea1b5cf39901222eda,2018-08,Hertfordshire Constabulary,Hertfordshire Constabulary,-0.474432,51.748019,On or near MOOR END ROAD,E01023398,Dacorum 015D,Investigation complete; no suspect identified
38a51bfb234d49bab84548a227f05e23a96098d4803f26fe752566e01ae6b0b2,2018-08,Hertfordshire Constabulary,Hertfordshire Constabulary,-0.027380,51.687123,On or near FOUNDARY GATE,E01023336,Broxbourne 013A,Unable to prosecute suspect
e585711b7d0f1a7e77c116ad1b2cedbd3c8b3dd174672e1c4ffd3921267dbc14,2018-08,Hertfordshire Constabulary,Hertfordshire Constabulary,0.164738,51.860713,On or near Petrol Station,E01023444,East Hertfordshire 007B,Investigation complete; no suspect identified
19854f55bea64ef77389273fb72c5687e1130a6461b1fd4bb8e1d0965fb28cf1,2018-08,Hertfordshire Constabulary,Hertfordshire Constabulary,-0.175423,51.923148,On or near SOUTHWARK CLOSE,E01023789,Stevenage 001C,Investigation complete; no suspect identified
e43c66ca1ce126871aa9e8651205b52d3a16e616a7c241a2dc3939fe8bec7353,2018-08,Hertfordshire Constabulary,Hertfordshire Constabulary,-0.196920,51.905298,On or near Pedestrian Subway,E01023758,Stevenage 008D,Investigation complete; no suspect identified
e69b731a142fa8b00cbf74304809388a82c92221dd76b7511a00811284068171,2018-08,Hertfordshire Constabulary,Hertfordshire Constabulary,-0.341901,51.817125,On or near GRASMERE AVENUE,E01023686,St Albans 002B,Investigation complete; no suspect identified
d6a5aa3285f1a2afdd8ea205a659d616c04d225d51ad21a7a7c3b2d7b852337e,2018-08,Hertfordshire Constabulary,Hertfordshire Constabulary,-0.394437,51.656108,On or near Parking Area,E01023860,Watford 009B,Investigation complete; no suspect identified
ca72feecd0b0fb725c9738be6126b566f851ad83cb5422bf06d8bebc9d319c66,2018-08,Hertfordshire Constabulary,Hertfordshire Constabulary,-0.027714,51.805171,On or near GRANGE GARDENS,E01023511,East Hertfordshire 013B,Offender given a drugs possession warning
41e657f360a76240b6e900b26769b68c81bd6873ea38334fef823b96fc604f54,2018-08,Hertfordshire Constabulary,Hertfordshire Constabulary,-0.453726,51.765139,On or near Supermarket,E01023403,Dacorum 008C,Investigation complete; no suspect identified
ea0b1497d7c601c496ee1c1e030f893eda75027e53880bf2ccb753954d2b1f6d,2018-08,Hertfordshire Constabulary,Hertfordshire Constabulary,-0.408096,51.697018,On or near HURRICANE WAY,E01023833,Three Rivers 002D,Unable to prosecute suspect
2e82edc0f5166692fe6c2f9520034cfd087bca6576463bf5fe02af1cad16267f,2018-08,Hertfordshire Constabulary,Hertfordshire Constabulary,-0.430002,51.755985,On or near BREAKSPEAR WAY,E01023345,Dacorum 013A,Unable to prosecute suspect
d794c16a1132b7aa358c04c575815adc9fe32fec140b161ecc6d1af20a798ce5,2018-08,Hertfordshire Constabulary,Hertfordshire Constabulary,-0.175780,51.899631,On or near BRITTAIN WAY,E01023761,Stevenage 007C,Investigation complete; no suspect identified
c2b1912398f820d5ccf287d877999e21d5b66bf2d45ce4628bf5fd3c0dd494f4,2018-08,Hertfordshire Constabulary,Hertfordshire Constabulary,-0.473940,51.730820,On or near Sports/Recreation Area,E01023407,Dacorum 022B,Investigation complete; no suspect identified
f7bf86e88eed7ffb9b290ee8d883e359019268852b81fc7a42abfae8d8bc0e44,2018-08,Hertfordshire Constabulary,Hertfordshire Constabulary,-0.391190,51.643699,On or near OAKVIEW CLOSE,E01023885,Watford 012D,Investigation complete; no suspect identified
98ed2b90d5e931ab3783ecb9f38a65bb3398ce3be92202bc82a011a4d5e86fc4,2018-08,Hertfordshire Constabulary,Hertfordshire Constabulary,-0.178584,51.925895,On or near Pedestrian Subway,E01023790,Stevenage 001D,Investigation complete; no suspect identified
1cd31e0fd03ff61b60557206db649b22c1524ce4fbb8c6d3c7829c8dacd100f1,2018-08,Hertfordshire Constabulary,Hertfordshire Constabulary,0.152594,51.867977,On or near WINDHILL GARDENS,E01023455,East Hertfordshire 003D,Investigation complete; no suspect identified
26f893dec26913a34010c3d49322a80149d8d4775eab0ca37d4abb44360e85e9,2018-08,Hertfordshire Constabulary,Hertfordshire Constabulary,-0.472781,51.619044,On or near HAREFIELD ROAD,E01002438,Hillingdon 003A,Investigation complete; no suspect identified
f09781848d045c7b422b05aa4187f13e268e797a026d509522112b8c89620b51,2018-08,Hertfordshire Constabulary,Hertfordshire Constabulary,-0.331915,51.748061,On or near Petrol Station,E01023726,St Albans 012A,Investigation complete; no suspect identified
6d710137cdacb7b65f34bc47846b204bf2256611b048e5699705efc7a63147e9,2018-08,Hertfordshire Constabulary,Hertfordshire Constabulary,-0.397609,51.668245,On or near Supermarket,E01023855,Watford 006A,Unable to prosecute suspect
0f6eca20590594a5cccf06a750d4fbc1cb60a0ca3872c91d523cf55346d2f117,2018-08,Hertfordshire Constabulary,Hertfordshire Constabulary,-0.189301,51.902456,On or near BEDWELL PARK,E01023757,Stevenage 008C,Unable to prosecute suspect
31ca9adb943ae92e01bc333bf6a1eaa515abe146c733d36107b788f6420123c0,2018-08,Hertfordshire Constabulary,Hertfordshire Constabulary,-0.228751,51.753412,On or near KESTREL GREEN,E01023936,Welwyn Hatfield 013D,Unable to prosecute suspect
a37e7eac21b69190e090f35a12cacdeade3b7cd900430f9f1613c69ca2ce3de2,2018-08,Hertfordshire Constabulary,Hertfordshire Constabulary,-0.218871,51.976937,On or near BENNETT COURT,E01023631,North Hertfordshire 006B,Unable to prosecute suspect
824f4ba531144bc4f95cf68330c6c1afa836ec8b799ddb17cd19d670173bae70,2018-08,Hertfordshire Constabulary,Hertfordshire Constabulary,-0.210672,51.793297,On or near Petrol Station,E01023917,Welwyn Hatfield 006B,Investigation complete; no suspect identified
f6385c7e3d22ac17f0e663d47fde36a5cb64c4210476235139f170a214095f53,2018-08,Hertfordshire Constabulary,Hertfordshire Constabulary,-0.184269,51.901435,On or near COLESTRETE CLOSE,E01023756,Stevenage 008B,Unable to prosecute suspect
b50104187957852fdbf82608e26ff721d8c4cf7a89dc8c693a997791ec0c58a8,2018-08,Hertfordshire Constabulary,Hertfordshire Constabulary,-0.661996,51.794102,On or near Shopping Area,E01023420,Dacorum 003C,Investigation complete; no suspect identified
95b1eeae469d87da0535d8618c240f78700d8f50c6ef7e374ec61ccc15d02d5b,2018-08,Hertfordshire Constabulary,Hertfordshire Constabulary,-0.175262,51.796844,On or near WARESIDE CLOSE,E01023952,Welwyn Hatfield 005C,Investigation complete; no suspect identified
897e3002eae600bab1a736b46b906f1318c3da38c2a6e74886f42d8950482183,2018-08,Hertfordshire Constabulary,Hertfordshire Constabulary,-0.228835,51.763107,On or near Supermarket,E01023920,Welwyn Hatfield 012A,Investigation complete; no suspect identified
78ab8a862aefe8915e77641629ecfc292b5b91bb77cd8fb2e912430b8e5d948a,2018-08,Hertfordshire Constabulary,Hertfordshire Constabulary,-0.218871,51.976937,On or near BENNETT COURT,E01023631,North Hertfordshire 006B,Unable to prosecute suspect
c5eaf9eff1d9742256e132027f192bb2bf4b386af0988d78050d730e1c2285e0,2018-08,Hertfordshire Constabulary,Hertfordshire Constabulary,-0.473578,51.751029,On or near BRIDGE STREET,E01023398,Dacorum 015D,Investigation complete; no suspect identified
18f2cf0749b2a97a19892934fe979f4ab4ab7ee0621692cffa735a3b4f6675e9,2018-08,Hertfordshire Constabulary,Hertfordshire Constabulary,-0.228751,51.753412,On or near KESTREL GREEN,E01023936,Welwyn Hatfield 013D,Unable to prosecute suspect
fb92afd88afb1a43fc91942cb135f45fd32e06c3eae70a5663ff4f4295195bf8,2018-08,Hertfordshire Constabulary,Hertfordshire Constabulary,-0.202881,51.796316,On or near EDGARS COURT,E01023954,Welwyn Hatfield 007A,Unable to prosecute suspect
679d706fcfa12034bd1a5d9c358374906cd0a49a38d2f84c5361ddc620528217,2018-08,Hertfordshire Constabulary,Hertfordshire Constabulary,-0.277854,51.653485,On or near WHITEHALL CLOSE,E01023539,Hertsmere 011A,Suspect charged
b0fe84f7b33ce7577c63120064f9da7f4201c27cafc50d3094db3098db85ce95,2018-08,Hertfordshire Constabulary,Hertfordshire Constabulary,-0.338330,51.750912,On or near WESTBOURNE MEWS,E01023727,St Albans 012B,Unable to prosecute suspect
b1eb2a57306f836ef890db6409abbec88e8dace7f2cf8a04f3bc42078ca98246,2018-08,Hertfordshire Constabulary,Hertfordshire Constabulary,-0.209431,51.907647,On or near Petrol Station,E01023776,Stevenage 002A,Unable to prosecute suspect
37f71d5c1d97711ecaf5db02f5ea51498a8f79d4374cf1162ad5e034a57c5899,2018-08,Hertfordshire Constabulary,Hertfordshire Constabulary,-0.279664,51.656829,On or near Shopping Area,E01023532,Hertsmere 007D,Offender given a caution
2eb99269052c3b465c15a9aa021a9bec9041f75823e5e48e380ba7c71d146c35,2018-08,Hertfordshire Constabulary,Hertfordshire Constabulary,-0.274102,51.651038,On or near KEATS CLOSE,E01023539,Hertsmere 011A,Unable to prosecute suspect
cba7bdcee39a3be21f64a93dd9562dcda7413fa179d3effff2bdc492cd744fa4,2018-08,Hertfordshire Constabulary,Hertfordshire Constabulary,-0.101964,51.801762,On or near WINDSOR DRIVE,E01023487,East Hertfordshire 015A,Investigation complete; no suspect identified
e5d4b0de72dc4e7139de913473a867aa7983efdf776d467b1fbf75d3b1523b42,2018-08,Hertfordshire Constabulary,Hertfordshire Constabulary,-0.202301,51.969663,On or near SWANSTAND,E01023641,North Hertfordshire 009C,Unable to prosecute suspect
24223f386c6e8eb5fb095c3648c15dfb34e56bcfee79a66734021be3d317df53,2018-08,Hertfordshire Constabulary,Hertfordshire Constabulary,-0.181851,51.695344,On or near THE BRIERS,E01023577,Hertsmere 001B,Unable to prosecute suspect
ec3734bf3d79cb526d51a9f6b6953612493e78b062fcb074cbfcd2b8f9880faf,2018-08,Hertfordshire Constabulary,Hertfordshire Constabulary,-0.202301,51.969663,On or near SWANSTAND,E01023641,North Hertfordshire 009C,Unable to prosecute suspect
8e7ea18b202c34b27c6e34acd14633c21e172690c3d4d004d8660f8efaea2600,2018-08,Hertfordshire Constabulary,Hertfordshire Constabulary,-0.430208,51.758416,On or near Sports/Recreation Area,E01023345,Dacorum 013A,Investigation complete; no suspect identified
29dffd713fe19fbfcda07d5b5f26c57b825e9fb9eea19264e7fdc596c445998e,2018-08,Hertfordshire Constabulary,Hertfordshire Constabulary,-0.476745,51.744713,On or near ST JOHN'S ROAD,E01023398,Dacorum 015D,Unable to prosecute suspect
2e8bbc7b0e4e8d22710565b551abbc0cf0aa33610c932ac80d1b5bfdb1942c82,2018-08,Hertfordshire Constabulary,Hertfordshire Constabulary,-0.013835,51.940279,On or near Parking Area,E01023464,East Hertfordshire 001B,Investigation complete; no suspect identified
a14978a9df2b5668bc806741aeec1644cea29f22ec7a6a547f48a0f7482dcba1,2018-08,Hertfordshire Constabulary,Hertfordshire Constabulary,-0.194696,51.914372,On or near LEGGETT GROVE,E01023778,Stevenage 002C,Investigation complete; no suspect identified
762c57f432966837a9d415f19cfc8e33d867268d15dbf89d0d3c97655120cd6b,2018-08,Hertfordshire Constabulary,Hertfordshire Constabulary,-0.364564,51.664669,On or near HARTSWOOD CLOSE,E01023555,Hertsmere 008D,Unable to prosecute suspect
6fe8371dc7914a5cce45614e5314ec813f8bbe069b40902b097af470fecbe369,2018-08,Hertfordshire Constabulary,Hertfordshire Constabulary,-0.364564,51.664669,On or near HARTSWOOD CLOSE,E01023555,Hertsmere 008D,Unable to prosecute suspect
3ca20622e3c2e684df70b3a96e927943083b67c860312b9b06329ab91acdf933,2018-08,Hertfordshire Constabulary,Hertfordshire Constabulary,-0.411563,51.721568,On or near WOODLAND WAY,E01023807,Three Rivers 001D,Investigation complete; no suspect identified
3729b5b3c0026356c60460af5b9cf91e016d665a2f25c06c57a1f3b95873f1a2,2018-08,Hertfordshire Constabulary,Hertfordshire Constabulary,-0.186334,51.925232,On or near Pedestrian Subway,E01023788,Stevenage 001B,Unable to prosecute suspect
31e53bda806205a60b016280848d3c6f69b977306ddb3af330d6b21be2885bb9,2018-08,Hertfordshire Constabulary,Hertfordshire Constabulary,-0.182811,51.982537,On or near TURPIN'S WAY,E01023591,North Hertfordshire 004E,Unable to prosecute suspect
ef8a4c2059ce844de708b93762ea3c3a52317d33c0a3b29bf2be702597020f14,2018-08,Hertfordshire Constabulary,Hertfordshire Constabulary,-0.340570,51.927921,On or near LAWNS CLOSE,E01023653,North Hertfordshire 014F,Unable to prosecute suspect
5ae4cb145879c7fe227b9f1fc1a98f134b1aab9636d97fccfccfe89c66ae277b,2018-08,Hertfordshire Constabulary,Hertfordshire Constabulary,-0.172916,51.799281,On or near WATCHLYTES,E01023952,Welwyn Hatfield 005C,Unable to prosecute suspect
6a0028ec3ae710e7adc64997420db097a12d0dda37f5fb0efa98f7c380170881,2018-08,Hertfordshire Constabulary,Hertfordshire Constabulary,-0.016567,51.750769,On or near WESTCROFT COURT,E01023291,Broxbourne 004C,Investigation complete; no suspect identified
9774c0a1dd4e368c3d91f53c2e81524fa38bb97f497f9be45940c6fabfa38b4b,2018-08,Hertfordshire Constabulary,Hertfordshire Constabulary,-0.445835,51.707963,On or near JUBILEE WALK,E01023406,Dacorum 022A,Investigation complete; no suspect identified
944c37ecfa1ff5aa83e297da5db7ee46b14026a7af37d962a1fc94e765615f49,2018-08,Hertfordshire Constabulary,Hertfordshire Constabulary,-0.257370,51.734085,On or near Sports/Recreation Area,E01023679,St Albans 015C,Investigation complete; no suspect identified
afb5f5ac157dac5c4aa3dce02f8705a0fff67a3aa7ba69c0884ce2d1233ae49f,2018-08,Hertfordshire Constabulary,Hertfordshire Constabulary,-0.210672,51.793297,On or near Petrol Station,E01023917,Welwyn Hatfield 006B,Investigation complete; no suspect identified
bb4d42d985547cf84bb0e9980703ac19dcafbd847e6118480e3d0902f6f4dfff,2018-08,Hertfordshire Constabulary,Hertfordshire Constabulary,-0.541368,51.724753,On or near Prison,E01023373,Dacorum 021A,Investigation complete; no suspect identified
39ae657b43c58bf606a75ea035d98673fca8f7328f84dc9df64b8d8cb4cf9a0e,2018-08,Hertfordshire Constabulary,Hertfordshire Constabulary,-0.030056,52.048473,On or near COPPERFIELDS,E01023655,North Hertfordshire 002B,Investigation complete; no suspect identified
b70836113c73190d85cf7a42bb6a22dfd5dd71fc3515900d9483b30defd0dcef,2018-08,Hertfordshire Constabulary,Hertfordshire Constabulary,-0.212956,51.916270,On or near ESSEX ROAD,E01023776,Stevenage 002A,Investigation complete; no suspect identified
88b69a5ff5f81a09bf60c23afcd7807deece6112d0b4bd6963e3927131e9d60d,2018-08,Hertfordshire Constabulary,Hertfordshire Constabulary,-0.013987,51.813537,On or near THE VINEYARD,E01023513,East Hertfordshire 012B,Investigation complete; no suspect identified
684920318adb551221a489fba25f63df60399b9a02729f214736b6b300a3dd0e,2018-08,Hertfordshire Constabulary,Hertfordshire Constabulary,-0.541368,51.724753,On or near Prison,E01023373,Dacorum 021A,Investigation complete; no suspect identified
04a0cebbd7ec98050e44cadfa513d962c469e69879d2bd1d34e2c57fc8f2bb39,2018-08,Hertfordshire Constabulary,Hertfordshire Constabulary,-0.376548,51.724219,On or near NOKE LANE,E01023732,St Albans 020D,Investigation complete; no suspect identified
fe2e817b545497567db4c6f55e6b9304110177dc37068b69068819f8062a3ba9,2018-08,Hertfordshire Constabulary,Hertfordshire Constabulary,0.155776,51.866470,On or near APTON FIELDS,E01023446,East Hertfordshire 007D,Investigation complete; no suspect identified
d574582661d9d0e780d9be3b5e438f597aba0630b040b76a39e3eb5c05c7a100,2018-08,Hertfordshire Constabulary,Hertfordshire Constabulary,-0.034567,51.705229,On or near CLARENDON PARADE,E01023301,Broxbourne 010E,Unable to prosecute suspect
1e96588d1c114cccdb63260235f1527cf8d7bd2956182592d58c68d1ce0533a4,2018-08,Hertfordshire Constabulary,Hertfordshire Constabulary,-0.541368,51.724753,On or near Prison,E01023373,Dacorum 021A,Investigation complete; no suspect identified
b168ac36989aa727685539eb1336d563fd622e62de36bbaa0411d6dadd0f5eab,2018-08,Hertfordshire Constabulary,Hertfordshire Constabulary,-0.376548,51.724219,On or near NOKE LANE,E01023732,St Albans 020D,Investigation complete; no suspect identified
f437b54457abd3a9a478eddd0141f65061ce1c4235537aed493d85758ebebd54,2018-08,Hertfordshire Constabulary,Hertfordshire Constabulary,-0.415294,51.681514,On or near COMYNE ROAD,E01023868,Watford 004A,Offender given a caution
ec5045fe9026bcf53ab2c8f6c5bbfbacdbc57369f9fcd85c5edbe3b9a7303685,2018-08,Hertfordshire Constabulary,Hertfordshire Constabulary,-0.541368,51.724753,On or near Prison,E01023373,Dacorum 021A,Investigation complete; no suspect identified
f9fa7f1c6fba286860cdfc3773b68974b0f7669d6c603ddc4084677451df643e,2018-08,Hertfordshire Constabulary,Hertfordshire Constabulary,-0.211516,51.803840,On or near THE QUADRANGLE,E01023918,Welwyn Hatfield 006C,Investigation complete; no suspect identified
a149ef5ff7e378bab2dbabf673a6d9b2f8838c5bb513d9588db7fb9da7e06d30,2018-08,Hertfordshire Constabulary,Hertfordshire Constabulary,-0.030745,51.697269,On or near RUSSELL'S RIDE,E01023333,Broxbourne 012B,Local resolution
117b446f1e37a967ad320c89675b20644df8ed8691150294104523e44e8510e9,2018-08,Hertfordshire Constabulary,Hertfordshire Constabulary,-0.414656,51.616898,On or near EASTBURY AVENUE,E01023840,Three Rivers 011B,Investigation complete; no suspect identified
7b88b8c1291a21cf73240763858dd32c8a76f3d01b139ab5a1add6ced5a0e40d,2018-08,Hertfordshire Constabulary,Hertfordshire Constabulary,-0.541368,51.724753,On or near Prison,E01023373,Dacorum 021A,Investigation complete; no suspect identified
0ca61fe06c4fcbc8ed97ab01ace3a90f711c4105fed2676f4fbc104c74bafb75,2018-08,Hertfordshire Constabulary,Hertfordshire Constabulary,-0.355405,51.642880,On or near GREENSWARD,E01023557,Hertsmere 013F,Investigation complete; no suspect identified
d1595fb8a340f49f0d73d4237661c6784e226750b3d85182ad589ea66708de31,2018-08,Hertfordshire Constabulary,Hertfordshire Constabulary,-0.194182,51.815120,On or near NORTHWAY,E01023915,Welwyn Hatfield 004D,Investigation complete; no suspect identified
9a106ab213919f8d0614a47b268d36277e48282e48b6bce1fc9c00212bdc0641,2018-08,Hertfordshire Constabulary,Hertfordshire Constabulary,-0.224955,51.914329,On or near Pedestrian Subway,E01023797,Stevenage 005C,Investigation complete; no suspect identified
0c213e28b20aab713e0a1a359867aa69d1908779c63fa34cac82ec3616e5b675,2018-08,Hertfordshire Constabulary,Hertfordshire Constabulary,-0.208896,51.815426,On or near TILECROFT,E01023962,Welwyn Hatfield 003D,Unable to prosecute suspect
3f5ad56ee45b6f5cc9bb947312e7da01295ef9066fd76e0b893f50f9e10ea362,2018-08,Hertfordshire Constabulary,Hertfordshire Constabulary,-0.470828,51.753952,On or near Supermarket,E01023398,Dacorum 015D,Suspect charged
d7538cc3db954c4e72dcd99f5df32c0ad1c77df80190eb1c53779487ca242aba,2018-08,Hertfordshire Constabulary,Hertfordshire Constabulary,-0.221601,51.794515,On or near MELBOURNE COURT,E01023916,Welwyn Hatfield 006A,Unable to prosecute suspect
244210ff52e1de1895e3e370fe1c6702ec7bbec15c9c1997ae52527b7c38a28b,2018-08,Hertfordshire Constabulary,Hertfordshire Constabulary,-0.221601,51.794515,On or near MELBOURNE COURT,E01023916,Welwyn Hatfield 006A,Unable to prosecute suspect
79ad940313f64d4b8a6522a4520bbd57d0943f7fb2a9f043b9bd89832fe7fdb1,2018-08,Hertfordshire Constabulary,Hertfordshire Constabulary,-0.377522,51.828376,On or near MOLESCROFT,E01023691,St Albans 001B,Investigation complete; no suspect identified
c5fc1255bb0758b070526c7406e83d2bde489613ec1eaa2c17ac321e30aba101,2018-08,Hertfordshire Constabulary,Hertfordshire Constabulary,-0.455623,51.762223,On or near ACHILLES CLOSE,E01023403,Dacorum 008C,Unable to prosecute suspect
42ac15e03cb67556229292ada6cbc0da43ad46e187b12fa8b5f49b4806f6100d,2018-08,Hertfordshire Constabulary,Hertfordshire Constabulary,-0.018798,51.767011,On or near WOOLLENS GROVE,E01023322,Broxbourne 003C,Suspect charged
e4ffbd5aeb38356476b7f8f23eb5ba6bac7023bb363a45e3e4741cfdf2aee948,2018-08,Hertfordshire Constabulary,Hertfordshire Constabulary,-0.464350,51.638573,On or near SALTERS CLOSE,E01023851,Three Rivers 004D,Suspect charged
b7f0cf8df5bd8088b69bae29063da8ea8488b34e94cca1e14e2e066eb770b262,2018-08,Hertfordshire Constabulary,Hertfordshire Constabulary,0.161263,51.867916,On or near STATION ROAD,E01023450,East Hertfordshire 004B,Unable to prosecute suspect
d80579a12feb17b55a39bc79cdc53e1ad7b25f1803b6cb3785bb9523be8651a6,2018-08,Hertfordshire Constabulary,Hertfordshire Constabulary,-0.023850,51.810592,On or near CROSS STREET,E01023512,East Hertfordshire 012A,Investigation complete; no suspect identified
6849492c4e9c0122f20612718eaaefaf316844c4fe85da8430e21a1822cbbbc5,2018-08,Hertfordshire Constabulary,Hertfordshire Constabulary,-0.220578,51.687062,On or near WASH LANE,E01023567,Hertsmere 002A,Offender given a caution
6849492c4e9c0122f20612718eaaefaf316844c4fe85da8430e21a1822cbbbc5,2018-08,Hertfordshire Constabulary,Hertfordshire Constabulary,-0.220578,51.687062,On or near WASH LANE,E01023567,Hertsmere 002A,Offender given a caution
6849492c4e9c0122f20612718eaaefaf316844c4fe85da8430e21a1822cbbbc5,2018-08,Hertfordshire Constabulary,Hertfordshire Constabulary,-0.220578,51.687062,On or near WASH LANE,E01023567,Hertsmere 002A,Offender given a caution
6849492c4e9c0122f20612718eaaefaf316844c4fe85da8430e21a1822cbbbc5,2018-08,Hertfordshire Constabulary,Hertfordshire Constabulary,-0.220578,51.687062,On or near WASH LANE,E01023567,Hertsmere 002A,Offender given a caution
dcf3102ea4f1aae7d1ae70d7f4645e85e5101195a5c9ec0cb78c0d0a39415131,2018-08,Hertfordshire Constabulary,Hertfordshire Constabulary,-0.464350,51.638573,On or near SALTERS CLOSE,E01023851,Three Rivers 004D,Suspect charged
e39743bf6d0e3ed5983aef376c1a055d7ea424bd6a83411214c536bf696439a3,2018-08,Hertfordshire Constabulary,Hertfordshire Constabulary,-0.210089,51.986839,On or near Sports/Recreation Area,E01023632,North Hertfordshire 006C,Investigation complete; no suspect identified
5ff210a47d9de3d24e717d91ffc1441554755b2c87e4395c712a37d502215fe0,2018-08,Hertfordshire Constabulary,Hertfordshire Constabulary,-0.453778,51.747075,On or near ST ALBANS HILL,E01023357,Dacorum 020A,Investigation complete; no suspect identified
384ac58e32b631bb41d0f351360e958298fb5a5701cdc40e7625423186434135,2018-08,Hertfordshire Constabulary,Hertfordshire Constabulary,-0.417865,51.680794,On or near GAMMONS LANE,E01023878,Watford 007A,Unable to prosecute suspect
618d01bed4602d28af989740e8644d87e4bc7bf553b4e73e421de594a43c36aa,2018-08,Hertfordshire Constabulary,Hertfordshire Constabulary,-0.286110,51.671077,On or near BERWICK ROAD,E01023535,Hertsmere 006B,Investigation complete; no suspect identified
0634759ec1dc6418f1304cecaca24c2e4171d3afedb767533e1df854227943af,2018-08,Hertfordshire Constabulary,Hertfordshire Constabulary,-0.336498,51.738055,On or near ABBOTS AVENUE WEST,E01023738,St Albans 017B,Investigation complete; no suspect identified
d75861aa62ab30f9971d4e0647a768955e19bbda6bedbd75b052a588565a1ccb,2018-08,Hertfordshire Constabulary,Hertfordshire Constabulary,-0.032236,51.686234,On or near Parking Area,E01023337,Broxbourne 013B,Investigation complete; no suspect identified
1d5781c700e2528f0dbb3117b5534e24b4a574efb96e55761ec382a74b5894be,2018-08,Hertfordshire Constabulary,Hertfordshire Constabulary,0.063587,51.865570,On or near BROMLEY LANE,E01023497,East Hertfordshire 009D,Investigation complete; no suspect identified
aa9f3209ed1d7a16f7eff7dd5d0630b0c23f7212d7104945ff14a42e360e79de,2018-08,Hertfordshire Constabulary,Hertfordshire Constabulary,-0.034356,51.688068,On or near STURLAS WAY,E01023336,Broxbourne 013A,Suspect charged
aa9f3209ed1d7a16f7eff7dd5d0630b0c23f7212d7104945ff14a42e360e79de,2018-08,Hertfordshire Constabulary,Hertfordshire Constabulary,-0.034356,51.688068,On or near STURLAS WAY,E01023336,Broxbourne 013A,Suspect charged
1c32de0bc5b30800a77b084091b844cb9966eae28e137d33629aaa23b99bd5b2,2018-08,Hertfordshire Constabulary,Hertfordshire Constabulary,-0.206640,51.803549,On or near Shopping Area,E01023918,Welwyn Hatfield 006C,Investigation complete; no suspect identified
0633fcd2cca798aa5069760f3d44d4df387efde44b6a8b4d775360a79605fc8d,2018-08,Hertfordshire Constabulary,Hertfordshire Constabulary,-0.177282,51.796030,On or near BEAUCHAMPS,E01023944,Welwyn Hatfield 008B,Investigation complete; no suspect identified
1bd2e6cf79c8ab15b588f2dbb3f7f1a58a1362930000a2885e64012e7996d9f0,2018-08,Hertfordshire Constabulary,Hertfordshire Constabulary,-0.239476,51.985052,On or near FULLERS COURT,E01023652,North Hertfordshire 007D,Unable to prosecute suspect
95e8540735b0d44f1eae3a5eebdd12252e7581d400c9a311db6de83dd2d8f69e,2018-08,Hertfordshire Constabulary,Hertfordshire Constabulary,-0.394437,51.656108,On or near Parking Area,E01023860,Watford 009B,Investigation complete; no suspect identified
42dcd28c85c93e8972b99fdf7ee1d3d4044804b8a25cfeb8a0ab1d22e2702c14,2018-08,Hertfordshire Constabulary,Hertfordshire Constabulary,-0.208263,51.801029,On or near Supermarket,E01023918,Welwyn Hatfield 006C,Investigation complete; no suspect identified
cf331a25a15656bbc424f45106bfe65534174a74ad3040baa902aa9fc894e896,2018-08,Hertfordshire Constabulary,Hertfordshire Constabulary,-0.318795,51.762378,On or near CHARMOUTH ROAD,E01023714,St Albans 010B,Investigation complete; no suspect identified
e0a49e813482e082a8e37263683f5d44acdff146cc19c0d4f51be3baa4047a87,2018-08,Hertfordshire Constabulary,Hertfordshire Constabulary,-0.405868,51.648000,On or near WILLOW LANE,E01023865,Watford 011C,Investigation complete; no suspect identified
2c521d6653761e45f84f179ae532f6fb3e56bd973f315d46e4713de12463b788,2018-08,Hertfordshire Constabulary,Hertfordshire Constabulary,-0.399735,51.659201,On or near Parking Area,E01023861,Watford 009C,Investigation complete; no suspect identified
b77d544da83022e925421d003cb1377d009489ce2f091d994ed978df6408faf3,2018-08,Hertfordshire Constabulary,Hertfordshire Constabulary,-0.437658,51.744065,On or near STORNOWAY,E01023413,Dacorum 017E,Investigation complete; no suspect identified
3dadbfb7b134f3711af608b3109c6f2c8c7428a7ba8b5c53034b93a0f4533ffc,2018-08,Hertfordshire Constabulary,Hertfordshire Constabulary,-0.188420,51.784063,On or near MOUNT WAY,E01023946,Welwyn Hatfield 008D,Investigation complete; no suspect identified
f7d059889acd41de333601054bbfffc2e75260f271ebab9d14e74e6309fa20c2,2018-08,Hertfordshire Constabulary,Hertfordshire Constabulary,-0.002518,51.773336,On or near ESTFELD CLOSE,E01023328,Broxbourne 002B,Investigation complete; no suspect identified
f94e56f37ed399654a9ba53a6d42722c81af57e0c1cecdb0d3341a1ae3f86e90,2018-08,Hertfordshire Constabulary,Hertfordshire Constabulary,-0.380390,51.654737,On or near BUSHEY HALL ROAD,E01023553,Hertsmere 008B,Investigation complete; no suspect identified
f91b71cf8b0017807a81a5e79b70a7f0819d346788981919ef844e8dfad0c53b,2018-08,Hertfordshire Constabulary,Hertfordshire Constabulary,-0.210644,51.973288,On or near CHATTERTON,E01023643,North Hertfordshire 009E,Investigation complete; no suspect identified
4b9800d4a05a9cb0405023e08ee7b25fe84f0b05f97c5407e36b2044a7e4c8ca,2018-08,Hertfordshire Constabulary,Hertfordshire Constabulary,-0.210672,51.793297,On or near Petrol Station,E01023917,Welwyn Hatfield 006B,Investigation complete; no suspect identified
b1dbb79c08d07b7f32d8e5b8df0a9d42aaa55aea477ed42dab3e4d7624c1b4c2,2018-08,Hertfordshire Constabulary,Hertfordshire Constabulary,-0.478969,51.750101,On or near HEATH CLOSE,E01023382,Dacorum 018F,Unable to prosecute suspect
1ab08b31773de1b52486095a2665f39b2932c39edd6335733dd4fda4e4a33961,2018-08,Hertfordshire Constabulary,Hertfordshire Constabulary,-0.209976,51.904895,On or near Sports/Recreation Area,E01023776,Stevenage 002A,Unable to prosecute suspect
8d6210b0035693224878f73791959c3da4c0cced217037275b40747fefd23e80,2018-08,Hertfordshire Constabulary,Hertfordshire Constabulary,-0.202790,51.901746,On or near Bus/Coach Station,E01023758,Stevenage 008D,Investigation complete; no suspect identified
117c1cf0333d0a9cd80cb40c3389fe961d00e615d36c09c34fb7e0f3c6618d9f,2018-08,Hertfordshire Constabulary,Hertfordshire Constabulary,-0.320073,51.758799,On or near CHARMOUTH ROAD,E01023675,St Albans 011C,Unable to prosecute suspect
245471580f51b558a1eecad36b9143025bfba636135efdf54679ca8f265e2a94,2018-08,Hertfordshire Constabulary,Hertfordshire Constabulary,-0.029315,51.819325,On or near HORROCKS CLOSE,E01023520,East Hertfordshire 012F,Unable to prosecute suspect
4a6c965ae36d5f9e79bcee90c1a895bcfd20d8559ecfdb4dc7f10c988f5aed31,2018-08,Hertfordshire Constabulary,Hertfordshire Constabulary,-0.034356,51.688068,On or near STURLAS WAY,E01023336,Broxbourne 013A,Investigation complete; no suspect identified
c825ca8fa63cc89abf42e9afb688c84975cd2b0423295ede0b1fb314b313044f,2018-08,Hertfordshire Constabulary,Hertfordshire Constabulary,-0.389951,51.679470,On or near Supermarket,E01023896,Watford 005B,Investigation complete; no suspect identified
f479dc9c58b44fd4200386b550c3b8f437dabdf20f972cbbbdd9923893970960,2018-08,Hertfordshire Constabulary,Hertfordshire Constabulary,-0.071448,51.800726,On or near SPENCER STREET,E01023478,East Hertfordshire 017D,Investigation complete; no suspect identified
6adca9187406681ad668d668227af1d73d329e66a94355416c46ca6d02600fad,2018-08,Hertfordshire Constabulary,Hertfordshire Constabulary,-0.005730,51.768202,On or near LILAC ROAD,E01023327,Broxbourne 002A,Suspect charged
20193285c17c291b805e3e47cf648f5fc03160d8b62748c42db7b65cfd092885,2018-08,Hertfordshire Constabulary,Hertfordshire Constabulary,-0.281479,51.945767,On or near OLD CHARLTON ROAD,E01023615,North Hertfordshire 012E,Investigation complete; no suspect identified
b60eeb6177c5c85fea617389c49bfd99cba1210efdefb8be2d08784c307bf3c5,2018-08,Hertfordshire Constabulary,Hertfordshire Constabulary,-0.389951,51.679470,On or near Supermarket,E01023896,Watford 005B,Investigation complete; no suspect identified
44d4c699aef55e47a9381b7b375d63d89a0e1451f5aeb9ff3c8d8f94b94e29e0,2018-08,Hertfordshire Constabulary,Hertfordshire Constabulary,-0.389951,51.679470,On or near Supermarket,E01023896,Watford 005B,Investigation complete; no suspect identified
7fef2b0c8e1a997e1c535abd1de2491c5b9c783f7e61a09a6296929163f6fec3,2018-08,Hertfordshire Constabulary,Hertfordshire Constabulary,-0.459527,51.747995,On or near SHERBOURNE CLOSE,E01023387,Dacorum 019B,Investigation complete; no suspect identified
82aec14b89c314564bb34675c095d8e4a376b59f69b36e31d5c826f951693b2c,2018-08,Hertfordshire Constabulary,Hertfordshire Constabulary,-0.033873,51.685191,On or near Parking Area,E01023337,Broxbourne 013B,Investigation complete; no suspect identified
29e8915f7b4f35c9f86c3d4fd9477774e9af5fba1ea17b888efe043783286255,2018-08,Hertfordshire Constabulary,Hertfordshire Constabulary,-0.318628,51.641567,On or near NORTH WESTERN AVENUE (WATFORD BY-PASS),E01023548,Hertsmere 013A,Investigation complete; no suspect identified
918a11091d7121a07c4b575d2027a257fd83026fb3348cab5f7435a131033587,2018-08,Hertfordshire Constabulary,Hertfordshire Constabulary,-0.383899,51.632485,On or near THE WATERGATE,E01023811,Three Rivers 010D,Investigation complete; no suspect identified
b73b1796740106f208f2bb9cc4a8eaf2f532541537791bf42d8ca253c2164873,2018-08,Hertfordshire Constabulary,Hertfordshire Constabulary,-0.459527,51.747995,On or near SHERBOURNE CLOSE,E01023387,Dacorum 019B,Investigation complete; no suspect identified
fe440b11eb7da08ae116dcf534d7d485c767620e736b8888a5bca7948c2f2bfd,2018-08,Hertfordshire Constabulary,Hertfordshire Constabulary,-0.304488,51.637057,On or near A41,E01023564,Hertsmere 010B,Investigation complete; no suspect identified
94e87e676d4e2c1e081248458285c548cab32b32d638b6c05f2416e9fbf243b7,2018-08,Hertfordshire Constabulary,Hertfordshire Constabulary,-0.040375,51.710155,On or near Petrol Station,E01023303,Broxbourne 008B,Investigation complete; no suspect identified
00bd34c3842407823de4fbc300a48791f34ee809fbad15d7f5e63859a8f99d96,2018-08,Hertfordshire Constabulary,Hertfordshire Constabulary,-0.204587,51.801198,On or near Shopping Area,E01023918,Welwyn Hatfield 006C,Suspect charged
d70e8523943e1e5afc33a24c58574ac78c539c137085d0ffdd7c7ab5006bfbfd,2018-08,Hertfordshire Constabulary,Hertfordshire Constabulary,-0.018725,51.946170,On or near MARKET HILL,E01023466,East Hertfordshire 001D,Investigation complete; no suspect identified
58eace2dc6518cadb4e9e134c6336abb2748d0b722dfda9872f91df12de5e643,2018-08,Hertfordshire Constabulary,Hertfordshire Constabulary,-0.218272,51.735099,On or near Petrol Station,E01023963,Welwyn Hatfield 014B,Unable to prosecute suspect
4c5890d0be902362ac71c4ed8459508c38f81189fc7062b312c16f0ceafddb05,2018-08,Hertfordshire Constabulary,Hertfordshire Constabulary,-0.068118,51.798900,On or near RAILWAY PLACE,E01023477,East Hertfordshire 017C,Investigation complete; no suspect identified
65c6ca4646a5a8bdd06ee10dd2363be53ef9204f516605bea8b31b95cc97190b,2018-08,Hertfordshire Constabulary,Hertfordshire Constabulary,-0.329994,51.973027,On or near CROMWELL WAY,E01023653,North Hertfordshire 014F,Investigation complete; no suspect identified
8001f3e79adad9bfc593e30440200a85efec1959a2b4b82882e4ad55b94cde4a,2018-08,Hertfordshire Constabulary,Hertfordshire Constabulary,-0.433269,51.693796,On or near Pedestrian Subway,E01023831,Three Rivers 003C,Investigation complete; no suspect identified
511e162efa22915a77b14ed6a46a510b53298ddd15d240a747a304114c795341,2018-08,Hertfordshire Constabulary,Hertfordshire Constabulary,-0.225427,51.687369,On or near BIGNELLS CORNER,E01023584,Hertsmere 004D,Investigation complete; no suspect identified
e10325ca5df74188998d7ce675eec67a5b5250dd9127189c21e97cfcec99811f,2018-08,Hertfordshire Constabulary,Hertfordshire Constabulary,-0.037856,51.692442,On or near GRENVILLE CLOSE,E01023332,Broxbourne 012A,Investigation complete; no suspect identified
80051fad31de6621b79d7d2bc7325b73dd6cc405758fa98369305af8e3ea6005,2018-08,Hertfordshire Constabulary,Hertfordshire Constabulary,-0.219571,51.924373,On or near Petrol Station,E01023800,Stevenage 002E,Investigation complete; no suspect identified
7eba9a6765f962d9a93fd5a2167f782112aed24902a46a798c65dc081de2db41,2018-08,Hertfordshire Constabulary,Hertfordshire Constabulary,-0.447640,51.736824,On or near MARKET OAK LANE,E01023415,Dacorum 020F,Unable to prosecute suspect
17e6b715c0feeec41425a6ec76d33770197092176522a1862d60dd48266b3ace,2018-08,Hertfordshire Constabulary,Hertfordshire Constabulary,-0.225427,51.687369,On or near BIGNELLS CORNER,E01023584,Hertsmere 004D,Investigation complete; no suspect identified
b9fc9ce8b42e4f3bfa888808323a22fbaf3a64632bfaf3ddbb422de0c579008e,2018-08,Hertfordshire Constabulary,Hertfordshire Constabulary,-0.261189,51.651135,On or near ARUNDEL DRIVE,E01023542,Hertsmere 011D,Unable to prosecute suspect
3bee1d3fcdb4737d976a4af403d5b2bdefbc28ceeab38b26cac0e638627d2feb,2018-08,Hertfordshire Constabulary,Hertfordshire Constabulary,-0.470965,51.747749,On or near SELDEN HILL,E01023398,Dacorum 015D,Unable to prosecute suspect
85e63f620362df9154756a248dd7daeb3221b46a4913fb21bb8859b5dd895ae7,2018-08,Hertfordshire Constabulary,Hertfordshire Constabulary,-0.389951,51.679470,On or near Supermarket,E01023896,Watford 005B,Investigation complete; no suspect identified
c84ed3e65b00d4ab149bf75ee81e8ccd187cd7a4ff6a6e1133924b4155f62f83,2018-08,Hertfordshire Constabulary,Hertfordshire Constabulary,-0.208473,51.911247,On or near Supermarket,E01023775,Stevenage 006A,Suspect charged
66f5f5a2ea2e988a26a7ea175b558cbac13c2a937644597f94ed6e4808e1311c,2018-08,Hertfordshire Constabulary,Hertfordshire Constabulary,-0.472544,51.754172,On or near MARLOWES,E01023398,Dacorum 015D,Investigation complete; no suspect identified
118c6506bcf0051cd608401f94c43538f67b6829588a7956ef6acf211f921bd9,2018-08,Hertfordshire Constabulary,Hertfordshire Constabulary,-0.157909,51.814117,On or near Parking Area,E01023486,East Hertfordshire 010B,Investigation complete; no suspect identified
d57ca87372dd6cc848bfc098ba637ea9742a23c6a86b48d4a6f69d0d7a65b295,2018-08,Hertfordshire Constabulary,Hertfordshire Constabulary,-0.030745,51.697269,On or near RUSSELL'S RIDE,E01023333,Broxbourne 012B,Unable to prosecute suspect
e19b7a8c685d40389415035303d1c05a463a2350ff8647393675fe47921feb21,2018-08,Hertfordshire Constabulary,Hertfordshire Constabulary,-0.389951,51.679470,On or near Supermarket,E01023896,Watford 005B,Investigation complete; no suspect identified
cb0ea2185b3cdbbfe484abf77fda2eaa5cec0877e274c7e83a858f88a47d1b1f,2018-08,Hertfordshire Constabulary,Hertfordshire Constabulary,-0.157909,51.814117,On or near Parking Area,E01023486,East Hertfordshire 010B,Investigation complete; no suspect identified
8b64fa8fa764ff4dcd367ab6898735aca5e587c336ef63d09094b57cb043ec70,2018-08,Hertfordshire Constabulary,Hertfordshire Constabulary,-0.456626,51.731520,On or near HERON CLOSE,E01023414,Dacorum 020E,Unable to prosecute suspect
0a9a4750bd7572f51e0635fc83acbc21691ea876a09cd3ab6976c13cb54d4e85,2018-08,Hertfordshire Constabulary,Hertfordshire Constabulary,-0.574603,51.762737,On or near WEST ROAD,E01023370,Dacorum 012B,Investigation complete; no suspect identified
903e7f7773e4ad01e9fc4a704b9bc272bebc1031b3a50d1f24dd6fbc207765ab,2018-08,Hertfordshire Constabulary,Hertfordshire Constabulary,-0.472026,51.639779,On or near STATION ROAD,E01023851,Three Rivers 004D,Investigation complete; no suspect identified
8e82d23a5a5397803c59fa4ced27ef07314a37b4e2bfc737e76a213b41c78dfa,2018-08,Hertfordshire Constabulary,Hertfordshire Constabulary,-0.076597,51.796629,On or near MARKET STREET,E01023478,East Hertfordshire 017D,Investigation complete; no suspect identified
4099163cefcc450e66b00f99f22df4bec8dba113bcd87bd0bb10a7c4cd0c2f5c,2018-08,Hertfordshire Constabulary,Hertfordshire Constabulary,-0.399713,51.698379,On or near LOUVAIN WAY,E01023904,Watford 001A,Investigation complete; no suspect identified
b31b054fa7048bedd463d8193feaabaeb0aaff1f43e7ba18d6e4a4cbac8b93ad,2018-08,Hertfordshire Constabulary,Hertfordshire Constabulary,-0.200185,51.808648,On or near LYLES LANE,E01023959,Welwyn Hatfield 003A,Investigation complete; no suspect identified
63d1fd55a4d7844c0fec79e4ccc9992de75bbe3c28a6ba44d23dbafd5a972aa7,2018-08,Hertfordshire Constabulary,Hertfordshire Constabulary,-0.279664,51.656829,On or near Shopping Area,E01023532,Hertsmere 007D,Suspect charged
1fdf71d5d464e58d713512bc1dea1c5269a748b41358c760b95cc4233d4ecf90,2018-08,Hertfordshire Constabulary,Hertfordshire Constabulary,-0.206640,51.803549,On or near Shopping Area,E01023918,Welwyn Hatfield 006C,Investigation complete; no suspect identified
8cebe86916a58dabd543ed25c696ef4d89ff3c30c01ca9bd757015d2ec9f8764,2018-08,Hertfordshire Constabulary,Hertfordshire Constabulary,-0.560436,51.758033,On or near THREE CLOSE LANE,E01023365,Dacorum 014A,Investigation complete; no suspect identified
9d73a2f40eac14becb894ff83adfb27b7558435d78ee3925225a4c5ee5a4a20f,2018-08,Hertfordshire Constabulary,Hertfordshire Constabulary,-0.230989,51.761755,On or near B6426,E01023921,Welwyn Hatfield 012B,Investigation complete; no suspect identified
ab4f9f018fdf3fe66619fe409baae7523ddf7a918d522f71f1af8d906e7fd840,2018-08,Hertfordshire Constabulary,Hertfordshire Constabulary,-0.400520,51.659491,On or near Nightclub,E01023861,Watford 009C,Investigation complete; no suspect identified
8f75c49588ae53da3b7b1094fe3f9e0fd2150fda3aa1e849ce07737f14f0067f,2018-08,Hertfordshire Constabulary,Hertfordshire Constabulary,-0.198773,51.971605,On or near OAKHILL,E01023641,North Hertfordshire 009C,Unable to prosecute suspect
6cdc026704290f9316acab0c7771ca3af1acab3556b85d2d719ed972503ac872,2018-08,Hertfordshire Constabulary,Hertfordshire Constabulary,-0.476785,51.740101,On or near WHITELEAF ROAD,E01023354,Dacorum 018B,Investigation complete; no suspect identified
976acbc0dcba5ab34324d16912ae0defb11c34463ad894ae89e46280ebb5a117,2018-08,Hertfordshire Constabulary,Hertfordshire Constabulary,-0.291346,51.944544,On or near MOORMEAD HILL,E01023615,North Hertfordshire 012E,Investigation complete; no suspect identified
a8e698c8b68b0d6bcab068b6896d1478786410ab39d2da957c7a4bbbbe97165c,2018-08,Hertfordshire Constabulary,Hertfordshire Constabulary,-0.209397,51.989957,On or near KRISTIANSAND WAY,E01023632,North Hertfordshire 006C,Investigation complete; no suspect identified
8c3561a630c6e54d84ff4081981941cafc5b8b3c45793b150a57187b27f5fb35,2018-08,Hertfordshire Constabulary,Hertfordshire Constabulary,-0.470965,51.747749,On or near SELDEN HILL,E01023398,Dacorum 015D,Unable to prosecute suspect
30e38ddf6cc520ca5e4d642d04944ba48194d50340884ee4217be16dc5da9b23,2018-08,Hertfordshire Constabulary,Hertfordshire Constabulary,-0.456151,51.749282,On or near Petrol Station,E01023387,Dacorum 019B,Investigation complete; no suspect identified
dc2c115a0b3b27222eb3944225f1c9e2056fc3c85b23caf0f5eb7a12aa9aa9d2,2018-08,Hertfordshire Constabulary,Hertfordshire Constabulary,-0.332065,51.679076,On or near KENDALS CLOSE,E01023527,Hertsmere 005E,Unable to prosecute suspect
77ef29e70649ad2fd16323af23af99e1710217be0048e3455529539c58deb35e,2018-08,Hertfordshire Constabulary,Hertfordshire Constabulary,-0.251550,51.759554,On or near ST ALBANS ROAD WEST,E01023938,Welwyn Hatfield 010D,Investigation complete; no suspect identified
18c44cd49d80965b3d881424b99ec59111aaa408e7e1ee7d98056f164208f05e,2018-08,Hertfordshire Constabulary,Hertfordshire Constabulary,-0.473119,51.750007,On or near Shopping Area,E01023398,Dacorum 015D,Unable to prosecute suspect
e1436033b7fc682c5336390968d507e3d6cdbfddb7f90285572922cac7fc4e23,2018-08,Hertfordshire Constabulary,Hertfordshire Constabulary,-0.023787,52.046768,On or near UPPER KING STREET,E01023660,North Hertfordshire 001A,Investigation complete; no suspect identified
5e68370de85b319084fdc6efb5fa13bb6262a4dd60585c55de0c90f7293bf02d,2018-08,Hertfordshire Constabulary,Hertfordshire Constabulary,-0.023875,51.685554,On or near ELEANOR CROSS ROAD,E01023338,Broxbourne 013C,Investigation complete; no suspect identified
62c6fc29bc92c9d26ba860ebd06db0a54c7b8510123408b12ead7070ed8a3302,2018-08,Hertfordshire Constabulary,Hertfordshire Constabulary,-0.387751,51.685231,On or near FIRST AVENUE,E01023875,Watford 003C,Investigation complete; no suspect identified
a6dbf6a3bcb84201024ddcae42df12c841caa2a5c054a2e205486966ac702ee9,2018-08,Hertfordshire Constabulary,Hertfordshire Constabulary,-0.229568,51.765123,On or near TOWN FIELDS,E01023920,Welwyn Hatfield 012A,Unable to prosecute suspect
fc803f4744800ac241018f61ebe3ccad3d4f195bea662610c9d3253c3452bf55,2018-08,Hertfordshire Constabulary,Hertfordshire Constabulary,-0.171319,51.694578,On or near THE GROVE,E01023572,Hertsmere 003B,Unable to prosecute suspect
3165066f72246022b11aa4befc4384250fb69ea8db23b01279994e59e28bedde,2018-08,Hertfordshire Constabulary,Hertfordshire Constabulary,-0.423506,51.675798,On or near BEECHPARK WAY,E01023887,Watford 008B,Investigation complete; no suspect identified
d56569007cde0a9d59441a1596a9c392f7a5a1c7f965302a85c0293190b2dd76,2018-08,Hertfordshire Constabulary,Hertfordshire Constabulary,-0.414846,51.644614,On or near HEALEY ROAD,E01023864,Watford 011B,Unable to prosecute suspect
c4572fe395e3a3719bbb9e751716597a8cc1a33f94d84b6a4da601115631cbf2,2018-08,Hertfordshire Constabulary,Hertfordshire Constabulary,-0.504418,51.758574,On or near THE PASTURES,E01023428,Dacorum 011C,Investigation complete; no suspect identified
9a4b5dc9ff171518538b36b45c528f7a152fc0068dd0dc45e1c761cd0eef1470,2018-08,Hertfordshire Constabulary,Hertfordshire Constabulary,-0.504418,51.758574,On or near THE PASTURES,E01023428,Dacorum 011C,Investigation complete; no suspect identified
192c6b9bbdedadfac2bd09a9c5f2b85f59579918b223df7eed33aefab12a9797,2018-08,Hertfordshire Constabulary,Hertfordshire Constabulary,-0.504418,51.758574,On or near THE PASTURES,E01023428,Dacorum 011C,Investigation complete; no suspect identified
d6c11050d2466f3067c8a7303d2266b75c57163b49cf75ca52890abcabca5454,2018-08,Hertfordshire Constabulary,Hertfordshire Constabulary,-0.500264,51.642427,On or near THE QUEEN'S DRIVE,E01023848,Three Rivers 007B,Investigation complete; no suspect identified
6014ad51db2f8a4cc33a3c4813068e5b830205cf4715834d591cc7b164502fca,2018-08,Hertfordshire Constabulary,Hertfordshire Constabulary,-0.030745,51.697269,On or near RUSSELL'S RIDE,E01023333,Broxbourne 012B,Unable to prosecute suspect
71fc4c80c2c9cdc57a2fbf37ad4b13038300fac2db84ea1efc78b986d0e212c1,2018-08,Hertfordshire Constabulary,Hertfordshire Constabulary,-0.382884,51.656965,On or near WILLIAM STREET,E01023554,Hertsmere 008C,Investigation complete; no suspect identified
ce78192cb10576e6fc5f4832425ae1f0480a0ff832e642e8032623506b42339d,2018-08,Hertfordshire Constabulary,Hertfordshire Constabulary,-0.245358,51.983224,On or near ELDEFIELD,E01023652,North Hertfordshire 007D,Unable to prosecute suspect
868161593998d2161b0a4585fbf29617fef3879f76760b89ffd40049ec7f1bcb,2018-08,Hertfordshire Constabulary,Hertfordshire Constabulary,-0.294004,51.806891,On or near THE HILL,E01023747,St Albans 004B,Investigation complete; no suspect identified
3cea27f381948545c3c178b8d9799984060e1187a2f8ec5082112bfc1691c867,2018-08,Hertfordshire Constabulary,Hertfordshire Constabulary,-0.294004,51.806891,On or near THE HILL,E01023747,St Albans 004B,Investigation complete; no suspect identified
4ffbaf20a54df20e4fe24e1b8b7859890fefa60cfbddceea1c0b00297a1464fa,2018-08,Hertfordshire Constabulary,Hertfordshire Constabulary,-0.356921,51.817435,On or near THE FORRESTERS,E01023701,St Albans 003C,Suspect charged
4ffbaf20a54df20e4fe24e1b8b7859890fefa60cfbddceea1c0b00297a1464fa,2018-08,Hertfordshire Constabulary,Hertfordshire Constabulary,-0.356921,51.817435,On or near THE FORRESTERS,E01023701,St Albans 003C,Suspect charged
e0f6fa0a871ab02e458f8fda5e886e2891b9762c413e09cb3d962a4a7c9221a5,2018-08,Hertfordshire Constabulary,Hertfordshire Constabulary,-0.291658,51.720794,On or near RICHARDSON CLOSE,E01023704,St Albans 018A,Investigation complete; no suspect identified
e2e5c53f89bf30f152a6a9134dea463028e05c3845c6b4eb1152b5066176db03,2018-08,Hertfordshire Constabulary,Hertfordshire Constabulary,-0.473940,51.730820,On or near Sports/Recreation Area,E01023407,Dacorum 022B,Investigation complete; no suspect identified
d4249a5e95cb3bf0bc1f382c75d34f884760a3fc56ed0be97c41988b6a17ac8b,2018-08,Hertfordshire Constabulary,Hertfordshire Constabulary,-0.023265,51.813028,On or near POPIS GARDENS,E01023518,East Hertfordshire 012D,Investigation complete; no suspect identified
fbecbb6553af6da6b30adbb0b8529ee0aaefc86797e16b7ef1d52dc7e8e6138b,2018-08,Hertfordshire Constabulary,Hertfordshire Constabulary,0.076425,51.790744,On or near EASTWICK HALL LANE,E01023492,East Hertfordshire 009B,Investigation complete; no suspect identified
03d1ee606fcd6ab3e02ff7a093fc5c22b01cd473773ed04fad276943991a7c93,2018-08,Hertfordshire Constabulary,Hertfordshire Constabulary,0.021181,51.972243,On or near B1368,E01023462,East Hertfordshire 001A,Investigation complete; no suspect identified
aa84048b83a4eb8dd919d6e7c67766b0a00d4ae874d89af488aafb41f53c3575,2018-08,Hertfordshire Constabulary,Hertfordshire Constabulary,0.177920,51.874138,On or near PLAW HATCH CLOSE,E01023438,East Hertfordshire 005A,Investigation complete; no suspect identified
3ca83ab8dcf94ac6374464a71e9d2120f00f9e647aedac61ef0548cf363d141b,2018-08,Hertfordshire Constabulary,Hertfordshire Constabulary,-0.371416,51.816602,On or near HARTWELL GARDENS,E01023700,St Albans 003B,Investigation complete; no suspect identified
7845eef1763890d529e72b826bdf61a8929f0ea371cb0ad16d73e91f30222482,2018-08,Hertfordshire Constabulary,Hertfordshire Constabulary,-0.032298,51.712169,On or near KENNEDY CLOSE,E01023302,Broxbourne 008A,Unable to prosecute suspect
042693abb37a4b75b33c035a8e5055fc633a21f619de993870e296942be36cbe,2018-08,Hertfordshire Constabulary,Hertfordshire Constabulary,-0.033294,51.699209,On or near Hospital,E01023300,Broxbourne 010D,Investigation complete; no suspect identified
c3ad99bc3336a911f6c0cfc4d1d72694c7495b183cb17b2d8a838bdc16df5fd1,2018-08,Hertfordshire Constabulary,Hertfordshire Constabulary,-0.175065,51.899710,On or near KELLER CLOSE,E01023761,Stevenage 007C,Investigation complete; no suspect identified
465ce51d4e828cc90e56588dd7d927ac186e40aa905de88156bb09aa402d2525,2018-08,Hertfordshire Constabulary,Hertfordshire Constabulary,-0.444365,51.625451,On or near TEMPLE GARDENS,E01023841,Three Rivers 011C,Investigation complete; no suspect identified
cc98bccd3bddd3edce712d2d824e7c0d4f643fcd4f8fa80c53d643207bf8a1ab,2018-08,Hertfordshire Constabulary,Hertfordshire Constabulary,-0.031619,52.055369,On or near ORCHARD WAY,E01023656,North Hertfordshire 002C,Unable to prosecute suspect
4d847c001df49b64ae8a61d2e4946f3f92e00d2a82d5fb1d846cd861052b0cb9,2018-08,Hertfordshire Constabulary,Hertfordshire Constabulary,-0.288484,51.718581,On or near WILLOWSIDE,E01023704,St Albans 018A,Investigation complete; no suspect identified
c1bc49190fa5176412fa37c9e5f65c584c55f882e6981cc957dd2f1b621514bb,2018-08,Hertfordshire Constabulary,Hertfordshire Constabulary,-0.348652,51.754673,On or near THE LAWNS,E01023745,St Albans 014D,Investigation complete; no suspect identified
95a1d57123368f50437a1a495dbcc6c9bcdea289482d17019b59e7a434d2f69c,2018-08,Hertfordshire Constabulary,Hertfordshire Constabulary,0.162078,51.868549,On or near Parking Area,E01023450,East Hertfordshire 004B,Investigation complete; no suspect identified
3945915186e742e6a847037a67e8dbf7278d09dd1cb777ea0256b28f0091cc9b,2018-08,Hertfordshire Constabulary,Hertfordshire Constabulary,-0.207010,51.801901,On or near HOWARDSGATE,E01023918,Welwyn Hatfield 006C,Investigation complete; no suspect identified
c036b7238f963fa45e2774b05c9a996d4450cd83fc15d3d90530cc35fe509ea6,2018-08,Hertfordshire Constabulary,Hertfordshire Constabulary,-0.327270,51.692622,On or near OAKRIDGE AVENUE,E01023526,Hertsmere 005D,Investigation complete; no suspect identified
e1265a218809ff9dc5638bbe9190f4778f1a11225b506937574eaa5d9293b9fa,2018-08,Hertfordshire Constabulary,Hertfordshire Constabulary,-0.364779,52.675766,On or near Park/Open Space,E01026363,South Kesteven 012D,Action to be taken by another organisation
e3abd7b7e07f4d05b39ce29974b946efc868e5bdcda742ca65c1ed46d604db2a,2018-08,Hertfordshire Constabulary,Hertfordshire Constabulary,-0.306909,51.755877,On or near FARM ROAD,E01023673,St Albans 010A,Investigation complete; no suspect identified
0c24e31417682e2bf816f43898eb3182ca89bc58159a006705da92f599e7a70d,2018-08,Hertfordshire Constabulary,Hertfordshire Constabulary,-0.121846,51.694256,On or near CATTLEGATE ROAD,E01023947,Welwyn Hatfield 016A,Investigation complete; no suspect identified
36e0387f52d67e451f210590ed2ed5e85330c95ecee37856384c162433f44126,2018-08,Hertfordshire Constabulary,Hertfordshire Constabulary,-0.472476,51.733427,On or near HIGH RIDGE CLOSE,E01023354,Dacorum 018B,Investigation complete; no suspect identified
f275b166f51f4aa86485ab73b1aa613f6a395ad57c2e526f7ef28342051338ee,2018-08,Hertfordshire Constabulary,Hertfordshire Constabulary,-0.202859,51.981550,On or near Shopping Area,E01023633,North Hertfordshire 006D,Suspect charged
290c79e601cde6713e29a264d2b9ca07c84d5a3c249106270cba780f007518c4,2018-08,Hertfordshire Constabulary,Hertfordshire Constabulary,-0.306247,51.732129,On or near LONDON ROAD,E01023684,St Albans 016D,Investigation complete; no suspect identified
21a355273592f58c45ad989f795f547ff2fb0bf4854f9262b823a025a25113c2,2018-08,Hertfordshire Constabulary,Hertfordshire Constabulary,-0.195977,51.912162,On or near LAWRENCE AVENUE,E01023778,Stevenage 002C,Investigation complete; no suspect identified
669ed28a4db499412d7a22812cd0da8f6377cd5e1145ca758d7e68104e808477,2018-08,Hertfordshire Constabulary,Hertfordshire Constabulary,-0.294969,51.769381,On or near BEVERLEY GARDENS,E01023735,St Albans 007C,Investigation complete; no suspect identified
fb74a1fc30d8e66ac32596b71b148bb5a311ef933523e95d3a230e474e5b2f99,2018-08,Hertfordshire Constabulary,Hertfordshire Constabulary,-0.062036,51.708985,On or near SHANKLIN CLOSE,E01023314,Broxbourne 009A,Unable to prosecute suspect
75bc0371efb45aa9ce7471d6beb61823bbd4245d12cf81130c4f0d4394533dd2,2018-08,Hertfordshire Constabulary,Hertfordshire Constabulary,-0.170429,51.895393,On or near BEECH DRIVE,E01023792,Stevenage 010B,Investigation complete; no suspect identified
06bdfadef23a22933e9a44486589ea1ebf9a2e8444a82859a49ec8d65e9e0fd7,2018-08,Hertfordshire Constabulary,Hertfordshire Constabulary,-0.021380,51.809687,On or near Petrol Station,E01023512,East Hertfordshire 012A,Investigation complete; no suspect identified
08aec110db53cc28944643845134952a3ebc3ed9d3df4c88b01f78ce37ea51b0,2018-08,Hertfordshire Constabulary,Hertfordshire Constabulary,-0.202379,51.902935,On or near Shopping Area,E01023758,Stevenage 008D,Suspect charged
c6c07c3ab2e8e66d202af551bd55e480b65ab834bc3fe4fcb503b483f29a6a11,2018-08,Hertfordshire Constabulary,Hertfordshire Constabulary,-0.494150,51.755799,On or near Supermarket,E01023429,Dacorum 011D,Investigation complete; no suspect identified
f114127318f13e8059e6ce53a331cde49815fea4c5eb352c590555d98540a53f,2018-08,Hertfordshire Constabulary,Hertfordshire Constabulary,-0.400387,51.652187,On or near FEARNLEY STREET,E01023901,Watford 010C,Unable to prosecute suspect
535d430fb71d2e4284cc813d11bd90507ce7d4cbbebecfd6196ff4fa511fda7d,2018-08,Hertfordshire Constabulary,Hertfordshire Constabulary,-0.504418,51.758574,On or near THE PASTURES,E01023428,Dacorum 011C,Investigation complete; no suspect identified
e6275a48e21e11e5079aafc44a848f47de36084f9d2025585eb8ec84558e1e1c,2018-08,Hertfordshire Constabulary,Hertfordshire Constabulary,-0.038711,51.815148,On or near WATTON ROAD,E01023517,East Hertfordshire 013E,Unable to prosecute suspect
bd30906da68ce45d2a1dd9b63df1cba03bacec7f72d4678971ddd7e437f609da,2018-08,Hertfordshire Constabulary,Hertfordshire Constabulary,-0.226117,51.978917,On or near LEYS AVENUE,E01023644,North Hertfordshire 008A,Investigation complete; no suspect identified
585a647defc2bab29bbd4616b1da1b5f66605480c2bec749e31ec75f90fde5bd,2018-08,Hertfordshire Constabulary,Hertfordshire Constabulary,-0.180722,51.799554,On or near HALL BARNS,E01023944,Welwyn Hatfield 008B,Investigation complete; no suspect identified
a1a8aef2da27985e8ea6f09a727070742d74047bacbf57372f8b505f58691220,2018-08,Hertfordshire Constabulary,Hertfordshire Constabulary,-0.391547,51.651581,On or near WELLSPRING WAY,E01023862,Watford 009D,Suspect charged
2c5f9884ffa776d72e6ff45d1f382afd781b09ed7dfc53aba926614ed9541237,2018-08,Hertfordshire Constabulary,Hertfordshire Constabulary,-0.203302,51.903480,On or near Supermarket,E01023758,Stevenage 008D,Investigation complete; no suspect identified
2ae657ed923278f5aacd6a3cb931d3346fd2525a33fac16cb6280d199ade51c3,2018-08,Hertfordshire Constabulary,Hertfordshire Constabulary,-0.485146,51.635516,On or near UXBRIDGE ROAD,E01023847,Three Rivers 007A,Investigation complete; no suspect identified
6ea36594991024cbb3ae9f1a6413a6a784b40ca4f9521d4f570e3691348bbae6,2018-08,Hertfordshire Constabulary,Hertfordshire Constabulary,-0.226933,51.749878,On or near TRAVELLERS LANE,E01023936,Welwyn Hatfield 013D,Investigation complete; no suspect identified
1a36d902a6b59226c1dc08ccf7dec4dfab93715a2c47a4efa0c4e57fb94b10f0,2018-08,Hertfordshire Constabulary,Hertfordshire Constabulary,-0.300543,51.779947,On or near ST LEONARDS CRESCENT,E01023736,St Albans 007D,Investigation complete; no suspect identified
d7506c9136b45ead8f54af5a3b5a45bdacf6b61907111f188755ee3e892fb5bd,2018-08,Hertfordshire Constabulary,Hertfordshire Constabulary,-0.201702,51.807359,On or near GRESLEY CLOSE,E01023959,Welwyn Hatfield 003A,Investigation complete; no suspect identified
ca80e381f5827aa2b206f7dc798acc672433146424c99b2a6353600b19cf3a13,2018-08,Hertfordshire Constabulary,Hertfordshire Constabulary,-0.180722,51.799554,On or near HALL BARNS,E01023944,Welwyn Hatfield 008B,Investigation complete; no suspect identified
6d89b7de52ea5021f37eef5c3754601b9742607559ef998498cc6b3a59dc202e,2018-08,Hertfordshire Constabulary,Hertfordshire Constabulary,-0.451274,51.755485,On or near Supermarket,E01023348,Dacorum 013D,Investigation complete; no suspect identified
c122a26ac1104d49e680316a7879ebc889571464973ceaaf2c8652c2c030ffa5,2018-08,Hertfordshire Constabulary,Hertfordshire Constabulary,-0.184222,51.979690,On or near WOODLAND WAY,E01023593,North Hertfordshire 004G,Investigation complete; no suspect identified
42b20af7c39bfdb8078a35c7892712b57a4dbaadc84ce0f8bb64f30087b16a49,2018-08,Hertfordshire Constabulary,Hertfordshire Constabulary,-0.303082,51.705664,On or near Sports/Recreation Area,E01023720,St Albans 019C,Unable to prosecute suspect
098810ac6d144b95fe49fafcab2a95c2f775604543b9aecd70b4ceb5cb5ac02a,2018-08,Hertfordshire Constabulary,Hertfordshire Constabulary,-0.405008,51.661782,On or near THE AVENUE,E01023880,Watford 007C,Unable to prosecute suspect
c5399b4b7ac2a040c7ae696186454724ef587ed9207512bdc6590a35f9e73bd2,2018-08,Hertfordshire Constabulary,Hertfordshire Constabulary,-0.489481,51.634223,On or near Petrol Station,E01023836,Three Rivers 009B,Investigation complete; no suspect identified
8b6bb18884ca4f73f6db357501bb4c9b05b9dfbdcaa6cab561e7cb4003d5764f,2018-08,Hertfordshire Constabulary,Hertfordshire Constabulary,-0.175423,51.923148,On or near SOUTHWARK CLOSE,E01023789,Stevenage 001C,Investigation complete; no suspect identified
d993ac0d777edad87927488b12a6b89e198cfb5faa666d29f03cfb0b84b2c77e,2018-08,Hertfordshire Constabulary,Hertfordshire Constabulary,-0.285210,51.748090,On or near BOISSY CLOSE,E01023678,St Albans 015B,Investigation complete; no suspect identified
ccdf1faf2ec9b5d11d3c10f43c7f018a6725d9145457f3f484f231ceb4246cbc,2018-08,Hertfordshire Constabulary,Hertfordshire Constabulary,-0.077218,51.721311,On or near MACINTOSH CLOSE,E01023315,Broxbourne 007D,Unable to prosecute suspect
5364e5ca80d8975ca71afb08e67ea4c1c1a985ca5b7cd58c6a2c119f2bba4243,2018-08,Hertfordshire Constabulary,Hertfordshire Constabulary,-0.300615,51.747163,On or near GRENADIER CLOSE,E01023677,St Albans 015A,Offender given a caution
ba8c9b51eccb478385f9cd06931dd89d55772d55a53b70f076349c97836bb459,2018-08,Hertfordshire Constabulary,Hertfordshire Constabulary,-0.494150,51.755799,On or near Supermarket,E01023429,Dacorum 011D,Investigation complete; no suspect identified
1eaea4fa6f49b159f277344e360cbbb8ae2507a3a84081f23127caa118cdf3b0,2018-08,Hertfordshire Constabulary,Hertfordshire Constabulary,-0.447922,51.743401,On or near ROBINS ROAD,E01023358,Dacorum 020B,Investigation complete; no suspect identified
832a4e87cacd8505fbf47364da1011835ba663a559275c213e02e13f8a26acf2,2018-08,Hertfordshire Constabulary,Hertfordshire Constabulary,-0.031418,51.983601,On or near WHITELEY LANE,E01023465,East Hertfordshire 001C,Unable to prosecute suspect
f43037b4f27b3fba6342c81693424d3f44fe8aa4283c9a20888d64aec953aa6d,2018-08,Hertfordshire Constabulary,Hertfordshire Constabulary,-0.274374,51.656815,On or near Supermarket,E01023530,Hertsmere 007B,Investigation complete; no suspect identified
223deec2712a78d107433651f4c780c20eaa94cf09344ee2f3eeddefbd99335c,2018-08,Hertfordshire Constabulary,Hertfordshire Constabulary,-0.358586,51.651646,On or near FOX CLOSE,E01023560,Hertsmere 012C,Investigation complete; no suspect identified
b22db98a73a1c00f1013b9793fd7c80a2603bdc867f392ecf9e4930f209445be,2018-08,Hertfordshire Constabulary,Hertfordshire Constabulary,-0.110162,51.790582,On or near MAYFLOWER CLOSE,E01023479,East Hertfordshire 017E,Offender given a caution
1a12a615f1547ba42e8547bbb8e3e8902fdfcdc4a56e3051fac937f62d459386,2018-08,Hertfordshire Constabulary,Hertfordshire Constabulary,-0.404472,51.649051,On or near Hospital,E01023902,Watford 010D,Investigation complete; no suspect identified
29a48013cc65f170e88e5ae2c8932694db75572338dcd4d73b62e2a7ce4b35e7,2018-08,Hertfordshire Constabulary,Hertfordshire Constabulary,0.032165,51.909271,On or near PELHAM ROAD,E01023463,East Hertfordshire 003E,Investigation complete; no suspect identified
19dc9b47d8ed6de565381b2a604f78eff80e35b8be1696196f65209b16a6ea91,2018-08,Hertfordshire Constabulary,Hertfordshire Constabulary,-0.307773,51.740144,On or near SWALLOW LANE,E01023683,St Albans 016C,Suspect charged
f504799ced5363de020b5c35c3590c9c9a29226605cb3095c7cb7bea38ee5c28,2018-08,Hertfordshire Constabulary,Hertfordshire Constabulary,-0.214864,51.823745,On or near Petrol Station,E01023970,Welwyn Hatfield 002D,Investigation complete; no suspect identified
d3ff1b44048290ce90df846f5a40f695609803ccf5eebf93dc6555a1343d0d84,2018-08,Hertfordshire Constabulary,Hertfordshire Constabulary,-0.221956,51.773335,On or near LONGMEAD,E01033311,Welwyn Hatfield 010F,Suspect charged
1bd84141176d8cc9109b2fe921ac2566825e8552d5a80899440a218366a891fb,2018-08,Hertfordshire Constabulary,Hertfordshire Constabulary,-0.397793,51.657286,On or near WATFORD HOUSE LANE,E01023861,Watford 009C,Suspect charged
cb458211b2d64a7cec3dbf303000565f6d162bb1526700abf470219ead731a67,2018-08,Hertfordshire Constabulary,Hertfordshire Constabulary,-0.188414,51.981175,On or near NIGHTINGALE WAY,E01023592,North Hertfordshire 004F,Unable to prosecute suspect
5c35c8ca7e6af3c84657b2b7a8af9907b9f3a02b10cc978ba5700baac10d16f1,2018-08,Hertfordshire Constabulary,Hertfordshire Constabulary,-0.421990,51.659493,On or near Parking Area,E01023886,Watford 008A,Investigation complete; no suspect identified
cc18dc5abb4db8cbe86823099f834b193659d01879836541d5c52e07271a698b,2018-08,Hertfordshire Constabulary,Hertfordshire Constabulary,-0.208088,51.982241,On or near Park/Open Space,E01023633,North Hertfordshire 006D,Investigation complete; no suspect identified
23d5f9521d7e870da70cbcf081ffef53d2edb86b2bc0622335b0399f28147013,2018-08,Hertfordshire Constabulary,Hertfordshire Constabulary,-0.022109,51.849364,On or near Petrol Station,E01023506,East Hertfordshire 006B,Investigation complete; no suspect identified
e9a6b295c3560d8c10e50523ca8b20952c1de384071e07c31217540143bb8806,2018-08,Hertfordshire Constabulary,Hertfordshire Constabulary,0.076425,51.790744,On or near EASTWICK HALL LANE,E01023492,East Hertfordshire 009B,Investigation complete; no suspect identified
92d2d073f2e6bfbe3b67474712eaae5e873ac9643a3e127b22cedcd9de896116,2018-08,Hertfordshire Constabulary,Hertfordshire Constabulary,-0.306015,51.743761,On or near RICHARD STAGG CLOSE,E01023681,St Albans 016A,Unable to prosecute suspect
1de3807931199a5bd497816ccf1c09eee9baff659ca8107611bf0dd5e772c7fa,2018-08,Hertfordshire Constabulary,Hertfordshire Constabulary,-0.178460,51.920336,On or near Petrol Station,E01023774,Stevenage 003D,Suspect charged
d7b5d8bde8d2aa4ce4145501802734afa325b895914438adff35209aca1a9193,2018-08,Hertfordshire Constabulary,Hertfordshire Constabulary,-0.186307,51.813246,On or near SWANHILL,E01023914,Welwyn Hatfield 004C,Investigation complete; no suspect identified
ae226056480670e53c58a2444af05b1e387feaecd204206c9a1f1971d73a5d48,2018-08,Hertfordshire Constabulary,Hertfordshire Constabulary,-0.404472,51.649051,On or near Hospital,E01023902,Watford 010D,Investigation complete; no suspect identified
d713974e16c6a6ad728c4c1ac80b233e9cfc3a1abf23e9a0c2c5746c885584e4,2018-08,Hertfordshire Constabulary,Hertfordshire Constabulary,-0.182403,51.918481,On or near JESSOP ROAD,E01023774,Stevenage 003D,Suspect charged
8a35c23defa4a7d4e41113e8ff7d4441fa78418b6bb0d4a7210f768788cf4746,2018-08,Hertfordshire Constabulary,Hertfordshire Constabulary,-0.659564,51.799856,On or near Supermarket,E01023418,Dacorum 003A,Investigation complete; no suspect identified
aee6f8ea1293650835a5ab52fb8a5607efe5a07db9a11fb7a466387188e552a8,2018-08,Hertfordshire Constabulary,Hertfordshire Constabulary,-0.228835,51.763107,On or near Supermarket,E01023920,Welwyn Hatfield 012A,Investigation complete; no suspect identified
30b7a1c4e5077b2de13326a0b373275047eb734d28cecff8ccc9b04b13a512fe,2018-08,Hertfordshire Constabulary,Hertfordshire Constabulary,-0.288220,51.960926,On or near MILESTONE ROAD,E01023611,North Hertfordshire 012A,Investigation complete; no suspect identified
77eebfbd6ea15cefef27450e05ef63bbce5035fc4c6cea23fb503ae34e945885,2018-08,Hertfordshire Constabulary,Hertfordshire Constabulary,-0.194408,51.799316,On or near RAVENFIELD ROAD,E01023954,Welwyn Hatfield 007A,Suspect charged
10048f887e71b90146afb221f869ad2cb0d9d96499cceae7c4c37a624d14c269,2018-08,Hertfordshire Constabulary,Hertfordshire Constabulary,-0.388848,51.692620,On or near LOWESWATER CLOSE,E01023905,Watford 001B,Unable to prosecute suspect
741d04a44283e06a892a924c00a218c383ac241ef80d65df9491dc50cd587a62,2018-08,Hertfordshire Constabulary,Hertfordshire Constabulary,-0.173937,51.790862,On or near LITTLE GANETT,E01023943,Welwyn Hatfield 008A,Unable to prosecute suspect
691d7d742aae09216af6fe5f4438061ee28a68ab28c282117405073806c40ffc,2018-08,Hertfordshire Constabulary,Hertfordshire Constabulary,-0.116023,51.856238,On or near GLEBE CLOSE,E01033609,East Hertfordshire 010E,Investigation complete; no suspect identified
4d99ccc0d86848c64abcb24e6efee06f79fb4dbfa37331ed568fccae2e1b0a48,2018-08,Hertfordshire Constabulary,Hertfordshire Constabulary,-0.214941,51.830598,On or near Supermarket,E01023969,Welwyn Hatfield 002C,Suspect charged
ea50fc41b531d4fcbcc14965cd2fc56d9840bf9370d10b181f830d264ce2c862,2018-08,Hertfordshire Constabulary,Hertfordshire Constabulary,-0.010968,51.772355,On or near DITCHFIELD ROAD,E01023329,Broxbourne 002C,Suspect charged
c9da2f6abab06f866562e4eff1810e217558fee152774d63db38606ede194cb8,2018-08,Hertfordshire Constabulary,Hertfordshire Constabulary,-0.398009,51.656903,On or near Shopping Area,E01023861,Watford 009C,Investigation complete; no suspect identified
a37012a30428562a126c305fb57d4624bc4766a0d1335a9fa4c7a9bbf482c983,2018-08,Hertfordshire Constabulary,Hertfordshire Constabulary,-0.020607,51.948036,On or near Supermarket,E01023466,East Hertfordshire 001D,Investigation complete; no suspect identified
bfa8bbf568d0add7186e95412e503a811521c22bbb7e6ca615459ffc87fee69c,2018-08,Hertfordshire Constabulary,Hertfordshire Constabulary,-0.228835,51.763107,On or near Supermarket,E01023920,Welwyn Hatfield 012A,Investigation complete; no suspect identified
b87e2f2311a3ffb9cf899250e475740f9d0ddcce217fc1ce54c6d814500a99f1,2018-08,Hertfordshire Constabulary,Hertfordshire Constabulary,-0.282697,51.668024,On or near Supermarket,E01023536,Hertsmere 006C,Investigation complete; no suspect identified
1b06fb0a9dc4b30cca8551c686c7599b37a45cce68e42cdf47d44df0a150b9c6,2018-08,Hertfordshire Constabulary,Hertfordshire Constabulary,-0.026656,52.059755,On or near KEATS CLOSE,E01023661,North Hertfordshire 001B,Investigation complete; no suspect identified
4d530f63a7a03e52c3a8be775357d3988f5b6af1a050b737f6dc8d9e849bf33a,2018-08,Hertfordshire Constabulary,Hertfordshire Constabulary,-0.260414,51.950556,On or near Parking Area,E01023610,North Hertfordshire 013E,Unable to prosecute suspect
0fa1764217ece14a90a7e090f3f99f5cb1ff9b8aae5ffa87b1d181187bb96dc5,2018-08,Hertfordshire Constabulary,Hertfordshire Constabulary,-0.051273,51.711208,On or near OAKVIEW CLOSE,E01023326,Broxbourne 009D,Unable to prosecute suspect
00287f7fdb890c826d351da4283c23886ad00ab72ba395aae13af408930ac3d3,2018-08,Hertfordshire Constabulary,Hertfordshire Constabulary,-0.419977,51.642525,On or near DEAKIN CLOSE,E01023864,Watford 011B,Unable to prosecute suspect
08df00652a5331c9ca75a7b71e63b89aeb9cad45769ee33e8a701ad01ec5395d,2018-08,Hertfordshire Constabulary,Hertfordshire Constabulary,-0.305286,51.781031,On or near HIGH STREET,E01023736,St Albans 007D,Suspect charged
9d0da889c41bccac1df97bfde19112772c369b7fb1c2cbb959ba36b03db7ee26,2018-08,Hertfordshire Constabulary,Hertfordshire Constabulary,-0.303551,51.782454,On or near SPENCER PLACE,E01023736,St Albans 007D,Suspect charged
1f4126255a1bf2db1b68fa4e3ef16f23ab25543d089d29e3d78b85e7f646360e,2018-08,Hertfordshire Constabulary,Hertfordshire Constabulary,-0.015915,51.760371,On or near ROSE VALE,E01023320,Broxbourne 003A,Unable to prosecute suspect
6e9de2dba90600f4592ae0e3faae0403a223165837f8195b7e28f9595c91c22d,2018-08,Hertfordshire Constabulary,Hertfordshire Constabulary,-0.381032,51.674042,On or near WOODMERE AVENUE,E01023897,Watford 005C,Unable to prosecute suspect
328f739815f994d00e32be1f294b6d11e25d0aa02a65b0fbfa7abd8d2aee9420,2018-08,Hertfordshire Constabulary,Hertfordshire Constabulary,0.160481,51.867652,On or near SWAN COURT,E01023446,East Hertfordshire 007D,Unable to prosecute suspect
731f3c8495244e82edf81fa0ec86ad57f2d7f63f9da84c5ab29bb23cf495044b,2018-08,Hertfordshire Constabulary,Hertfordshire Constabulary,-0.429859,51.640958,On or near DWIGHT ROAD,E01023841,Three Rivers 011C,Investigation complete; no suspect identified
3200488b96fb8255556ffdf4af693cb69aa0cbdfe5dd3ad346ca65ad3366ae80,2018-08,Hertfordshire Constabulary,Hertfordshire Constabulary,-0.472093,51.758950,On or near Theatre/Concert Hall,E01023399,Dacorum 010C,Unable to prosecute suspect
3b1ea34b91041553a805113190a9ba902a83f17ca89d436b19d92e826a6fea18,2018-08,Hertfordshire Constabulary,Hertfordshire Constabulary,-0.343664,51.805452,On or near DICKINSONS FIELD,E01023697,St Albans 005C,Investigation complete; no suspect identified
e8c9e71fffc8e27be4e5db852084ff0a806087473fe2ab6951580289ad4c5884,2018-08,Hertfordshire Constabulary,Hertfordshire Constabulary,-0.333374,51.758009,On or near AVENUE ROAD,E01023716,St Albans 010D,Offender given a caution
8cb517ba98141d53fec5a1b38f16ea81ec25666a8d5ce8efe666d6c1f117c5ce,2018-08,Hertfordshire Constabulary,Hertfordshire Constabulary,-0.668468,51.792979,On or near GOLDFIELD ROAD,E01023425,Dacorum 002C,Suspect charged
3b75254ca61054a54db6f0a7dd7424c246a921153cec0ff2d246e8210e83dd32,2018-08,Hertfordshire Constabulary,Hertfordshire Constabulary,-0.671355,51.791933,On or near BARBERS WALK,E01023425,Dacorum 002C,Suspect charged
3b75254ca61054a54db6f0a7dd7424c246a921153cec0ff2d246e8210e83dd32,2018-08,Hertfordshire Constabulary,Hertfordshire Constabulary,-0.671355,51.791933,On or near BARBERS WALK,E01023425,Dacorum 002C,Suspect charged
c1bf74af25959d3a905f0adef42c83a9828ad4ccebf5b07c445bee354021b630,2018-08,Hertfordshire Constabulary,Hertfordshire Constabulary,-0.343664,51.805452,On or near DICKINSONS FIELD,E01023697,St Albans 005C,Investigation complete; no suspect identified
d771fb393a63d1403a9522b16d9279cfd5933fcf68ee293805ef6668b2530313,2018-08,Hertfordshire Constabulary,Hertfordshire Constabulary,-0.402855,51.693809,On or near QUEENSWOOD CRESCENT,E01023906,Watford 001C,Unable to prosecute suspect
28859f3eb55f833f7d90c8cfa4ae92a7c2b6352dff207d6569c149c25c42ee36,2018-08,Hertfordshire Constabulary,Hertfordshire Constabulary,-0.324699,51.750467,On or near STANHOPE ROAD,E01023729,St Albans 012D,Investigation complete; no suspect identified
f62336f0c6af1a23527db827a31dda729ec7539d30eed3ebcefd8627720a6a89,2018-08,Hertfordshire Constabulary,Hertfordshire Constabulary,-0.416933,51.652340,On or near ARGYLE COURT,E01023867,Watford 011E,Unable to prosecute suspect
8d5e56de4f073f3488b73521a204e224b1dc9fc8fdf63cc24fec260ca0c157a2,2018-08,Hertfordshire Constabulary,Hertfordshire Constabulary,-0.624335,51.800888,On or near CLARKE'S SPRING,E01023352,Dacorum 004A,Investigation complete; no suspect identified
91dcf935b36ec7d84da45c487cf4abf6a36b0df687a15dc83147a2f33e28e3ea,2018-08,Hertfordshire Constabulary,Hertfordshire Constabulary,-0.178687,51.690538,On or near Petrol Station,E01023573,Hertsmere 003C,Investigation complete; no suspect identified
a6261b3c557477a85c72ea440a2764deafceced8ce0856ff7a2067488a9a98d3,2018-08,Hertfordshire Constabulary,Hertfordshire Constabulary,-0.359217,51.707397,On or near Sports/Recreation Area,E01023717,St Albans 020A,Suspect charged
bbea494f6b464e4ed23fe074a38b47b4d495bfbd247988ea4b610c0bbc7d1273,2018-08,Hertfordshire Constabulary,Hertfordshire Constabulary,-0.432896,51.743975,On or near AUTUMN GLADES,E01023413,Dacorum 017E,Investigation complete; no suspect identified
87245a276211972401351e512ccdab43775714eed5dc3dee06255dc9b3c5874c,2018-08,Hertfordshire Constabulary,Hertfordshire Constabulary,-0.059430,51.708331,On or near BUSHBARNS,E01023295,Broxbourne 011C,Investigation complete; no suspect identified
5426107749d2bf0c773bdabb62c1496bfacc0092e06f39a978c70dbfd3e7f5df,2018-08,Hertfordshire Constabulary,Hertfordshire Constabulary,-0.432896,51.743975,On or near AUTUMN GLADES,E01023413,Dacorum 017E,Investigation complete; no suspect identified
dd9b9dae8ba4284f773f752700662d0adb8befc7d52edda58b0a8436d4c2d2a9,2018-08,Hertfordshire Constabulary,Hertfordshire Constabulary,-0.287995,51.667867,On or near SINDERBY CLOSE,E01023529,Hertsmere 007A,Investigation complete; no suspect identified
28966b4292722df07d828777ece67b16605ec169963b8873f69129dabe16dad6,2018-08,Hertfordshire Constabulary,Hertfordshire Constabulary,-0.624335,51.800888,On or near CLARKE'S SPRING,E01023352,Dacorum 004A,Investigation complete; no suspect identified
d5c4e3d81f46c00f7c2324de53830569225cc77bdc9889c8e02a51afdb808644,2018-08,Hertfordshire Constabulary,Hertfordshire Constabulary,0.082732,51.876608,On or near FORD FIELD,E01023493,East Hertfordshire 003F,Investigation complete; no suspect identified
c4a3c3b322f8fe5346bab8dd06f9cc5a2ef49fb6ffc3bc92fdbf3b3ebebf8f21,2018-08,Hertfordshire Constabulary,Hertfordshire Constabulary,-0.120728,52.019868,On or near A505,E01018290,South Cambridgeshire 019D,Investigation complete; no suspect identified
0d5716690936c40f7298014a7352d0efb5a5ad39ed4fc1b3374ec9042b306d33,2018-08,Hertfordshire Constabulary,Hertfordshire Constabulary,-0.624335,51.800888,On or near CLARKE'S SPRING,E01023352,Dacorum 004A,Investigation complete; no suspect identified
15283d33d8abd611675cb4e03cef78d027837f19cff9596884eda35cf900d65f,2018-08,Hertfordshire Constabulary,Hertfordshire Constabulary,-0.287105,51.753522,On or near Sports/Recreation Area,E01023680,St Albans 015D,Investigation complete; no suspect identified
44256e5d284e42b5ce96da179d3dcbd3a05e619d51dc41c54e7c7ef366f4285b,2018-08,Hertfordshire Constabulary,Hertfordshire Constabulary,-0.373427,51.664298,On or near WALNUT GREEN,E01023555,Hertsmere 008D,Unable to prosecute suspect
0373049e061ad0258b760a861f062a632ad5f96bb74b104166baa7415d2a9ad4,2018-08,Hertfordshire Constabulary,Hertfordshire Constabulary,-0.428074,51.697584,On or near HIGH ACRES,E01023829,Three Rivers 002A,Investigation complete; no suspect identified
be947d00c0bc5290855462ca6ddd4e4f570b38df3e944fa1c12cfff874280100,2018-08,Hertfordshire Constabulary,Hertfordshire Constabulary,-0.207828,51.911381,On or near MIDDLE ROW,E01023775,Stevenage 006A,Investigation complete; no suspect identified
4a8f092f597ad9345e39014fbb65b712d49136c95ee078e92be85212859665ed,2018-08,Hertfordshire Constabulary,Hertfordshire Constabulary,-0.457352,51.833901,On or near THE CLOSE,E01023432,Dacorum 001C,Suspect charged
3e116fbbbcdd8609d84e4754a602792dfcbb2bf26d0890044786ac7d8dfae2ba,2018-08,Hertfordshire Constabulary,Hertfordshire Constabulary,-0.068118,51.798900,On or near RAILWAY PLACE,E01023477,East Hertfordshire 017C,Investigation complete; no suspect identified
2db9b69b2f34411cfcd848493da2fc3859254daa1914ae571ee4283bd18e5213,2018-08,Hertfordshire Constabulary,Hertfordshire Constabulary,-0.191267,51.818358,On or near OLD FORGE CLOSE,E01023971,Welwyn Hatfield 001D,Investigation complete; no suspect identified
6b868876faa524ac2b5f27d74ccfa1a07190467d26941cf45dc42e7f8be295b5,2018-08,Hertfordshire Constabulary,Hertfordshire Constabulary,-0.401996,51.702591,On or near MEADOWSIDE,E01023833,Three Rivers 002D,Unable to prosecute suspect
507d1dc64349ba11ab910a5eea92c7d51f6e29bd2b3dec7c54e43ddfb7deaf79,2018-08,Hertfordshire Constabulary,Hertfordshire Constabulary,-0.234354,51.973088,On or near SPRING ROAD,E01023644,North Hertfordshire 008A,Investigation complete; no suspect identified
71ab6e19e80c2109936232b65306200315ba30c3e32ebb06dc4c5e705138d92e,2018-08,Hertfordshire Constabulary,Hertfordshire Constabulary,-0.394087,51.699120,On or near BOUNDARY WAY,E01023905,Watford 001B,Investigation complete; no suspect identified
3ac82549e3bf134ed27af140bae559dd17875d89d36f1058f81a9c2a2295eae3,2018-08,Hertfordshire Constabulary,Hertfordshire Constabulary,-0.032062,51.707920,On or near BELLAMY ROAD,E01023298,Broxbourne 010B,Unable to prosecute suspect
52192be1d635c30b88b350112a1372e365031e66148bfb8e73769e9f75024a3b,2018-08,Hertfordshire Constabulary,Hertfordshire Constabulary,-0.642455,51.816141,On or near UPPER ICKNIELD WAY,E01023419,Dacorum 003B,Investigation complete; no suspect identified
156d22fdbbf53fdcd6f8407c59788bfc557735190d6b79e4d2f9df3eea35e56f,2018-08,Hertfordshire Constabulary,Hertfordshire Constabulary,-0.219417,51.767497,On or near GROUND LANE,E01023930,Welwyn Hatfield 010B,Investigation complete; no suspect identified
a7677a4a4a411039fa7604915c7c926a2fdcbdd7017e0899fbe40be66bf07729,2018-08,Hertfordshire Constabulary,Hertfordshire Constabulary,-0.032062,51.707920,On or near BELLAMY ROAD,E01023298,Broxbourne 010B,Unable to prosecute suspect
0c2b555ff65243b1c2706fc7622d092efc10e1798516b0fff84435d1426f2672,2018-08,Hertfordshire Constabulary,Hertfordshire Constabulary,-0.338140,51.827080,On or near FULMORE CLOSE,E01023687,St Albans 002C,Action to be taken by another organisation
15cb7e8510ff909e923d91fffecb609fcd7c1fb12fffe40dcfb4329ec081eff3,2018-08,Hertfordshire Constabulary,Hertfordshire Constabulary,-0.166504,51.801465,On or near LINCOLN CLOSE,E01023950,Welwyn Hatfield 005A,Unable to prosecute suspect
0a55dc4ee9c17144f942e924d9078cd3be3e67f87bf53287d22d6ef609325691,2018-08,Hertfordshire Constabulary,Hertfordshire Constabulary,-0.235501,51.849279,On or near HIGH STREET,E01023595,North Hertfordshire 015A,Unable to prosecute suspect
4707964ea5bee0224633dea212ea61af3110d73515a5a34d7caed5605104cb9f,2018-08,Hertfordshire Constabulary,Hertfordshire Constabulary,-0.207010,51.801901,On or near HOWARDSGATE,E01023918,Welwyn Hatfield 006C,Investigation complete; no suspect identified
fc667b37645295442e09b993384848cb2d30b8ef594c473f3841b8dba0d9b28d,2018-08,Hertfordshire Constabulary,Hertfordshire Constabulary,-0.307773,51.740144,On or near SWALLOW LANE,E01023683,St Albans 016C,Suspect charged
689555b7ade4b8dcd01d8a75bfe2f91ecfb8249077e2af2f13035f75e60bcec3,2018-08,Hertfordshire Constabulary,Hertfordshire Constabulary,-0.277508,51.659936,On or near BADMINTON CLOSE,E01023532,Hertsmere 007D,Unable to prosecute suspect
d0c79a8b2c1534bb31eb19d303ab46ac759f55e643ec92dd713f17c50240a781,2018-08,Hertfordshire Constabulary,Hertfordshire Constabulary,-0.348816,51.811719,On or near AYSGARTH CLOSE,E01023701,St Albans 003C,Investigation complete; no suspect identified
bab9399062a14cfcbc94f8fe36368ce16943f6cd7bba337f3f3d12ae1eb53516,2018-08,Hertfordshire Constabulary,Hertfordshire Constabulary,-0.032211,51.686494,On or near Supermarket,E01023337,Broxbourne 013B,Investigation complete; no suspect identified
be922ffc3bfac40ce2df1071b09fcc5509cdd4cb111da4e0efc8480e0cc6e919,2018-08,Hertfordshire Constabulary,Hertfordshire Constabulary,-0.353392,51.637007,On or near ASH HILL CLOSE,E01023550,Hertsmere 013C,Investigation complete; no suspect identified
16bb34e9feeef0a194608d9abb8b26451fd70c36fea3be1eb596270968cb129f,2018-08,Hertfordshire Constabulary,Hertfordshire Constabulary,-0.010984,51.763759,On or near A1170,E01023323,Broxbourne 003D,Investigation complete; no suspect identified
1701b63d343d37955d1d8946d996aa79e5c379b361436f8d8db9417f0dfb71a4,2018-08,Hertfordshire Constabulary,Hertfordshire Constabulary,-0.196508,51.783036,On or near KENDALL CLOSE,E01023941,Welwyn Hatfield 009C,Investigation complete; no suspect identified
2c1e1bfabe66d7655a3739ebc79d5effeae6440d05d74dffa40f71b1cf8da127,2018-08,Hertfordshire Constabulary,Hertfordshire Constabulary,-0.056041,51.698239,On or near PRIMROSE PATH,E01023293,Broxbourne 011A,Investigation complete; no suspect identified
5294a3d60da6c397c0d34c458383422ae5ec93f0005736e84627550032346e26,2018-08,Hertfordshire Constabulary,Hertfordshire Constabulary,-0.264278,51.647458,On or near LINSTER GROVE,E01023542,Hertsmere 011D,Unable to prosecute suspect
15abb3f5f39f2f23b06deef8982b9a7df8f136043d9b82979768ff0285bb6c3c,2018-08,Hertfordshire Constabulary,Hertfordshire Constabulary,-0.282843,51.959571,On or near Sports/Recreation Area,E01023603,North Hertfordshire 010C,Unable to prosecute suspect
b974609d602801e82794fd82fce34d1dd66b825ef8aa25e3b595aaaf5bb01089,2018-08,Hertfordshire Constabulary,Hertfordshire Constabulary,-0.472476,51.733427,On or near HIGH RIDGE CLOSE,E01023354,Dacorum 018B,Investigation complete; no suspect identified
d514caa57dd0e0fa9b0820d039a9fe893956de163b9e285432d3f404beb81c8c,2018-08,Hertfordshire Constabulary,Hertfordshire Constabulary,-0.368063,51.823884,On or near HARPENDEN RISE,E01023690,St Albans 001A,Investigation complete; no suspect identified
ee003749d0a85f8f028bcc49ff098e5709e9c482f4ff011d78b38ce15d4631c9,2018-08,Hertfordshire Constabulary,Hertfordshire Constabulary,-0.023477,51.725563,On or near ACADEMIA AVENUE,E01023343,Broxbourne 005D,Unable to prosecute suspect
daae3ff7d1ea0112f74a21c55b61f69980be0ef3c13726f6e18f4f2ebdfde50a,2018-08,Hertfordshire Constabulary,Hertfordshire Constabulary,-0.322458,51.682267,On or near THE DELL,E01023525,Hertsmere 005C,Investigation complete; no suspect identified
bd96e1b45991238e870031cfdf2e3b3b59d162840e4e53f0d831b23c185ef32b,2018-08,Hertfordshire Constabulary,Hertfordshire Constabulary,-0.175423,51.923148,On or near SOUTHWARK CLOSE,E01023789,Stevenage 001C,Investigation complete; no suspect identified
e3b82af8ab080c3dd9deb6b6f46d16f9cce656e1b3d37df8954745fe45fb0565,2018-08,Hertfordshire Constabulary,Hertfordshire Constabulary,-0.399735,51.659201,On or near Parking Area,E01023861,Watford 009C,Unable to prosecute suspect
5884a523d7f5ed4c8e3965a8a706c4dfaa15b37c3452703b20a3aca6f0efe592,2018-08,Hertfordshire Constabulary,Hertfordshire Constabulary,-0.339855,51.750808,On or near HOLYWELL HILL,E01023743,St Albans 014B,Unable to prosecute suspect
dede1151d06128fc1b77d8d349c4d6c19a128b30002cfbfc88a08e714ae43cff,2018-08,Hertfordshire Constabulary,Hertfordshire Constabulary,-0.304488,51.637057,On or near A41,E01023564,Hertsmere 010B,Investigation complete; no suspect identified
36551423ab73a190d6b3832482be7812782d5df4be0c248eb27a4f338e2da174,2018-08,Hertfordshire Constabulary,Hertfordshire Constabulary,-0.398395,51.682859,On or near EAST DRIVE,E01023890,Watford 002A,Investigation complete; no suspect identified
93f65950fd6c19c7664d91dd7936bbca83e7243966b9a8b1f096113ea5175fe2,2018-08,Hertfordshire Constabulary,Hertfordshire Constabulary,-0.365140,51.644652,On or near HIGH STREET,E01023563,Hertsmere 012F,Investigation complete; no suspect identified
ff5ee334821a1c30eeaf57ac4a262954fbe098ae3fa20f674db1f035b91efa54,2018-08,Hertfordshire Constabulary,Hertfordshire Constabulary,-0.007447,51.761469,On or near Pedestrian Subway,E01023320,Broxbourne 003A,Investigation complete; no suspect identified
dfde8bd0d675cddd4232b028e26c23403d87e921f9723f9ce6e43664e725d7ca,2018-08,Hertfordshire Constabulary,Hertfordshire Constabulary,-0.395065,51.624410,On or near MUNDSLEY CLOSE,E01023842,Three Rivers 012B,Investigation complete; no suspect identified
5d8a5e74142b4b34e331f46c85ecf1b7b6673c7793a77021369a31f3d811ac18,2018-08,Hertfordshire Constabulary,Hertfordshire Constabulary,-0.189008,51.864901,On or near Sports/Recreation Area,E01023629,North Hertfordshire 015F,Suspect charged
95fbf9c6527fefa25ec871f206d585e47a832cfc7eac4660d2c3772cd11e1ab6,2018-08,Hertfordshire Constabulary,Hertfordshire Constabulary,-0.396071,51.624550,On or near FERNDOWN ROAD,E01023842,Three Rivers 012B,Unable to prosecute suspect
8dd67563e7e760e9ae3329677a8a2a4cf2e6e7e102ac74d44a045f5fb7741f81,2018-08,Hertfordshire Constabulary,Hertfordshire Constabulary,-0.165846,51.790160,On or near COLE GREEN LANE,E01023953,Welwyn Hatfield 005D,Unable to prosecute suspect
33b5e9e57cb0a6265de84d25d3393d0c93d7b4c9e838aef7140f6a3a1ba014c1,2018-08,Hertfordshire Constabulary,Hertfordshire Constabulary,-0.584042,51.767212,On or near MOORE ROAD,E01023369,Dacorum 012A,Investigation complete; no suspect identified
f80a425a26fe727db0f3b86140262fe61c889eaf0838afd4e2ea025ab3d907c9,2018-08,Hertfordshire Constabulary,Hertfordshire Constabulary,-0.175065,51.899710,On or near KELLER CLOSE,E01023761,Stevenage 007C,Suspect charged
e7d107a82cf07390b0d6df15629e2cc47ea9ae8dfc178460735056e636cb5ebf,2018-08,Hertfordshire Constabulary,Hertfordshire Constabulary,0.140490,51.866345,On or near WOODPECKER CLOSE,E01023452,East Hertfordshire 003A,Investigation complete; no suspect identified
d9036f7cd55752b34ab2f96e09b35c883735669a9f5af1cc13ecf88d39ab9fa3,2018-08,Hertfordshire Constabulary,Hertfordshire Constabulary,-0.205363,51.904294,On or near Petrol Station,E01023758,Stevenage 008D,Suspect charged
fc9c17ce789c305b632f1df87ff0a3a17df9345c03570e6c4596f149cea797a9,2018-08,Hertfordshire Constabulary,Hertfordshire Constabulary,-0.175065,51.899710,On or near KELLER CLOSE,E01023761,Stevenage 007C,Suspect charged
8181b34d150cb5b50ca289b80dff6418766f6610b365ab10b8dd6a02b260191a,2018-08,Hertfordshire Constabulary,Hertfordshire Constabulary,-0.190102,51.915435,On or near Pedestrian Subway,E01023782,Stevenage 006E,Investigation complete; no suspect identified
ae0bfde304e77188a131bced7b4b4c4efbc91d7eab8a6805ac1b20288f338662,2018-08,Hertfordshire Constabulary,Hertfordshire Constabulary,-0.175065,51.899710,On or near KELLER CLOSE,E01023761,Stevenage 007C,Suspect charged
a37ffa2f2c10f5353a23642f1e50a88d235ec16e1410f36eb1f001fb1b13cc0c,2018-08,Hertfordshire Constabulary,Hertfordshire Constabulary,-0.387893,51.618890,On or near BRAMSHAW GARDENS,E01023805,Three Rivers 010A,Investigation complete; no suspect identified
10b3eeacb208e025c2e9e86352a87ca03076f4da690e33ca83f131431f7d5bca,2018-08,Hertfordshire Constabulary,Hertfordshire Constabulary,-0.205363,51.904294,On or near Petrol Station,E01023758,Stevenage 008D,Suspect charged
7007ad793d1a0bc1995ababcb987509c2008dfc63084e4ba0f2ead28518f5d55,2018-08,Hertfordshire Constabulary,Hertfordshire Constabulary,-0.491871,51.755923,On or near Petrol Station,E01023429,Dacorum 011D,Investigation complete; no suspect identified
06ef73f313eb37b2b5a62f1aea74e0fea7a990b1252440e21cd447e092e6cf60,2018-08,Hertfordshire Constabulary,Hertfordshire Constabulary,-0.582443,51.764118,On or near DURRANTS ROAD,E01023369,Dacorum 012A,Suspect charged
30fbd6e75d9072f9133ead4e7bd1cf7456d24db037717339eec987bace323f72,2018-08,Hertfordshire Constabulary,Hertfordshire Constabulary,-0.271530,51.659363,On or near BROOK CLOSE,E01023538,Hertsmere 006E,Suspect charged
2ccf7907c1487ebc571034fbbaa908be0490b265736ef711e82153a62e8569a3,2018-08,Hertfordshire Constabulary,Hertfordshire Constabulary,-0.205363,51.904294,On or near Petrol Station,E01023758,Stevenage 008D,Unable to prosecute suspect
82ede37b7115912eab1a48c5010c334d1f1a25a9f40f0cb6842109a1f06e875a,2018-08,Hertfordshire Constabulary,Hertfordshire Constabulary,-0.238777,51.774254,On or near CAMPION ROAD,E01033310,Welwyn Hatfield 002E,Unable to prosecute suspect
9d0168579ebbe4273b390375a9c175b4cc93d4b3e125e9aae5e9731602b2fd00,2018-08,Hertfordshire Constabulary,Hertfordshire Constabulary,-0.285172,51.717732,On or near HALSEY PARK,E01023704,St Albans 018A,Investigation complete; no suspect identified
1708cc7dc9b8da3a748e6424a56604f63d6eafb2b432c898cfdcea757d6b6652,2018-08,Hertfordshire Constabulary,Hertfordshire Constabulary,-0.233458,51.759751,On or near BRIARS CLOSE,E01023922,Welwyn Hatfield 012C,Investigation complete; no suspect identified
292d9991e5714d08ad738ea31d1a4319891acb1b8fd53be42d94d03bfe96e31e,2018-08,Hertfordshire Constabulary,Hertfordshire Constabulary,-0.183486,51.924082,On or near Pedestrian Subway,E01023787,Stevenage 001A,Unable to prosecute suspect
914ae710ee334ae5bd5e2504e55fb7f585c99419fbaeab23d26cf2b422aaae14,2018-08,Hertfordshire Constabulary,Hertfordshire Constabulary,-0.197149,51.804034,On or near BESSEMER ROAD,E01023954,Welwyn Hatfield 007A,Investigation complete; no suspect identified
8037c676d925b589bd65e1fe5465054e6cb46511b6fb42df47db702e8291f17f,2018-08,Hertfordshire Constabulary,Hertfordshire Constabulary,-0.305338,51.764577,On or near HUGHENDEN ROAD,E01023712,St Albans 008D,Suspect charged
82ad0d5df566feb5d14fd07c4531ab01aa93aad5a24a272c0a9365b5e15b2909,2018-08,Hertfordshire Constabulary,Hertfordshire Constabulary,-0.409849,51.643279,On or near MOOR VIEW,E01023865,Watford 011C,Suspect charged
14efcceb2e73a0b91ea13fc842eb452ff51c994e071a6e25ef1e5e9850bfb08f,2018-08,Hertfordshire Constabulary,Hertfordshire Constabulary,-0.456151,51.749282,On or near Petrol Station,E01023387,Dacorum 019B,Investigation complete; no suspect identified
5fa06a9dd64b8b3a4b2c6dd11aba8d43cb930ed2a72ff2f194b433fe773d1b45,2018-08,Hertfordshire Constabulary,Hertfordshire Constabulary,-0.198505,51.800224,On or near HYDE WAY,E01023954,Welwyn Hatfield 007A,Investigation complete; no suspect identified
5ba5a2953250266c748d5bfd60e2c9357c105bc243f9e49a10aedc442d0183a7,2018-08,Hertfordshire Constabulary,Hertfordshire Constabulary,-0.339855,51.750808,On or near HOLYWELL HILL,E01023743,St Albans 014B,Unable to prosecute suspect
77cec295cfead1389f65da13b2c3a968098954d1dbdcfbfb39f01105ff94f0c4,2018-08,Hertfordshire Constabulary,Hertfordshire Constabulary,-0.366641,51.645105,On or near COW LANE,E01023563,Hertsmere 012F,Unable to prosecute suspect
030022973a641f66d8ae542779ea881d04dc3c206c9e9819dde45f9dc17c9921,2018-08,Hertfordshire Constabulary,Hertfordshire Constabulary,-0.419805,51.645418,On or near CROXLEY VIEW,E01023866,Watford 011D,Suspect charged
38f8573257f3345c43e059ffb55336c86e9b0cdc92e65804b6b092fe91b18744,2018-08,Hertfordshire Constabulary,Hertfordshire Constabulary,-0.238357,51.746687,On or near HAZEL GROVE,E01023934,Welwyn Hatfield 013B,Unable to prosecute suspect
f948a974fe5b7680398fec033aada592ceab1622f9e2bb131d3ca43aa894b5bb,2018-08,Hertfordshire Constabulary,Hertfordshire Constabulary,-0.169757,51.916226,On or near CHEPSTOW CLOSE,E01023771,Stevenage 003A,Suspect charged
ae409c502245cfb6cf327ac94e9361745073cc34bd82dbf55f4dead9ef8fef86,2018-08,Hertfordshire Constabulary,Hertfordshire Constabulary,-0.240381,51.761347,On or near Shopping Area,E01023921,Welwyn Hatfield 012B,Investigation complete; no suspect identified
86d00df1d9dba1d3c1abcee9d8ad645be4f7aacfb407a031ad39a9afe846dce2,2018-08,Hertfordshire Constabulary,Hertfordshire Constabulary,-0.459527,51.747995,On or near SHERBOURNE CLOSE,E01023387,Dacorum 019B,Investigation complete; no suspect identified
792d5155e42c849de0531df045035c732f123e8f9b3a5c3c606bea57ae56c2df,2018-08,Hertfordshire Constabulary,Hertfordshire Constabulary,-0.459527,51.747995,On or near SHERBOURNE CLOSE,E01023387,Dacorum 019B,Investigation complete; no suspect identified
32b67bbeafd1367b799d3b0b1e2d9ba2132138b8e8f3572049928e323a67299c,2018-08,Hertfordshire Constabulary,Hertfordshire Constabulary,-0.312588,51.739962,On or near NELSON AVENUE,E01023683,St Albans 016C,Unable to prosecute suspect
5e9b539d93bffb7f579a13962cf95e1d68b4009f216b9d5bce971422d2b9d03d,2018-08,Hertfordshire Constabulary,Hertfordshire Constabulary,-0.193652,51.693683,On or near DALESIDE DRIVE,E01023576,Hertsmere 001A,Investigation complete; no suspect identified
2824128446c211cf0a15f5aa8c04209cdbcbd5ff58ef95f8a15020540dcbabeb,2018-08,Hertfordshire Constabulary,Hertfordshire Constabulary,-0.548190,51.709317,On or near SHANTOCK LANE,E01023377,Dacorum 021E,Investigation complete; no suspect identified
437b57fb239955f3a5ecd18a366e0a12c6ad372f8ebd3c7d6bcdaa85385a6c67,2018-08,Hertfordshire Constabulary,Hertfordshire Constabulary,-0.023477,51.725563,On or near ACADEMIA AVENUE,E01023343,Broxbourne 005D,Investigation complete; no suspect identified
88acdccb1cd19af30fa55f8981817a4dde4399b0db0f5382ba4cd712cd5ceee1,2018-08,Hertfordshire Constabulary,Hertfordshire Constabulary,-0.020822,51.764797,On or near HILLSIDE,E01023322,Broxbourne 003C,Investigation complete; no suspect identified
106c431def23b665fd601199347fed37e38bf9067c97b396e8643b9ea7e95d8b,2018-08,Hertfordshire Constabulary,Hertfordshire Constabulary,-0.473119,51.750007,On or near Shopping Area,E01023398,Dacorum 015D,Suspect charged
d1a47c26f493acd4b90129eb3ae9d9b499bd16841e060ed95646f8f3e58a28a9,2018-08,Hertfordshire Constabulary,Hertfordshire Constabulary,-0.097831,51.926362,On or near Sports/Recreation Area,E01023508,East Hertfordshire 002D,Investigation complete; no suspect identified
886ee87ca8b33a9423fe2929fef397ff96c3d40fe02abf1cf0f35178b6720d9e,2018-08,Hertfordshire Constabulary,Hertfordshire Constabulary,-0.178101,51.686384,On or near BYERS CLOSE,E01023575,Hertsmere 003E,Unable to prosecute suspect
e95e9c7fffb4870f621b7030c187546fc37f00d2d9b544c8438b9ba9af713416,2018-08,Hertfordshire Constabulary,Hertfordshire Constabulary,-0.038151,51.714389,On or near BROOKFIELD LANE WEST,E01023305,Broxbourne 008D,Investigation complete; no suspect identified
341d4d1a535c0bcf7c71d0065a79779f0ec7d6eb3aa51c2383e54532c5055b45,2018-08,Hertfordshire Constabulary,Hertfordshire Constabulary,-0.192722,51.899443,On or near Pedestrian Subway,E01023755,Stevenage 008A,Investigation complete; no suspect identified
8df3bc8f25806f5d8bd60c5cce1b1a473681169d7b0a0723d449d8830254b429,2018-08,Hertfordshire Constabulary,Hertfordshire Constabulary,-0.456151,51.749282,On or near Petrol Station,E01023387,Dacorum 019B,Investigation complete; no suspect identified
e883257c2f8e17ceece07bf702cc13b7e2cbc7dbd225e74c719087ffae5fc31a,2018-08,Hertfordshire Constabulary,Hertfordshire Constabulary,-0.018048,51.738124,On or near WINFORD DRIVE,E01023340,Broxbourne 005A,Investigation complete; no suspect identified
755f08150defcd7987e24a06e4aa1a3fd9e55f4a3841fa157c5bc202ffe4a477,2018-08,Hertfordshire Constabulary,Hertfordshire Constabulary,-0.389043,51.650441,On or near LOCAL BOARD ROAD,E01023862,Watford 009D,Investigation complete; no suspect identified
ba830a29b9f799ee9a8fe3c13b7dd350ae929e1ba33992af770ca1a819115ca3,2018-08,Hertfordshire Constabulary,Hertfordshire Constabulary,-0.434758,51.743307,On or near LISMORE,E01023413,Dacorum 017E,Investigation complete; no suspect identified
965602721e9bad2940bc160395d310949eddf02dde344f56b6b780219debc38e,2018-08,Hertfordshire Constabulary,Hertfordshire Constabulary,-0.469624,51.639020,On or near Supermarket,E01023850,Three Rivers 007C,Investigation complete; no suspect identified
4aa8f0fa5733555121564556c396becdc229fe2ee50694a71dab63f7014fea12,2018-08,Hertfordshire Constabulary,Hertfordshire Constabulary,-0.455623,51.762223,On or near ACHILLES CLOSE,E01023403,Dacorum 008C,Investigation complete; no suspect identified
312c5e592085acbc65ca42b87accc00d1ded0cdc18efa83984a5cf7c496d4c67,2018-08,Hertfordshire Constabulary,Hertfordshire Constabulary,-0.438248,51.771066,On or near Parking Area,E01023346,Dacorum 013B,Investigation complete; no suspect identified
95154df672685ca4d2b3af81b53d24cb8f05589e0173ff9541e3bea44beafd6b,2018-08,Hertfordshire Constabulary,Hertfordshire Constabulary,-0.015565,51.766696,On or near GOODWOOD CLOSE,E01023319,Broxbourne 001D,Suspect charged
967320d56da9e5f8b3eff98ad03dd0c517843f0aa1e1dbaa68cacaa255dca0d3,2018-08,Hertfordshire Constabulary,Hertfordshire Constabulary,-0.127747,51.717811,On or near HOMEWOOD LANE,E01023949,Welwyn Hatfield 016C,Investigation complete; no suspect identified
a758b533407ca3474b57cdd6f5154e2fdb0b4e2ad931e48b5cc36aa6ca33ca91,2018-08,Hertfordshire Constabulary,Hertfordshire Constabulary,-0.024886,51.807480,On or near CRANE MEAD,E01023511,East Hertfordshire 013B,Investigation complete; no suspect identified
ac627f2a4f145ea39955cd88fc405884a3ccfd8117e94bb36ce532666dcb2140,2018-08,Hertfordshire Constabulary,Hertfordshire Constabulary,-0.295499,51.722981,On or near WILLOWBY COURT,E01023706,St Albans 018C,Investigation complete; no suspect identified
b10e5b606f7091f047a3c963b828856316bb0af6f302b3d02688060427b04169,2018-08,Hertfordshire Constabulary,Hertfordshire Constabulary,0.006942,51.838539,On or near Park/Open Space,E01023506,East Hertfordshire 006B,Investigation complete; no suspect identified
0871acff38a3cffa08a3d1f7d00a63fc5167720ab199ea72d3c43ffbd5acec5b,2018-08,Hertfordshire Constabulary,Hertfordshire Constabulary,-0.349328,51.755599,On or near KINGSBURY AVENUE,E01023745,St Albans 014D,Investigation complete; no suspect identified
6f9e0f4e828c20df5918a708e2566fc63e5edbe886803e2984fd6d5910ce800a,2018-08,Hertfordshire Constabulary,Hertfordshire Constabulary,-0.017830,52.054841,On or near MELBOURN ROAD,E01023660,North Hertfordshire 001A,Investigation complete; no suspect identified
3b76638849dc328d9fe2ca982e5d69f3ee325ac32327be19dfa52125216b0187,2018-08,Hertfordshire Constabulary,Hertfordshire Constabulary,-0.504418,51.758574,On or near THE PASTURES,E01023428,Dacorum 011C,Investigation complete; no suspect identified
3e398dd62695982f472233bd322780206ae0320c81328ca7e7bed95a1aa1945e,2018-08,Hertfordshire Constabulary,Hertfordshire Constabulary,-0.450947,51.743872,On or near REDDINGS,E01023357,Dacorum 020A,Investigation complete; no suspect identified
b6438d8415089018d06c1a17e4f03eda04529fc39273598d85089587b3f9a4c1,2018-08,Hertfordshire Constabulary,Hertfordshire Constabulary,-0.158991,51.894676,On or near Petrol Station,E01023750,Stevenage 009A,Investigation complete; no suspect identified
cdef4bf85c4c720cf71578a54986e82c83773b61c36a8c4c3b0d4f78e1b36891,2018-08,Hertfordshire Constabulary,Hertfordshire Constabulary,-0.420854,51.678433,On or near WIMBORNE GROVE,E01023881,Watford 007D,Unable to prosecute suspect
048658a723b4560c4da9588bfcd7cc6bceedb594ace48245eec5ae0f6423c51c,2018-08,Hertfordshire Constabulary,Hertfordshire Constabulary,-0.197256,51.900546,On or near PENN ROAD,E01023758,Stevenage 008D,Investigation complete; no suspect identified
6c3540cb45d565fc7075c1519e55da8530b17561dfdef9f61695ce512f4fc474,2018-08,Hertfordshire Constabulary,Hertfordshire Constabulary,-0.026872,51.777937,On or near HAILEY CLOSE,E01023481,East Hertfordshire 018D,Investigation complete; no suspect identified
7a3f766ac17db9b970be9f3d1e450407b289f8810078da44fc3e9d121d408af6,2018-08,Hertfordshire Constabulary,Hertfordshire Constabulary,-0.202859,51.981550,On or near Shopping Area,E01023633,North Hertfordshire 006D,Investigation complete; no suspect identified
130115a320e786c7374d5a6d2930ad371eae94edf63ef36036ce2edf3fd0ecec,2018-08,Hertfordshire Constabulary,Hertfordshire Constabulary,-0.198592,51.892951,On or near Shopping Area,E01023786,Stevenage 011D,Unable to prosecute suspect
7fce6ab94aa096c4a369456034f91732d8976a25ea658f338ceaf78c60c4b5c2,2018-08,Hertfordshire Constabulary,Hertfordshire Constabulary,-0.198092,51.814209,On or near BYFIELD,E01023960,Welwyn Hatfield 003B,Unable to prosecute suspect
69477675cf32e81df57fb00d1346a44e79a82cc7150ba0b74808c5dcb09a6fcb,2018-08,Hertfordshire Constabulary,Hertfordshire Constabulary,-0.337328,51.753722,On or near ST PETER'S STREET,E01023727,St Albans 012B,Investigation complete; no suspect identified
7f00a529006bce75e6dfc457c9ec33914030452d946573d946a0fc6b10740316,2018-08,Hertfordshire Constabulary,Hertfordshire Constabulary,-0.183031,51.785751,On or near HOWLANDS,E01023946,Welwyn Hatfield 008D,Action to be taken by another organisation
306c8236a0a3c66b3981703fd23fcf12e0905f35ac1098558afb7855138f3ecc,2018-08,Hertfordshire Constabulary,Hertfordshire Constabulary,-0.339592,51.744132,On or near ST JULIAN'S ROAD,E01023741,St Albans 017E,Investigation complete; no suspect identified
c5629d51c0acb4b3b55fdb54034ad50a43b6ca2c0e6a07f7b7b8c229e27b8c4a,2018-08,Hertfordshire Constabulary,Hertfordshire Constabulary,-0.187863,51.797237,On or near HERONSWOOD ROAD,E01023958,Welwyn Hatfield 007E,Unable to prosecute suspect
e1f2732ab911a512f57cf0dfabc791d1680f58233ca246c8e41209aaf500e8e5,2018-08,Hertfordshire Constabulary,Hertfordshire Constabulary,-0.277508,51.659936,On or near BADMINTON CLOSE,E01023532,Hertsmere 007D,Investigation complete; no suspect identified
6d3eb6c5d215da0b2a4b01adf9b872c668d0977dcdbd291bd2cf3ff62b735ef5,2018-08,Hertfordshire Constabulary,Hertfordshire Constabulary,-0.230723,51.977664,On or near Further/Higher Educational Building,E01023645,North Hertfordshire 008B,Unable to prosecute suspect
7bc8156cac4c3182bfa7d923cb1c075bda27ff9e95ce747b5d5beffa213dd81a,2018-08,Hertfordshire Constabulary,Hertfordshire Constabulary,-0.269198,51.952574,On or near RADCLIFFE ROAD,E01023601,North Hertfordshire 010A,Investigation complete; no suspect identified
7e29585f2a7836c08c0217e6e0c26df34de7c26253ba678c047ca674df91b18f,2018-08,Hertfordshire Constabulary,Hertfordshire Constabulary,-0.098142,51.926933,On or near SCHOOL LANE,E01023508,East Hertfordshire 002D,Investigation complete; no suspect identified
d8f7eb74fcaaa1bcb60d2b7cf5cb95c48e598c499874e95c996b373e2028b095,2018-08,Hertfordshire Constabulary,Hertfordshire Constabulary,-0.173074,51.884662,On or near PARK VIEW,E01023765,Stevenage 012C,Unable to prosecute suspect
e23d85e81c21d6ecdc0fdd880bed46cb4d547bb0d957a7324277f29c0b51453f,2018-08,Hertfordshire Constabulary,Hertfordshire Constabulary,-0.012491,51.759792,On or near Supermarket,E01023320,Broxbourne 003A,Investigation complete; no suspect identified
1d07fffd6c9f07e23605777b516961cd2935a30d9bf03e377b77aeadf6bd9445,2018-08,Hertfordshire Constabulary,Hertfordshire Constabulary,-0.067109,51.707126,On or near CUTHBERT CLOSE,E01023314,Broxbourne 009A,Unable to prosecute suspect
e24c17e9c52828926eb64903569369b280963c0fdb9ed45765f9d27917e947e1,2018-08,Hertfordshire Constabulary,Hertfordshire Constabulary,-0.191856,51.885896,On or near HANOVER CLOSE,E01023786,Stevenage 011D,Unable to prosecute suspect
502fa19c85a2d8973c589dbd2c2c92d8bb6ea89d16057a9b0c8f78ca7871b8fe,2018-08,Hertfordshire Constabulary,Hertfordshire Constabulary,-0.023064,51.753612,On or near WARNERS AVENUE,E01023321,Broxbourne 003B,Investigation complete; no suspect identified
41510871362faefd3afc85d1479f948eb6b6f8f9ff85803dbfbe7ddf63b19c04,2018-08,Hertfordshire Constabulary,Hertfordshire Constabulary,-0.033156,51.710412,On or near LAWRANCE GARDENS,E01023302,Broxbourne 008A,Investigation complete; no suspect identified
b2ae96cab545207e86e5a7a5c14ad2d4f89f94f74cec91df65b2f4f1adfc3bd0,2018-08,Hertfordshire Constabulary,Hertfordshire Constabulary,-0.003234,51.791270,On or near TIMBER CLOSE,E01023468,East Hertfordshire 018A,Unable to prosecute suspect
ccd758733b296cf38385e3600c11b38f2e36884d025d61ece21f3566be5fc70a,2018-08,Hertfordshire Constabulary,Hertfordshire Constabulary,-0.196920,51.905298,On or near Pedestrian Subway,E01023758,Stevenage 008D,Investigation complete; no suspect identified
03eb8dc496c714b6a8b103950e06f120e66109ec521efa88f0b11f9c2e8a8e4f,2018-08,Hertfordshire Constabulary,Hertfordshire Constabulary,-0.033990,51.701856,On or near Supermarket,E01023301,Broxbourne 010E,Offender given penalty notice
7ecd14843a7965b0283578a4b30aa15a3b4a0d79dd22f6a33f397c6417afb7af,2018-08,Hertfordshire Constabulary,Hertfordshire Constabulary,-0.223681,51.764090,On or near Pedestrian Subway,E01023924,Welwyn Hatfield 011A,Investigation complete; no suspect identified
508026847b9649df30e7e835642be384041f48902888d69435f8ce655a5bc58f,2018-08,Hertfordshire Constabulary,Hertfordshire Constabulary,-0.278190,51.655675,On or near Supermarket,E01023530,Hertsmere 007B,Investigation complete; no suspect identified
3808ca29e0b5168ef8f947143bf5c8c0488599c5a11734409e38891dada9e559,2018-08,Hertfordshire Constabulary,Hertfordshire Constabulary,-0.192722,51.899443,On or near Pedestrian Subway,E01023755,Stevenage 008A,Investigation complete; no suspect identified
e46de4efc3d00b56c0582690a01bc7bef8a20c36390b08ee71cb92c81a855bec,2018-08,Hertfordshire Constabulary,Hertfordshire Constabulary,-0.401915,51.671604,On or near CALLOWLAND PLACE,E01023856,Watford 006B,Unable to prosecute suspect
68f678aa98d6172a580500f2efbfa3bf82d5f0559a8e751be8b5b8017e07e837,2018-08,Hertfordshire Constabulary,Hertfordshire Constabulary,-0.192722,51.899443,On or near Pedestrian Subway,E01023755,Stevenage 008A,Investigation complete; no suspect identified
e4b3c5db71dfa3016e6333663a5f1357acbb08e92c60a8b5448a28e828324e97,2018-08,Hertfordshire Constabulary,Hertfordshire Constabulary,-0.272827,51.955846,On or near WATER LANE,E01023602,North Hertfordshire 010B,Investigation complete; no suspect identified
28967c4b7246fac740ac51039f10ce2a4eb910c6b029acd22fb2a7e60d61ba55,2018-08,Hertfordshire Constabulary,Hertfordshire Constabulary,-0.228256,51.769384,On or near BIRCHWOOD AVENUE,E01023929,Welwyn Hatfield 010A,Unable to prosecute suspect
1577f783f4125e9d45745f3ca01e27f9de46df1a96e40a91da220d36a5f586fb,2018-08,Hertfordshire Constabulary,Hertfordshire Constabulary,-0.256622,51.649988,On or near MONKSWOOD GARDENS,E01023547,Hertsmere 009D,Unable to prosecute suspect
3a76652d18c20c9aa303f4bdc204ecb2723b6a48d57592eab4d15c9dbaeeb6d6,2018-08,Hertfordshire Constabulary,Hertfordshire Constabulary,-0.346400,51.745739,On or near Parking Area,E01023743,St Albans 014B,Investigation complete; no suspect identified
441a7d938787fc05374623aa1e1d9d5d8ff67103edbf06456afccc9309fcc2ab,2018-08,Hertfordshire Constabulary,Hertfordshire Constabulary,-0.402803,51.642671,On or near SILK MILL COURT,E01023845,Three Rivers 008C,Investigation complete; no suspect identified
9e64155af196d4b77469fca1e620ce47b56e7b40012d93e5353599cabf05042a,2018-08,Hertfordshire Constabulary,Hertfordshire Constabulary,-0.228507,51.978126,On or near EASTCHEAP,E01023644,North Hertfordshire 008A,Investigation complete; no suspect identified
ae86d8b767334aa7ce8c8e0d84f16350b169802c200e5c6569ef309afddf50a8,2018-08,Hertfordshire Constabulary,Hertfordshire Constabulary,-0.275004,51.951841,On or near Parking Area,E01023601,North Hertfordshire 010A,Investigation complete; no suspect identified
2d0bc0d48255348300c66f41276a66675eeec2313d10a4f1450b22f030c72527,2018-08,Hertfordshire Constabulary,Hertfordshire Constabulary,-0.230475,51.764525,On or near STOCKBREACH CLOSE,E01023920,Welwyn Hatfield 012A,Investigation complete; no suspect identified
d2e7822df8ca455be5b64fb9e8c8b0512fefcce488e3acca71b84108862318a1,2018-08,Hertfordshire Constabulary,Hertfordshire Constabulary,-0.496554,51.644933,On or near EDINBURGH AVENUE,E01023848,Three Rivers 007B,Investigation complete; no suspect identified
d0baaa9493a58b9dcd4e762ca15f1118599b16d3844d5ca3bdbb99132173e68b,2018-08,Hertfordshire Constabulary,Hertfordshire Constabulary,-0.151196,52.040878,On or near SILVER COURT,E01023586,North Hertfordshire 005B,Investigation complete; no suspect identified
26f2db2b9e8b03e9f2d0a40e9f0063d342156563c437f7e6e928b5133886ccc6,2018-08,Hertfordshire Constabulary,Hertfordshire Constabulary,-0.046549,51.706633,On or near BIRCHFIELD ROAD,E01023294,Broxbourne 011B,Investigation complete; no suspect identified
ca0f5725c0867d97e739de66c12fd143e772b7ee2e26e332c812019b67599ab4,2018-08,Hertfordshire Constabulary,Hertfordshire Constabulary,0.132212,51.859005,On or near COOPERS CLOSE,E01023461,East Hertfordshire 008F,Investigation complete; no suspect identified
ae030bbbf1345d72c0f8e27020d296c80869f182953d7810b01447bf41636db8,2018-08,Hertfordshire Constabulary,Hertfordshire Constabulary,0.175826,51.879806,On or near GATWICK CLOSE,E01023439,East Hertfordshire 005B,Investigation complete; no suspect identified
41f39ce8e5b77d3adc0d74cf7ec60b0a849b03366b523d901b0a4c9642980e20,2018-08,Hertfordshire Constabulary,Hertfordshire Constabulary,-0.007447,51.761469,On or near Pedestrian Subway,E01023320,Broxbourne 003A,Investigation complete; no suspect identified
a147d0fd8ffc11bb69ace2fecd728f5828564de4fb24b432490816747fd0f346,2018-08,Hertfordshire Constabulary,Hertfordshire Constabulary,0.132212,51.859005,On or near COOPERS CLOSE,E01023461,East Hertfordshire 008F,Investigation complete; no suspect identified
19a6572762ae9c3a153cc67ac648954b18063611c207daab1a7fe1ff141a2ec9,2018-08,Hertfordshire Constabulary,Hertfordshire Constabulary,-0.337053,51.750966,On or near Shopping Area,E01023727,St Albans 012B,Investigation complete; no suspect identified
a538ba0059e0da642f49e8b147938054ad6f44e05f2332171996231fe64af14d,2018-08,Hertfordshire Constabulary,Hertfordshire Constabulary,-0.220631,51.992412,On or near EASTERN WAY,E01023636,North Hertfordshire 003B,Investigation complete; no suspect identified
c5470ab51817cef164e54a7c96552e4806841e8a85e57c8cb84277aac7697226,2018-08,Hertfordshire Constabulary,Hertfordshire Constabulary,-0.208676,51.899579,On or near KINGS WAY,E01023758,Stevenage 008D,Unable to prosecute suspect
4d5c6643313eca5f0d375e12d8e851d36729c0d704f55cc90a897175c6a7a72d,2018-08,Hertfordshire Constabulary,Hertfordshire Constabulary,-0.470828,51.753952,On or near Supermarket,E01023398,Dacorum 015D,Suspect charged
6c10dbf144e837f20c9744bbc383f9271a869eeb4c1b62abaf7b13cbc396a608,2018-08,Hertfordshire Constabulary,Hertfordshire Constabulary,,,No location,,,Investigation complete; no suspect identified
43a99cbbd37d1c96b590a7f251e4480ea551deefffd557897d778c063befe283,2018-08,Hertfordshire Constabulary,Hertfordshire Constabulary,-0.040306,51.706404,On or near OXFORD CLOSE,E01023301,Broxbourne 010E,Investigation complete; no suspect identified
186a8443535d92e5cb89a978e61494cd0c7378739c619085e17d08573fafe830,2018-08,Hertfordshire Constabulary,Hertfordshire Constabulary,,,No location,,,Investigation complete; no suspect identified
4b25c8395f1b70ea7830afe58d7e7fbf11813ba4c855e9ee73f6b5601b25b21d,2018-08,Hertfordshire Constabulary,Hertfordshire Constabulary,-0.197876,51.907219,On or near GREENWAYS,E01023779,Stevenage 006B,Investigation complete; no suspect identified
41dc28058703b5944484342ac34888feb36a7c6b5fc1270ff703920fd08cdb44,2018-08,Hertfordshire Constabulary,Hertfordshire Constabulary,,,No location,,,Unable to prosecute suspect
eb9fa1803d0bbb07a956ba2d8f2830ee8e65405f328a3ad16896ae9fada31c61,2018-08,Hertfordshire Constabulary,Hertfordshire Constabulary,-0.278190,51.655675,On or near Supermarket,E01023530,Hertsmere 007B,Offender given a caution
d30c9ac5f50bc794fde823945612bb6ee82aa61cb0da26ffc26210fc82fc4a31,2018-08,Hertfordshire Constabulary,Hertfordshire Constabulary,,,No location,,,Investigation complete; no suspect identified
34f95ceab428787274fb3e578cf6a334c3e96c90b93f292e95d557af08ecccf4,2018-08,Hertfordshire Constabulary,Hertfordshire Constabulary,-0.279664,51.656829,On or near Shopping Area,E01023532,Hertsmere 007D,Offender given a caution
4a5b750543ac79eba17199601b2bfa9c760fc9c4df20a57e9b631cd16c006743,2018-08,Hertfordshire Constabulary,Hertfordshire Constabulary,-0.229428,51.979506,On or near STATION PLACE,E01023644,North Hertfordshire 008A,Investigation complete; no suspect identified
e5c022fa1d15e0bfb8f4aa92ae93ad4f6a94eab23a9efe6936f451f923f3cf19,2018-08,Hertfordshire Constabulary,Hertfordshire Constabulary,-0.177345,51.793010,On or near CARVE LEY,E01023943,Welwyn Hatfield 008A,Investigation complete; no suspect identified
454d035c330b53e56ea4ebfcf3aeb7f1c018aaf28fbe39908005679a21a2da19,2018-08,Hertfordshire Constabulary,Hertfordshire Constabulary,-0.408386,51.812397,On or near WOODLAND PLACE,E01023725,St Albans 006D,Investigation complete; no suspect identified
7581877dd2f686260b08d2004c9f6c5e88ffc0ad83726764feb5a124e942f139,2018-08,Hertfordshire Constabulary,Hertfordshire Constabulary,-0.471974,51.757770,On or near QUEENSWAY,E01023400,Dacorum 015E,Unable to prosecute suspect
5a9fdfb30f74aa22f9143c071c07eeedb949b73ee799e92f136d8ef4a139470a,2018-08,Hertfordshire Constabulary,Hertfordshire Constabulary,-0.456626,51.731520,On or near HERON CLOSE,E01023414,Dacorum 020E,Unable to prosecute suspect
521627e5231b115018a81cc6f09178b35435f8d29af13d90d999aedca0e4bb03,2018-08,Hertfordshire Constabulary,Hertfordshire Constabulary,-0.168950,51.892457,On or near Supermarket,E01023793,Stevenage 010C,Investigation complete; no suspect identified
8da683a336a510d601b049c121834b21147afaaa3ba64f9d87b5dc812d914022,2018-08,Hertfordshire Constabulary,Hertfordshire Constabulary,-0.380257,51.680785,On or near YORK WAY,E01023876,Watford 003D,Investigation complete; no suspect identified
721cdc71c9d165f16e58f80475ba327cbcf8f27dc16121fc88b8c819d96a20bc,2018-08,Hertfordshire Constabulary,Hertfordshire Constabulary,-0.468056,51.639233,On or near Theatre/Concert Hall,E01023851,Three Rivers 004D,Suspect charged
721cdc71c9d165f16e58f80475ba327cbcf8f27dc16121fc88b8c819d96a20bc,2018-08,Hertfordshire Constabulary,Hertfordshire Constabulary,-0.468056,51.639233,On or near Theatre/Concert Hall,E01023851,Three Rivers 004D,Suspect charged
769792e4abd3ce9cb69b052ffc34c009ee4fc6ccf5ac9960b241b5e2fc6445e4,2018-08,Hertfordshire Constabulary,Hertfordshire Constabulary,-0.380257,51.680785,On or near YORK WAY,E01023876,Watford 003D,Investigation complete; no suspect identified
e36cc33dbd557a9a267a3848a0e4bbff7456c5d652f5d93369c97807d096a198,2018-08,Hertfordshire Constabulary,Hertfordshire Constabulary,-0.161105,51.912665,On or near HAYFIELD,E01023770,Stevenage 004D,Investigation complete; no suspect identified
83fb061a2af4ce7c8c8dead64061f326b2e9622c04bcbbf91104b27a4b3168fb,2018-08,Hertfordshire Constabulary,Hertfordshire Constabulary,-0.443784,51.646656,On or near SOUTHAM MEWS,E01023826,Three Rivers 006F,Unable to prosecute suspect
f9c9af406470d6ef646c88d769fa1d9533b38b7e18c74d73cc2026ff867b4bb7,2018-08,Hertfordshire Constabulary,Hertfordshire Constabulary,-0.351461,51.819552,On or near GRANT GARDENS,E01023689,St Albans 002E,Investigation complete; no suspect identified
933c257441a32f047cdf7242df2a78d86163addd442e2f8c604fa2ad43331323,2018-08,Hertfordshire Constabulary,Hertfordshire Constabulary,-0.202379,51.902935,On or near Shopping Area,E01023758,Stevenage 008D,Suspect charged
14bd5904b0b1d03849ed00971db6e28498ec547c2175d8b729ac58e0e708e6bc,2018-08,Hertfordshire Constabulary,Hertfordshire Constabulary,-0.189746,51.790045,On or near HOMESTEAD COURT,E01023939,Welwyn Hatfield 009A,Unable to prosecute suspect
72c1ce2ded71bb7b4329eb908766a73d28385c0e77ac9980b5718a8e342044b4,2018-08,Hertfordshire Constabulary,Hertfordshire Constabulary,-0.197809,51.791500,On or near SANDPIT ROAD,E01023956,Welwyn Hatfield 007C,Investigation complete; no suspect identified
57d3a5a802394a119c4cdf9146fe1b2e308397ba0dea0a589e5ad79c46a51d13,2018-08,Hertfordshire Constabulary,Hertfordshire Constabulary,-0.178460,51.920336,On or near Petrol Station,E01023774,Stevenage 003D,Suspect charged
d199f8b80d39eb5ba09b4e05c1e4c558da271e49f0d944273d296c2f0b40b44b,2018-08,Hertfordshire Constabulary,Hertfordshire Constabulary,-0.178460,51.920336,On or near Petrol Station,E01023774,Stevenage 003D,Investigation complete; no suspect identified
2e60821abc8caaa1c0ab83585b4147fa7ec918ea42f8c1d7d2cccd3413fc3503,2018-08,Hertfordshire Constabulary,Hertfordshire Constabulary,-0.343636,51.637049,On or near SPRINGFIELD,E01023549,Hertsmere 013B,Unable to prosecute suspect
5e7fd5c31d145bfa03e3be428397e2fe1386b39e8f8d7a5680a709e9937d3192,2018-08,Hertfordshire Constabulary,Hertfordshire Constabulary,-0.504418,51.758574,On or near THE PASTURES,E01023428,Dacorum 011C,Investigation complete; no suspect identified
92e915a4d42e6efd34661bedf55d28eadf5bcf55b35cea65f635d31908c9f835,2018-08,Hertfordshire Constabulary,Hertfordshire Constabulary,-0.083799,51.796423,On or near NEAL COURT,E01023470,East Hertfordshire 014A,Unable to prosecute suspect
67dff129bb296ccf25e596299bf9a3b94b25c07fac6c997f4c420f8cad83a798,2018-08,Hertfordshire Constabulary,Hertfordshire Constabulary,-0.343600,51.754152,On or near KNIGHTS ORCHARD,E01023745,St Albans 014D,Investigation complete; no suspect identified
aae1694206412a0586516258a4d75a3b45aa2d62ab6d26a42a3fb896305ac635,2018-08,Hertfordshire Constabulary,Hertfordshire Constabulary,-0.026384,51.714021,On or near WAVELL CLOSE,E01023306,Broxbourne 008E,Investigation complete; no suspect identified
2ae3077b745c4c40aede217151afebcd758a658b8324d6040158312a435ddf4b,2018-08,Hertfordshire Constabulary,Hertfordshire Constabulary,-0.186185,52.016164,On or near NEWNHAM ROAD,E01023585,North Hertfordshire 005A,Investigation complete; no suspect identified
ebb73557de35bfb4ba0096410d31d456f1533f48ba087795e40c775214a27291,2018-08,Hertfordshire Constabulary,Hertfordshire Constabulary,0.006345,51.770541,On or near Park/Open Space,E01023504,East Hertfordshire 018E,Investigation complete; no suspect identified
9d0f8763a553deafe4c92970cd6b6a74601dff5ce7decf1a2a5c9d479cb19a08,2018-08,Hertfordshire Constabulary,Hertfordshire Constabulary,-0.413680,51.700771,On or near QUEENS DRIVE,E01023830,Three Rivers 002B,Unable to prosecute suspect
07e93702d95cc31287e5b919d7cff3cbd084cd07503fe0c5b4a857df44ece640,2018-08,Hertfordshire Constabulary,Hertfordshire Constabulary,-0.330206,51.744916,On or near CORNWALL ROAD,E01023741,St Albans 017E,Investigation complete; no suspect identified
089cca7aebda2a9af3922108247e61a41d10b7ea1f205c59f5231210c8724dbc,2018-08,Hertfordshire Constabulary,Hertfordshire Constabulary,0.175179,51.885375,On or near Petrol Station,E01023450,East Hertfordshire 004B,Investigation complete; no suspect identified
aecfcfbec23cdecffbfb937f532a48b25a5e8da00c58e4c16b15cbb2ac7afa7d,2018-08,Hertfordshire Constabulary,Hertfordshire Constabulary,-0.241813,51.973721,On or near CHILTERN VIEW,E01023646,North Hertfordshire 008C,Investigation complete; no suspect identified
828246dd5887dabd53eb6dd75fc3ede94fcf0acff03e314ab38c0b7f337b1d02,2018-08,Hertfordshire Constabulary,Hertfordshire Constabulary,-0.232928,51.749959,On or near DOWNS LANE,E01023937,Welwyn Hatfield 013E,Suspect charged
401e133dbed96d93b455e8015115739ed06250a3c693267e10a5ec8d609f6258,2018-08,Hertfordshire Constabulary,Hertfordshire Constabulary,-0.392064,51.646777,On or near Sports/Recreation Area,E01023862,Watford 009D,Investigation complete; no suspect identified
15de2a3acf2b9fed9dc31a913ec45b4231b1976d73a529bf721e1c62da530890,2018-08,Hertfordshire Constabulary,Hertfordshire Constabulary,-0.022125,51.737968,On or near Petrol Station,E01023340,Broxbourne 005A,Investigation complete; no suspect identified
b5219e9cf044054e85d51601a9f1b143c8e17b738fde31c856d08da6b0b847ca,2018-08,Hertfordshire Constabulary,Hertfordshire Constabulary,-0.581128,51.764461,On or near DOUGLAS GARDENS,E01023369,Dacorum 012A,Unable to prosecute suspect
f39d5e06eca72691427ac4d1707d01de8b27e59fc706ab7a6b573822fbaf6fca,2018-08,Hertfordshire Constabulary,Hertfordshire Constabulary,-0.209431,51.907647,On or near Petrol Station,E01023776,Stevenage 002A,Investigation complete; no suspect identified
7e5b4342d92b3dff895a8c2ccbc2481f3969d43330bcf8665a5e8539a7729c1f,2018-08,Hertfordshire Constabulary,Hertfordshire Constabulary,-0.581128,51.764461,On or near DOUGLAS GARDENS,E01023369,Dacorum 012A,Suspect charged
69f7c3625c28bf5977285ef52d16507c7b69515e65b3f7676b6ee33d6a0748b6,2018-08,Hertfordshire Constabulary,Hertfordshire Constabulary,-0.452049,51.738348,On or near GREAT ELMS ROAD,E01023359,Dacorum 020C,Unable to prosecute suspect
cb780297dec3225db47a4f63122ffe974ca896ae8926f3ebb545bc1b5ab891dd,2018-08,Hertfordshire Constabulary,Hertfordshire Constabulary,-0.348057,51.807887,On or near BOWLING CLOSE,E01023701,St Albans 003C,Suspect charged
3f9fe2ce61bafde4e67a7a3ca0eb34f84f8a58cbaa108950249b7c5d684b7cfd,2018-08,Hertfordshire Constabulary,Hertfordshire Constabulary,-0.253778,51.651025,On or near KNEBWORTH PATH,E01023547,Hertsmere 009D,Unable to prosecute suspect
550fd18d94245b76ce7f6808899c312fdfe7ffc00268af6328ba48a6b86d0317,2018-08,Hertfordshire Constabulary,Hertfordshire Constabulary,-0.184271,51.892380,On or near Parking Area,E01023794,Stevenage 010D,Investigation complete; no suspect identified
7faffd5911a1cbd6b049b84a778ee8ee0ce08f107b3d56aadc1e3c6915979d46,2018-08,Hertfordshire Constabulary,Hertfordshire Constabulary,0.127480,51.818121,On or near WEST ROAD,E01023496,East Hertfordshire 009C,Investigation complete; no suspect identified
e8c6c810ee61284a41d9189f692cbceefd3940cf27ddee8e19a554062d7ba5dc,2018-08,Hertfordshire Constabulary,Hertfordshire Constabulary,0.163765,51.881593,On or near GRANGESIDE,E01023450,East Hertfordshire 004B,Investigation complete; no suspect identified
640bd1e65042d716b99a67f6aec3e5f3888db6b78ec2f8066cdcc0e0379f4cb5,2018-08,Hertfordshire Constabulary,Hertfordshire Constabulary,0.179890,51.863202,On or near BOWLING LANE,E01023442,East Hertfordshire 005E,Investigation complete; no suspect identified
63a4f2d9dc32e086a93ba755bc85af752208e0032bf4c70d2a4cc7a2b0757b02,2018-08,Hertfordshire Constabulary,Hertfordshire Constabulary,-0.028018,51.810491,On or near Parking Area,E01023514,East Hertfordshire 012C,Investigation complete; no suspect identified
f8de46328eaf5752621f85cf314b9379a1b63e0443c4841dffbbb7b141913382,2018-08,Hertfordshire Constabulary,Hertfordshire Constabulary,-0.228835,51.763107,On or near Supermarket,E01023920,Welwyn Hatfield 012A,Unable to prosecute suspect
4ef1c3895ea88036a6e89766932162d076e655dd4d0bfd07da822c88a2c6dd1b,2018-08,Hertfordshire Constabulary,Hertfordshire Constabulary,-0.060623,51.830582,On or near WESTMILL ROAD,E01023485,East Hertfordshire 010A,Investigation complete; no suspect identified
d9be010a197bd68cb9cb5406a4975021c51f4f6779e04299597e5b0334d54991,2018-08,Hertfordshire Constabulary,Hertfordshire Constabulary,-0.359823,51.819427,On or near Petrol Station,E01023699,St Albans 003A,Investigation complete; no suspect identified
8b3eb05cf91b5358c8e5b33a8a343fc136f72c97120d649259aafe5168b043e7,2018-08,Hertfordshire Constabulary,Hertfordshire Constabulary,-0.025398,51.730334,On or near Petrol Station,E01023342,Broxbourne 005C,Investigation complete; no suspect identified
f26f30553dc24ef44101160782123db69ece63cdaa8a07b6319850a115177858,2018-08,Hertfordshire Constabulary,Hertfordshire Constabulary,-0.190951,51.796916,On or near BARNARD GREEN,E01023958,Welwyn Hatfield 007E,Investigation complete; no suspect identified
b565ff87b3fedf633d67476990a9b89a4cf4c83b1211fd219de97cfd43c8ea05,2018-08,Hertfordshire Constabulary,Hertfordshire Constabulary,-0.226117,51.978917,On or near LEYS AVENUE,E01023644,North Hertfordshire 008A,Investigation complete; no suspect identified
c45806ca8a479db0ce843eb2e46667e0dc58061ff3c25f2af679fce77d3fdf61,2018-08,Hertfordshire Constabulary,Hertfordshire Constabulary,-0.393643,51.648705,On or near LAMMAS ROAD,E01023862,Watford 009D,Investigation complete; no suspect identified
b83f90e704748fcde264ef9f25b5348a8ef7e99d3ec6adcde62aa7233aba0290,2018-08,Hertfordshire Constabulary,Hertfordshire Constabulary,-0.466182,51.756364,On or near NORMANDY COURT,E01023401,Dacorum 008A,Investigation complete; no suspect identified
393330e6cf25eafdd12ea584dc7b2ce31323e8af4dfee6e174ea4b45a8b2e628,2018-08,Hertfordshire Constabulary,Hertfordshire Constabulary,-0.186998,51.906215,On or near Petrol Station,E01023781,Stevenage 006D,Investigation complete; no suspect identified
1fecdfed71e3b27ca59f9b577e1e15934b5f382af455a385beb35cf14b9ad908,2018-08,Hertfordshire Constabulary,Hertfordshire Constabulary,-0.471424,51.749149,On or near Shopping Area,E01023398,Dacorum 015D,Investigation complete; no suspect identified
87342b45348328a1fba86393985589151496a2c590eb3860cb40069a6dcca57f,2018-08,Hertfordshire Constabulary,Hertfordshire Constabulary,-0.457302,51.771642,On or near RUNCORN CRESCENT,E01023393,Dacorum 007A,Investigation complete; no suspect identified
d35f5eaa651f3b7fc10934d26a8a6bc71f188247a6c616b35f2afe36c4ae4cc6,2018-08,Hertfordshire Constabulary,Hertfordshire Constabulary,0.018687,52.004513,On or near Sports/Recreation Area,E01023598,North Hertfordshire 005D,Investigation complete; no suspect identified
9072971410a7509f45fd2299fe74d80aa91d4a9db8b90f8d47556fe009efe34b,2018-08,Hertfordshire Constabulary,Hertfordshire Constabulary,-0.253704,51.758192,On or near BRAMBLE ROAD,E01023938,Welwyn Hatfield 010D,Investigation complete; no suspect identified
10bd7554955b5dd727a43373d5f15f37034168f4f0118e2e43bff1a335b85831,2018-08,Hertfordshire Constabulary,Hertfordshire Constabulary,-0.200649,51.900023,On or near SOUTHGATE,E01023758,Stevenage 008D,Investigation complete; no suspect identified
1ce1e190a461c57d4ae54c21c84b4601ded15475c9534e7c7f8848e7cd98ea7a,2018-08,Hertfordshire Constabulary,Hertfordshire Constabulary,-0.395758,51.655118,On or near HIGH STREET,E01023862,Watford 009D,Suspect charged
2fe3ea2e3e2e165dfd38c17b6730796303cd225c2bfc28e2467190732e724bd4,2018-08,Hertfordshire Constabulary,Hertfordshire Constabulary,-0.397080,51.657007,On or near Theatre/Concert Hall,E01023861,Watford 009C,Suspect charged
5768442b522d74e2a588819b75f1ebddffb334389a48ff8e5ac7354c0d358106,2018-08,Hertfordshire Constabulary,Hertfordshire Constabulary,-0.246813,51.848126,On or near HEATH HILL,E01023595,North Hertfordshire 015A,Investigation complete; no suspect identified
ce6abb2a7953d8f93cf98e76dd51d832c641f03ada80bba5f4e9e9d12ce58bf4,2018-08,Hertfordshire Constabulary,Hertfordshire Constabulary,-0.331895,51.677006,On or near FAIRFIELD CLOSE,E01023527,Hertsmere 005E,Unable to prosecute suspect
2767c32843e1b65b200d551ceabd1135b7a3d072325ff7f4877091b53e80ffd9,2018-08,Hertfordshire Constabulary,Hertfordshire Constabulary,-0.195728,51.917643,On or near HEADINGLEY CLOSE,E01023777,Stevenage 002B,Investigation complete; no suspect identified
1bbbb9ba1e78a47935c79f8b79366565a1ddf7f539d62a9c8163a528f9084e30,2018-08,Hertfordshire Constabulary,Hertfordshire Constabulary,-0.189227,51.795783,On or near SHORTLANDS GREEN,E01023958,Welwyn Hatfield 007E,Investigation complete; no suspect identified
b4fcd6b8ed591553a6d4dc8674f8af69e109755c3c06bedfd50ceab6410847cc,2018-08,Hertfordshire Constabulary,Hertfordshire Constabulary,-0.333128,51.751729,On or near LIVERPOOL ROAD,E01023727,St Albans 012B,Investigation complete; no suspect identified
3536911587ec8153e3f8b96ac5292545c93313fa844ee602908962a4fd0d17a5,2018-08,Hertfordshire Constabulary,Hertfordshire Constabulary,-0.245763,51.737248,On or near FELLOWES LANE,E01023964,Welwyn Hatfield 014C,Investigation complete; no suspect identified
59dee9f19d265230d7b7e2ae6b4b7f2fbcdf1f087fd71b4d2afe1f611a6d67a9,2018-08,Hertfordshire Constabulary,Hertfordshire Constabulary,-0.483285,51.636283,On or near UXBRIDGE ROAD,E01023852,Three Rivers 007D,Investigation complete; no suspect identified
12da20fd5e0817a3fd917cc8c80c502aa591db20fdab3e3ee40b4e013220e0cf,2018-08,Hertfordshire Constabulary,Hertfordshire Constabulary,-0.365140,51.644652,On or near HIGH STREET,E01023563,Hertsmere 012F,Investigation complete; no suspect identified
2bde1d80bccc890ce424a66c7ff19b080776ccd72530e69542d9135fa2df6d87,2018-08,Hertfordshire Constabulary,Hertfordshire Constabulary,-0.204428,51.821617,On or near REDWOODS,E01023962,Welwyn Hatfield 003D,Investigation complete; no suspect identified
a2c3e5359039fb63158ec74aa46bba58ed219eeddb11965df39a9365fdbcf80c,2018-08,Hertfordshire Constabulary,Hertfordshire Constabulary,-0.053394,51.712044,On or near WHEATCROFT,E01023326,Broxbourne 009D,Action to be taken by another organisation
25ec016207dbafeb97331810255ef5b7532a4d43b2dc63e08894f222a5767874,2018-08,Hertfordshire Constabulary,Hertfordshire Constabulary,-0.471010,51.749413,On or near WOLSEY ROAD,E01023398,Dacorum 015D,Investigation complete; no suspect identified
307cff76377ce7fa02efe7e88e62d8779b6068a69aef4ac22a6d4cfd2e247154,2018-08,Hertfordshire Constabulary,Hertfordshire Constabulary,-0.188030,51.884902,On or near Parking Area,E01023783,Stevenage 011A,Investigation complete; no suspect identified
541e81d96f7ee300bbd8d61072fbd639e450238fe3becb8d9aecbfc9df91de7f,2018-08,Hertfordshire Constabulary,Hertfordshire Constabulary,-0.453613,51.727299,On or near NASH MILLS LANE,E01023407,Dacorum 022B,Investigation complete; no suspect identified
9a08d2aeace88afbf48e31d6152470dbd9cefae398d62dd6c749b564c1e34af1,2018-08,Hertfordshire Constabulary,Hertfordshire Constabulary,-0.398009,51.656903,On or near Shopping Area,E01023861,Watford 009C,Offender given penalty notice
648a7f9d532b24b9cec7436396fa686fed9dae6031a246c5fec889abc1042bef,2018-08,Hertfordshire Constabulary,Hertfordshire Constabulary,-0.455184,51.756822,On or near LAUREL CLOSE,E01023351,Dacorum 015C,Investigation complete; no suspect identified
2eaa4b46c79e0f6dc0d3717a61ef82f12ae370f6818e4397d59c5d3f25b3eaff,2018-08,Hertfordshire Constabulary,Hertfordshire Constabulary,-0.327877,51.681238,On or near GILLS HILL LANE,E01023527,Hertsmere 005E,Investigation complete; no suspect identified
6330b85c293ada9e9ee1e9ca6b2beb90b9d9cee0d475531c1849607041006573,2018-08,Hertfordshire Constabulary,Hertfordshire Constabulary,-0.437239,51.814537,On or near LINNINS POND,E01023431,Dacorum 001B,Investigation complete; no suspect identified
faeabd32683e30ea75ce699a5277771f22dbda72678e9870f12135c85dc2a29d,2018-08,Hertfordshire Constabulary,Hertfordshire Constabulary,-0.302281,51.672922,On or near Park/Open Space,E01023524,Hertsmere 005B,Unable to prosecute suspect
2cf773d96598af45f3071232b31b94a137984e1276939ff346abbd5de8a943da,2018-08,Hertfordshire Constabulary,Hertfordshire Constabulary,-0.340944,51.749933,On or near SUMPTER YARD,E01023743,St Albans 014B,Investigation complete; no suspect identified
4442ff0a7916a10435384695db89e7d6cb57b4f757b1129e49f447863ff84e2f,2018-08,Hertfordshire Constabulary,Hertfordshire Constabulary,-0.215170,51.980289,On or near ASCOT DRIVE,E01023631,North Hertfordshire 006B,Unable to prosecute suspect
ed706d07cf740daba37ba1de7da72d43313b4eac5f56ff360c338dc66a22f9f5,2018-08,Hertfordshire Constabulary,Hertfordshire Constabulary,-0.226114,51.982657,On or near CROSS STREET,E01023634,North Hertfordshire 006E,Investigation complete; no suspect identified
ec4df1f74a9ac5264fde3cd83bdf3aac1cae17931512d3d2935eb4402f2405a7,2018-08,Hertfordshire Constabulary,Hertfordshire Constabulary,-0.045929,51.706911,On or near BRIAR CLOSE,E01023294,Broxbourne 011B,Investigation complete; no suspect identified
20e4f278dce9835e7299fc6e8c169e5bebdb0ad4b82fd4dc528d7cdc4c9419c8,2018-08,Hertfordshire Constabulary,Hertfordshire Constabulary,-0.085584,51.796731,On or near SWALLOW COURT,E01023470,East Hertfordshire 014A,Investigation complete; no suspect identified
25b72995e640de6d2d4416b11bc69fbf76e55d31262f31862977912c089e86e9,2018-08,Hertfordshire Constabulary,Hertfordshire Constabulary,0.169294,51.878128,On or near CANNONS CLOSE,E01023451,East Hertfordshire 004C,Investigation complete; no suspect identified
c96f8864e6b1fe31b5cdc46aeae4cec2b93ebdfdc3f00485baf31638b16c2234,2018-08,Hertfordshire Constabulary,Hertfordshire Constabulary,-0.660235,51.801194,On or near SILK MILL WAY,E01023418,Dacorum 003A,Unable to prosecute suspect
7b28f9fc072776b88d9a6127361044ccc07bd79795ff86ccb467a0df5ebc2a90,2018-08,Hertfordshire Constabulary,Hertfordshire Constabulary,-0.022967,52.046835,On or near GEORGE LANE,E01023660,North Hertfordshire 001A,Offender given a caution
b055c21451d9abefb1d4588eb321e336c3b5cbf7a6d65eec11e4bd13b1b78c42,2018-08,Hertfordshire Constabulary,Hertfordshire Constabulary,-0.399735,51.659201,On or near Parking Area,E01023861,Watford 009C,Investigation complete; no suspect identified
4f591bcd56c11383f4dfb26b44dc000c1f1b2f359e5417a300254ee9ea135f75,2018-08,Hertfordshire Constabulary,Hertfordshire Constabulary,-0.393737,51.672230,On or near CHISWELL COURT,E01023858,Watford 006D,Investigation complete; no suspect identified
f4296caaf1143645f3f9ef137fd0a2ab41a06335e8ddcdf1fc0690955fdf6e00,2018-08,Hertfordshire Constabulary,Hertfordshire Constabulary,-0.442843,51.755032,On or near LEVERSTOCK GREEN ROAD,E01023345,Dacorum 013A,Investigation complete; no suspect identified
1b3dfd4e74d9f5802b183874916993c705fa8cee74e8833755ed56e86e239b2b,2018-08,Hertfordshire Constabulary,Hertfordshire Constabulary,-0.452049,51.738348,On or near GREAT ELMS ROAD,E01023359,Dacorum 020C,Unable to prosecute suspect
ff0881fca15f7e719eed71ba3815c188c6950e8ed0b3ecfc2c24625ef57bb1b5,2018-08,Hertfordshire Constabulary,Hertfordshire Constabulary,-0.417041,51.681592,On or near CHILCOTT ROAD,E01023868,Watford 004A,Investigation complete; no suspect identified
3b28444f78621822351c31a508f103886460e2c5ba1af54b5f60598c696e9ca6,2018-08,Hertfordshire Constabulary,Hertfordshire Constabulary,-0.166898,51.900743,On or near MARLBOROUGH ROAD,E01023760,Stevenage 007B,Investigation complete; no suspect identified
b2925210dc604b3795eb755fbfa8fe385c6595b21161a3ed2885b27f0804485e,2018-08,Hertfordshire Constabulary,Hertfordshire Constabulary,-0.277508,51.659936,On or near BADMINTON CLOSE,E01023532,Hertsmere 007D,Unable to prosecute suspect
9d18b21fa6de7d262c25d254965394d8038fae2a91f6496a0aafb9ed0b955f04,2018-08,Hertfordshire Constabulary,Hertfordshire Constabulary,0.147955,51.813873,On or near Petrol Station,E01023501,East Hertfordshire 011C,Investigation complete; no suspect identified
56627443419341e259949292e304f07374f161825e357c768c8352b1bbf6ccdc,2018-08,Hertfordshire Constabulary,Hertfordshire Constabulary,-0.521372,51.772726,On or near BROWNS SPRING,E01023355,Dacorum 006A,Investigation complete; no suspect identified
38b567037233871c6eaa0451d807b1deaba083ae9413bba4ba5140ec9bb0d4f6,2018-08,Hertfordshire Constabulary,Hertfordshire Constabulary,-0.208676,51.899579,On or near KINGS WAY,E01023758,Stevenage 008D,Investigation complete; no suspect identified
460873ff60d11706b328e41d880b1620d3cd927c528e896e20bb4cc4f11c61ad,2018-08,Hertfordshire Constabulary,Hertfordshire Constabulary,-0.206601,51.910436,On or near Parking Area,E01023775,Stevenage 006A,Investigation complete; no suspect identified
5b485d5a19b12958ad438d17ae31db35c1041873d0c14f4ddd894d13822f234d,2018-08,Hertfordshire Constabulary,Hertfordshire Constabulary,-0.211912,51.924230,On or near Hospital,E01023800,Stevenage 002E,Investigation complete; no suspect identified
1723a8503ff3dd2d23b1911a38110f9655093337c79ff1a37f57d42194d6df6b,2018-08,Hertfordshire Constabulary,Hertfordshire Constabulary,-0.471526,51.753008,On or near Parking Area,E01023398,Dacorum 015D,Suspect charged
1723a8503ff3dd2d23b1911a38110f9655093337c79ff1a37f57d42194d6df6b,2018-08,Hertfordshire Constabulary,Hertfordshire Constabulary,-0.471526,51.753008,On or near Parking Area,E01023398,Dacorum 015D,Suspect charged
9f7ef27cf74046f32958e86ac60502e42d0cae0486e85a331a256fca43dfebf9,2018-08,Hertfordshire Constabulary,Hertfordshire Constabulary,-0.174779,51.924694,On or near EXETER CLOSE,E01023789,Stevenage 001C,Investigation complete; no suspect identified
838ded104d3316611e4c57ce7fbff14064935d89c2696ab273f0d78daaf8a45b,2018-08,Hertfordshire Constabulary,Hertfordshire Constabulary,-0.362530,51.646090,On or near HERKOMER ROAD,E01023563,Hertsmere 012F,Investigation complete; no suspect identified
65cbbe8dc1b2614340b6739e1639bf8fb751fed0db8cf8191e1966cf357f8d93,2018-08,Hertfordshire Constabulary,Hertfordshire Constabulary,-0.266150,51.649545,On or near OAK FARM,E01023540,Hertsmere 011B,Investigation complete; no suspect identified
b496286b89a2046220426fe0504049c3f64d2768ee3f8ecf74557ca00481be6c,2018-08,Hertfordshire Constabulary,Hertfordshire Constabulary,0.003301,51.756799,On or near Parking Area,E01023321,Broxbourne 003B,Unable to prosecute suspect
78cb73dc479c20fa95f473854e8e6f9cd1613d6c5e26d9558c5c70c2379df549,2018-08,Hertfordshire Constabulary,Hertfordshire Constabulary,-0.179130,51.897318,On or near SIX HILLS WAY,E01023756,Stevenage 008B,Investigation complete; no suspect identified
5599c0edc88ba28f155dad6b747001bddc927d741601414e6e2ace2a0a3b8bf4,2018-08,Hertfordshire Constabulary,Hertfordshire Constabulary,-0.175283,51.898643,On or near Pedestrian Subway,E01023792,Stevenage 010B,Suspect charged
0b53d5ec05d126bc5cc68b236d8933763e2679f582475ed471d9aa3a5efe842f,2018-08,Hertfordshire Constabulary,Hertfordshire Constabulary,-0.460225,51.742376,On or near RISEDALE HILL,E01023389,Dacorum 019D,Unable to prosecute suspect
c0a76269c27c00994f2be27ef7cfe1639afe5dfdb057c6c53ca6b2e0003165fe,2018-08,Hertfordshire Constabulary,Hertfordshire Constabulary,-0.195728,51.917643,On or near HEADINGLEY CLOSE,E01023777,Stevenage 002B,Investigation complete; no suspect identified
fdf53f3a479fef5b961a9276a1a00fab10259e49970af9dd270147f6cd189d93,2018-08,Hertfordshire Constabulary,Hertfordshire Constabulary,-0.408309,51.664542,On or near DELLFIELD CLOSE,E01023879,Watford 007B,Unable to prosecute suspect
615764c7411fedccb3a95c465fe50976bf328d2a2c27985b707d11658f6853d1,2018-08,Hertfordshire Constabulary,Hertfordshire Constabulary,-0.195728,51.917643,On or near HEADINGLEY CLOSE,E01023777,Stevenage 002B,Investigation complete; no suspect identified
b1a90d57e3e987e0d5c285ae15a3cbc0ab1234539be81bfd505b7b812d5244d7,2018-08,Hertfordshire Constabulary,Hertfordshire Constabulary,0.146677,51.809580,On or near WILLOW MEAD,E01023503,East Hertfordshire 011E,Investigation complete; no suspect identified
7662e6393c2b49b56a4bd9c384c31e31d95f95c225a0bd11aa3b0b3682f57d3f,2018-08,Hertfordshire Constabulary,Hertfordshire Constabulary,-0.035993,51.710063,On or near WOOLPACK COURT,E01023303,Broxbourne 008B,Investigation complete; no suspect identified
96c23c3280fae8e1be354c01e124d510771cf34cd97caa7b0c6d50b7a3ee4e2a,2018-08,Hertfordshire Constabulary,Hertfordshire Constabulary,-0.168726,51.905456,On or near WARWICK ROAD,E01023759,Stevenage 007A,Unable to prosecute suspect
c580f2ce051e70413340bed45e78f29b78bf0217ab016825f092bb506bbe4b1e,2018-08,Hertfordshire Constabulary,Hertfordshire Constabulary,-0.008208,51.760645,On or near Supermarket,E01023320,Broxbourne 003A,Investigation complete; no suspect identified
bb17006b92e8963a7152516705a0f5fe01d684047b6966da13be74da93a7cf82,2018-08,Hertfordshire Constabulary,Hertfordshire Constabulary,-0.337633,51.743043,On or near LEYLAND AVENUE,E01023741,St Albans 017E,Investigation complete; no suspect identified
52e227444ae57f02d2ab17bee86d09b6220b9a5126f287ffe6dacfa4a43e1f46,2018-08,Hertfordshire Constabulary,Hertfordshire Constabulary,-0.202790,51.901746,On or near Bus/Coach Station,E01023758,Stevenage 008D,Suspect charged
c8127b1d26ad1f1c91543fc1862cdc3f15c7b9038e012fcf28b38b7a348b678a,2018-08,Hertfordshire Constabulary,Hertfordshire Constabulary,-0.389951,51.679470,On or near Supermarket,E01023896,Watford 005B,Investigation complete; no suspect identified
61f0ec5e5ee1035c7560a163d00ec80410f2383c7b547743226aafdba3e8a963,2018-08,Hertfordshire Constabulary,Hertfordshire Constabulary,-0.035309,51.697804,On or near LABURNUM CLOSE,E01023333,Broxbourne 012B,Investigation complete; no suspect identified
1a758aee4fcf127c90ce5aa27200db3548f5d6b6171042141363a26b09aa1d02,2018-08,Hertfordshire Constabulary,Hertfordshire Constabulary,-0.037445,51.718001,On or near Supermarket,E01023305,Broxbourne 008D,Unable to prosecute suspect
a8436dbd97bb39b3fb1d9afe7fbd79fd5ce6195a574551ac6e12cfda6692be25,2018-08,Hertfordshire Constabulary,Hertfordshire Constabulary,-0.461098,51.766117,On or near TEESDALE,E01023405,Dacorum 008E,Investigation complete; no suspect identified
45644036bd7ed0c957b50621d46a92da08beb4c509763db8afc88f8e49ad8366,2018-08,Hertfordshire Constabulary,Hertfordshire Constabulary,-0.349819,51.716302,On or near WOOD END,E01023721,St Albans 019D,Unable to prosecute suspect
55cda4b887c2ff6c7b4c2dc86f5c2dcfd81d6b2207a6b92fbbd8f111c84495ef,2018-08,Hertfordshire Constabulary,Hertfordshire Constabulary,-0.180521,51.789058,On or near Supermarket,E01023946,Welwyn Hatfield 008D,Suspect charged
2f6b7d4d6fe5d6bf7f48c0ae43d00d1913d5f3c3829623c48f9f751d65f1a177,2018-08,Hertfordshire Constabulary,Hertfordshire Constabulary,-0.011362,51.762740,On or near Shopping Area,E01023323,Broxbourne 003D,Investigation complete; no suspect identified
c9d60ad2df0d9aabf2df8c6f8a5e85638e0031c949c089a31548ea8dbf64f7c2,2018-08,Hertfordshire Constabulary,Hertfordshire Constabulary,0.064180,51.843628,On or near MILLERS VIEW,E01023497,East Hertfordshire 009D,Investigation complete; no suspect identified
274b5ee094b336df9a4aea553ba7b75b1c1c94cc93a6260e3d27923ba2fc71be,2018-08,Hertfordshire Constabulary,Hertfordshire Constabulary,-0.221821,51.922267,On or near CAISTER CLOSE,E01023795,Stevenage 005A,Investigation complete; no suspect identified
66dccd98e442d4ad4f5db12578e063d833233d1a7c51e3c30f648ff84c4868d5,2018-08,Hertfordshire Constabulary,Hertfordshire Constabulary,0.159718,51.871137,On or near DEVOILS LANE,E01023449,East Hertfordshire 004A,Unable to prosecute suspect
1ccfc57e844a161ab06164b296b82d48d3b6eb67a0c6617065041aa4d3d44979,2018-08,Hertfordshire Constabulary,Hertfordshire Constabulary,-0.050028,51.710864,On or near FURZEFIELD,E01023326,Broxbourne 009D,Investigation complete; no suspect identified
0e55e7ef841d17ee7a8845dc1ef141bd266662f659443cb3f402d084e3988d48,2018-08,Hertfordshire Constabulary,Hertfordshire Constabulary,-0.285739,51.951566,On or near OUGHTON HEAD WAY,E01023616,North Hertfordshire 012F,Investigation complete; no suspect identified
cc6d097ce21cc9fbebc0a164de8a265341bfdc6f7617a7bdce7431eab87868a7,2018-08,Hertfordshire Constabulary,Hertfordshire Constabulary,-0.034030,51.686569,On or near SWAN ROAD,E01023337,Broxbourne 013B,Offender given a caution
cb511b08ad92fb413946af00ff39ba972906a46f84595786e57e2d9aa2e52fe8,2018-08,Hertfordshire Constabulary,Hertfordshire Constabulary,-0.395434,51.679869,On or near ST ALBANS ROAD,E01023896,Watford 005B,Investigation complete; no suspect identified
d4904d16ec894e6d12e4f7bd938b0902af2a5a51b2b0b87643f12eb69411a5ff,2018-08,Hertfordshire Constabulary,Hertfordshire Constabulary,-0.342116,51.759868,On or near FALMOUTH COURT,E01023670,St Albans 009B,Investigation complete; no suspect identified
8e95a482df6a5dab46cb72037f2a046827f5f2923c02c439b1aa6a11d86a8042,2018-08,Hertfordshire Constabulary,Hertfordshire Constabulary,0.160339,51.870451,On or near Shopping Area,E01023449,East Hertfordshire 004A,Unable to prosecute suspect
ca81b7a343d76ecef11eb524d76de07e0ce39422e24b697292569430b6e520b0,2018-08,Hertfordshire Constabulary,Hertfordshire Constabulary,-0.009889,51.770862,On or near TREGELLES ROAD,E01023329,Broxbourne 002C,Investigation complete; no suspect identified
a5bbeef379f7b78a335acdebe1ad151971b4c4272215fe2788d8bc7cbacb5847,2018-08,Hertfordshire Constabulary,Hertfordshire Constabulary,-0.342494,51.810057,On or near ROWAN WAY,E01023703,St Albans 003E,Investigation complete; no suspect identified
e5a38db4cf24aa89b96d76a66510edf9a89a6f86e4e1990c4db1bcd4f9c3fa1e,2018-08,Hertfordshire Constabulary,Hertfordshire Constabulary,-0.061664,51.709564,On or near Sports/Recreation Area,E01023314,Broxbourne 009A,Unable to prosecute suspect
b9e9b1c317b51406dbf6c334eb2c57a4fb8f13062ca74101e2e29c1a76aa03c3,2018-08,Hertfordshire Constabulary,Hertfordshire Constabulary,-0.659564,51.799856,On or near Supermarket,E01023418,Dacorum 003A,Investigation complete; no suspect identified
7007a0c2323c9d480ea7fe6d249cc010ac7c710819dd9b4d6bd5e770ce83c529,2018-08,Hertfordshire Constabulary,Hertfordshire Constabulary,-0.189301,51.902456,On or near BEDWELL PARK,E01023757,Stevenage 008C,Unable to prosecute suspect
d063a1cc04f392684f2d461b330facbd587237364ede9d4334e6e5ac7f09f06e,2018-08,Hertfordshire Constabulary,Hertfordshire Constabulary,-0.256742,51.645350,On or near SADDLERS CLOSE,E01023543,Hertsmere 011E,Investigation complete; no suspect identified
ede7c85d0d864f38fe9a009082b51a545f2e01e56beb1c1c624000037984e01f,2018-08,Hertfordshire Constabulary,Hertfordshire Constabulary,-0.128681,51.919330,On or near BROCKWELL SHOTT,E01023509,East Hertfordshire 002E,Unable to prosecute suspect
041db13321273bd19a2a45b4ca804bc8da418a21515cdb229eb8b7acaf6756f9,2018-08,Hertfordshire Constabulary,Hertfordshire Constabulary,-0.031930,52.056930,On or near Sports/Recreation Area,E01023656,North Hertfordshire 002C,Investigation complete; no suspect identified
3561281f1368ceca43a472d1a50a4b8958a6333111a605ce39d21c50b08b34ed,2018-08,Hertfordshire Constabulary,Hertfordshire Constabulary,-0.018879,51.947297,On or near GATEHOUSE MEWS,E01023466,East Hertfordshire 001D,Investigation complete; no suspect identified
6ebf1d5c49bdef2b66ed493038fe4fe378c2146ab8bbf813c8f93538269821cb,2018-08,Hertfordshire Constabulary,Hertfordshire Constabulary,-0.031930,52.056930,On or near Sports/Recreation Area,E01023656,North Hertfordshire 002C,Investigation complete; no suspect identified
2141e25429b5d34a3c95085e13d10fc8d4fe70dc263b7c75cf4b53efef1a61d5,2018-08,Hertfordshire Constabulary,Hertfordshire Constabulary,-0.327499,51.756244,On or near ALTHORP ROAD,E01023676,St Albans 011D,Investigation complete; no suspect identified
fe9b1b063f63c9317804d90d8dd84315069ec77bcbf6f6c4642861dc3ebacaff,2018-08,Hertfordshire Constabulary,Hertfordshire Constabulary,-0.029406,52.053965,On or near CHARDING CRESCENT,E01023656,North Hertfordshire 002C,Investigation complete; no suspect identified
c00d4a5d66e43647d9599f2c1a486ad75be0fcc6db019839e0b02df25339cba0,2018-08,Hertfordshire Constabulary,Hertfordshire Constabulary,-0.401362,51.656508,On or near UPTON ROAD,E01023861,Watford 009C,Investigation complete; no suspect identified
0d3c3d207d98021cce4d236be31384ce82683322b93658c1c749f49616f7650f,2018-08,Hertfordshire Constabulary,Hertfordshire Constabulary,-0.273442,51.756964,On or near OAKLANDS LANE,E01023680,St Albans 015D,Investigation complete; no suspect identified
6f889aa55ce020486382e27c2eb2f2edd18c117b1c46cb20ebebbde3fad381c9,2018-08,Hertfordshire Constabulary,Hertfordshire Constabulary,-0.408146,51.653920,On or near SOUTHSEA AVENUE,E01023900,Watford 010B,Investigation complete; no suspect identified
91a539a560c752191bc4525f4bffa773f7ad028d7f70899fb15fdadd653c7f6c,2018-08,Hertfordshire Constabulary,Hertfordshire Constabulary,-0.377819,51.646168,On or near BRICK KILN CLOSE,E01023884,Watford 012C,Investigation complete; no suspect identified
d33947abd99f4419817c2f2433d7e695a08b1a6251bc3d799a96defeafd60002,2018-08,Hertfordshire Constabulary,Hertfordshire Constabulary,-0.457337,51.774430,On or near WASHINGTON AVENUE,E01023394,Dacorum 007B,Offender given a caution
3d7ca2d8a7de5ac2542983fc2454984b095dee7f061e30453b1e0a0a64f06dd7,2018-08,Hertfordshire Constabulary,Hertfordshire Constabulary,-0.267191,51.959333,On or near Park/Open Space,E01023605,North Hertfordshire 010E,Investigation complete; no suspect identified
5fb73545d1f3cd145c0b266a0e5e40f0e7df8977b487fc001823cbce22e2d7d8,2018-08,Hertfordshire Constabulary,Hertfordshire Constabulary,-0.321059,51.747834,On or near DELLFIELD,E01023666,St Albans 011A,Investigation complete; no suspect identified
5561d83325ee1672f8e0fa39b903270a48a2e7d6af18f998c7aff722a540b9d1,2018-08,Hertfordshire Constabulary,Hertfordshire Constabulary,-0.203199,51.772618,On or near BUSH HALL LANE,E01023925,Welwyn Hatfield 011B,Investigation complete; no suspect identified
7164a0790a94b53c24e1d6099117cb42f8065b6bf13adb2570d0c63c4cfbf2ff,2018-08,Hertfordshire Constabulary,Hertfordshire Constabulary,-0.031418,51.983601,On or near WHITELEY LANE,E01023465,East Hertfordshire 001C,Investigation complete; no suspect identified
0918ca16d0c3714a18ac5cb7260218a58457dfcf1f51f8b8b9c3cf3963303b65,2018-08,Hertfordshire Constabulary,Hertfordshire Constabulary,-0.273348,51.657924,On or near GROSVENOR ROAD,E01023530,Hertsmere 007B,Investigation complete; no suspect identified
710d1c796e6cdd20fbc5268f138d78887c2ed39ee85f3dc00e226e3b30fc2aea,2018-08,Hertfordshire Constabulary,Hertfordshire Constabulary,-0.339165,51.753028,On or near WADDINGTON ROAD,E01023727,St Albans 012B,Unable to prosecute suspect
f803a60c3f2f68e30eb6b1358d21f606be8b4f5dac68efba04652de21fb88e27,2018-08,Hertfordshire Constabulary,Hertfordshire Constabulary,-0.030950,52.053353,On or near BRAEBURN WALK,E01023656,North Hertfordshire 002C,Investigation complete; no suspect identified
5a489886de563187faede72c949d04a16960b3415665b5a27a177d617e2f3568,2018-08,Hertfordshire Constabulary,Hertfordshire Constabulary,-0.007714,51.764288,On or near MARSTON ROAD,E01023322,Broxbourne 003C,Unable to prosecute suspect
4653a7435a435c8362425f431ca76e7131af5c829c66f83709938727d7f165d9,2018-08,Hertfordshire Constabulary,Hertfordshire Constabulary,-0.388235,51.676470,On or near GREYCAINE ROAD,E01023896,Watford 005B,Investigation complete; no suspect identified
5c2d269f0bc02b63fdcf6b56e255b115d84b718951448dcb9cfc5608b65e08fa,2018-08,Hertfordshire Constabulary,Hertfordshire Constabulary,-0.417645,51.701203,On or near OAK GREEN,E01023830,Three Rivers 002B,Investigation complete; no suspect identified
11c31a994da16a6e80c79065ffe2738f8e273c81d77507151481f701002fd5a7,2018-08,Hertfordshire Constabulary,Hertfordshire Constabulary,-0.175423,51.923148,On or near SOUTHWARK CLOSE,E01023789,Stevenage 001C,Unable to prosecute suspect
d42a7e291d0209c9a02f740c459559308d649cdd3b457fc343e68c0b0edd31bf,2018-08,Hertfordshire Constabulary,Hertfordshire Constabulary,0.018687,52.004513,On or near Sports/Recreation Area,E01023598,North Hertfordshire 005D,Investigation complete; no suspect identified
d626bd63d84d0b4393de2126b2ae42190ecf1a68a9f56761d30564662094c2d8,2018-08,Hertfordshire Constabulary,Hertfordshire Constabulary,-0.280006,51.671482,On or near ST NEOTS CLOSE,E01023535,Hertsmere 006B,Investigation complete; no suspect identified
8b67d971a49a33ca720ff36cb24df8e13df94fdc8ff892a3b9b3c833c0396ad3,2018-08,Hertfordshire Constabulary,Hertfordshire Constabulary,-0.379769,51.685939,On or near TIBBLES CLOSE,E01023873,Watford 003A,Investigation complete; no suspect identified
11dd4bd5feebb38f7020eb5b7519a0173f17099b63216215cacbb9e307bb9076,2018-08,Hertfordshire Constabulary,Hertfordshire Constabulary,-0.312394,51.743619,On or near Supermarket,E01023683,St Albans 016C,Suspect charged
49da79b8bdef192b5953125acd2bd74dabb6177b9353672d3ea616e66ef26b1f,2018-08,Hertfordshire Constabulary,Hertfordshire Constabulary,-0.158991,51.894676,On or near Petrol Station,E01023750,Stevenage 009A,Investigation complete; no suspect identified
a8e2e965faf825f5e30c8f5a69b82603b883dcca92a7ba7b4fc2143e1092e934,2018-08,Hertfordshire Constabulary,Hertfordshire Constabulary,-0.186063,51.984943,On or near Supermarket,E01023592,North Hertfordshire 004F,Unable to prosecute suspect
18da64418ae701cd51d7b38b253e231b1191d1a2cf04bbc404f41c9f386c2660,2018-08,Hertfordshire Constabulary,Hertfordshire Constabulary,-0.383554,51.828522,On or near CROSSPATHS,E01023694,St Albans 001E,Investigation complete; no suspect identified
f229a104a3aacc0378e28df9fc6d092034f60c3656dba2b571bb24ad9a43ee92,2018-08,Hertfordshire Constabulary,Hertfordshire Constabulary,-0.312394,51.743619,On or near Supermarket,E01023683,St Albans 016C,Suspect charged
87c3d7aab06bd829eabf5529add20a547d4949cbbf00a411bccea98312844802,2018-08,Hertfordshire Constabulary,Hertfordshire Constabulary,-0.312394,51.743619,On or near Supermarket,E01023683,St Albans 016C,Unable to prosecute suspect
d0143dc7d9c9d28e9661b47029281972b42406f7055825fa1af2a08002462aec,2018-08,Hertfordshire Constabulary,Hertfordshire Constabulary,-0.268074,51.955300,On or near Sports/Recreation Area,E01023602,North Hertfordshire 010B,Investigation complete; no suspect identified
cd65d41a3f81f43120a87e9eacdce34ea8aad00c94f3036e4d054b278b12badf,2018-08,Hertfordshire Constabulary,Hertfordshire Constabulary,-0.416093,51.662336,On or near PARKSIDE DRIVE,E01023889,Watford 008D,Unable to prosecute suspect
006884f16dec78d173374e67e4546c75380e11caa5a3fd7812b105545897c198,2018-08,Hertfordshire Constabulary,Hertfordshire Constabulary,-0.201129,51.904760,On or near Parking Area,E01023758,Stevenage 008D,Suspect charged
3bf78dbbc08f0e5d334c2294654ab2c3f90e5e8d9ff7ed3b0e762b7df1be2702,2018-08,Hertfordshire Constabulary,Hertfordshire Constabulary,-0.205363,51.904294,On or near Petrol Station,E01023758,Stevenage 008D,Suspect charged
bdcad5b7bc788de59362b9d43e9ca5db5f2647f6c54bd068f43f7c9a73fb2ccb,2018-08,Hertfordshire Constabulary,Hertfordshire Constabulary,-0.201562,51.900459,On or near THE QUADRANT,E01023758,Stevenage 008D,Suspect charged
9f695470e49d90a4cdeb187f5adaff6d69c6eb1ca92f44430b5b08e641596d9a,2018-08,Hertfordshire Constabulary,Hertfordshire Constabulary,-0.032921,51.684447,On or near HIGH STREET,E01023337,Broxbourne 013B,Local resolution
1dac052bf2898ec24432a030469afa86c735281097f90888570b8506edc83dfb,2018-08,Hertfordshire Constabulary,Hertfordshire Constabulary,-0.235504,51.690884,On or near M25,E01023584,Hertsmere 004D,Investigation complete; no suspect identified
cf50c85fc16b162bf32a618e8abaf960d3b885d9cbc7f4caf836763d505a9791,2018-08,Hertfordshire Constabulary,Hertfordshire Constabulary,-0.203302,51.903480,On or near Supermarket,E01023758,Stevenage 008D,Suspect charged
b3b82ef89828fc3dcdc649e9339073a65081c64c30568cdcff8d6265e636c172,2018-08,Hertfordshire Constabulary,Hertfordshire Constabulary,-0.017955,51.746863,On or near Parking Area,E01023292,Broxbourne 004D,Investigation complete; no suspect identified
2f590fb8d3de3f0c39d82aca418bfc559e3cc8644d734aa4b74a6588539b6d62,2018-08,Hertfordshire Constabulary,Hertfordshire Constabulary,-0.691204,51.662622,On or near RIDINGS COTTAGES,E01017773,Chiltern 013A,Unable to prosecute suspect
2484ead803f9559a3b2a4c8e1926aa8a2b0cd1354265d9df1a877cb12d029810,2018-08,Hertfordshire Constabulary,Hertfordshire Constabulary,-0.182719,51.908874,On or near Pedestrian Subway,E01023781,Stevenage 006D,Investigation complete; no suspect identified
ffdec5d7e7a8d46dcadf549d9387b4898f37db2309661d5f9b1ed210e98410cc,2018-08,Hertfordshire Constabulary,Hertfordshire Constabulary,-0.211270,51.799079,On or near PARKWAY CLOSE,E01023917,Welwyn Hatfield 006B,Investigation complete; no suspect identified
1333033e3b6783edd7e6e2b9de965399a745633412342513132a9405ddb7d6df,2018-08,Hertfordshire Constabulary,Hertfordshire Constabulary,-0.026535,52.060526,On or near LINDSAY CLOSE,E01023661,North Hertfordshire 001B,Investigation complete; no suspect identified
63134975aa0e96bece3788fe9eab9a37e823baeefada3f339e55a8735b0cffad,2018-08,Hertfordshire Constabulary,Hertfordshire Constabulary,-0.199558,51.896778,On or near Further/Higher Educational Building,E01023786,Stevenage 011D,Investigation complete; no suspect identified
94802a69d91dde6c9bbc74e68da78f309f11861a3dc85ffcba5b4561e25e26a2,2018-08,Hertfordshire Constabulary,Hertfordshire Constabulary,-0.338390,51.927890,On or near GOSLING AVENUE,E01023653,North Hertfordshire 014F,Investigation complete; no suspect identified
f8c43bfd87a229d56a934c77c068800961813da1ae597f5d37bd9326ba15f806,2018-08,Hertfordshire Constabulary,Hertfordshire Constabulary,-0.446423,51.718671,On or near Park/Open Space,E01023808,Three Rivers 001E,Offender given a caution
c2c01d541f4ed97b6630bb3b9c9872c513fe315755c0e3f2ded52f54f6e7ed01,2018-08,Hertfordshire Constabulary,Hertfordshire Constabulary,-0.201562,51.900459,On or near THE QUADRANT,E01023758,Stevenage 008D,Offender given a caution
39b8f9d32c6e40f60e932e0545df33492acd01a2a8f5b64c4073a46bd475f918,2018-08,Hertfordshire Constabulary,Hertfordshire Constabulary,-0.209431,51.907647,On or near Petrol Station,E01023776,Stevenage 002A,Investigation complete; no suspect identified
183939798657194a1a7f7ac3df2d1e8bba19b901488c402320e313298703b557,2018-08,Hertfordshire Constabulary,Hertfordshire Constabulary,-0.402521,51.654383,On or near ADDISCOMBE ROAD,E01023899,Watford 010A,Investigation complete; no suspect identified
07e2eb3de627b13f33315e346d6972619585dd437a04d88ffc946088071e6eea,2018-08,Hertfordshire Constabulary,Hertfordshire Constabulary,-0.571572,51.763294,On or near PARK STREET,E01023364,Dacorum 009D,Unable to prosecute suspect
4e059f4377c764b8b3dcf3e3833431133de1971e19f7edb6359ab1287fdf549d,2018-08,Hertfordshire Constabulary,Hertfordshire Constabulary,-0.399444,51.640791,On or near THE WILLOWS,E01023845,Three Rivers 008C,Suspect charged
e17d045da6c3dd0ce5678b960e2827cefe733d91a169780dbc9e7f7a83ada3e7,2018-08,Hertfordshire Constabulary,Hertfordshire Constabulary,-0.183697,51.930748,On or near WENSUM ROAD,E01023801,Stevenage 002F,Unable to prosecute suspect
ae54a0c21dbd8c45418887a9be87385125d6cf21f97345ade1bef65eeeec63bc,2018-08,Hertfordshire Constabulary,Hertfordshire Constabulary,-0.282697,51.668024,On or near Supermarket,E01023536,Hertsmere 006C,Investigation complete; no suspect identified
b409e2d309dd9159fd768031685a508ba2a7d7e2f79459298cd30cdb4882c870,2018-08,Hertfordshire Constabulary,Hertfordshire Constabulary,-0.496444,51.692355,On or near PLOUGH LANE,E01023854,Three Rivers 003D,Investigation complete; no suspect identified
940e9640aaa3a5da5a5645019b58be6dd173fd9f0def308344b01d24094cf4da,2018-08,Hertfordshire Constabulary,Hertfordshire Constabulary,-0.001544,51.789793,On or near DURHAM CLOSE,E01023469,East Hertfordshire 018B,Unable to prosecute suspect
cd63456b3ace62f5d16396d1bde01ff0ed2c21ca8a1ac4e01f81e2edf28ac392,2018-08,Hertfordshire Constabulary,Hertfordshire Constabulary,-0.393860,51.658941,On or near SUTTON ROAD,E01023859,Watford 009A,Investigation complete; no suspect identified
2494c7f2f00789ade461a49b0e4e84e6a45df91e123494a372e9a214feecaf98,2018-08,Hertfordshire Constabulary,Hertfordshire Constabulary,-0.405288,51.691684,On or near HAINES WAY,E01023906,Watford 001C,Investigation complete; no suspect identified
47a0a87f8bd1a28521307e5b23c160515daec793568dbb3de258d297ae8c99f5,2018-08,Hertfordshire Constabulary,Hertfordshire Constabulary,-0.189822,51.812787,On or near Parking Area,E01023914,Welwyn Hatfield 004C,Investigation complete; no suspect identified
ff7acc59eacbb484ebb8696b2d3a1e4ea69c14d84936ab8dbb9b901443b2ec10,2018-08,Hertfordshire Constabulary,Hertfordshire Constabulary,-0.210614,51.976228,On or near Petrol Station,E01023643,North Hertfordshire 009E,Investigation complete; no suspect identified
cfd584205c34b67a9ff95cf565c7eacbe98ee3b0d1c62873aa5a7c3e7b95bf80,2018-08,Hertfordshire Constabulary,Hertfordshire Constabulary,-0.362971,51.733724,On or near RAGGED HALL LANE,E01023730,St Albans 020B,Investigation complete; no suspect identified
75e7b76e4f88ba80b6500ed11ce2184898e82e2a58c5945d669a3ac0f748a417,2018-08,Hertfordshire Constabulary,Hertfordshire Constabulary,-0.202790,51.901746,On or near Bus/Coach Station,E01023758,Stevenage 008D,Offender given a caution
e24d98e324be4d4d4510aa9df730b4a12917f86556c30aef111c9f62bb51b3c6,2018-08,Hertfordshire Constabulary,Hertfordshire Constabulary,-0.167600,51.794459,On or near HURST CLOSE,E01023953,Welwyn Hatfield 005D,Unable to prosecute suspect
565a9ffce4139bcfe2df9db29849a5d657ceb94e094ade7acefbe102c80f22ad,2018-08,Hertfordshire Constabulary,Hertfordshire Constabulary,-0.035090,51.819332,On or near CHAUNCY CLOSE,E01023520,East Hertfordshire 012F,Investigation complete; no suspect identified
cc00581681a47a75c9c783422bf7e6d7e652415cf188d2dba647b99c37601e5a,2018-08,Hertfordshire Constabulary,Hertfordshire Constabulary,-0.182893,51.797124,On or near KNELLA ROAD,E01023944,Welwyn Hatfield 008B,Investigation complete; no suspect identified
5a3a97adbbd6e33136f8e6d53264f5b33ce7b6ed6e87da178791582b93fa28bd,2018-08,Hertfordshire Constabulary,Hertfordshire Constabulary,-0.483285,51.636283,On or near UXBRIDGE ROAD,E01023852,Three Rivers 007D,Investigation complete; no suspect identified
f43fe75babd0d0b88804890061ddf2e48861d59368d173a906a377091bec798d,2018-08,Hertfordshire Constabulary,Hertfordshire Constabulary,-0.203715,51.694610,On or near DUGDALE HILL LANE,E01023569,Hertsmere 002C,Investigation complete; no suspect identified
833ba22af41ca7759d62970755cad7f5a7f387127529a35d6a2b4ae5a29243ec,2018-08,Hertfordshire Constabulary,Hertfordshire Constabulary,-0.440712,51.707095,On or near HOME PARK MILL LINK ROAD,E01023808,Three Rivers 001E,Investigation complete; no suspect identified
506da55e0e5cb1185b2da223da3a2e2efcfb79040ea1dff387f7ad03111dbf7f,2018-08,Hertfordshire Constabulary,Hertfordshire Constabulary,-0.453526,51.753626,On or near SAWYERS WAY,E01023349,Dacorum 015A,Investigation complete; no suspect identified
19c7f744d27f5025a712acc0d42f2a0acd66fc30d8ff8581ed4485a256c82e4a,2018-08,Hertfordshire Constabulary,Hertfordshire Constabulary,-0.349243,51.722157,On or near GROVEBURY GARDENS,E01023718,St Albans 019A,Investigation complete; no suspect identified
e9e7b5266108a6cf1afdb58157dd788c5d337945117cebd51a101cada6efead2,2018-08,Hertfordshire Constabulary,Hertfordshire Constabulary,-0.378281,51.684246,On or near THE GOSSAMERS,E01023873,Watford 003A,Investigation complete; no suspect identified
7c28e9e28e0c42868aded4a39628d5816dfbf0d962e0b3e815cdc161f701269c,2018-08,Hertfordshire Constabulary,Hertfordshire Constabulary,-0.181565,51.925563,On or near RIPON ROAD,E01023790,Stevenage 001D,Suspect charged
eed77e729e71bfefec49b91f536d1324fd48985a870ae05cb8ea3b68e4545e35,2018-08,Hertfordshire Constabulary,Hertfordshire Constabulary,-0.032211,51.686494,On or near Supermarket,E01023337,Broxbourne 013B,Investigation complete; no suspect identified
13fba3b22e9aff947b0d0c35ccda221ce9e8cb0bf9b7b99230618b91de4bebea,2018-08,Hertfordshire Constabulary,Hertfordshire Constabulary,-0.279212,51.946831,On or near Shopping Area,E01023616,North Hertfordshire 012F,Offender given a caution
25f20e83f25406eee7be4d52d7dd4e0b90f7ba6140538d76082f6f6c062b1c9d,2018-08,Hertfordshire Constabulary,Hertfordshire Constabulary,-0.440337,51.656960,On or near NORWICH WAY,E01023824,Three Rivers 003B,Investigation complete; no suspect identified
727f52387c4a5ce1b4c06d20baccb105ed05dd0740db93769ffd9d244e0cb709,2018-08,Hertfordshire Constabulary,Hertfordshire Constabulary,0.153743,51.855528,On or near MAGNAVILLE ROAD,E01023457,East Hertfordshire 008B,Investigation complete; no suspect identified
0eb8026b0b366096878c13e2cb4c649fb8bf0752330a2f7d8ac7d95f0bfe577a,2018-08,Hertfordshire Constabulary,Hertfordshire Constabulary,-0.036315,51.718342,On or near THE LINKS,E01023305,Broxbourne 008D,Offender given penalty notice
0c650eff2ef08b3a85af20464a1e2c09802d6020aaddbff9a1129a9ecaf0a8fd,2018-08,Hertfordshire Constabulary,Hertfordshire Constabulary,-0.203106,51.899287,On or near Pedestrian Subway,E01023758,Stevenage 008D,Investigation complete; no suspect identified
30e58a4b3b0862f1300644f97ace95350019f1f0626999055adb8f62dd000f04,2018-08,Hertfordshire Constabulary,Hertfordshire Constabulary,-0.189249,51.811879,On or near KILNFIELD,E01023914,Welwyn Hatfield 004C,Investigation complete; no suspect identified
39719880dbfdfc41e43c77a185184ee2eee5b6f631f4cf529f94f76c4327d361,2018-08,Hertfordshire Constabulary,Hertfordshire Constabulary,-0.205586,51.803425,On or near Pedestrian Subway,E01023918,Welwyn Hatfield 006C,Suspect charged
cb1db8439cfb5cc24257e91c674882476f2b894f9396a3d1f1e14514d6f60562,2018-08,Hertfordshire Constabulary,Hertfordshire Constabulary,0.160145,51.868827,On or near NAILS LANE,E01023446,East Hertfordshire 007D,Investigation complete; no suspect identified
3f3cdff90832699c4c97fe0c45c7303c69f5695d226977dac432a2da4393de0d,2018-08,Hertfordshire Constabulary,Hertfordshire Constabulary,-0.352624,51.651014,On or near GULLAND CLOSE,E01023560,Hertsmere 012C,Suspect charged
3f3cdff90832699c4c97fe0c45c7303c69f5695d226977dac432a2da4393de0d,2018-08,Hertfordshire Constabulary,Hertfordshire Constabulary,-0.352624,51.651014,On or near GULLAND CLOSE,E01023560,Hertsmere 012C,Suspect charged
289e778b0cc3b6c8b213c6347cc587e02ac90692feb989a60a59d24112cf76d5,2018-08,Hertfordshire Constabulary,Hertfordshire Constabulary,-0.255373,51.644107,On or near Shopping Area,E01023543,Hertsmere 011E,Investigation complete; no suspect identified
5673011adbb3538e24863321c4bd64eda57acca59857eced5e66bfdb6564ae5b,2018-08,Hertfordshire Constabulary,Hertfordshire Constabulary,-0.184778,51.794258,On or near BLACKTHORN ROAD,E01023944,Welwyn Hatfield 008B,Investigation complete; no suspect identified
aa2309db3c9db2d8ff9d8d08e0df815bb992dc1303b310ff14ba363056131803,2018-08,Hertfordshire Constabulary,Hertfordshire Constabulary,0.174568,51.885656,On or near THE ASPENS,E01023450,East Hertfordshire 004B,Unable to prosecute suspect
baa72b6959256ab5fe7d7c7840eba69df5f42b75517e6a527954f7b26bebf115,2018-08,Hertfordshire Constabulary,Hertfordshire Constabulary,-0.392585,51.657782,On or near THE BROADWAY,E01023859,Watford 009A,Investigation complete; no suspect identified
a5616e89e7627e000669066cfc5bef6944594093563b742e3f3f891e1fa76e15,2018-08,Hertfordshire Constabulary,Hertfordshire Constabulary,-0.260502,51.660018,On or near ELSTREE WAY,E01023545,Hertsmere 009B,Investigation complete; no suspect identified
379c9c23537edd739f801ffedccf1f0feac9d7784c1680a80e7425b04a0d29a8,2018-08,Hertfordshire Constabulary,Hertfordshire Constabulary,-0.202859,51.981550,On or near Shopping Area,E01023633,North Hertfordshire 006D,Suspect charged
a7185b6eae1e37e21fbd9fcb0dc7642d440f0e63ae9fae2f7aa1e05da452a859,2018-08,Hertfordshire Constabulary,Hertfordshire Constabulary,-0.267833,51.952886,On or near DACRE ROAD,E01023601,North Hertfordshire 010A,Investigation complete; no suspect identified
d5ebca9eb061787b513fae5a2221f0100da89d1dbe8650f93a081c412eadcc3a,2018-08,Hertfordshire Constabulary,Hertfordshire Constabulary,0.000996,51.785595,On or near SANVILLE GARDENS,E01023505,East Hertfordshire 018F,Investigation complete; no suspect identified
773ae9f6c87eb780eb465993d3bb84a462f14cf5f27e3f4064db565695b40126,2018-08,Hertfordshire Constabulary,Hertfordshire Constabulary,-0.186971,51.797781,On or near KNELLA GREEN,E01023958,Welwyn Hatfield 007E,Investigation complete; no suspect identified
af27d5872c0b4e5da2dc6a7901cb1540eb05e0a88814046ef6289a90d48582b8,2018-08,Hertfordshire Constabulary,Hertfordshire Constabulary,-0.276743,51.655716,On or near Shopping Area,E01023530,Hertsmere 007B,Investigation complete; no suspect identified
35b2c74ad6c21508f704ed624aa44539cf8d029887526d1113df7493a3a9fa9e,2018-08,Hertfordshire Constabulary,Hertfordshire Constabulary,-0.253023,51.658612,On or near Petrol Station,E01023546,Hertsmere 009C,Offender given a caution
8fd0fafe653787abbc9b1441019a711a6854c1aff83363e3ab21480e1d62a2eb,2018-08,Hertfordshire Constabulary,Hertfordshire Constabulary,-0.400520,51.659491,On or near Nightclub,E01023861,Watford 009C,Investigation complete; no suspect identified
1c4832631b344d8afe98c8d69dae6be5f35b25c14bb1db24076341c94b561f9f,2018-08,Hertfordshire Constabulary,Hertfordshire Constabulary,-0.043279,51.712307,On or near CHADWELL AVENUE,E01023310,Broxbourne 006D,Suspect charged
8a7699c9121b9b850a74ba08a8a5b024bc4c6d6aa08fbc171b2e816a6e9e2e66,2018-08,Hertfordshire Constabulary,Hertfordshire Constabulary,-0.227296,51.762068,On or near QUEENSWAY,E01023920,Welwyn Hatfield 012A,Investigation complete; no suspect identified
1b0d1711fcc95f7e581d25a9b7c898226421c7171dc5380414b7bc63f57389f2,2018-08,Hertfordshire Constabulary,Hertfordshire Constabulary,-0.464203,51.762605,On or near GREAT HEART,E01023401,Dacorum 008A,Unable to prosecute suspect
22978fdfeb11124191d56257131c65ed159da18da82c6139179fafb42041c142,2018-08,Hertfordshire Constabulary,Hertfordshire Constabulary,-0.199176,51.901250,On or near Pedestrian Subway,E01023758,Stevenage 008D,Investigation complete; no suspect identified
330193cbc2ce310bbf95cdf7919828f228e61ab529a67179998df25cf04c6d2e,2018-08,Hertfordshire Constabulary,Hertfordshire Constabulary,-0.160145,51.901662,On or near Pedestrian Subway,E01023753,Stevenage 009D,Investigation complete; no suspect identified
c2b3f0d611bd801b251fff815dffb70368489a66e17c5db99724f6daccdd916a,2018-08,Hertfordshire Constabulary,Hertfordshire Constabulary,-0.396386,51.672167,On or near ST ALBANS ROAD,E01023858,Watford 006D,Investigation complete; no suspect identified
8adcfd1a9992001144ab9c5ca8703cf400428f0198ccc4efe6c07a1a94f7c707,2018-08,Hertfordshire Constabulary,Hertfordshire Constabulary,-0.280736,51.651441,On or near DEACONS CLOSE,E01023565,Hertsmere 010C,Investigation complete; no suspect identified
7c198c3f3f5bfb8c65ff5137d913c719b447d8445e2d8e51913e25ea446ab0dc,2018-08,Hertfordshire Constabulary,Hertfordshire Constabulary,0.150884,51.861057,On or near PIGGOTTS WAY,E01023443,East Hertfordshire 007A,Investigation complete; no suspect identified
5d6e478c6440ceabea090dd6dc8c06f99f3d91c4e2ba94495ba5e312f00a30ec,2018-08,Hertfordshire Constabulary,Hertfordshire Constabulary,-0.042145,51.788453,On or near DOWNFIELD CLOSE,E01023480,East Hertfordshire 018C,Investigation complete; no suspect identified
5db0dc01f4c25f747511ab551898b9b9882e866eb6c52241e140ddd96af431ad,2018-08,Hertfordshire Constabulary,Hertfordshire Constabulary,-0.256742,51.645350,On or near SADDLERS CLOSE,E01023543,Hertsmere 011E,Investigation complete; no suspect identified
751c7fc00f4dcf43aaeaf9a62f7d74edf8ea360e7a6ade9aac05cb1b9434be6d,2018-08,Hertfordshire Constabulary,Hertfordshire Constabulary,-0.084628,51.783029,On or near CECIL ROAD,E01023475,East Hertfordshire 017A,Investigation complete; no suspect identified
5775bed46d12c820ca8493438b01eb9de33f0230752dac2225abf2c2188ba2f0,2018-08,Hertfordshire Constabulary,Hertfordshire Constabulary,-0.457668,51.772806,On or near Parking Area,E01023393,Dacorum 007A,Offender given a caution
bd9bda412fbb524b727449fce80c3e0a2a3b970341a6d6c3ff1a432e9911758c,2018-08,Hertfordshire Constabulary,Hertfordshire Constabulary,-0.289052,51.808167,On or near CAESARS ROAD,E01023746,St Albans 004A,Unable to prosecute suspect
01e86cbb1ee9326d4b3eb473b61e53c37139e9b9d3180caf81cac075d5294d2d,2018-08,Hertfordshire Constabulary,Hertfordshire Constabulary,-0.457668,51.772806,On or near Parking Area,E01023393,Dacorum 007A,Offender given a caution
1f9ed3fe081ec4adbb41d26e78c252fde8ee6324163fa771052f275e202d5b9b,2018-08,Hertfordshire Constabulary,Hertfordshire Constabulary,-0.292708,51.719416,On or near REED CLOSE,E01023704,St Albans 018A,Suspect charged
2fa6ba7318f321079043e7ebfc9eb1a6b754a17fe9d4e7ee8d6a3dd6f408d4e8,2018-08,Hertfordshire Constabulary,Hertfordshire Constabulary,-0.339855,51.750808,On or near HOLYWELL HILL,E01023743,St Albans 014B,Suspect charged
c78785efefa27e91a6086e2fc8453937cc1b9b02be8817a002ad7ed5d653fdd8,2018-08,Hertfordshire Constabulary,Hertfordshire Constabulary,-0.392982,51.681283,On or near ST ALBANS ROAD,E01023896,Watford 005B,Investigation complete; no suspect identified
1dd57a95abe5abd136b42ca021c5f4b847c68666eb4c9aab2a4ffb591da1b1fc,2018-08,Hertfordshire Constabulary,Hertfordshire Constabulary,-0.220578,51.687062,On or near WASH LANE,E01023567,Hertsmere 002A,Unable to prosecute suspect
887764a18982525023e5a701a91f25731851c98b503773022f68de498d3c728e,2018-08,Hertfordshire Constabulary,Hertfordshire Constabulary,-0.230362,51.762977,On or near Further/Higher Educational Building,E01023920,Welwyn Hatfield 012A,Unable to prosecute suspect
d6db0681531191c322bef9b76babd5cd5df896770468282ae201749f4e36ff48,2018-08,Hertfordshire Constabulary,Hertfordshire Constabulary,-0.457968,51.757614,On or near SPRINGFIELD ROAD,E01023351,Dacorum 015C,Unable to prosecute suspect
0e7f99565e20f9028e15730f9a1f6daac049cd78cf39e4a0ff56815731e9f50c,2018-08,Hertfordshire Constabulary,Hertfordshire Constabulary,-0.157010,51.916450,On or near GRESLEY WAY,E01023768,Stevenage 004B,Investigation complete; no suspect identified
7b7527b43939f7ebc771b951a46ac23d3a48829340118149f385c2689d62db08,2018-08,Hertfordshire Constabulary,Hertfordshire Constabulary,-0.345307,51.718154,On or near HERACLES CLOSE,E01023720,St Albans 019C,Unable to prosecute suspect
c19dc47cdad408ce07e0e5903bbe09ffeba8d72e6ad430863d9df81b5e1ee29b,2018-08,Hertfordshire Constabulary,Hertfordshire Constabulary,0.003581,51.760157,On or near SCOTT CLOSE,E01023330,Broxbourne 002D,Investigation complete; no suspect identified
b7cbdaaf0fbcfe9495bd2da94c4795e5361a66ab397532d71bc62b36e24ed651,2018-08,Hertfordshire Constabulary,Hertfordshire Constabulary,-0.661996,51.794102,On or near Shopping Area,E01023420,Dacorum 003C,Suspect charged
b7cbdaaf0fbcfe9495bd2da94c4795e5361a66ab397532d71bc62b36e24ed651,2018-08,Hertfordshire Constabulary,Hertfordshire Constabulary,-0.661996,51.794102,On or near Shopping Area,E01023420,Dacorum 003C,Suspect charged
b7cbdaaf0fbcfe9495bd2da94c4795e5361a66ab397532d71bc62b36e24ed651,2018-08,Hertfordshire Constabulary,Hertfordshire Constabulary,-0.661996,51.794102,On or near Shopping Area,E01023420,Dacorum 003C,Suspect charged
b7cbdaaf0fbcfe9495bd2da94c4795e5361a66ab397532d71bc62b36e24ed651,2018-08,Hertfordshire Constabulary,Hertfordshire Constabulary,-0.661996,51.794102,On or near Shopping Area,E01023420,Dacorum 003C,Suspect charged
68226888de32cc02731be1b995aa5c9adf92d40d6c5e2e3789bcc2083a62e1e3,2018-08,Hertfordshire Constabulary,Hertfordshire Constabulary,-0.205077,51.816231,On or near MALMSDALE,E01023960,Welwyn Hatfield 003B,Investigation complete; no suspect identified
eb71ddf3366bef31119357f7110f365a8335a8930ff10b9f11adc752b993b1f0,2018-08,Hertfordshire Constabulary,Hertfordshire Constabulary,-0.555184,51.757815,On or near LONDRINA TERRACE,E01023361,Dacorum 009A,Investigation complete; no suspect identified
b8e3083ab98f33a6b9c81c55d93e7b09dc58f1f1b9a7b6cfefa4947a6b73b987,2018-08,Hertfordshire Constabulary,Hertfordshire Constabulary,-0.181595,51.893507,On or near THE MUNTINGS,E01023794,Stevenage 010D,Unable to prosecute suspect
35d96b9b6a5fbda821db3eaa9f5161dd96ef2a3e1ed6121eb17749f6591a1810,2018-08,Hertfordshire Constabulary,Hertfordshire Constabulary,-0.320052,51.752721,On or near ST PAUL'S PLACE,E01023674,St Albans 011B,Investigation complete; no suspect identified
bfaa97838f80c2bc6916856ccd31206d6eae255d877462c852c582bc9df95466,2018-08,Hertfordshire Constabulary,Hertfordshire Constabulary,-0.418047,51.685112,On or near GADESIDE,E01023871,Watford 004D,Investigation complete; no suspect identified
ec94de6003adac10a1379f9823a1fbd1d522207ffa36dab839d8b2f367aa2bb8,2018-08,Hertfordshire Constabulary,Hertfordshire Constabulary,0.148255,51.875681,On or near GRAILANDS,E01023453,East Hertfordshire 003B,Investigation complete; no suspect identified
561a5f30d2df9151bbe3030b898355196c6c698019a02a1a530befe91d9ab974,2018-08,Hertfordshire Constabulary,Hertfordshire Constabulary,-0.170112,51.931806,On or near GRAMPIAN PLACE,E01033026,North Hertfordshire 005J,Investigation complete; no suspect identified
cd598c15809e2d332cb3509b95d8e1f115356a7adfabe65268f044eb52e95ff0,2018-08,Hertfordshire Constabulary,Hertfordshire Constabulary,-0.065720,51.858955,On or near SACOMBE GREEN ROAD,E01023485,East Hertfordshire 010A,Investigation complete; no suspect identified
d4f66611f46f3b588310fc215df7f14ad5b3a951df6d8bbd7a9283a244e9db56,2018-08,Hertfordshire Constabulary,Hertfordshire Constabulary,-0.065720,51.858955,On or near SACOMBE GREEN ROAD,E01023485,East Hertfordshire 010A,Investigation complete; no suspect identified
3003e50ce9e945c9f72caf42734811ff962441032985b2772f8f7c8547fe8efa,2018-08,Hertfordshire Constabulary,Hertfordshire Constabulary,0.005400,51.788137,On or near Supermarket,E01023505,East Hertfordshire 018F,Investigation complete; no suspect identified
67665e2af3b606e33fbe50e4197f66ace7e682d1e78c17af9d07b36e58b42695,2018-08,Hertfordshire Constabulary,Hertfordshire Constabulary,-0.279476,51.654929,On or near GLENHAVEN AVENUE,E01023532,Hertsmere 007D,Unable to prosecute suspect
8bca087797c706bdddb144471de4a5c5ddc9df77f5963a2ef3d616e6824ad150,2018-08,Hertfordshire Constabulary,Hertfordshire Constabulary,0.159718,51.871137,On or near DEVOILS LANE,E01023449,East Hertfordshire 004A,Investigation complete; no suspect identified
dd6945e0e3bc18b9a8e9134ea680b9b2bebb02965f710b3a1ee885c16a770fe2,2018-08,Hertfordshire Constabulary,Hertfordshire Constabulary,-0.279476,51.654929,On or near GLENHAVEN AVENUE,E01023532,Hertsmere 007D,Suspect charged
6cf80b7eebe0f9ba912eab94c5be4ea675762c88b5966bdf789ece711439a76e,2018-08,Hertfordshire Constabulary,Hertfordshire Constabulary,0.059756,51.824947,On or near HIGH STREET,E01023492,East Hertfordshire 009B,Investigation complete; no suspect identified
8c5e40c5071712920cde0ef9de9f6af20aa61d3c47413267ae5fa47c722a329c,2018-08,Hertfordshire Constabulary,Hertfordshire Constabulary,-0.058779,51.719803,On or near BENCROFT,E01023309,Broxbourne 006C,Investigation complete; no suspect identified
ad168819ca7d28560e3b7a60dee63bf397d28d89b4250e028ef55ac2d5804562,2018-08,Hertfordshire Constabulary,Hertfordshire Constabulary,0.000913,51.770607,On or near OGARD ROAD,E01023330,Broxbourne 002D,Offender given a drugs possession warning
d760bf417d978e2385ed0caaaf8aa14c363670835f11cf0ce7f0f6720c377b79,2018-08,Hertfordshire Constabulary,Hertfordshire Constabulary,-0.275198,51.662528,On or near BROOK ROAD,E01023538,Hertsmere 006E,Investigation complete; no suspect identified
252149184b87da7f52bb4d0387d4eae3578c75e65cbfec6364533a2e772917cb,2018-08,Hertfordshire Constabulary,Hertfordshire Constabulary,-0.398819,51.653587,On or near ST MARY'S ROAD,E01023862,Watford 009D,Investigation complete; no suspect identified
f8552f74b9918ea95b09bc9a1aef46f912fba727753f51474a757ba8da7458f2,2018-08,Hertfordshire Constabulary,Hertfordshire Constabulary,-0.211912,51.924230,On or near Hospital,E01023800,Stevenage 002E,Suspect charged
f283739ea9cd223c0c83a4655e4b311cee93ee41d72bf54110e43e214b0fb97e,2018-08,Hertfordshire Constabulary,Hertfordshire Constabulary,-0.039886,51.700048,On or near BRINLEY CLOSE,E01023334,Broxbourne 012C,Investigation complete; no suspect identified
b4582f4e68b32694c99d366e8189065535b5f3aa10ec70de2f2e86021aeb506a,2018-08,Hertfordshire Constabulary,Hertfordshire Constabulary,-0.363454,51.703491,On or near JAYS CLOSE,E01023717,St Albans 020A,Offender given a caution
b330b24d7435df501f8964a9f8513874e241181afea041eec13cce0c4063d0a6,2018-08,Hertfordshire Constabulary,Hertfordshire Constabulary,-0.016511,51.793715,On or near MADGEWAYS LANE,E01023468,East Hertfordshire 018A,Investigation complete; no suspect identified
fa7ccc9017f819dcb7bdd39ea191512f9e4c20a79697b43c941e854c5ab878d1,2018-08,Hertfordshire Constabulary,Hertfordshire Constabulary,-0.329556,51.677674,On or near RENDLESHAM AVENUE,E01023527,Hertsmere 005E,Unable to prosecute suspect
a6e4ff7feec9d5f986747af60ede2e45d9353edf3b7f10b2ab842a6a76945992,2018-08,Hertfordshire Constabulary,Hertfordshire Constabulary,-0.209431,51.907647,On or near Petrol Station,E01023776,Stevenage 002A,Investigation complete; no suspect identified
ee2b2af01ce0638fabd93aabe6e98c31cee95565558e033ea1b3b46d53548e1b,2018-08,Hertfordshire Constabulary,Hertfordshire Constabulary,-0.169899,51.717927,On or near SHEPHERDS WAY,E01023909,Welwyn Hatfield 015B,Action to be taken by another organisation
5bf2f203a0eeca53ab202829eeef7d97d08c118a55beab7a76072a56f6363094,2018-08,Hertfordshire Constabulary,Hertfordshire Constabulary,-0.228835,51.763107,On or near Supermarket,E01023920,Welwyn Hatfield 012A,Offender given penalty notice
c85bcbd100a75ca536554aacbc87d082fcac979b6b4fc1ffcc9292864010ddd0,2018-08,Hertfordshire Constabulary,Hertfordshire Constabulary,-0.468063,51.758169,On or near Petrol Station,E01023401,Dacorum 008A,Investigation complete; no suspect identified
10591ee827828e9cac8c95647f872f88dccaff90e95f4d47cda9a12bd3c74038,2018-08,Hertfordshire Constabulary,Hertfordshire Constabulary,0.005400,51.788137,On or near Supermarket,E01023505,East Hertfordshire 018F,Investigation complete; no suspect identified
17689214bd067085b3f5451cd7f092d575b67e0584dac53555d5875c46e8d695,2018-08,Hertfordshire Constabulary,Hertfordshire Constabulary,-0.079165,51.796267,On or near THE WASH,E01023478,East Hertfordshire 017D,Investigation complete; no suspect identified
9a72f7d46f527c4a9afe9866fe36acb8a46e923be9837f8782b291dfb5157eef,2018-08,Hertfordshire Constabulary,Hertfordshire Constabulary,-0.460305,51.715311,On or near LOVE LANE,E01023408,Dacorum 022C,Offender given a caution
16e3845da2a60298278688136b508c555d714ee3bc71fff8880d732c93f7d5e8,2018-08,Hertfordshire Constabulary,Hertfordshire Constabulary,-0.573180,51.764221,On or near TWEED CLOSE,E01023370,Dacorum 012B,Suspect charged
8db47606fc22b4de84085a1529fba48dbbe44ce226e98fd0df6ebe2621584477,2018-08,Hertfordshire Constabulary,Hertfordshire Constabulary,-0.210672,51.793297,On or near Petrol Station,E01023917,Welwyn Hatfield 006B,Investigation complete; no suspect identified
fe10288dd4632e90eb8f15a63a1e8cfbb7685beea1af154f9d7f8b8abfd23818,2018-08,Hertfordshire Constabulary,Hertfordshire Constabulary,-0.285172,51.717732,On or near HALSEY PARK,E01023704,St Albans 018A,Investigation complete; no suspect identified
4146a3918e82d491b3786b549956a9257a458c68a545c8478d747d97b8488357,2018-08,Hertfordshire Constabulary,Hertfordshire Constabulary,-0.453789,51.648263,On or near WARWICK MEWS,E01023820,Three Rivers 006B,Unable to prosecute suspect
89924e4545d01e4dd681805b1392377646b4e4c8b3b13e320723fcc87af0e4c5,2018-08,Hertfordshire Constabulary,Hertfordshire Constabulary,-0.314893,51.773382,On or near ST ALBANS ROAD,E01023734,St Albans 007B,Investigation complete; no suspect identified
90fb44570e406f4c22c5795687ef01a91c7868d8585562f0589fd103177507f9,2018-08,Hertfordshire Constabulary,Hertfordshire Constabulary,-0.063276,51.652147,On or near COBHAM CLOSE,E01001513,Enfield 012F,Action to be taken by another organisation
11ae35e011e4b643a026aebbc7b0be647ba2b2572448f05c0930a74240584222,2018-08,Hertfordshire Constabulary,Hertfordshire Constabulary,-0.438974,51.759665,On or near MAYLANDS AVENUE,E01023345,Dacorum 013A,Offender given a caution
bf27ef6c475b90faca66b60697c506f8647564dc4817c19ce64a2e083c89fa76,2018-08,Hertfordshire Constabulary,Hertfordshire Constabulary,-0.220525,51.764007,On or near Sports/Recreation Area,E01023927,Welwyn Hatfield 011D,Investigation complete; no suspect identified
3aa683ef4defd0a6d4a25c750f0e96a2237f7bfc139f34d95d951c577366dad9,2018-08,Hertfordshire Constabulary,Hertfordshire Constabulary,-0.224473,51.746487,On or near MILLWARDS,E01023933,Welwyn Hatfield 014A,Unable to prosecute suspect
127ed0f7f2387b2e5c84dc717b5ded857f93ac1bf630b90c8aab3039611a3866,2018-08,Hertfordshire Constabulary,Hertfordshire Constabulary,0.158945,51.866224,On or near TRINITY STREET,E01023446,East Hertfordshire 007D,Investigation complete; no suspect identified
aef0ded28e9372d4242cbee1f2272200d688029b87248fa6a7ca2ee2c97f2001,2018-08,Hertfordshire Constabulary,Hertfordshire Constabulary,-0.485573,51.745403,On or near WHARF ROAD,E01023382,Dacorum 018F,Investigation complete; no suspect identified
b7431aae46320e4eeb34a0ed8964c9314631a6b8eb311c7574af99d108299b70,2018-08,Hertfordshire Constabulary,Hertfordshire Constabulary,-0.419977,51.642525,On or near DEAKIN CLOSE,E01023864,Watford 011B,Suspect charged
e23f90eb30063e7ecfcc35948461b3f50aa8d85b702820900a7619712db1390e,2018-08,Hertfordshire Constabulary,Hertfordshire Constabulary,-0.207004,51.906531,On or near GATES WAY,E01023775,Stevenage 006A,Unable to prosecute suspect
e23f90eb30063e7ecfcc35948461b3f50aa8d85b702820900a7619712db1390e,2018-08,Hertfordshire Constabulary,Hertfordshire Constabulary,-0.207004,51.906531,On or near GATES WAY,E01023775,Stevenage 006A,Unable to prosecute suspect
e23f90eb30063e7ecfcc35948461b3f50aa8d85b702820900a7619712db1390e,2018-08,Hertfordshire Constabulary,Hertfordshire Constabulary,-0.207004,51.906531,On or near GATES WAY,E01023775,Stevenage 006A,Unable to prosecute suspect
03d17aeda4ac13f6f4c963cc6099b716a41edbb792ddc606710f37dabe64edad,2018-08,Hertfordshire Constabulary,Hertfordshire Constabulary,-0.228507,51.978126,On or near EASTCHEAP,E01023644,North Hertfordshire 008A,Suspect charged
4038cd7a336c88c31c2ace168a5615122b491a2b8e560a81e6a92a83e6387cdc,2018-08,Hertfordshire Constabulary,Hertfordshire Constabulary,-0.335621,51.735920,On or near LECTERN LANE,E01023738,St Albans 017B,Unable to prosecute suspect
68d2c1330b5a980aa379bb4deb694df4bcd68c55629e111248384211821a77d7,2018-08,Hertfordshire Constabulary,Hertfordshire Constabulary,-0.077872,51.806541,On or near PARKER AVENUE,E01023472,East Hertfordshire 014C,Unable to prosecute suspect
1346d51e7f85b049616235bf03e26c6fd3663185e3b7b9921714adc5542da87f,2018-08,Hertfordshire Constabulary,Hertfordshire Constabulary,-0.183530,51.805820,On or near CORNERS,E01023912,Welwyn Hatfield 004A,Unable to prosecute suspect
15d438008248f38478068c442915f3f8cf5dd0d84c7feb7fa981971d12d372b7,2018-08,Hertfordshire Constabulary,Hertfordshire Constabulary,-0.199079,51.984306,On or near LETCHWORTH ROAD,E01023641,North Hertfordshire 009C,Investigation complete; no suspect identified
fd95cceb15774f55457b317da950a6d4e4364101834759be29f44e017a5e74ad,2018-08,Hertfordshire Constabulary,Hertfordshire Constabulary,-0.334333,51.718943,On or near CENTAURUS SQUARE,E01023720,St Albans 019C,Unable to prosecute suspect
4ab722fbb8379e0ee78ae4aa83b3fbbf162963e8ab0e4133287a0724af125471,2018-08,Hertfordshire Constabulary,Hertfordshire Constabulary,-0.394657,51.653970,On or near ST. MARYS VIEW,E01023862,Watford 009D,Investigation complete; no suspect identified
7a9053e1ac5425377032c1afaaa7c2344964d80d26025f4499b5ede58e009b33,2018-08,Hertfordshire Constabulary,Hertfordshire Constabulary,-0.201082,51.845871,On or near DANESBURY PARK,E01023627,North Hertfordshire 015D,Unable to prosecute suspect
518bd10988364d5e037c606872936d3f2dccaf5ce407c758e0fdb4e1925328b8,2018-08,Hertfordshire Constabulary,Hertfordshire Constabulary,-0.207759,51.906551,On or near Pedestrian Subway,E01023775,Stevenage 006A,Investigation complete; no suspect identified
c6e3c7905128c8157c0d872b9fb5a0f75abe4cd7a40fa252b9bf0ae903698b94,2018-08,Hertfordshire Constabulary,Hertfordshire Constabulary,-0.169386,51.919979,On or near ASCOT CRESCENT,E01023771,Stevenage 003A,Suspect charged
82b5e4580883f854ba7189ab0336c80034c79cb1c85408645d69caf86bfdf8f4,2018-08,Hertfordshire Constabulary,Hertfordshire Constabulary,-0.208516,51.910897,On or near DRAPERS WAY,E01023775,Stevenage 006A,Investigation complete; no suspect identified
ecf6d19f096c88303e5671b17eeb056cd0c7cc04567052ceb71a1872fae719ae,2018-08,Hertfordshire Constabulary,Hertfordshire Constabulary,-0.446578,51.758067,On or near SARACENS HEAD,E01023347,Dacorum 013C,Offender given a caution
de1d2fa68c2b2276c333cf141cb17ded573c9d2ea8ffa923297d797acd431c99,2018-08,Hertfordshire Constabulary,Hertfordshire Constabulary,-0.394857,51.655268,On or near Shopping Area,E01023860,Watford 009B,Offender given a caution
de1d2fa68c2b2276c333cf141cb17ded573c9d2ea8ffa923297d797acd431c99,2018-08,Hertfordshire Constabulary,Hertfordshire Constabulary,-0.394857,51.655268,On or near Shopping Area,E01023860,Watford 009B,Offender given a caution
9e445eec2502289070e2183ed0dfd7ee109890dd7f1b1fe472586942ff718efc,2018-08,Hertfordshire Constabulary,Hertfordshire Constabulary,-0.394437,51.656108,On or near Parking Area,E01023860,Watford 009B,Offender given a caution
9e445eec2502289070e2183ed0dfd7ee109890dd7f1b1fe472586942ff718efc,2018-08,Hertfordshire Constabulary,Hertfordshire Constabulary,-0.394437,51.656108,On or near Parking Area,E01023860,Watford 009B,Offender given a caution
1eee9a144cd47245edc603a09f23857f72ae6db440d38f781f5643abec351775,2018-08,Hertfordshire Constabulary,Hertfordshire Constabulary,-0.018011,51.777015,On or near ELLIS CLOSE,E01023317,Broxbourne 001B,Investigation complete; no suspect identified
a1d434bc93569d03f6e8c8d72d70aff4d159eb80b4c6c60934480632cc46ddf4,2018-08,Hertfordshire Constabulary,Hertfordshire Constabulary,-0.259850,51.648345,On or near GRANTHAM GREEN,E01023542,Hertsmere 011D,Investigation complete; no suspect identified
f3cd4d9152c06f2e0957c501ee9d291a0e8f120c698a0326e12c9b17c1684961,2018-08,Hertfordshire Constabulary,Hertfordshire Constabulary,-0.276711,51.672567,On or near WALSHFORD WAY,E01023534,Hertsmere 006A,Investigation complete; no suspect identified
c4854078d434c7d7368dcdca011ca09baae6feea9c932a622c0c2de987d7e00e,2018-08,Hertfordshire Constabulary,Hertfordshire Constabulary,-0.026667,51.816502,On or near HOMEFIELD ROAD,E01023519,East Hertfordshire 012E,Investigation complete; no suspect identified
011f7e3931bb8df68e32415e8c68b75177c5fcb35f2e97641d909f5098eac6e5,2018-08,Hertfordshire Constabulary,Hertfordshire Constabulary,-0.240473,51.746296,On or near WOODPECKER CLOSE,E01023934,Welwyn Hatfield 013B,Investigation complete; no suspect identified
c6fe572cdaf5a39f837797e074d742342b490333c4594f0552e04c49a2711faa,2018-08,Hertfordshire Constabulary,Hertfordshire Constabulary,-0.033443,51.682423,On or near HIGH STREET,E01001552,Enfield 001D,Investigation complete; no suspect identified
4838a57989e62b449ed7ac0bcbf01dd9ffc96dc21c29c0da079f4ea9e745e1e4,2018-08,Hertfordshire Constabulary,Hertfordshire Constabulary,-0.456928,51.737126,On or near WILKINSON WAY,E01023360,Dacorum 020D,Investigation complete; no suspect identified
740fb8b29c65d4b4cf585e50080b13afcb5e3dc54df7d4ea527dee35f01911a1,2018-08,Hertfordshire Constabulary,Hertfordshire Constabulary,-0.379438,51.827144,On or near WOOD END HILL,E01023694,St Albans 001E,Investigation complete; no suspect identified
ea02ace860fc08a6a4686de6e059dc198e1939d12e34865534d46f744439774f,2018-08,Hertfordshire Constabulary,Hertfordshire Constabulary,-0.484492,51.741774,On or near CATLIN STREET,E01023354,Dacorum 018B,Unable to prosecute suspect
8f64815ec4b14f50b3882ca8c1374489b105018aee56b11df78e85c326222420,2018-08,Hertfordshire Constabulary,Hertfordshire Constabulary,-0.463359,51.776352,On or near NINIAN ROAD,E01023396,Dacorum 007D,Investigation complete; no suspect identified
824b1c1f7857d2f6cf671d672e9158766e7908f77f26260166c2129fd72a9704,2018-08,Hertfordshire Constabulary,Hertfordshire Constabulary,-0.285489,51.954691,On or near Petrol Station,E01023612,North Hertfordshire 012B,Investigation complete; no suspect identified
18314a381bd6e01ec15fcac45c8268d4d30cf6b397305cc2b3f6f7489a1ef842,2018-08,Hertfordshire Constabulary,Hertfordshire Constabulary,-0.393747,51.616731,On or near PRESTWICK ROAD,E01023806,Three Rivers 012A,Investigation complete; no suspect identified
b26e9b457ab84e3b3afb795c54bc3120165fa09e4c52f7e6bed535f2bea03762,2018-08,Hertfordshire Constabulary,Hertfordshire Constabulary,-0.552633,51.756930,On or near Petrol Station,E01023362,Dacorum 009B,Investigation complete; no suspect identified
662c46768c6e0e805cce7793cbf8098b0ba0a69fddd7150db48787e4e0045ffa,2018-08,Hertfordshire Constabulary,Hertfordshire Constabulary,-0.189227,51.795783,On or near SHORTLANDS GREEN,E01023958,Welwyn Hatfield 007E,Investigation complete; no suspect identified
aacfbfef9b5b3b1098c9fc6a333158b097171991bc52b6fe0f59e275084a06dc,2018-08,Hertfordshire Constabulary,Hertfordshire Constabulary,-0.169605,51.891361,On or near BREAKSPEAR,E01023793,Stevenage 010C,Investigation complete; no suspect identified
8f260495890250e0380f8af78bb0d3310a2fd532c0feaaebc10f351c6b954468,2018-08,Hertfordshire Constabulary,Hertfordshire Constabulary,-0.458063,51.767156,On or near RIBBLESDALE,E01023402,Dacorum 008B,Investigation complete; no suspect identified
a8ddf27ab9708e61f89ca1385102d7280be2c3d653a5d41ac1295670c16b4e8b,2018-08,Hertfordshire Constabulary,Hertfordshire Constabulary,-0.458063,51.767156,On or near RIBBLESDALE,E01023402,Dacorum 008B,Investigation complete; no suspect identified
94cffafba5a317d80eac6964af639e84a9db7daafaba4f10dce6b75aeac1af0d,2018-08,Hertfordshire Constabulary,Hertfordshire Constabulary,-0.008894,52.053728,On or near HAWTHORN CLOSE,E01023657,North Hertfordshire 002D,Investigation complete; no suspect identified
b0af337db19677d900752d40280f107d75d5c3296a210d0986350403c33d239b,2018-08,Hertfordshire Constabulary,Hertfordshire Constabulary,-0.359217,51.707397,On or near Sports/Recreation Area,E01023717,St Albans 020A,Investigation complete; no suspect identified
dca375772b180c73888033018e3a6975bec705297d8344ae83ed91af00aff92c,2018-08,Hertfordshire Constabulary,Hertfordshire Constabulary,-0.484494,51.754686,On or near SUNNYHILL ROAD,E01023380,Dacorum 018D,Investigation complete; no suspect identified
a1ea304968b02ffe14d5a6bdfc8bb8a60f7d12faf9bed3cf6da642f43f6942aa,2018-08,Hertfordshire Constabulary,Hertfordshire Constabulary,-0.235450,51.763305,On or near DE HAVILLAND CLOSE,E01023921,Welwyn Hatfield 012B,Investigation complete; no suspect identified
d5d8e9e0a3ea4b8cfa6ff1edb82b6386ca920a87da116d3b16cfd1c67056256b,2018-08,Hertfordshire Constabulary,Hertfordshire Constabulary,-0.235450,51.763305,On or near DE HAVILLAND CLOSE,E01023921,Welwyn Hatfield 012B,Investigation complete; no suspect identified
a0ca1b833fe6bcab77544c3b0ed4e2366e9ba2563683f6c557563122ece28e76,2018-08,Hertfordshire Constabulary,Hertfordshire Constabulary,-0.063041,51.789770,On or near WILLIS GROVE,E01023476,East Hertfordshire 017B,Investigation complete; no suspect identified
364871f67ef35b814675aaeb8b6820933046c2585ee183816906c2c106cfe03d,2018-08,Hertfordshire Constabulary,Hertfordshire Constabulary,-0.015720,51.808746,On or near WIDBURY HILL,E01023513,East Hertfordshire 012B,Investigation complete; no suspect identified
018f511457a9af355449e9d0019e811ab1fce8e6c48e68be8fb7837967d32861,2018-08,Hertfordshire Constabulary,Hertfordshire Constabulary,0.158188,51.874681,On or near BROOKHOUSE PLACE,E01023450,East Hertfordshire 004B,Investigation complete; no suspect identified
03e5c6dff35b1acaa6a7525a83b6350c0e8018fa70cf8c0d725ff0ee65d4f83e,2018-08,Hertfordshire Constabulary,Hertfordshire Constabulary,-0.331655,51.747266,On or near BLACK CUT,E01023726,St Albans 012A,Investigation complete; no suspect identified
04edfc968bd703c5279697d22ab1a8c72212ed85c51fa20dc31bbbfa5bb4951d,2018-08,Hertfordshire Constabulary,Hertfordshire Constabulary,-0.034575,51.692370,On or near THEOBALD'S GROVE,E01023332,Broxbourne 012A,Unable to prosecute suspect
8a2560466e469be44d5925e993dfdb8a055b19e69f370996b774cb526779a741,2018-08,Hertfordshire Constabulary,Hertfordshire Constabulary,0.137987,51.853388,On or near Park/Open Space,E01023460,East Hertfordshire 008E,Investigation complete; no suspect identified
c1ee53bee8646fb704e3a3fb849ac8d1a8c04529957866fe3c0709eecfbc6def,2018-08,Hertfordshire Constabulary,Hertfordshire Constabulary,-0.279664,51.656829,On or near Shopping Area,E01023532,Hertsmere 007D,Suspect charged
cb2baaeaa53bcacbdf72832d0e330d690682735db301eccbb6c64e835baf2eb4,2018-08,Hertfordshire Constabulary,Hertfordshire Constabulary,-0.333009,51.713223,On or near HAMPDEN PLACE,E01023720,St Albans 019C,Investigation complete; no suspect identified
1ea94bec409f71c6d0c60a677f139f5b2f2d705e1f3718b383472fbb593ec3a8,2018-08,Hertfordshire Constabulary,Hertfordshire Constabulary,-0.210614,51.976228,On or near Petrol Station,E01023643,North Hertfordshire 009E,Investigation complete; no suspect identified
ecd61be724ebaa6cdf8e4dea53527fed41fa2c9407a39580604ebc64b431d607,2018-08,Hertfordshire Constabulary,Hertfordshire Constabulary,-0.414036,51.622681,On or near VALENCY CLOSE,E01023840,Three Rivers 011B,Suspect charged
80bb2a57e27d39a7b684bc138e9f89d5b63190d3acae22ac88be22896ae79710,2018-08,Hertfordshire Constabulary,Hertfordshire Constabulary,-0.015720,51.808746,On or near WIDBURY HILL,E01023513,East Hertfordshire 012B,Investigation complete; no suspect identified
e8eea674e027e56c09b0517687cf7483c3beaa1c16060c4417518cacccef54d2,2018-08,Hertfordshire Constabulary,Hertfordshire Constabulary,-0.274374,51.656815,On or near Supermarket,E01023530,Hertsmere 007B,Unable to prosecute suspect
559ad7f90f0341a4d6f5ea98a2b5352487e361a8b0cc5ecefe9837dd610fba90,2018-08,Hertfordshire Constabulary,Hertfordshire Constabulary,-0.169386,51.919979,On or near ASCOT CRESCENT,E01023771,Stevenage 003A,Suspect charged
13ddf0cf3c58f7fb2bd582f05dcc77a635ceb92a42b7dd47d34beea586b73592,2018-08,Hertfordshire Constabulary,Hertfordshire Constabulary,-0.198342,51.690347,On or near GREAT SLADES,E01023576,Hertsmere 001A,Unable to prosecute suspect
3c0ee9c251dc5a496a077c0d5f2f97c7e6996c308192cc323389d2bb62e21340,2018-08,Hertfordshire Constabulary,Hertfordshire Constabulary,-0.210672,51.793297,On or near Petrol Station,E01023917,Welwyn Hatfield 006B,Investigation complete; no suspect identified
61d50f60333fa45dde18eb5add9ecf71360d7baba495a05e5c2370a1b3230008,2018-08,Hertfordshire Constabulary,Hertfordshire Constabulary,-0.201368,51.898028,On or near Supermarket,E01023786,Stevenage 011D,Suspect charged
62955e10ed55d1ad2739470e4a2e5cc53636d3489ab9639399c002c0bf2c2e45,2018-08,Hertfordshire Constabulary,Hertfordshire Constabulary,-0.215343,51.764584,On or near Parking Area,E01023926,Welwyn Hatfield 011C,Investigation complete; no suspect identified
baba1c02aa0135227e5f1a596501eb99773820f361851f7463697de52ad6c519,2018-08,Hertfordshire Constabulary,Hertfordshire Constabulary,-0.473073,51.755240,On or near Parking Area,E01023400,Dacorum 015E,Unable to prosecute suspect
a181f66069a77eb7a691b626ae08a08b26bb740dea5ff4e147eea10bb2d194b5,2018-08,Hertfordshire Constabulary,Hertfordshire Constabulary,-0.203048,51.904016,On or near Shopping Area,E01023758,Stevenage 008D,Suspect charged
ab51f9c7aa032e5b55cd62a458d8b79b65b1b2f0709b5e0e9b8c306468e974cf,2018-08,Hertfordshire Constabulary,Hertfordshire Constabulary,-0.339818,51.742724,On or near Supermarket,E01023737,St Albans 017A,Investigation complete; no suspect identified
fed9f818814822c38a5d1498873562de91de97576dd5e3ff7b240c1f975cd15f,2018-08,Hertfordshire Constabulary,Hertfordshire Constabulary,0.157805,51.871226,On or near HIGH STREET,E01023449,East Hertfordshire 004A,Offender given a caution
28d3e92ec98eb5806337fde6a9799e00cb8e7df5bea9fe38ff137003ef512fb6,2018-08,Hertfordshire Constabulary,Hertfordshire Constabulary,-0.305754,51.760042,On or near ROSE WALK,E01023714,St Albans 010B,Investigation complete; no suspect identified
7000a10af49dd2b32b482c71b3f4c27cc70c78cd80b2b3d5f64be92ae0398963,2018-08,Hertfordshire Constabulary,Hertfordshire Constabulary,-0.182950,51.918265,On or near Pedestrian Subway,E01023774,Stevenage 003D,Unable to prosecute suspect
970bd834246784b3b09b3f7cfe0e0249de23da8c7b9bea15e5f2bc964a4bb2e2,2018-08,Hertfordshire Constabulary,Hertfordshire Constabulary,-0.220578,51.687062,On or near WASH LANE,E01023567,Hertsmere 002A,Offender given a caution
a910450d7d9653588d749220ded39aaee4019e85dcb49a15c04df84427798eeb,2018-08,Hertfordshire Constabulary,Hertfordshire Constabulary,-0.037445,51.718001,On or near Supermarket,E01023305,Broxbourne 008D,Suspect charged
a910450d7d9653588d749220ded39aaee4019e85dcb49a15c04df84427798eeb,2018-08,Hertfordshire Constabulary,Hertfordshire Constabulary,-0.037445,51.718001,On or near Supermarket,E01023305,Broxbourne 008D,Suspect charged
8c05ffd160fb3396800eb8b7393ad6a717bd805158e37d5ca231fd5ab2899803,2018-08,Hertfordshire Constabulary,Hertfordshire Constabulary,0.012246,51.891386,On or near Parking Area,E01023498,East Hertfordshire 006A,Suspect charged
d38235d88340f221fb536ab4a84466c9f395f748d968e3dc1159ef75c4e59f93,2018-08,Hertfordshire Constabulary,Hertfordshire Constabulary,-0.208516,51.910897,On or near DRAPERS WAY,E01023775,Stevenage 006A,Unable to prosecute suspect
f32ecb0bb1f78b3b30476c89e461c05a0f69f58dd8a5e6ebc8fa5de1a145a16b,2018-08,Hertfordshire Constabulary,Hertfordshire Constabulary,-0.201562,51.900459,On or near THE QUADRANT,E01023758,Stevenage 008D,Unable to prosecute suspect
3f63830b5b0c01404c5dfdcd190ede19c2fc97ed4af8f46f3244e3a8a492388e,2018-08,Hertfordshire Constabulary,Hertfordshire Constabulary,-0.182401,51.930791,On or near CALDER WAY,E01023801,Stevenage 002F,Investigation complete; no suspect identified
e514e2535dee0c3262d6ab97d4c53d97cdab1cd538f6955fff79ad0742f1cf7e,2018-08,Hertfordshire Constabulary,Hertfordshire Constabulary,-0.276195,51.953405,On or near FYFFES COURT,E01023616,North Hertfordshire 012F,Investigation complete; no suspect identified
970a29e57100a1bc7b461d42128b7696afd6326ba456c2a7fd9b5362cf92c3e7,2018-08,Hertfordshire Constabulary,Hertfordshire Constabulary,-0.288286,51.872799,On or near TOWER VIEW,E01023623,North Hertfordshire 014C,Investigation complete; no suspect identified
f1a8c062b2614a03965e8e2ca0babc87165d7f8396506d5f6fc3a7f0a9f893b7,2018-08,Hertfordshire Constabulary,Hertfordshire Constabulary,-0.281715,51.874816,On or near BRADWAY,E01023623,North Hertfordshire 014C,Investigation complete; no suspect identified
8fefc4f95e5f447cf1b6747b1a59792395a970c16360c671f445cbcabe7c5f2e,2018-08,Hertfordshire Constabulary,Hertfordshire Constabulary,-0.281310,51.877076,On or near THE VALLEY,E01023623,North Hertfordshire 014C,Investigation complete; no suspect identified
329379ae0947b28bbdff13ff93bf49a3f9097372fa13138f19e110659228422b,2018-08,Hertfordshire Constabulary,Hertfordshire Constabulary,-0.475525,51.735795,On or near MANORVILLE ROAD,E01023354,Dacorum 018B,Offender given a caution
aebff77739fc8ad2aacccbaefced72a1f61c621a2214a560906870200d702f44,2018-08,Hertfordshire Constabulary,Hertfordshire Constabulary,-0.475525,51.735795,On or near MANORVILLE ROAD,E01023354,Dacorum 018B,Offender given a caution
ef250c92c9784bf5092284cc622c0585ec59d15cf8b91859556651e9b9753888,2018-08,Hertfordshire Constabulary,Hertfordshire Constabulary,-0.399735,51.659201,On or near Parking Area,E01023861,Watford 009C,Suspect charged
079a384f56627f478139e8244acafba71cd68bc05abeb0a9868d943f9ea97a66,2018-08,Hertfordshire Constabulary,Hertfordshire Constabulary,-0.204507,51.721392,On or near Parking Area,E01023911,Welwyn Hatfield 015D,Investigation complete; no suspect identified
0fec9da3618af193214d992c96ed49392eee5ab098354f260d0b42f97636d6f9,2018-08,Hertfordshire Constabulary,Hertfordshire Constabulary,-0.173900,51.932377,On or near FAIRFIELD CRESCENT,E01033027,North Hertfordshire 005K,Investigation complete; no suspect identified
26c7bee563f999e2126f75f41c66ba7deef3f58c00b1f7cea213035caa61f114,2018-08,Hertfordshire Constabulary,Hertfordshire Constabulary,-0.181190,51.930880,On or near SWALE CLOSE,E01023801,Stevenage 002F,Investigation complete; no suspect identified
3658e01c1ea5be83255d0436d730cb6daec33d98dd630b1ac7c2ebbcbd3e05a8,2018-08,Hertfordshire Constabulary,Hertfordshire Constabulary,-0.264318,51.885963,On or near BULLOCK'S HILL,E01023623,North Hertfordshire 014C,Investigation complete; no suspect identified
dec400b9e2d52090e752ad3e802497b9e96ae43d311d52963fc57fb4c0a2f503,2018-08,Hertfordshire Constabulary,Hertfordshire Constabulary,-0.201129,51.904760,On or near Parking Area,E01023758,Stevenage 008D,Investigation complete; no suspect identified
d0ccb2dc4e72fb8880d6188aaf74c2a3381422358d4a5edc5b8b9408223819ae,2018-08,Hertfordshire Constabulary,Hertfordshire Constabulary,-0.185807,51.798599,On or near POLLARDS CLOSE,E01023958,Welwyn Hatfield 007E,Investigation complete; no suspect identified
3257952caf4d113507674e3f41765772445b4b330c79d1ed920e07bd6ed3e52c,2018-08,Hertfordshire Constabulary,Hertfordshire Constabulary,-0.194944,51.691751,On or near ELMROYD CLOSE,E01023576,Hertsmere 001A,Suspect charged
92b826de1497ca464d4909134f4d3769729f03f2c6c3e0fbcde692fddcbec14f,2018-08,Hertfordshire Constabulary,Hertfordshire Constabulary,-0.220417,51.776333,On or near Supermarket,E01033311,Welwyn Hatfield 010F,Investigation complete; no suspect identified
6d3b7349ee98e7b6bb8f66e1aa109fb3791cc71dcf86cd05bb4fcc48c9207c8c,2018-08,Hertfordshire Constabulary,Hertfordshire Constabulary,-0.273918,51.952454,On or near Sports/Recreation Area,E01023601,North Hertfordshire 010A,Investigation complete; no suspect identified
930a97a5a2a28daf8fa113c1a241b7e3a0c43e9859741c48f570fa4e2ffdb79c,2018-08,Hertfordshire Constabulary,Hertfordshire Constabulary,0.147955,51.813873,On or near Petrol Station,E01023501,East Hertfordshire 011C,Investigation complete; no suspect identified
652a7a3fb58c79b485c27ce99ff07bfdce0159c1a33862b65d330f7f5154f7c0,2018-08,Hertfordshire Constabulary,Hertfordshire Constabulary,-0.206035,51.800888,On or near FRETHERNE ROAD,E01023918,Welwyn Hatfield 006C,Suspect charged
681effc6792f83ed8160c7813957e0bf06d092edf866aa013a7f54faab8f0d60,2018-08,Hertfordshire Constabulary,Hertfordshire Constabulary,-0.207004,51.906531,On or near GATES WAY,E01023775,Stevenage 006A,Offender given a caution
3b671c487da994b0ed475bbf1773e6b04e1ba7cba97e3c996a38dba7d240ce72,2018-08,Hertfordshire Constabulary,Hertfordshire Constabulary,-0.265784,51.647012,On or near CARRINGTON CLOSE,E01023542,Hertsmere 011D,Unable to prosecute suspect
b67873655683a7c07a30c28a06ddb01312bb2e0dc0d069712156e429d357df88,2018-08,Hertfordshire Constabulary,Hertfordshire Constabulary,0.143662,51.858212,On or near Supermarket,E01023448,East Hertfordshire 007F,Investigation complete; no suspect identified
627ad873beefe24f14134ea9b95affce3344724d65ac0cae92ff5381d3f76709,2018-08,Hertfordshire Constabulary,Hertfordshire Constabulary,-0.265784,51.647012,On or near CARRINGTON CLOSE,E01023542,Hertsmere 011D,Unable to prosecute suspect
d40cea206dcebc506ed66ed82d5ed3e22c1185c9340d84530d226b8c42229783,2018-08,Hertfordshire Constabulary,Hertfordshire Constabulary,-0.275182,51.661403,On or near CANTERBURY ROAD,E01023530,Hertsmere 007B,Investigation complete; no suspect identified
03615088a0574c0e16a00b01f2ea116746afa4684a00e82e35a63e3303aa2f9b,2018-08,Hertfordshire Constabulary,Hertfordshire Constabulary,-0.193258,51.884263,On or near Supermarket,E01023786,Stevenage 011D,Suspect charged
b6e8405799b6f122627712ed6732ad35bac62c320a9288de391cd58cec8f5ab2,2018-08,Hertfordshire Constabulary,Hertfordshire Constabulary,-0.012574,51.760890,On or near TAVERNERS WAY,E01023320,Broxbourne 003A,Unable to prosecute suspect
ddb55cf955461a0524e6ee628e575dfa7459dae3b5ddd25338621dafc4489e7d,2018-08,Hertfordshire Constabulary,Hertfordshire Constabulary,0.123668,51.807714,On or near BLACKSMITHS WAY,E01023496,East Hertfordshire 009C,Investigation complete; no suspect identified
51735b4e90a63f831ee7c0841f455fa9053f724d088de614ae6fc48888246265,2018-08,Hertfordshire Constabulary,Hertfordshire Constabulary,-0.219971,51.769987,On or near LOCKLEY CRESCENT,E01023930,Welwyn Hatfield 010B,Unable to prosecute suspect
820275e17a2f25f5086f00a53965eab9241afd9f06085d867718b9391462cd45,2018-08,Hertfordshire Constabulary,Hertfordshire Constabulary,-0.464809,51.773781,On or near TREVALGA WAY,E01023397,Dacorum 007E,Investigation complete; no suspect identified
e3214b73aaec1d5f180515cf7d5348699fb35d22ac3ad48e9c1fde6ae6035ab8,2018-08,Hertfordshire Constabulary,Hertfordshire Constabulary,-0.208676,51.899579,On or near KINGS WAY,E01023758,Stevenage 008D,Unable to prosecute suspect
e25e32c5107364abd75ec34e75d6bc0da3b009b3b23bf9e76376b62cdc48fe74,2018-08,Hertfordshire Constabulary,Hertfordshire Constabulary,-0.278825,51.947437,On or near Parking Area,E01023616,North Hertfordshire 012F,Suspect charged
4a4e6bcddbba0f318b4f04e1263c6b2670a159b76102c68946c212eea6bb1ccd,2018-08,Hertfordshire Constabulary,Hertfordshire Constabulary,-0.278825,51.947437,On or near Parking Area,E01023616,North Hertfordshire 012F,Suspect charged
4354e87468ed23d87665abf8b7dce90c3dc71eec8a518aceb192f625d145a9c3,2018-08,Hertfordshire Constabulary,Hertfordshire Constabulary,-0.219811,51.970855,On or near LAWRENCE AVENUE,E01023647,North Hertfordshire 008D,Suspect charged
5bbfc98453aa5025966f11dbd1e8b7b49069fd4607c829e6f0de3f86992b1a25,2018-08,Hertfordshire Constabulary,Hertfordshire Constabulary,-0.219811,51.970855,On or near LAWRENCE AVENUE,E01023647,North Hertfordshire 008D,Suspect charged
cf4b4cf440c6653b17e6b5d9830ec62294c749a57126e7eee5e45ccbf7feff7f,2018-08,Hertfordshire Constabulary,Hertfordshire Constabulary,-0.219811,51.970855,On or near LAWRENCE AVENUE,E01023647,North Hertfordshire 008D,Suspect charged
b29246a72cea6702cbc9f8881a14bda2e3f3c2e1015208959e97971db8f54cdb,2018-08,Hertfordshire Constabulary,Hertfordshire Constabulary,-0.208676,51.899579,On or near KINGS WAY,E01023758,Stevenage 008D,Unable to prosecute suspect
532b5b9155c9997f7a2908b62550b2c1413984e46aaadbdeb895d97693622071,2018-08,Hertfordshire Constabulary,Hertfordshire Constabulary,-0.204608,51.899535,On or near Police Station,E01023758,Stevenage 008D,Suspect charged
229ee0173836e37de9c9a1e28a5ae6e61ced3a39f05da95dee9db3de705198f8,2018-08,Hertfordshire Constabulary,Hertfordshire Constabulary,-0.204608,51.899535,On or near Police Station,E01023758,Stevenage 008D,Suspect charged
06f029ac1ece0a61fb82f6768a35bf80f1d41b4338fdad6f4a24fe95607ac7ba,2018-08,Hertfordshire Constabulary,Hertfordshire Constabulary,-0.219811,51.970855,On or near LAWRENCE AVENUE,E01023647,North Hertfordshire 008D,Suspect charged
0f156374c862c7c22326782e6165e8271e94d8953537b239a3b7b74fa59b3a32,2018-08,Hertfordshire Constabulary,Hertfordshire Constabulary,-0.210293,51.974424,On or near ALLISON,E01023643,North Hertfordshire 009E,Unable to prosecute suspect
1fc511c0f9c6fadd6d9783cd18f9c5af3323cdf91b6e52d60f93b9b2a1c2f714,2018-08,Hertfordshire Constabulary,Hertfordshire Constabulary,-0.343075,51.827446,On or near WILLOW WAY,E01023687,St Albans 002C,Investigation complete; no suspect identified
079dc494ddf22c34eecfbd0ee9b667155a6379fc61044b9d93bc017918b9d0bf,2018-08,Hertfordshire Constabulary,Hertfordshire Constabulary,-0.475150,51.757676,On or near Parking Area,E01023399,Dacorum 010C,Suspect charged
4a1f8945a818cd320259107dbbb552607cf05fb052b12a9d128c591d6ba602a3,2018-08,Hertfordshire Constabulary,Hertfordshire Constabulary,-0.297879,51.642977,On or near SUMMER GROVE,E01023564,Hertsmere 010B,Investigation complete; no suspect identified
c47d1d8e3d0609e5b2c03a4bae2dfd35c2fbe9e43e309d8476beae14c38575e6,2018-08,Hertfordshire Constabulary,Hertfordshire Constabulary,-0.364685,51.815781,On or near ST ANDREW'S AVENUE,E01023700,St Albans 003B,Investigation complete; no suspect identified
40455a146e379d6760d5d9d392c7e882ca194dcd698088aaf0cbe8ee445620ad,2018-08,Hertfordshire Constabulary,Hertfordshire Constabulary,-0.436306,51.819686,On or near HIGH STREET,E01023430,Dacorum 001A,Investigation complete; no suspect identified
c76a3598025fa84f5b6a0028293eb794944884877362cc479f73391047db60df,2018-08,Hertfordshire Constabulary,Hertfordshire Constabulary,-0.208676,51.899579,On or near KINGS WAY,E01023758,Stevenage 008D,Offender given a caution
53dda8e615f8af063afc17752b3cf0452a906697d13559b67dd4400bc47c34bc,2018-08,Hertfordshire Constabulary,Hertfordshire Constabulary,-0.370021,51.813436,On or near BADINGHAM DRIVE,E01023700,St Albans 003B,Investigation complete; no suspect identified
ed3ffae0af28f2ccc53a6b338879b6386691dcb32167abd25d7e00c6ce68efb1,2018-08,Hertfordshire Constabulary,Hertfordshire Constabulary,-0.399770,51.665181,On or near TERRACE GARDENS,E01023880,Watford 007C,Investigation complete; no suspect identified
455072ed87343376da024a37dd5b0c8aa877a54095a0bec60bf0010ebcec0844,2018-08,Hertfordshire Constabulary,Hertfordshire Constabulary,-0.164658,51.880071,On or near Pedestrian Subway,E01023763,Stevenage 012A,Investigation complete; no suspect identified
94faebc7e4d628483b9b359d528e89336bd5ab29bbf08f10fe7ec2f64b802d06,2018-08,Hertfordshire Constabulary,Hertfordshire Constabulary,-0.184900,51.796283,On or near HAYNES CLOSE,E01023944,Welwyn Hatfield 008B,Suspect charged
e5003fcee130d0c794e3979f638a96ff47d0de99c15c3d7eb3f2ad296cb47c8d,2018-08,Hertfordshire Constabulary,Hertfordshire Constabulary,0.159581,51.863424,On or near WRENBROOK ROAD,E01023444,East Hertfordshire 007B,Offender given a caution
9e1bdb9b198a846a450804fb7c72e78d07bf5db47d4f1d37f821048d3e999290,2018-08,Hertfordshire Constabulary,Hertfordshire Constabulary,-0.547179,51.711957,On or near SHANTOCK HALL LANE,E01023377,Dacorum 021E,Suspect charged
e9b6e6c3d0c358c72f17d1a26ea1800ec8df51052773a7717ec5cac86b0468fb,2018-08,Hertfordshire Constabulary,Hertfordshire Constabulary,-0.234803,51.887538,On or near VILLAGE STREET,E01023623,North Hertfordshire 014C,Investigation complete; no suspect identified
bcc2109210709534e99ae32ce4a219a66cd00f9106730956fad7c86b120301bc,2018-08,Hertfordshire Constabulary,Hertfordshire Constabulary,-0.368063,51.823884,On or near HARPENDEN RISE,E01023690,St Albans 001A,Investigation complete; no suspect identified
a83d6cc30d325427eb7b0a7aebca5f8686696aa14bfbe9a457cd97f404b0b6ab,2018-08,Hertfordshire Constabulary,Hertfordshire Constabulary,-0.438695,51.774471,On or near MEDWICK MEWS,E01023434,Dacorum 005A,Offender given a drugs possession warning
752c965f75ab066d515b446e131e00e659d3e5ac541933ae591f3ecf057848a8,2018-08,Hertfordshire Constabulary,Hertfordshire Constabulary,-0.469129,51.761761,On or near TEMPLE MEAD,E01023399,Dacorum 010C,Investigation complete; no suspect identified
13b01cbb6980f05bbd2d7541740cdcb1881179854e5609ed7b2a0c43214d6a1c,2018-08,Hertfordshire Constabulary,Hertfordshire Constabulary,-0.459877,51.734719,On or near EVANS WHARF,E01033022,Dacorum 018G,Investigation complete; no suspect identified
7c93e4236e58f1f54f240bc8ad2773ea5ba94345bc16b765346fbe46b0a32cc0,2018-08,Hertfordshire Constabulary,Hertfordshire Constabulary,-0.432920,51.777173,On or near BAYFORD CLOSE,E01023437,Dacorum 005D,Investigation complete; no suspect identified
f484f8b6dff7f1dd7c2e2ac70b5c12bdfcede826828fa661ce70adff81f1767f,2018-08,Hertfordshire Constabulary,Hertfordshire Constabulary,-0.253023,51.658612,On or near Petrol Station,E01023546,Hertsmere 009C,Suspect charged
00d4dfc778d2a3e1cd01b0808051ef2aee5ee049528de678b6006f70270592ed,2018-08,Hertfordshire Constabulary,Hertfordshire Constabulary,-0.253023,51.658612,On or near Petrol Station,E01023546,Hertsmere 009C,Suspect charged
99577ed01983697dfaa804e57e79e5d78fe5204792249b57315cadd87fab579d,2018-08,Hertfordshire Constabulary,Hertfordshire Constabulary,-0.057034,51.697365,On or near BURY GREEN ROAD,E01023293,Broxbourne 011A,Suspect charged
e6630557efc0c0a534d0aec43da1a1bd1fd6d0c5b3e6efd8bd5c8795bf7a35d8,2018-08,Hertfordshire Constabulary,Hertfordshire Constabulary,-0.207970,51.819018,On or near Sports/Recreation Area,E01023962,Welwyn Hatfield 003D,Investigation complete; no suspect identified
680d9218761f7e50bd1eabdc3d8709b9dc0f01f12cd12593c4c5c684356b532a,2018-08,Hertfordshire Constabulary,Hertfordshire Constabulary,-0.251875,51.954970,On or near DESBOROUGH ROAD,E01023620,North Hertfordshire 011D,Investigation complete; no suspect identified
a9081a1df01f01e224ed0b028a039c5b3b7c6a0400075dab62e231042ab25291,2018-08,Hertfordshire Constabulary,Hertfordshire Constabulary,-0.453316,51.730488,On or near KINGFISHER DRIVE,E01023414,Dacorum 020E,Unable to prosecute suspect
8513a12011d0ca68c2e241b461858e8793e6b2bb0b6598a51959ce6fb67cd3ef,2018-08,Hertfordshire Constabulary,Hertfordshire Constabulary,-0.320164,51.697736,On or near HARPER LANE,E01023720,St Albans 019C,Investigation complete; no suspect identified
2d6ca1150b51bc5e1c648998592e3d42e6f37c200efc19d4916817e193da62d8,2018-08,Hertfordshire Constabulary,Hertfordshire Constabulary,-0.448076,51.644555,On or near HARVEY ROAD,E01023826,Three Rivers 006F,Unable to prosecute suspect
7ade54ba4abfcd957a0d01fa08391d922d5cb1a7ef2a98a51047b1ba2996f239,2018-08,Hertfordshire Constabulary,Hertfordshire Constabulary,-0.449158,51.742401,On or near KIMPS WAY,E01023358,Dacorum 020B,Offender given a caution
f83a754a206800e86ba00acb78beef806dad61407f0cb744cb6fd54435746f5c,2018-08,Hertfordshire Constabulary,Hertfordshire Constabulary,-0.196375,51.907663,On or near MILLER WAY,E01023779,Stevenage 006B,Investigation complete; no suspect identified
805a7cbbc4728292166a5433479700be73a44702cf7226f1076cc45696f8163e,2018-08,Hertfordshire Constabulary,Hertfordshire Constabulary,-0.394749,51.621492,On or near MUIRFIELD ROAD,E01023842,Three Rivers 012B,Unable to prosecute suspect
61a4a70057237a591527ce1b58c5d836bd422b66932be633bea6b256da35528f,2018-08,Hertfordshire Constabulary,Hertfordshire Constabulary,-0.203302,51.903480,On or near Supermarket,E01023758,Stevenage 008D,Suspect charged
219df0584338c2c25842cad0d7a7a7738411fd6704d916fc14d8c61527693e21,2018-08,Hertfordshire Constabulary,Hertfordshire Constabulary,-0.187813,51.977677,On or near ASHTON'S LANE,E01023593,North Hertfordshire 004G,Investigation complete; no suspect identified
c05e2e4bcbd41dd2e068d412f186204571de7ea136c07182e452a96fbf0c57c5,2018-08,Hertfordshire Constabulary,Hertfordshire Constabulary,-0.331409,51.736238,On or near CLOISTER GARTH,E01023738,St Albans 017B,Investigation complete; no suspect identified
decb2a232b42b3fcd566b1a603bcfd316ae0348c4c6224fdcc4f587c8a8517c3,2018-08,Hertfordshire Constabulary,Hertfordshire Constabulary,-0.324701,51.757463,On or near EASTBURY COURT,E01023676,St Albans 011D,Investigation complete; no suspect identified
858296c32aaf022bd066f2a37087af1067a9c009810fa562ff15f4af4c934e5f,2018-08,Hertfordshire Constabulary,Hertfordshire Constabulary,-0.362118,51.824548,On or near LAMBOURN GARDENS,E01023692,St Albans 001C,Investigation complete; no suspect identified
59d08177d9ed78ce908222e5b5e40b729eee490528addb61f3a3f39cd489f800,2018-08,Hertfordshire Constabulary,Hertfordshire Constabulary,-0.030064,51.711942,On or near BROMLEIGH CLOSE,E01023302,Broxbourne 008A,Unable to prosecute suspect
cdfb09eb0be8fe98eff89fe15a5d77dd82524a8c908436913618e5bb336f65f9,2018-08,Hertfordshire Constabulary,Hertfordshire Constabulary,-0.182421,51.890310,On or near LONG LEAVES,E01023794,Stevenage 010D,Unable to prosecute suspect
42ef34523ef1ca3cd7e5ff8f1a4e41c173cc4402865e9348efa8f916054550ce,2018-08,Hertfordshire Constabulary,Hertfordshire Constabulary,,,No location,,,Investigation complete; no suspect identified
31d4d439f2af2c85e5d449e7e49a2830ddaad8e781b71d9323baec07eae3ffb7,2018-08,Hertfordshire Constabulary,Hertfordshire Constabulary,-0.341844,51.825810,On or near Supermarket,E01023687,St Albans 002C,Suspect charged
722778a422e309c88b7d0187c5d7b0037be69e9ddd1b14fb8502b877abd53014,2018-08,Hertfordshire Constabulary,Hertfordshire Constabulary,-0.121846,51.694256,On or near CATTLEGATE ROAD,E01023947,Welwyn Hatfield 016A,Investigation complete; no suspect identified
24d916e2c8436730d53c46f31fa571feb31cb1ff0511c9bdfe1b70d6347c9f28,2018-08,Hertfordshire Constabulary,Hertfordshire Constabulary,-0.078454,51.795239,On or near PARLIAMENT SQUARE,E01023478,East Hertfordshire 017D,Unable to prosecute suspect
7f6a3469763f3dcc28ffeb6eb8b527b3cbe58c0b7341ceb1f799f6d49859f844,2018-08,Hertfordshire Constabulary,Hertfordshire Constabulary,-0.392330,51.642528,On or near HOLLYBUSH CLOSE,E01023885,Watford 012D,Investigation complete; no suspect identified
d932b83054bbfcffcf604dd4b85521be8aea2aa6797e8811395dcef20dd7528b,2018-08,Hertfordshire Constabulary,Hertfordshire Constabulary,-0.426299,51.823311,On or near Petrol Station,E01023430,Dacorum 001A,Investigation complete; no suspect identified
0d9ffebe3c5d12c088d530ae252f9f583c776438234dfb7a670f7087d67b9b2e,2018-08,Hertfordshire Constabulary,Hertfordshire Constabulary,-0.243517,51.980769,On or near BURSLAND,E01023650,North Hertfordshire 007B,Investigation complete; no suspect identified
7974007bd2877d5389fa0b0f1c9681e80d7d473a8757afc5925cf9beec556eda,2018-08,Hertfordshire Constabulary,Hertfordshire Constabulary,-0.020774,51.800019,On or near LONDON ROAD,E01023468,East Hertfordshire 018A,Investigation complete; no suspect identified
a85380cfe30dd3028d102ecd985f1d7f795e6e4a8bba0d5d1935085b44a7f71d,2018-08,Hertfordshire Constabulary,Hertfordshire Constabulary,-0.345334,51.816103,On or near OVERSTONE ROAD,E01023702,St Albans 003D,Investigation complete; no suspect identified
c8cd9c17fa5feb9d63d6107b8ccd8216f5688648c05e79ba0ac02edd3825c31f,2018-08,Hertfordshire Constabulary,Hertfordshire Constabulary,-0.348817,51.758092,On or near OYSTERFIELDS,E01023669,St Albans 009A,Investigation complete; no suspect identified
3c78f755627b437be300287576d2343c892970d3f7ae4ba2ffe3245ffc99f9f9,2018-08,Hertfordshire Constabulary,Hertfordshire Constabulary,-0.497305,51.749366,On or near CHAULDEN TERRACE,E01023384,Dacorum 016B,Investigation complete; no suspect identified
74d943d029f3f876fd9e3aea40ba8776ac3c61ce5309a01ccc123e1cfa487a11,2018-08,Hertfordshire Constabulary,Hertfordshire Constabulary,-0.341844,51.825810,On or near Supermarket,E01023687,St Albans 002C,Suspect charged
06a73b07b50e171b516d059a58e3d86176b63528b71f8d6a1a7c6f28f017fcca,2018-08,Hertfordshire Constabulary,Hertfordshire Constabulary,-0.525924,51.740655,On or near A41,E01023377,Dacorum 021E,Investigation complete; no suspect identified
e176338fb889d8df240cfaba937a9b4f97cca4a2720bdd600150557784e0cc9b,2018-08,Hertfordshire Constabulary,Hertfordshire Constabulary,-0.202790,51.901746,On or near Bus/Coach Station,E01023758,Stevenage 008D,Suspect charged
d7f52274531303fb1cf63636940b675b2341757e1b47d2a4a740404e4d619a6f,2018-08,Hertfordshire Constabulary,Hertfordshire Constabulary,-0.190102,51.915435,On or near Pedestrian Subway,E01023782,Stevenage 006E,Investigation complete; no suspect identified
4ed192550cc0b8319d002ff0b3306ea19d22399aac06f66832ca57de7a229d7b,2018-08,Hertfordshire Constabulary,Hertfordshire Constabulary,-0.204335,51.784172,On or near ELLIOTT CLOSE,E01023941,Welwyn Hatfield 009C,Suspect charged
2bdffc93460cbcdf495877e1ef803d192aaa4048a5453c78cbdd6ac30cd1496f,2018-08,Hertfordshire Constabulary,Hertfordshire Constabulary,-0.363533,51.824748,On or near HILLSIDE ROAD,E01023692,St Albans 001C,Investigation complete; no suspect identified
e6b4ab9e7abd10ed96b66474ce03594d97092dd26ab8399e43d1b831b17b0cc4,2018-08,Hertfordshire Constabulary,Hertfordshire Constabulary,-0.028040,51.687908,On or near KING EDWARD ROAD,E01023336,Broxbourne 013A,Investigation complete; no suspect identified
267678820e0fdbf1229e584c9585983d127e886aacc7dac88088cdaf94c24fa3,2018-08,Hertfordshire Constabulary,Hertfordshire Constabulary,-0.241789,51.978037,On or near ICKNIELD WAY,E01023650,North Hertfordshire 007B,Investigation complete; no suspect identified
07d76dbcdecc4c12f3ca9a71e21330833250ae167f6ad8ea48b14d50204b60c8,2018-08,Hertfordshire Constabulary,Hertfordshire Constabulary,-0.208473,51.911247,On or near Supermarket,E01023775,Stevenage 006A,Suspect charged
dd4993f042712b8b6c31f3552449f333fcbbf1d7a846c5c7c7b46aee68c69641,2018-08,Hertfordshire Constabulary,Hertfordshire Constabulary,-0.020089,51.750406,On or near SPRINGFIELDS,E01023290,Broxbourne 004B,Investigation complete; no suspect identified
d3dde662df5c007c7b932a35ec05f0355a7d46aea58d150b836f6892e5005b5b,2018-08,Hertfordshire Constabulary,Hertfordshire Constabulary,-0.030064,51.711942,On or near BROMLEIGH CLOSE,E01023302,Broxbourne 008A,Offender given a caution
6d99f1ea2e9feb0f72708080fdf7551e82b1fa2bfb48ccde28afe5f4d7ca265c,2018-08,Hertfordshire Constabulary,Hertfordshire Constabulary,-0.469926,51.723179,On or near RUCKLERS LANE,E01023407,Dacorum 022B,Investigation complete; no suspect identified
b2ec423c8d8c7b4c2c310ca1efc4da15fa097330f66229e06fe586e94df1ca8e,2018-08,Hertfordshire Constabulary,Hertfordshire Constabulary,-0.034356,51.688068,On or near STURLAS WAY,E01023336,Broxbourne 013A,Investigation complete; no suspect identified
dec6fda42dfd77286dbc1770f863b5e5dff9df14836f97140b6d18ea12af1b41,2018-08,Hertfordshire Constabulary,Hertfordshire Constabulary,-0.241789,51.978037,On or near ICKNIELD WAY,E01023650,North Hertfordshire 007B,Investigation complete; no suspect identified
ebfe62cc197f751b49d8500dec31256379e750c8c718c3ea5456300a83421b4f,2018-08,Hertfordshire Constabulary,Hertfordshire Constabulary,-0.085538,51.788565,On or near HORNS MILL ROAD,E01023475,East Hertfordshire 017A,Investigation complete; no suspect identified
5324c66a8390cde07fa0584020592cce45addad9cb5387584264aa6cf5cb11ca,2018-08,Hertfordshire Constabulary,Hertfordshire Constabulary,-0.010472,51.759578,On or near LEGRA AVENUE,E01023321,Broxbourne 003B,Investigation complete; no suspect identified
3e3ed0f9b3a9faf524323ea38a69bffe5c3db7182bc353083fa2956a7ea02314,2018-08,Hertfordshire Constabulary,Hertfordshire Constabulary,-0.288789,51.961267,On or near BEECHWOOD CLOSE,E01023611,North Hertfordshire 012A,Investigation complete; no suspect identified
f8d92c93d67ba38ef1c5b31da47d6adb2505238a7b57cd1dec120ed20cfbc821,2018-08,Hertfordshire Constabulary,Hertfordshire Constabulary,-0.019593,52.060491,On or near SWIFT CLOSE,E01023662,North Hertfordshire 001C,Investigation complete; no suspect identified
ce8f341afeb0ff92de48ad4ca936f751b95349a4255c03cacbd1bbf8da3e917c,2018-08,Hertfordshire Constabulary,Hertfordshire Constabulary,-0.204335,51.784172,On or near ELLIOTT CLOSE,E01023941,Welwyn Hatfield 009C,Local resolution
a17cb25ba35de9584be6611e0855c96f564d24435f7d82358c6d5dbf0bbdfcc4,2018-08,Hertfordshire Constabulary,Hertfordshire Constabulary,-0.183035,51.692161,On or near HUNTER CLOSE,E01023573,Hertsmere 003C,Unable to prosecute suspect
a524f72dcf3be7f910800f9078554165e3ca8064b3f97fd8ddaa6823abd59e09,2018-08,Hertfordshire Constabulary,Hertfordshire Constabulary,0.005400,51.788137,On or near Supermarket,E01023505,East Hertfordshire 018F,Unable to prosecute suspect
65cbef7d8884534e0453908b327ef364228d58c5219bbf881062f7835953afdd,2018-08,Hertfordshire Constabulary,Hertfordshire Constabulary,-0.335014,51.757169,On or near CHIME SQUARE,E01023728,St Albans 012C,Investigation complete; no suspect identified
9d26b2d8d643b366a65c75dca9e7cce5f3f73a0e4d8f0d98ad784e791c8a6c71,2018-08,Hertfordshire Constabulary,Hertfordshire Constabulary,-0.440028,51.775766,On or near CHENIES COURT,E01023434,Dacorum 005A,Investigation complete; no suspect identified
aca1c3c8f4793b80dcd244d97e6e69d16acb7b75ec4494ed19120145dd5faad5,2018-08,Hertfordshire Constabulary,Hertfordshire Constabulary,-0.195291,51.987611,On or near PEPYS WAY,E01023590,North Hertfordshire 004D,Investigation complete; no suspect identified
bf72a96c37f156582bb1f5153a9b7b8c8daf5413468d20d6d720c3788489cfc7,2018-08,Hertfordshire Constabulary,Hertfordshire Constabulary,-0.075763,51.796463,On or near FORE STREET,E01023478,East Hertfordshire 017D,Investigation complete; no suspect identified
b1c9053ae94b32c35227b785f6e79021471b79ccd3713354580aeb40a3de655e,2018-08,Hertfordshire Constabulary,Hertfordshire Constabulary,-0.247381,51.957125,On or near WILLIAN ROAD,E01023617,North Hertfordshire 011A,Investigation complete; no suspect identified
6d9bba1f30ff4c97f7803523bbd2153c7e3a1622a9809b6c617ec5c8acd6aefd,2018-08,Hertfordshire Constabulary,Hertfordshire Constabulary,-0.157109,52.039289,On or near BACK STREET,E01023586,North Hertfordshire 005B,Investigation complete; no suspect identified
1a97ddc156441dc031aecd0fd656fb2b55cb83408e01fa4511b38386cbe72270,2018-08,Hertfordshire Constabulary,Hertfordshire Constabulary,-0.472359,51.759654,On or near HIGH STREET,E01023399,Dacorum 010C,Suspect charged
3af6ace8ad42fbba5e2cd8741f97ba3a2e2ea34bfd16e4648be14a66fcdc5afc,2018-08,Hertfordshire Constabulary,Hertfordshire Constabulary,-0.282697,51.668024,On or near Supermarket,E01023536,Hertsmere 006C,Investigation complete; no suspect identified
3fa760eb2c35e87c50df4e8d4ab9ed5dd88996ea1a97a7c38d0a110b19604f02,2018-08,Hertfordshire Constabulary,Hertfordshire Constabulary,-0.199565,51.791077,On or near SANDPIT ROAD,E01023940,Welwyn Hatfield 009B,Suspect charged
fd9e2fbe941a0b568da1e01149e638574d1907cc3d0bf7a26b125d30aafd2563,2018-08,Hertfordshire Constabulary,Hertfordshire Constabulary,-0.174211,51.930808,On or near THE BEACONS,E01033027,North Hertfordshire 005K,Investigation complete; no suspect identified
0993ea93d7ea7753275776b167c229ca76c728538e104f62fc6d269128b93f50,2018-08,Hertfordshire Constabulary,Hertfordshire Constabulary,-0.044224,51.800070,On or near Petrol Station,E01023484,East Hertfordshire 016C,Investigation complete; no suspect identified
1f125e85fe3dbcec14bf53c164c68e2b8955b3259eaa9ca0c655bdfd61853660,2018-08,Hertfordshire Constabulary,Hertfordshire Constabulary,-0.427348,51.755644,On or near Petrol Station,E01023409,Dacorum 017A,Investigation complete; no suspect identified
e990fe2aab94bde3e8510b5d47fc6432f36bc22f8f5dd33c7a0c19f19c451329,2018-08,Hertfordshire Constabulary,Hertfordshire Constabulary,-0.513647,51.621655,On or near PINCHFIELD,E01023838,Three Rivers 009D,Investigation complete; no suspect identified
d07c95de7709577fe22c744d5f7714408c0a3ab174dfb444420a557a38e133f3,2018-08,Hertfordshire Constabulary,Hertfordshire Constabulary,-0.178101,51.686384,On or near BYERS CLOSE,E01023575,Hertsmere 003E,Investigation complete; no suspect identified
93f26460e24a4b4c96cdc7bc22d8b352e652d99bd3a89d691cdafa4d16f7e001,2018-08,Hertfordshire Constabulary,Hertfordshire Constabulary,-0.101043,51.966374,On or near TREACLE LANE,E01023663,North Hertfordshire 005G,Investigation complete; no suspect identified
83a1d8aa42f7d6ff0b709ceb5904dc6030dd9e68d397f1982536ec513ceb6995,2018-08,Hertfordshire Constabulary,Hertfordshire Constabulary,-0.019138,52.044396,On or near TURPIN'S RIDE,E01023654,North Hertfordshire 002A,Investigation complete; no suspect identified
aa9aadae90817beaa42aedeaf24211ae40c91cd9ba22bbd1486d3efd5e3cca85,2018-08,Hertfordshire Constabulary,Hertfordshire Constabulary,-0.396693,51.681073,On or near POMEROY CRESCENT,E01023872,Watford 004E,Investigation complete; no suspect identified
d00522de7c9ddc65a7e3b7770182b242a08c05927ef4847aa193dd2182e711b0,2018-08,Hertfordshire Constabulary,Hertfordshire Constabulary,-0.023767,51.942028,On or near MEADOW VIEW,E01023464,East Hertfordshire 001B,Investigation complete; no suspect identified
efc917f039a99b04f748af39e57ce4e9cbaba697f07a4d1c32b75b184bd2c52a,2018-08,Hertfordshire Constabulary,Hertfordshire Constabulary,-0.427348,51.755644,On or near Petrol Station,E01023409,Dacorum 017A,Investigation complete; no suspect identified
5d6c5064bfe30707c66784e3e74aba1a64c5328ba595c047a18d677a5bdd6fe8,2018-08,Hertfordshire Constabulary,Hertfordshire Constabulary,-0.208676,51.899579,On or near KINGS WAY,E01023758,Stevenage 008D,Investigation complete; no suspect identified
919722f5701c261afb869c4c7c7ff797665e2c5ea27e00c67c38ec3cec9936a1,2018-08,Hertfordshire Constabulary,Hertfordshire Constabulary,-0.207004,51.906531,On or near GATES WAY,E01023775,Stevenage 006A,Offender given a caution
72a8ce50d9a419cf61b8d5adad2e7c6ebf3cfaf9a3a3281d4e1acca1911e65e4,2018-08,Hertfordshire Constabulary,Hertfordshire Constabulary,-0.063787,51.797066,On or near EXTENSION ROAD,E01023477,East Hertfordshire 017C,Investigation complete; no suspect identified
ade8731019aace07420d56be6d420230550fc92b38ccdb801938cbe4f2ec9b64,2018-08,Hertfordshire Constabulary,Hertfordshire Constabulary,-0.017536,52.043362,On or near BELDAM AVENUE,E01023654,North Hertfordshire 002A,Investigation complete; no suspect identified
6e7a5450dc517def4c1a824250f1cddcf7519b7451b5a763d29365ef823179ea,2018-08,Hertfordshire Constabulary,Hertfordshire Constabulary,-0.373505,51.826675,On or near MAYFIELD CLOSE,E01023691,St Albans 001B,Investigation complete; no suspect identified
ec4e4250a5603c5a845e2610c9ddfca3aefa4aac9ded83a36c688f6921f11c00,2018-08,Hertfordshire Constabulary,Hertfordshire Constabulary,-0.044869,51.783472,On or near OLIVERS WAY,E01023480,East Hertfordshire 018C,Investigation complete; no suspect identified
913bb2780c182e1350c697d9aeff88d1acd230326ec776c34515abfa57582f5f,2018-08,Hertfordshire Constabulary,Hertfordshire Constabulary,-0.333009,51.713223,On or near HAMPDEN PLACE,E01023720,St Albans 019C,Investigation complete; no suspect identified
859c778c13d72d269f75d235db07df156a331db113c05f114be2ad0d5691c6d4,2018-08,Hertfordshire Constabulary,Hertfordshire Constabulary,-0.285172,51.717732,On or near HALSEY PARK,E01023704,St Albans 018A,Investigation complete; no suspect identified
43e03f51a2e8e3ec91628513e56fd46f7efafbce0b1b9b5960a3081d72bd620a,2018-08,Hertfordshire Constabulary,Hertfordshire Constabulary,-0.023633,51.683805,On or near BRITANNIA ROAD,E01023338,Broxbourne 013C,Investigation complete; no suspect identified
d3cb3a5884b5d3e5e96ce72d835f833659e5c09992b9ffc9d9d80bf8b961044a,2018-08,Hertfordshire Constabulary,Hertfordshire Constabulary,-0.275182,51.661403,On or near CANTERBURY ROAD,E01023530,Hertsmere 007B,Investigation complete; no suspect identified
753cafd58921308bb46f579b0570d33613cb534a5b7eb349ec55a8bf46d234aa,2018-08,Hertfordshire Constabulary,Hertfordshire Constabulary,-0.274102,51.929843,On or near HIGH STREET,E01023622,North Hertfordshire 014B,Investigation complete; no suspect identified
5532ba9e70f9eed85c69fa86c28c22a28b29a7d48f572199c7093706bca9bfee,2018-08,Hertfordshire Constabulary,Hertfordshire Constabulary,-0.206634,51.907784,On or near Pedestrian Subway,E01023775,Stevenage 006A,Investigation complete; no suspect identified
43a2d821a08f199460a9f8e2b7fce8bb06d978decd46a77734f8c6d35cdfd9c3,2018-08,Hertfordshire Constabulary,Hertfordshire Constabulary,-0.220103,51.795364,On or near ATTIMORE CLOSE,E01023916,Welwyn Hatfield 006A,Investigation complete; no suspect identified
538baf70faa9f5f2d1faf392509c23db9bd94f78940ad37b353fa6dd4908bbeb,2018-08,Hertfordshire Constabulary,Hertfordshire Constabulary,-0.349919,51.658638,On or near SANDY LANE,E01023555,Hertsmere 008D,Investigation complete; no suspect identified
98bbefafd84231333614601a8414b98b65ae11da48d54d2a0ceee85ece22f023,2018-08,Hertfordshire Constabulary,Hertfordshire Constabulary,-0.183112,51.909923,On or near Pedestrian Subway,E01023780,Stevenage 006C,Investigation complete; no suspect identified
ba078a3fc94c36fad11add3379245039158b42a4bb38db83df2904cb5a1a7c7b,2018-08,Hertfordshire Constabulary,Hertfordshire Constabulary,-0.435251,51.776404,On or near ARAGON CLOSE,E01023437,Dacorum 005D,Investigation complete; no suspect identified
a35723d23d35ec2d5651b5c761d0448d203f1374a8f936b12f3f34ebeb3ee3b8,2018-08,Hertfordshire Constabulary,Hertfordshire Constabulary,-0.394722,51.673808,On or near WINDSOR ROAD,E01023858,Watford 006D,Investigation complete; no suspect identified
5547fef014d6839527d503dafa1543427352f549554eb495d4942cfb0321e813,2018-08,Hertfordshire Constabulary,Hertfordshire Constabulary,-0.183532,51.923660,On or near CANTERBURY WAY,E01023788,Stevenage 001B,Suspect charged
90c4e5717db64ac4850e5e3fb7ec3c52dbe25bc333b9e4fb7db7491274f5aa72,2018-08,Hertfordshire Constabulary,Hertfordshire Constabulary,-0.183532,51.923660,On or near CANTERBURY WAY,E01023788,Stevenage 001B,Suspect charged
8bb268788739f37daf1cdaa65a42f6c969a774bbad699e3f883639de8fc04062,2018-08,Hertfordshire Constabulary,Hertfordshire Constabulary,-0.333009,51.713223,On or near HAMPDEN PLACE,E01023720,St Albans 019C,Investigation complete; no suspect identified
df69053f16341592ead3a1cb14d9e1c2d0173fb01475759b54d915d1639da6cf,2018-08,Hertfordshire Constabulary,Hertfordshire Constabulary,-0.269599,51.940648,On or near Petrol Station,E01023606,North Hertfordshire 013A,Investigation complete; no suspect identified
2598755f94d3f6f2ccd0573925d861bfb5b457803d7c9c55dd38d4c29a072dbc,2018-08,Hertfordshire Constabulary,Hertfordshire Constabulary,-0.439494,51.776109,On or near DATCHET CLOSE,E01023434,Dacorum 005A,Investigation complete; no suspect identified
a4c7710f1b06ab680eb5ee492bfb9b712f1d73c9c5b4c239041328de0b7507d5,2018-08,Hertfordshire Constabulary,Hertfordshire Constabulary,-0.183532,51.923660,On or near CANTERBURY WAY,E01023788,Stevenage 001B,Suspect charged
8c7d26d0e3192c8919d4bc54ce6d40a21ba84fde65189d2cb4d37776c09aa46a,2018-08,Hertfordshire Constabulary,Hertfordshire Constabulary,-0.406370,51.649742,On or near HOLYWELL ROAD,E01023901,Watford 010C,Investigation complete; no suspect identified
9199b688b6e106d2ce45525868be02ab6ea04e0c6cabeef4ed886f1e73537645,2018-08,Hertfordshire Constabulary,Hertfordshire Constabulary,-0.201301,51.895708,On or near TIPPET COURT,E01023786,Stevenage 011D,Investigation complete; no suspect identified
3ec7d5863cc9d208d44ccb2da945e799bbeab9c164eb7dfd25072ca4861dc48c,2018-08,Hertfordshire Constabulary,Hertfordshire Constabulary,-0.253023,51.658612,On or near Petrol Station,E01023546,Hertsmere 009C,Investigation complete; no suspect identified
2bce88c39964a22c21b239e984e114d8edb70b8a114cb507a45568ca53734740,2018-08,Hertfordshire Constabulary,Hertfordshire Constabulary,-0.208946,51.912162,On or near BELL LANE,E01023775,Stevenage 006A,Unable to prosecute suspect
d47e3c0483c8978bff80a05de84e02a46bdaef8eaed9d4dbca79d35a28206fd3,2018-08,Hertfordshire Constabulary,Hertfordshire Constabulary,-0.400520,51.659491,On or near Nightclub,E01023861,Watford 009C,Investigation complete; no suspect identified
e2dae8b2789f49b08fcb1433d5a2c0415958a38a4e5b9a698760f0f6cdc12274,2018-08,Hertfordshire Constabulary,Hertfordshire Constabulary,-0.400520,51.659491,On or near Nightclub,E01023861,Watford 009C,Investigation complete; no suspect identified
99ce5b701bbcfab84da443b1df337a6ee762677f53eb4a7c9caf7606589626f5,2018-08,Hertfordshire Constabulary,Hertfordshire Constabulary,-0.181495,51.882293,On or near BROADWATER CRESCENT,E01023783,Stevenage 011A,Investigation complete; no suspect identified
65d414036a4342bdc6f89ce9c4c6fde7bbc41545da39bd6dfca78165d036800c,2018-08,Hertfordshire Constabulary,Hertfordshire Constabulary,-0.032921,51.684447,On or near HIGH STREET,E01023337,Broxbourne 013B,Offender given penalty notice
9aa8c80867b4d7aecfcb98f81cb420af5e584a6d5da312be5dcf336d41fe99ec,2018-08,Hertfordshire Constabulary,Hertfordshire Constabulary,-0.216086,51.992424,On or near CROFT LANE,E01023636,North Hertfordshire 003B,Investigation complete; no suspect identified
37b87fbc3b3532adab136ac59e7de8c925245103a51bb27bc4ce8e86ea8bcb7e,2018-08,Hertfordshire Constabulary,Hertfordshire Constabulary,-0.269251,51.951199,On or near WALSWORTH ROAD,E01023601,North Hertfordshire 010A,Unable to prosecute suspect
bbc807472448042fdc44457a8dfd15746169f68ce3bb19f359f01e3a18a07cb7,2018-08,Hertfordshire Constabulary,Hertfordshire Constabulary,-0.324701,51.757463,On or near EASTBURY COURT,E01023676,St Albans 011D,Investigation complete; no suspect identified
2466fb2b62487bd3652e2dba32a29ecfff5deb0c740b8464d2ad8aa20827dcdb,2018-08,Hertfordshire Constabulary,Hertfordshire Constabulary,-0.279016,51.653331,On or near STATION ROAD,E01023539,Hertsmere 011A,Investigation complete; no suspect identified
8ebea711cbabc7580985b7059a068ff9ff9048bf2eb607c6389207833e5b8a83,2018-08,Hertfordshire Constabulary,Hertfordshire Constabulary,-0.089529,51.795006,On or near Petrol Station,E01023479,East Hertfordshire 017E,Investigation complete; no suspect identified
ff28a8a9cc94154400dff7b9f644afd53fcb34c210cbdfe88da596debcea910f,2018-08,Hertfordshire Constabulary,Hertfordshire Constabulary,-0.232716,51.766151,On or near THE PADDOCK,E01023920,Welwyn Hatfield 012A,Unable to prosecute suspect
800f9a3b778d7b72c09a5b536182d6fb279021b83919acd08206d230947b8e15,2018-08,Hertfordshire Constabulary,Hertfordshire Constabulary,-0.324701,51.757463,On or near EASTBURY COURT,E01023676,St Albans 011D,Investigation complete; no suspect identified
c8c9acb22eb431708a4fb75c7f24013da4e92229e6ed4a5b3b30549caa1cecab,2018-08,Hertfordshire Constabulary,Hertfordshire Constabulary,-0.215081,51.978876,On or near WISSEN DRIVE,E01023630,North Hertfordshire 006A,Investigation complete; no suspect identified
336c60c127fe2a599d0353589b5f0317e1632ecc124495b4672ad982fb532361,2018-08,Hertfordshire Constabulary,Hertfordshire Constabulary,-0.201368,51.898028,On or near Supermarket,E01023786,Stevenage 011D,Suspect charged
1619c9d01639ecf3823bd59f169e0227c6d81b53fc2bbda3467d1548689a59c4,2018-08,Hertfordshire Constabulary,Hertfordshire Constabulary,-0.237790,51.772800,On or near DAISY DRIVE,E01033310,Welwyn Hatfield 002E,Unable to prosecute suspect
5b00accefc536549ec162e833d1943379f20abe8e71eeee9b9a8d53cbff54ba3,2018-08,Hertfordshire Constabulary,Hertfordshire Constabulary,-0.413564,51.719833,On or near MEADOW WAY,E01023807,Three Rivers 001D,Investigation complete; no suspect identified
5b67f3fbd71f45d1e099b68c6df716e063b3731cddca3cb5470f5cc613b87f2d,2018-08,Hertfordshire Constabulary,Hertfordshire Constabulary,-0.079644,51.721450,On or near BROADGREEN ROAD,E01023315,Broxbourne 007D,Investigation complete; no suspect identified
6971483611791481e04f015ba6aea885e21063e806af133b6ea4f46026d4ae81,2018-08,Hertfordshire Constabulary,Hertfordshire Constabulary,-0.419576,51.656134,On or near MODENA MEWS,E01023886,Watford 008A,Investigation complete; no suspect identified
714ff1b77e9f782f7236c43473b12628237e6752460724bbfea4247cbe5e5c18,2018-08,Hertfordshire Constabulary,Hertfordshire Constabulary,-0.471206,51.757329,On or near Parking Area,E01023400,Dacorum 015E,Unable to prosecute suspect
4e7acfd14b9750ec7271080d844b2f14ef75d5dee9963617161b84812a5c27b5,2018-08,Hertfordshire Constabulary,Hertfordshire Constabulary,-0.472093,51.758950,On or near Theatre/Concert Hall,E01023399,Dacorum 010C,Investigation complete; no suspect identified
83abd87197a84d152d385aa73778ef3ab8b48f4f5cd46e01f6cb2028971d7f5b,2018-08,Hertfordshire Constabulary,Hertfordshire Constabulary,-0.282697,51.668024,On or near Supermarket,E01023536,Hertsmere 006C,Investigation complete; no suspect identified
7340e7d7ee859ce7634615350803fce8277f0eee21bc8bf30e59f1007447b025,2018-08,Hertfordshire Constabulary,Hertfordshire Constabulary,-0.163197,51.874932,On or near STIRLING CLOSE,E01023764,Stevenage 012B,Offender given a caution
07e49324719e2d38c1f8f56a36d3e1916f761fc53aeba10ab806d17c8f601529,2018-08,Hertfordshire Constabulary,Hertfordshire Constabulary,-0.203302,51.903480,On or near Supermarket,E01023758,Stevenage 008D,Offender given a caution
f7d1159ed45b20f5429b9e4829715160080bf57d2176fe3d056067456794f2e8,2018-08,Hertfordshire Constabulary,Hertfordshire Constabulary,-0.469060,51.759953,On or near ST MARY'S ROAD,E01023399,Dacorum 010C,Investigation complete; no suspect identified
ebf36f1456ef6f34bdeb0d96811a5eb009a37775b1745ff4343e19931bdac3d6,2018-08,Hertfordshire Constabulary,Hertfordshire Constabulary,-0.390789,51.658701,On or near OTTOMAN TERRACE,E01023859,Watford 009A,Investigation complete; no suspect identified
6e9c48de1dd3f2baa390a2aec2f6929dbcf803dc5b1ca89a2f830b299f884a73,2018-08,Hertfordshire Constabulary,Hertfordshire Constabulary,-0.277374,51.652794,On or near DUNNOCK CLOSE,E01023539,Hertsmere 011A,Unable to prosecute suspect
72bca57d54117f7774797800067918ee0745563e65d4a51835212bf9d9ddb801,2018-08,Hertfordshire Constabulary,Hertfordshire Constabulary,-0.277854,51.653485,On or near WHITEHALL CLOSE,E01023539,Hertsmere 011A,Suspect charged
72bca57d54117f7774797800067918ee0745563e65d4a51835212bf9d9ddb801,2018-08,Hertfordshire Constabulary,Hertfordshire Constabulary,-0.277854,51.653485,On or near WHITEHALL CLOSE,E01023539,Hertsmere 011A,Suspect charged
ac10c2ef3896a89bee8e5cfeb283e17fbacf9e7cdae7470a121c7871b29953b7,2018-08,Hertfordshire Constabulary,Hertfordshire Constabulary,-0.225427,51.687369,On or near BIGNELLS CORNER,E01023584,Hertsmere 004D,Investigation complete; no suspect identified
6f1a97edb858874ab6e38dac5c106bf29ae3249fc226e5f634c21a95db46d67d,2018-08,Hertfordshire Constabulary,Hertfordshire Constabulary,-0.342282,51.730017,On or near WATLING STREET,E01023718,St Albans 019A,Investigation complete; no suspect identified
42d951dfa006149ac7120514edf0042f889b06ef1b8beb934b534c57e4d11c9d,2018-08,Hertfordshire Constabulary,Hertfordshire Constabulary,-0.188650,51.886486,On or near BROAD OAK WAY,E01023786,Stevenage 011D,Investigation complete; no suspect identified
ad306ba97c417c8372df030f82a746b4613c49194ebad89dc216734bd157a55e,2018-08,Hertfordshire Constabulary,Hertfordshire Constabulary,-0.525924,51.740655,On or near A41,E01023377,Dacorum 021E,Investigation complete; no suspect identified
bb71c08aa8165d1bedba1d4262e25eeab6f2104389f7e96e2bbeec4ce47e5f97,2018-08,Hertfordshire Constabulary,Hertfordshire Constabulary,-0.199438,51.902315,On or near ST GEORGE'S WAY,E01023758,Stevenage 008D,Investigation complete; no suspect identified
4ab36983394a864906aef099f6a672055781c00d78359fcc5cbc9883dcad7958,2018-08,Hertfordshire Constabulary,Hertfordshire Constabulary,-0.338140,51.827080,On or near FULMORE CLOSE,E01023687,St Albans 002C,Investigation complete; no suspect identified
958587ab91e82a8dcce8ae644eb05abceff2bb825a43fd7ab5f38a4e6c6e98fd,2018-08,Hertfordshire Constabulary,Hertfordshire Constabulary,-0.223935,51.755030,On or near BULLRUSH CLOSE,E01023923,Welwyn Hatfield 012D,Investigation complete; no suspect identified
d17ddb1f02aefb6cebac13f920531a1696fbed61c15c49df83b3a2329a6b2536,2018-08,Hertfordshire Constabulary,Hertfordshire Constabulary,-0.225427,51.687369,On or near BIGNELLS CORNER,E01023584,Hertsmere 004D,Investigation complete; no suspect identified
21744524ee0f664f6c1874305e1cd8377040c835fa8b35c24a7dc72a2ee01f91,2018-08,Hertfordshire Constabulary,Hertfordshire Constabulary,-0.280702,51.956950,On or near BEARTON ROAD,E01023603,North Hertfordshire 010C,Investigation complete; no suspect identified
181cc54040588960550122eacd1ac89d5aad0b75b98092aee896f7d456d0f2de,2018-08,Hertfordshire Constabulary,Hertfordshire Constabulary,-0.225427,51.687369,On or near BIGNELLS CORNER,E01023584,Hertsmere 004D,Investigation complete; no suspect identified
ac6a6eef698ca1714032fdefca1744f5efdec886ddfd1ca5ad58012bd12a1056,2018-08,Hertfordshire Constabulary,Hertfordshire Constabulary,-0.178955,51.917826,On or near Pedestrian Subway,E01023774,Stevenage 003D,Offender given a caution
d51482dca37aadf9142f7b616d1269e8c83ffd81018ed7c0590099ac3f70fbf9,2018-08,Hertfordshire Constabulary,Hertfordshire Constabulary,-0.556843,51.758474,On or near ROBERTSON ROAD,E01023361,Dacorum 009A,Offender given a drugs possession warning
0e6c57c2c644bebf0be96c1321f540309e1743d530a0781a77bdac3a59990ce2,2018-08,Hertfordshire Constabulary,Hertfordshire Constabulary,-0.033156,51.710412,On or near LAWRANCE GARDENS,E01023302,Broxbourne 008A,Investigation complete; no suspect identified
7dcb7b05eee1827650471d22b8054ffef04f07db37cefa3f79a7ee55a845bfaf,2018-08,Hertfordshire Constabulary,Hertfordshire Constabulary,-0.555184,51.757815,On or near LONDRINA TERRACE,E01023361,Dacorum 009A,Investigation complete; no suspect identified
50ff9958718d5db18e72e2a965e161ab06a0952216b550970709ec3743f2758e,2018-08,Hertfordshire Constabulary,Hertfordshire Constabulary,-0.111685,51.856501,On or near SCHOOL LANE,E01033609,East Hertfordshire 010E,Investigation complete; no suspect identified
a2ce148129d90c5306fb238c4e6b41ea1aaae8baef7cf3e2a769002198cc6556,2018-08,Hertfordshire Constabulary,Hertfordshire Constabulary,-0.058736,51.800544,On or near WARE ROAD,E01023483,East Hertfordshire 016B,Investigation complete; no suspect identified
d7e40f37fd567b0195b3182c3536b228831dc8a4c5cbf57e1b8494d85bdc3db1,2018-08,Hertfordshire Constabulary,Hertfordshire Constabulary,-0.076756,51.807548,On or near REVELS ROAD,E01023472,East Hertfordshire 014C,Investigation complete; no suspect identified
bb31ca60decbc050b84a34f22720efafc81045c612a89343144dbeae95b864e8,2018-08,Hertfordshire Constabulary,Hertfordshire Constabulary,-0.061953,51.711610,On or near GRANBY PARK ROAD,E01023314,Broxbourne 009A,Unable to prosecute suspect
4246e1ee8155199c78c183a91805b60d075061919e5410dbadf4755c01a3497f,2018-08,Hertfordshire Constabulary,Hertfordshire Constabulary,-0.337053,51.750966,On or near Shopping Area,E01023727,St Albans 012B,Suspect charged
5045a0fc320d96e2c3c3893da607d30edaace8f561fd161e3a3813a2a0f30d5f,2018-08,Hertfordshire Constabulary,Hertfordshire Constabulary,-0.225427,51.687369,On or near BIGNELLS CORNER,E01023584,Hertsmere 004D,Investigation complete; no suspect identified
46cff2846bd32ba5bc4a50fe01526801ec91692a3e87f81cc6dd69f1d27afa78,2018-08,Hertfordshire Constabulary,Hertfordshire Constabulary,-0.336218,51.814653,On or near ENGLEHURST,E01023685,St Albans 002A,Investigation complete; no suspect identified
f7cb6f899984535116ae47cd73fe70be58158fc13489c1d7f69cbc67218a7917,2018-08,Hertfordshire Constabulary,Hertfordshire Constabulary,-0.225427,51.687369,On or near BIGNELLS CORNER,E01023584,Hertsmere 004D,Investigation complete; no suspect identified
63bd0bc36f87b06527d800832623f617168e8583a5a8dc7f6eb565fa97af4cac,2018-08,Hertfordshire Constabulary,Hertfordshire Constabulary,-0.225427,51.687369,On or near BIGNELLS CORNER,E01023584,Hertsmere 004D,Investigation complete; no suspect identified
496eabed8bf0b531d0c9ad2004a2661d9a064fca030be0a81725804d37767567,2018-08,Hertfordshire Constabulary,Hertfordshire Constabulary,-0.171564,51.921497,On or near Pedestrian Subway,E01023789,Stevenage 001C,Unable to prosecute suspect
cd8bb33d192800ca6d24ff0963af751499c36188db9224fd49977d0aca2b7ee6,2018-08,Hertfordshire Constabulary,Hertfordshire Constabulary,-0.026614,51.718044,On or near WILLOWDENE,E01023306,Broxbourne 008E,Investigation complete; no suspect identified
92b321dffcf618d32fb092eeed5de9e6d19b8cd2e04bc866d05350abcece56cb,2018-08,Hertfordshire Constabulary,Hertfordshire Constabulary,-0.028180,51.809783,On or near COMMON WHARF,E01023512,East Hertfordshire 012A,Suspect charged
e86c4bb002f27ab1c3979511db3e608e369ed70fc244a5364a7395288518739f,2018-08,Hertfordshire Constabulary,Hertfordshire Constabulary,-0.280393,51.668143,On or near TORWORTH ROAD,E01023535,Hertsmere 006B,Offender given penalty notice
f41f96d91a18b385315b0242401a5a1b573f510ea88e26fe9a037b54a7d0e9b1,2018-08,Hertfordshire Constabulary,Hertfordshire Constabulary,-0.032834,51.708482,On or near Sports/Recreation Area,E01023298,Broxbourne 010B,Suspect charged
ec4ea63aeea203b8a3735192e2bf51b6e331c4b7e122e460d9e7a5cccff29a8d,2018-08,Hertfordshire Constabulary,Hertfordshire Constabulary,-0.304488,51.637057,On or near A41,E01023564,Hertsmere 010B,Investigation complete; no suspect identified
b0fa84a05d62ea7d9c1a5ac4cdf3030eca625b84a9a6a7d6e89dc90409d6af52,2018-08,Hertfordshire Constabulary,Hertfordshire Constabulary,-0.461098,51.766117,On or near TEESDALE,E01023405,Dacorum 008E,Investigation complete; no suspect identified
cd13d904336916fc11a685f565892f6a6e1f8b3158f2ac2009e0b53cc464ce0b,2018-08,Hertfordshire Constabulary,Hertfordshire Constabulary,-0.024331,51.809557,On or near LYGEAN AVENUE,E01023512,East Hertfordshire 012A,Investigation complete; no suspect identified
2aa838c3d8c7d830038aa75e4b7f2fee75e04155dd265336e14a854c6cc8cd62,2018-08,Hertfordshire Constabulary,Hertfordshire Constabulary,-0.175209,51.895432,On or near THE RIDINGS,E01023792,Stevenage 010B,Unable to prosecute suspect
bfe9c31502183b0fd8996a3f113cf41cb41eb9b6381e630f9bab8e0bc58715b4,2018-08,Hertfordshire Constabulary,Hertfordshire Constabulary,-0.325050,51.730411,On or near Parking Area,E01023738,St Albans 017B,Investigation complete; no suspect identified
c1acde518dd8a1ab4d90cfd6ac09a967ebf59da78cfd8db8848398dfca2d529e,2018-08,Hertfordshire Constabulary,Hertfordshire Constabulary,-0.362287,51.823507,On or near BRAMBLE CLOSE,E01023699,St Albans 003A,Investigation complete; no suspect identified
e2cb6bbb0cb1df65666846554c47ca2c9f41ab04a25d437b143aa7b3b1fe76d7,2018-08,Hertfordshire Constabulary,Hertfordshire Constabulary,-0.000905,51.762275,On or near ESSEX ROAD,E01023330,Broxbourne 002D,Suspect charged
42e346074e00f4d0ea772b27ce39afdca4572f2258a45bc1070b2d3a89c4e7fd,2018-08,Hertfordshire Constabulary,Hertfordshire Constabulary,-0.457452,51.762967,On or near APOLLO WAY,E01023403,Dacorum 008C,Suspect charged
f70d713bd691c9898b0059ec9ffe8df855137ae4b574a593679898a22f2d7356,2018-08,Hertfordshire Constabulary,Hertfordshire Constabulary,-0.027484,52.058852,On or near ISHERWOOD CLOSE,E01023661,North Hertfordshire 001B,Unable to prosecute suspect
3a1e7610095fae974d5c31cdc15191f7bcb4027cddedd9d75328dd0ee6f93490,2018-08,Hertfordshire Constabulary,Hertfordshire Constabulary,-0.296295,51.667880,On or near PURCELL CLOSE,E01023533,Hertsmere 007E,Investigation complete; no suspect identified
f1e600a35f4333d46e097d53c776a8864e7de163c2b0d6c9b3ae61aa39311328,2018-08,Hertfordshire Constabulary,Hertfordshire Constabulary,-0.007011,51.779931,On or near ST MARGARETS ROAD,E01023469,East Hertfordshire 018B,Investigation complete; no suspect identified
4fbdc03af88905ce294d36224b08a808d0f0f6a81d9157b748afc052c9ade2ac,2018-08,Hertfordshire Constabulary,Hertfordshire Constabulary,-0.404035,51.686604,On or near GULLET WOOD ROAD,E01023891,Watford 002B,Unable to prosecute suspect
2cfef2c22a5b1c028419bbb9c29fc913a455a71e736332208b74d4c85126fe3a,2018-08,Hertfordshire Constabulary,Hertfordshire Constabulary,-0.194578,51.896998,On or near WHOMERLEY ROAD,E01023755,Stevenage 008A,Suspect charged
29763eaadd135c7e562ca758bb7ae23a96d2f60059e11bb13458740ee220c38e,2018-08,Hertfordshire Constabulary,Hertfordshire Constabulary,-0.278572,51.671156,On or near BRAMPTON TERRACE,E01023535,Hertsmere 006B,Investigation complete; no suspect identified
e87f9e1099b56795dbb69aac177075b017bb1791bc699f4f280142dd07e4c947,2018-08,Hertfordshire Constabulary,Hertfordshire Constabulary,-0.426299,51.823311,On or near Petrol Station,E01023430,Dacorum 001A,Investigation complete; no suspect identified
ce0446d57346589cef1a4c0c71dcca67b770ce37b75e93b423b022b528a0f541,2018-08,Hertfordshire Constabulary,Hertfordshire Constabulary,-0.203106,51.899287,On or near Pedestrian Subway,E01023758,Stevenage 008D,Investigation complete; no suspect identified
87235e9b8d7d13756911dacb43257b8c138265419d2994b8808e1ee442f6f4ec,2018-08,Hertfordshire Constabulary,Hertfordshire Constabulary,-0.204608,51.899535,On or near Police Station,E01023758,Stevenage 008D,Suspect charged
605590250275d58c65d41279bd29fbe89af09e0a2760318362f035fdd751fbad,2018-08,Hertfordshire Constabulary,Hertfordshire Constabulary,-0.399926,51.657468,On or near Nightclub,E01023861,Watford 009C,Suspect charged
013b08fe27380bbff5640e71793c36e97ca31d218e4965fac4b5f76a222093c1,2018-08,Hertfordshire Constabulary,Hertfordshire Constabulary,-0.451318,51.742780,On or near LEYS ROAD,E01023357,Dacorum 020A,Investigation complete; no suspect identified
fa098c7b0ca2a835ee8144f5a64ef48873da1936581d45ba27381ea0dfeeca29,2018-08,Hertfordshire Constabulary,Hertfordshire Constabulary,-0.697956,51.831928,On or near TRING ROAD,E01023424,Dacorum 002B,Investigation complete; no suspect identified
76590b8388c6faee21255edb24ff2404639abedd600e064155e541cb57ab531e,2018-08,Hertfordshire Constabulary,Hertfordshire Constabulary,-0.494584,51.635880,On or near BARN LEA,E01023836,Three Rivers 009B,Investigation complete; no suspect identified
946f1a1be1d41be2abfe6cb70e4979c62793e2e26fb81ab6eab9a1879e328744,2018-08,Hertfordshire Constabulary,Hertfordshire Constabulary,-0.345612,51.672488,On or near ROUNDBUSH LANE,E01023528,Hertsmere 010A,Investigation complete; no suspect identified
794f0120c01ffcadbc9581b1d62fa6d20179916520f419fed24872b6d82744ac,2018-08,Hertfordshire Constabulary,Hertfordshire Constabulary,-0.229907,51.963652,On or near ST MARY'S CLOSE,E01023648,North Hertfordshire 008E,Investigation complete; no suspect identified
60d5b05843ec0e88ffbfe821dbf316957dcd5105a74e3fe6557f4c6696d5d0c2,2018-08,Hertfordshire Constabulary,Hertfordshire Constabulary,-0.197809,51.791500,On or near SANDPIT ROAD,E01023956,Welwyn Hatfield 007C,Unable to prosecute suspect
1e0ba1a311fe2c294d5fd2005e4ad73b76285e250d0b9a06c5544e8cce3bc42b,2018-08,Hertfordshire Constabulary,Hertfordshire Constabulary,-0.047273,51.707967,On or near KINGSLEY AVENUE,E01023294,Broxbourne 011B,Investigation complete; no suspect identified
f5657b7654ebc38291119b2787f6ba45adeb8def7791f455d3ab9d2c4d63ca79,2018-08,Hertfordshire Constabulary,Hertfordshire Constabulary,-0.029236,51.809846,On or near BRIDGE FOOT,E01023514,East Hertfordshire 012C,Investigation complete; no suspect identified
2df88ebec238744cb173d8218af9774080bee9bfa9b86c9d5bdefe571e5598c7,2018-08,Hertfordshire Constabulary,Hertfordshire Constabulary,-0.020962,52.060208,On or near BLAKE CLOSE,E01023662,North Hertfordshire 001C,Offender given a caution
441151edbd86c8aeca4ae84df7a9875562d33b31672102c520dc542481a76052,2018-08,Hertfordshire Constabulary,Hertfordshire Constabulary,-0.189914,51.738047,On or near WESTFIELD,E01023910,Welwyn Hatfield 015C,Investigation complete; no suspect identified
a16faa952687cc003faac160e1a24e29b2f08ed73b7a20b439b674f6a54e3831,2018-08,Hertfordshire Constabulary,Hertfordshire Constabulary,-0.384398,51.681462,On or near HARVEST END,E01023876,Watford 003D,Investigation complete; no suspect identified
661187d48627ea51517c0f43623331c56182956519a0439001c8113821abb320,2018-08,Hertfordshire Constabulary,Hertfordshire Constabulary,-0.399213,51.658412,On or near Supermarket,E01023861,Watford 009C,Suspect charged
be6b41c2165ae9ec966c2f829c41abf7126e0819b8bbf2bb592c9f0f260d1cf2,2018-08,Hertfordshire Constabulary,Hertfordshire Constabulary,-0.399213,51.658412,On or near Supermarket,E01023861,Watford 009C,Suspect charged
eba823dbfe19ed55cee34e7f397d107c929bcd17ddbf08d97205f37dabee407b,2018-08,Hertfordshire Constabulary,Hertfordshire Constabulary,-0.338216,51.759534,On or near WAVERLEY ROAD,E01023728,St Albans 012C,Investigation complete; no suspect identified
e4a3acb47a0a3ed03968e34573029482067b4fa11b828ec4fca49c0f8808ef1d,2018-08,Hertfordshire Constabulary,Hertfordshire Constabulary,-0.457448,51.646072,On or near WINDMILL DRIVE,E01023820,Three Rivers 006B,Investigation complete; no suspect identified
7b5f9d05ff1a024b66abf6ba3e216f6a1db82260e6569743dbbbf67b6a2ad687,2018-08,Hertfordshire Constabulary,Hertfordshire Constabulary,-0.207471,51.921087,On or near THE CLOSE,E01023800,Stevenage 002E,Investigation complete; no suspect identified
4dba06a9a703d292c230b03c68c47e08fde0dfc9d60cbdc0ba776a3578464997,2018-08,Hertfordshire Constabulary,Hertfordshire Constabulary,-0.234612,51.932071,On or near STEVENAGE ROAD,E01023600,North Hertfordshire 005F,Investigation complete; no suspect identified
a981b0a613ac2aa76040234cf4e1aee2ed3029a6b01d957a4b85c736bd8d7e50,2018-08,Hertfordshire Constabulary,Hertfordshire Constabulary,-0.234274,51.749629,On or near BISHOPS RISE,E01023937,Welwyn Hatfield 013E,Investigation complete; no suspect identified
1197308b8e486930f11f4d26ea0a7f3b84753bc3eaa3a970b048b056390ab005,2018-08,Hertfordshire Constabulary,Hertfordshire Constabulary,-0.495178,51.744483,On or near Park/Open Space,E01023379,Dacorum 018C,Investigation complete; no suspect identified
2eaae0343e391daba8019f7336ab865b0931545ca75082a907aa9425b0e29508,2018-08,Hertfordshire Constabulary,Hertfordshire Constabulary,-0.447102,51.651483,On or near RUGBY WAY,E01023822,Three Rivers 006D,Unable to prosecute suspect
87c6c423c54fb20c6eca9adb5ac16aaf11f766a6369157f8d23611d9e003debe,2018-08,Hertfordshire Constabulary,Hertfordshire Constabulary,-0.021600,51.726772,On or near JUNIPER CLOSE,E01023343,Broxbourne 005D,Investigation complete; no suspect identified
c1fe14e123eb04f4d807eea50992283b908deddf828a8b3e8a06c8c0d1d3c77b,2018-08,Hertfordshire Constabulary,Hertfordshire Constabulary,-0.171564,51.921497,On or near Pedestrian Subway,E01023789,Stevenage 001C,Investigation complete; no suspect identified
84549dde5a5b9abbb8ec1c339e22c39861fd5c7943e5842233620bfa835026af,2018-08,Hertfordshire Constabulary,Hertfordshire Constabulary,-0.201978,51.970818,On or near PARKFIELD,E01023641,North Hertfordshire 009C,Unable to prosecute suspect
024df9c679733c42dc72b63b4dd2dfe7bc961c93c3f10fa06ed1cefa8ee93715,2018-08,Hertfordshire Constabulary,Hertfordshire Constabulary,-0.374592,51.922992,On or near Sports/Recreation Area,E01023624,North Hertfordshire 014D,Investigation complete; no suspect identified
c5138f8836d5733ed051993d1abd5964e31abf69e5e002afc74afb3d139d9f95,2018-08,Hertfordshire Constabulary,Hertfordshire Constabulary,-0.491871,51.755923,On or near Petrol Station,E01023429,Dacorum 011D,Investigation complete; no suspect identified
50c22b04a612f65b770b9c0d7c1e245d48272f0e3d628f92d45cfd9c79ce6b2f,2018-08,Hertfordshire Constabulary,Hertfordshire Constabulary,-0.702702,51.832394,On or near CHAPEL LANE,E01023424,Dacorum 002B,Investigation complete; no suspect identified
1b70886570e9a389a0967654270613b959f1de1498675ead51e2a4fb2fe87316,2018-08,Hertfordshire Constabulary,Hertfordshire Constabulary,-0.191804,51.774485,On or near HERTFORD ROAD,E01023925,Welwyn Hatfield 011B,Investigation complete; no suspect identified
641496cde861450ddbc568ea92042fa25173754832470b6673869c18cf340718,2018-08,Hertfordshire Constabulary,Hertfordshire Constabulary,-0.033271,51.683059,On or near HIGH STREET,E01023337,Broxbourne 013B,Unable to prosecute suspect
c2d572391939814df6ff0fc2de760fbadddf0080fb6ebf711bbabbbe67b07e8b,2018-08,Hertfordshire Constabulary,Hertfordshire Constabulary,-0.220578,51.687062,On or near WASH LANE,E01023567,Hertsmere 002A,Investigation complete; no suspect identified
16dde0d7bfacd7fd0ddec43538280f6dd7224d52717197dace60a29d380150e6,2018-08,Hertfordshire Constabulary,Hertfordshire Constabulary,-0.335831,51.823181,On or near BATFORD ROAD,E01023688,St Albans 002D,Investigation complete; no suspect identified
b23ab369940ea0ca80329520f4fb9b3cadb66f0c05e8ed28258ba1edbe40c054,2018-08,Hertfordshire Constabulary,Hertfordshire Constabulary,-0.494891,51.756591,On or near LONG CHAULDEN,E01023429,Dacorum 011D,Investigation complete; no suspect identified
0d49ac8e586caddc04f49b0ca90795b5e61a78bac6706ca99063bf83997942d3,2018-08,Hertfordshire Constabulary,Hertfordshire Constabulary,-0.073348,51.797997,On or near BLUECOATS AVENUE,E01023478,East Hertfordshire 017D,Investigation complete; no suspect identified
3cc68e76010461580450834569bc8ea6f9df6cc1fa0a495cd8cbc5aa4b461164,2018-08,Hertfordshire Constabulary,Hertfordshire Constabulary,-0.228133,51.765857,On or near WELLFIELD CLOSE,E01023920,Welwyn Hatfield 012A,Investigation complete; no suspect identified
8bce97d7117abe7a4d1bb0fabf999dbc8b0f602fcf8f2be81dee16f44d37ba5b,2018-08,Hertfordshire Constabulary,Hertfordshire Constabulary,-0.191098,51.903311,On or near MADE FELD,E01023757,Stevenage 008C,Investigation complete; no suspect identified
266e5118328685926394aaa884016fe935900e0d464d0ddd4ec1207a10292c23,2018-08,Hertfordshire Constabulary,Hertfordshire Constabulary,-0.357249,51.642645,On or near FIDLER PLACE,E01023557,Hertsmere 013F,Investigation complete; no suspect identified
b51eaf95fb17f8bbf44bcf4c750d471720ac1a86308638afe2a230881bc7ad50,2018-08,Hertfordshire Constabulary,Hertfordshire Constabulary,-0.339165,51.753028,On or near WADDINGTON ROAD,E01023727,St Albans 012B,Offender given a caution
1cefe2680c47215d52ffe1e59e917719738d206aa402d79118b9e08e23143670,2018-08,Hertfordshire Constabulary,Hertfordshire Constabulary,-0.279664,51.656829,On or near Shopping Area,E01023532,Hertsmere 007D,Suspect charged
719edc0f3b4eeaff547d2a2a6011702256fed95d44509b13d819e1e148e216b1,2018-08,Hertfordshire Constabulary,Hertfordshire Constabulary,-0.203522,51.905624,On or near Parking Area,E01023775,Stevenage 006A,Suspect charged
7dfd017459feb32ec2a5e34adfb90476e51a7e1ca33f1bbf7c56d6c6558e0463,2018-08,Hertfordshire Constabulary,Hertfordshire Constabulary,-0.007011,51.779931,On or near ST MARGARETS ROAD,E01023469,East Hertfordshire 018B,Investigation complete; no suspect identified
fb658adfc39529003fac8b29f6a88b0a0002ec1f2a64cb48d53d4a2994ac5eec,2018-08,Hertfordshire Constabulary,Hertfordshire Constabulary,-0.473119,51.750007,On or near Shopping Area,E01023398,Dacorum 015D,Investigation complete; no suspect identified
71f12e46e7f0a0bfdca7183c2100d5d5ae21d661d252126005c664294465a7db,2018-08,Hertfordshire Constabulary,Hertfordshire Constabulary,-0.334813,51.769719,On or near TAMARISK CLOSE,E01023671,St Albans 009C,Suspect charged
183d5e0282c1df66fbe5f47fd74f32d6ddaa114985f7fcc7cc4eef691e827063,2018-08,Hertfordshire Constabulary,Hertfordshire Constabulary,-0.441659,51.652976,On or near BALDWINS LANE,E01023823,Three Rivers 003A,Unable to prosecute suspect
c0e12c2036fd7aadaab0b00e9f1b451e373cd4d34854ab93006c2f9a796fb4f8,2018-08,Hertfordshire Constabulary,Hertfordshire Constabulary,-0.213150,51.915023,On or near JULIAN'S ROAD,E01023776,Stevenage 002A,Offender given penalty notice
feb8051aa03c797aebf032dfaa2165ac4997caebac3a68966a6f96bfec60fefc,2018-08,Hertfordshire Constabulary,Hertfordshire Constabulary,-0.471128,51.760088,On or near Parking Area,E01023399,Dacorum 010C,Investigation complete; no suspect identified
04ffaa80823a18ee33adb15fd275cc0c8454ad1b86f04fc32d961afa9f51f907,2018-08,Hertfordshire Constabulary,Hertfordshire Constabulary,-0.197122,51.906434,On or near KING GEORGE CLOSE,E01023779,Stevenage 006B,Unable to prosecute suspect
321d7c3d740a0dc20e3a10bb819bef9979bfe601588643d5d9596c5f384f41dd,2018-08,Hertfordshire Constabulary,Hertfordshire Constabulary,-0.210645,51.920623,On or near WHITNEY DRIVE,E01023800,Stevenage 002E,Investigation complete; no suspect identified
94bc41b65d96c6410b7f14a868db6d755cc8f0cfbfada8ead3b1b95466009d96,2018-08,Hertfordshire Constabulary,Hertfordshire Constabulary,-0.464945,51.839369,On or near PARK VIEW DRIVE,E01023433,Dacorum 001D,Investigation complete; no suspect identified
996ecc2bf8b5cf8584efe5adfbafbf5fe1fb6129a9cfa385d3c8ac9ef90ec511,2018-08,Hertfordshire Constabulary,Hertfordshire Constabulary,-0.464945,51.839369,On or near PARK VIEW DRIVE,E01023433,Dacorum 001D,Investigation complete; no suspect identified
5a9c2b57acec3ac1907c0acd5c6115bbfdbb63119b31371c1721178defac5220,2018-08,Hertfordshire Constabulary,Hertfordshire Constabulary,-0.032427,51.710184,On or near AUDWICK CLOSE,E01023304,Broxbourne 008C,Investigation complete; no suspect identified
2339ebd212937f0cadae99f7858da1dbb2746b096610c30c25374de73616d69a,2018-08,Hertfordshire Constabulary,Hertfordshire Constabulary,-0.666251,51.791938,On or near QUEEN STREET,E01023426,Dacorum 002D,Investigation complete; no suspect identified
e0686c63fef4d5bd28e40308777cd9e6da7800f6f90fc1a2cd2eb8b06e675155,2018-08,Hertfordshire Constabulary,Hertfordshire Constabulary,-0.082001,51.798129,On or near COWBRIDGE,E01023470,East Hertfordshire 014A,Investigation complete; no suspect identified
602d8e7a44f5fc5fd9808f330f802f63b0aa473dc17dc6a626f10bdd3a78aa68,2018-08,Hertfordshire Constabulary,Hertfordshire Constabulary,-0.172722,51.880790,On or near MELNE ROAD,E01023766,Stevenage 012D,Investigation complete; no suspect identified
7afe133478281acd6768a0292c4a584a01b75d7476b83d2ec74f5ae2c0b8eb79,2018-08,Hertfordshire Constabulary,Hertfordshire Constabulary,-0.170960,51.796723,On or near POPPYFIELDS,E01023953,Welwyn Hatfield 005D,Investigation complete; no suspect identified
bcd5cec1be129eb95c17d83db4fd99d91cee0108cb4f284d976f9e301961b135,2018-08,Hertfordshire Constabulary,Hertfordshire Constabulary,-0.198458,51.792670,On or near FURZEFIELD ROAD,E01023956,Welwyn Hatfield 007C,Suspect charged
38b855f3f154196b6dbe5784046d8cf928d52ab1221ac5955bad1ff4cd6b4307,2018-08,Hertfordshire Constabulary,Hertfordshire Constabulary,-0.228751,51.753412,On or near KESTREL GREEN,E01023936,Welwyn Hatfield 013D,Unable to prosecute suspect
a232ca0a9731c821764f19fdd5641b1c9da4058efd2eb445f7939171a117c968,2018-08,Hertfordshire Constabulary,Hertfordshire Constabulary,-0.380257,51.680785,On or near YORK WAY,E01023876,Watford 003D,Investigation complete; no suspect identified
f36e3ec0aa5c1290864a2b066746d8ef8c568680aed84b95526ac1ace5b44fc7,2018-08,Hertfordshire Constabulary,Hertfordshire Constabulary,-0.191732,51.922995,On or near ST ALBANS LINK,E01023799,Stevenage 002D,Investigation complete; no suspect identified
f1cde7edad2e4bac25918d417b08c8913e48b5202e74faa58c310b068bd808ed,2018-08,Hertfordshire Constabulary,Hertfordshire Constabulary,-0.357561,51.650005,On or near PURLINGS ROAD,E01023560,Hertsmere 012C,Investigation complete; no suspect identified
74ffa8754a49227a7f407699ceb7176aa0fe61068e352284d3b381ef8901ed63,2018-08,Hertfordshire Constabulary,Hertfordshire Constabulary,-0.325715,51.751587,On or near ASHTREE COURT,E01023729,St Albans 012D,Investigation complete; no suspect identified
dbf618a6cffd4ee4dc7ff782fa270e9e088b49f055c195299877a90a03297663,2018-08,Hertfordshire Constabulary,Hertfordshire Constabulary,-0.697956,51.831928,On or near TRING ROAD,E01023424,Dacorum 002B,Investigation complete; no suspect identified
80e526872a52325199fb66cd1d8edc73151c40f3cd2943d26a34b305a6ef5a65,2018-08,Hertfordshire Constabulary,Hertfordshire Constabulary,-0.183744,51.793639,On or near LOWERFIELD,E01023944,Welwyn Hatfield 008B,Investigation complete; no suspect identified
d78462b04d43ea4cd07ae2692ee2be75479dbac1ff345c3170c9ef7ec0e966c0,2018-08,Hertfordshire Constabulary,Hertfordshire Constabulary,-0.210645,51.920623,On or near WHITNEY DRIVE,E01023800,Stevenage 002E,Investigation complete; no suspect identified
e10681b0e9441ef4f644e837354a860816dda4310e8a233026bfee4b940a1afd,2018-08,Hertfordshire Constabulary,Hertfordshire Constabulary,-0.200887,51.793588,On or near BEECHFIELD ROAD,E01023956,Welwyn Hatfield 007C,Offender given a caution
df24e3a8520dbb4c9c50fc4177c100855f8378bfbaeb144abf935314f5d6943e,2018-08,Hertfordshire Constabulary,Hertfordshire Constabulary,-0.211892,51.918151,On or near Pedestrian Subway,E01023800,Stevenage 002E,Investigation complete; no suspect identified
a81acf10d08264500dc3f70138c1c3d898ab8f134762d7fe45df3a3da48d9955,2018-08,Hertfordshire Constabulary,Hertfordshire Constabulary,-0.182406,51.912295,On or near Pedestrian Subway,E01023781,Stevenage 006D,Investigation complete; no suspect identified
32326b5a480153ade1d7efe1dc9777a0cefa895d1494578bcd7a8be16f1aa13e,2018-08,Hertfordshire Constabulary,Hertfordshire Constabulary,-0.304488,51.637057,On or near A41,E01023564,Hertsmere 010B,Investigation complete; no suspect identified
8b2471c537cd345b9404dc538e42f68f2fb2bfc0006e29492a4eb89feabe9185,2018-08,Hertfordshire Constabulary,Hertfordshire Constabulary,-0.016406,52.056346,On or near BANNISTER GARDENS,E01023657,North Hertfordshire 002D,Investigation complete; no suspect identified
350022861f8de9bfb000fe91e3a7367584ce98e68c6a3a2b7069531d9dfded8e,2018-08,Hertfordshire Constabulary,Hertfordshire Constabulary,-0.412438,51.643629,On or near CLYSTON ROAD,E01023865,Watford 011C,Investigation complete; no suspect identified
3068bc5f30c05a838d97ecc299e92be3c0455f3fe92c6ef24549e22b5f5b64f9,2018-08,Hertfordshire Constabulary,Hertfordshire Constabulary,-0.056451,51.710970,On or near BRAMPTON CLOSE,E01023325,Broxbourne 009C,Unable to prosecute suspect
a5d208e5af2616919ddf9596137e0550dbd6d90be293f61cfb3a67cd7bb09ed8,2018-08,Hertfordshire Constabulary,Hertfordshire Constabulary,-0.274954,51.751501,On or near LYON WAY,E01023680,St Albans 015D,Unable to prosecute suspect
60b3f9f71342d0b89f18263d4207c92b4f951f18ead8baf9aa6561e0784150bd,2018-08,Hertfordshire Constabulary,Hertfordshire Constabulary,-0.211516,51.803840,On or near THE QUADRANGLE,E01023918,Welwyn Hatfield 006C,Investigation complete; no suspect identified
25f7de0ba1b461cc2913111596589d91e9d584e3b3981d794851286f546d511a,2018-08,Hertfordshire Constabulary,Hertfordshire Constabulary,-0.211701,51.980749,On or near AMOR WAY,E01023630,North Hertfordshire 006A,Investigation complete; no suspect identified
cdd4072e8c15d3cd089e8753d9adfb8a69ea75554579b15ef9c5872e25676318,2018-08,Hertfordshire Constabulary,Hertfordshire Constabulary,-0.275182,51.661403,On or near CANTERBURY ROAD,E01023530,Hertsmere 007B,Unable to prosecute suspect
8bcaa87c7aff2e677bc2ee9d67ab00a46ef32861b55fbfc12d7e4daf05f5a954,2018-08,Hertfordshire Constabulary,Hertfordshire Constabulary,-0.393603,51.661689,On or near ORPHANAGE ROAD,E01023861,Watford 009C,Investigation complete; no suspect identified
e0a71ee145d4f1ede2cc1479eaa4a5b686207754c78ea8f50019aff995d93092,2018-08,Hertfordshire Constabulary,Hertfordshire Constabulary,-0.399725,51.649616,On or near OCCUPATION ROAD,E01023902,Watford 010D,Unable to prosecute suspect
21415ac94fc85f533789d2ea8b981baa93b0c57e16321afbd344d694a638341e,2018-08,Hertfordshire Constabulary,Hertfordshire Constabulary,-0.450037,51.765378,On or near DEIMOS DRIVE,E01023403,Dacorum 008C,Unable to prosecute suspect
b74c91f759a62975038371a3dfbb7737df4983ed01ffc32da43b6ce7982ea8af,2018-08,Hertfordshire Constabulary,Hertfordshire Constabulary,-0.208465,51.693397,On or near STEVENS CLOSE,E01023569,Hertsmere 002C,Unable to prosecute suspect
7518281578f1a41b281991ca815bd9d5804ea28094a82f45ad11ef0f0704a3b0,2018-08,Hertfordshire Constabulary,Hertfordshire Constabulary,-0.184585,51.805198,On or near UPPER SHOT,E01023912,Welwyn Hatfield 004A,Unable to prosecute suspect
aa90f2fcc66b4f9a39d2677c49a87b9741e1029b307b6397c4794d266b49881a,2018-08,Hertfordshire Constabulary,Hertfordshire Constabulary,-0.434089,51.441515,On or near Prison,E01002596,Hounslow 027A,Action to be taken by another organisation
11ee6fe25aa91c771a836e9dee225ce07be768565f51845f1012253198265f0f,2018-08,Hertfordshire Constabulary,Hertfordshire Constabulary,-0.199964,51.843696,On or near THE BRAMBLES,E01023966,Welwyn Hatfield 001B,Investigation complete; no suspect identified
30c3991b5d0408f8d49eaa84edefb23ccb6ffb3ef3c41aa403ffb6b187aaa2c7,2018-08,Hertfordshire Constabulary,Hertfordshire Constabulary,-0.167718,51.890594,On or near RIDLINS END,E01023751,Stevenage 009B,Unable to prosecute suspect
6784131589b19812593a6fb2766ad00ea79c9e9ca9ab3bd985db54d6853a15aa,2018-08,Hertfordshire Constabulary,Hertfordshire Constabulary,-0.190956,51.922417,On or near CANTERBURY WAY,E01023799,Stevenage 002D,Unable to prosecute suspect
3452c996ee1462a2d90ec513984c22402de55d27ea7ba4df1f8894dd66abf51f,2018-08,Hertfordshire Constabulary,Hertfordshire Constabulary,-0.057400,51.716525,On or near MUNDELLS,E01023309,Broxbourne 006C,Unable to prosecute suspect
d18f198d6ba46f35473c4639eefc830add853d157dd96fe3bca1a4dba5b9666d,2018-08,Hertfordshire Constabulary,Hertfordshire Constabulary,-0.199944,51.900929,On or near EASTGATE,E01023758,Stevenage 008D,Investigation complete; no suspect identified
9ac7ed1e3077af7988af9d8c672f5f2ace57513064d535ef3f6e378a824cbb01,2018-08,Hertfordshire Constabulary,Hertfordshire Constabulary,-0.011724,51.766694,On or near Petrol Station,E01023327,Broxbourne 002A,Investigation complete; no suspect identified
e7e5317b39eed9a51c8c7a3fd5818a32fef770a69c08a8bc691190bfff80e4a6,2018-08,Hertfordshire Constabulary,Hertfordshire Constabulary,-0.484173,51.759511,On or near CATKIN CLOSE,E01023391,Dacorum 010B,Unable to prosecute suspect
844e805888a7c9762e9c5c7c0e32e66a6bdc11e92cd8b730f7060e37177c34bc,2018-08,Hertfordshire Constabulary,Hertfordshire Constabulary,-0.264794,51.665369,On or near NEAGLE CLOSE,E01023545,Hertsmere 009B,Unable to prosecute suspect
989d7919a3ee1fa4bbe19c4c63f59aad3a6cc8473f56db98c33354281b4c1c81,2018-08,Hertfordshire Constabulary,Hertfordshire Constabulary,-0.012092,51.764928,On or near AMWELL COURT,E01023322,Broxbourne 003C,Investigation complete; no suspect identified
6c52fa6234744d26b1bc83d53a20c15062555385803ae68b0f17129aa0a5d817,2018-08,Hertfordshire Constabulary,Hertfordshire Constabulary,-0.278236,51.751297,On or near ACREWOOD WAY,E01023678,St Albans 015B,Action to be taken by another organisation
9e3147fe0ccf314df4fa353a72ae15c4040755ecf819e719b5216bd7fe27729e,2018-08,Hertfordshire Constabulary,Hertfordshire Constabulary,-0.335116,51.819763,On or near MARQUIS CLOSE,E01023685,St Albans 002A,Unable to prosecute suspect
940b11f524e71f99d3b77bb8bad08d7151f62465a8fe87df07955fa21e1d0826,2018-08,Hertfordshire Constabulary,Hertfordshire Constabulary,-0.278236,51.751297,On or near ACREWOOD WAY,E01023678,St Albans 015B,Unable to prosecute suspect
d5e17006e19983844293239d5e3cc1274a23f7c27cfb0c6ca5a610cf8af15165,2018-08,Hertfordshire Constabulary,Hertfordshire Constabulary,-0.211248,51.970563,On or near Parking Area,E01023640,North Hertfordshire 009B,Unable to prosecute suspect
90cadbfe31398a2bf07b1e04bd7b9d390715ffb746e67c7ee4c87b9cd0aa6d84,2018-08,Hertfordshire Constabulary,Hertfordshire Constabulary,-0.280573,51.654217,On or near Parking Area,E01023532,Hertsmere 007D,Investigation complete; no suspect identified
1737d5f393b9e37eddc1e3a25396faf815fd3db30e4a84def1d2f0d385ce0a83,2018-08,Hertfordshire Constabulary,Hertfordshire Constabulary,-0.022098,51.718688,On or near HELENS GATE,E01023344,Broxbourne 005E,Investigation complete; no suspect identified
f3f39f5779d110be7b4db2d48ab88c8929ca1d8a4753a9124f6dcf3e097bc579,2018-08,Hertfordshire Constabulary,Hertfordshire Constabulary,-0.222158,51.830491,On or near WILGA ROAD,E01023969,Welwyn Hatfield 002C,Unable to prosecute suspect
459d9680ebab016d349230532aba54f333fe20ef636e25f033b07c638197b503,2018-08,Hertfordshire Constabulary,Hertfordshire Constabulary,-0.015110,51.762201,On or near BROOKSIDE,E01023323,Broxbourne 003D,Unable to prosecute suspect
8fee10494433d3473ef10b1ad2b811d398a6576e629f40f34e6b0327e08a9671,2018-08,Hertfordshire Constabulary,Hertfordshire Constabulary,-0.035114,51.699303,On or near WALNUT TREE CLOSE,E01023334,Broxbourne 012C,Formal action is not in the public interest
71ec4a72d06894ec9202dfb72e400829153e7d11fe061e4a72cae6d4a374aee0,2018-08,Hertfordshire Constabulary,Hertfordshire Constabulary,-0.013343,51.766128,On or near CHERRY TREE ROAD,E01023319,Broxbourne 001D,Unable to prosecute suspect
e0b13a97c231297162d8abab89c89694f37681d47788d31fade9e476354795da,2018-08,Hertfordshire Constabulary,Hertfordshire Constabulary,-0.034601,51.695104,On or near CROSSBROOK STREET,E01023333,Broxbourne 012B,Investigation complete; no suspect identified
ddfb206c2a91f0a615ae5f4a08a3d0ea811cc08e364c9e6c9157e173b5bd9540,2018-08,Hertfordshire Constabulary,Hertfordshire Constabulary,-0.049199,51.704915,On or near HOMELEIGH COURT,E01023294,Broxbourne 011B,Investigation complete; no suspect identified
bb627e4ec94d654f59bb8ed556602de2d9994aa4b165e647a3d6eb87a1b0766a,2018-08,Hertfordshire Constabulary,Hertfordshire Constabulary,-0.392500,51.653635,On or near Police Station,E01023860,Watford 009B,Investigation complete; no suspect identified
fc34ffe3f4a9ea0f53882cefa60db61907fee2f46b2c57d79aed083afb9388e3,2018-08,Hertfordshire Constabulary,Hertfordshire Constabulary,-0.355834,51.648200,On or near Supermarket,E01023561,Hertsmere 012D,Unable to prosecute suspect
8a8db9b798908ea034369e9261981c8527b096513fe43f17cd30aeb2d90bebfc,2018-08,Hertfordshire Constabulary,Hertfordshire Constabulary,-0.190210,51.870063,On or near STOBARTS CLOSE,E01023629,North Hertfordshire 015F,Investigation complete; no suspect identified
21af16e58e9e615c83d8b551f86a462b4ec8d00ef8d2c74a42330b6419623562,2018-08,Hertfordshire Constabulary,Hertfordshire Constabulary,-0.200947,51.910755,On or near INGELHEIM COURT,E01023775,Stevenage 006A,Unable to prosecute suspect
786a136f0a1fce24c561981f42037bc71b7991633120972149426391e5aa62d5,2018-08,Hertfordshire Constabulary,Hertfordshire Constabulary,-0.400520,51.659491,On or near Nightclub,E01023861,Watford 009C,Unable to prosecute suspect
d9b38123eef9d19c3b6c63d8068259b9d4e90e50e7a81b2b6d7d075aa4819872,2018-08,Hertfordshire Constabulary,Hertfordshire Constabulary,-0.173503,51.886602,On or near MANOR VIEW,E01023765,Stevenage 012C,Unable to prosecute suspect
7e2fc11df38430c8024f0925b6ddeeb004eba978da78bdf88e8614af08501303,2018-08,Hertfordshire Constabulary,Hertfordshire Constabulary,-0.399146,51.660722,On or near ALBERT ROAD NORTH,E01023861,Watford 009C,Unable to prosecute suspect
f7d4a2e7b2fd06b9621e11c195ed4141fe660ae79f257e232baa3c1d99daf309,2018-08,Hertfordshire Constabulary,Hertfordshire Constabulary,-0.224966,51.747960,On or near ST AUDREYS CLOSE,E01023933,Welwyn Hatfield 014A,Unable to prosecute suspect
9de2a13e29a19a4024b19fa4f6ef8c0f02988d06a3209d05a60f98def3750683,2018-08,Hertfordshire Constabulary,Hertfordshire Constabulary,-0.208946,51.912162,On or near BELL LANE,E01023775,Stevenage 006A,Unable to prosecute suspect
e8cd0290179e71168ada8cb779ae2dae8a6f4d02348b214b8deaae7674b3eb6e,2018-08,Hertfordshire Constabulary,Hertfordshire Constabulary,-0.471526,51.753008,On or near Parking Area,E01023398,Dacorum 015D,Suspect charged
444639d819b8ad5cd1c0709a3a17f1d470a22867e0272adc9fd48ffecff7af5b,2018-08,Hertfordshire Constabulary,Hertfordshire Constabulary,-0.224966,51.747960,On or near ST AUDREYS CLOSE,E01023933,Welwyn Hatfield 014A,Unable to prosecute suspect
631b48136171bb71746e544f924ff31de608cd4de61cbed74d3b3fe686073ebe,2018-08,Hertfordshire Constabulary,Hertfordshire Constabulary,0.148975,51.806346,On or near KINGSMEAD,E01023503,East Hertfordshire 011E,Investigation complete; no suspect identified
53f1ca170a35c60e45f8b4b85542d432549da90504b817dd86aacd0e502a5bb8,2018-08,Hertfordshire Constabulary,Hertfordshire Constabulary,-0.437409,51.777727,On or near NORTHAW CLOSE,E01023437,Dacorum 005D,Unable to prosecute suspect
e8f6c65864a0a2fe64da19d8b134ffba2123cce7b79e82d3feff0d762fbacb6e,2018-08,Hertfordshire Constabulary,Hertfordshire Constabulary,-0.436306,51.819686,On or near HIGH STREET,E01023430,Dacorum 001A,Unable to prosecute suspect
3d636ec3ff54a3139c45a23e7b12f70b2182b39f0e0f877b97b7229e68d52b51,2018-08,Hertfordshire Constabulary,Hertfordshire Constabulary,-0.414020,51.701819,On or near LANCASTER WAY,E01023830,Three Rivers 002B,Unable to prosecute suspect
1879775e96f99eba37adfcda89095b518835fa54e9603c13c8eb1747d58873dc,2018-08,Hertfordshire Constabulary,Hertfordshire Constabulary,-0.414020,51.701819,On or near LANCASTER WAY,E01023830,Three Rivers 002B,Unable to prosecute suspect
a2a7e376fb16af93e760f81e240a7b10fa8d1d131022a0f31f84215feb5dfc52,2018-08,Hertfordshire Constabulary,Hertfordshire Constabulary,-0.436306,51.819686,On or near HIGH STREET,E01023430,Dacorum 001A,Unable to prosecute suspect
5d61179d575c300974c8a303b51eeaaa8bf30426079e89217e0aa0219feb9b23,2018-08,Hertfordshire Constabulary,Hertfordshire Constabulary,-0.414020,51.701819,On or near LANCASTER WAY,E01023830,Three Rivers 002B,Unable to prosecute suspect
48df46f349975987c788e217dba97972fb99431103ca3182869c99a0939eea24,2018-08,Hertfordshire Constabulary,Hertfordshire Constabulary,-0.394024,51.675138,On or near PARKGATE ROAD,E01023858,Watford 006D,Investigation complete; no suspect identified
f14f44e1881d54badb03acc845019b8013b004d644bcc420c27d0d9c1e9d41f8,2018-08,Hertfordshire Constabulary,Hertfordshire Constabulary,-0.158991,51.894676,On or near Petrol Station,E01023750,Stevenage 009A,Investigation complete; no suspect identified
99ea6fe9a13fbbbc417528a7f11aa42e54b5341fe039d825af38e1b27115ef98,2018-08,Hertfordshire Constabulary,Hertfordshire Constabulary,-0.202640,51.817309,On or near HITHERWAY,E01023960,Welwyn Hatfield 003B,Unable to prosecute suspect
ef491562d07b0d9ce536919df84edb3ffd4ce31b0b37f5b082467f6de7d7e4be,2018-08,Hertfordshire Constabulary,Hertfordshire Constabulary,0.166122,51.867153,On or near LONDON ROAD,E01023441,East Hertfordshire 005D,Unable to prosecute suspect
c79487bf8329bc557a0127e70896f63e82189dacff954bbe958cde852a1a80c6,2018-08,Hertfordshire Constabulary,Hertfordshire Constabulary,-0.363025,51.645198,On or near BOURNEHALL ROAD,E01023563,Hertsmere 012F,Unable to prosecute suspect
45346818df715afd5829294b4248a82985fc91e9fb7a7aa976b9273f6c76b8c3,2018-08,Hertfordshire Constabulary,Hertfordshire Constabulary,-0.047273,51.707967,On or near KINGSLEY AVENUE,E01023294,Broxbourne 011B,Unable to prosecute suspect
3b4b300535443518e43c14d2d70f89eb3da10764996ef663b3928542a41a7569,2018-08,Hertfordshire Constabulary,Hertfordshire Constabulary,-0.232176,51.758445,On or near VERITYS,E01023922,Welwyn Hatfield 012C,Unable to prosecute suspect
99b62d58c1ecbebb5f33a87dd67542d06135a370f8f3c65272f320ffc7da60e0,2018-08,Hertfordshire Constabulary,Hertfordshire Constabulary,-0.448637,51.747466,On or near ACORN ROAD,E01023411,Dacorum 017C,Unable to prosecute suspect
41d7d64bb5dfb080817ebc9ec2bae037c8ff6d80eaf55eefce9d8ceeed9c7137,2018-08,Hertfordshire Constabulary,Hertfordshire Constabulary,-0.256268,51.647141,On or near HALTER CLOSE,E01023543,Hertsmere 011E,Formal action is not in the public interest
7eb68d3c6d93f9f051437fabdec9fff1a04591b87590f6894b4ce1c6d1f9c2a3,2018-08,Hertfordshire Constabulary,Hertfordshire Constabulary,-0.382083,51.689604,On or near BOVINGDON CRESCENT,E01023877,Watford 003E,Unable to prosecute suspect
d055801aa1cae3c62745bec9d5131d6ee5788f2f150075fc72136fa3bfecd74e,2018-08,Hertfordshire Constabulary,Hertfordshire Constabulary,-0.025097,52.047824,On or near Supermarket,E01023656,North Hertfordshire 002C,Unable to prosecute suspect
c00a443b77f3aa30cce3a574d936a9f882166e803af520bab988b0dc8328f943,2018-08,Hertfordshire Constabulary,Hertfordshire Constabulary,-0.018794,51.748559,On or near HIGH ROAD,E01023290,Broxbourne 004B,Unable to prosecute suspect
07307074a4c404e83695dabbea09e56ab2f83bd9f332346f35459a4f0b5b8fa0,2018-08,Hertfordshire Constabulary,Hertfordshire Constabulary,-0.165511,51.890524,On or near LESLIE CLOSE,E01023751,Stevenage 009B,Unable to prosecute suspect
1e68265130f3c48ee3e3ef606b35b14b181998572adfba54da754478142384f7,2018-08,Hertfordshire Constabulary,Hertfordshire Constabulary,-0.256348,51.648824,On or near RIPON WAY,E01023547,Hertsmere 009D,Investigation complete; no suspect identified
eb2b7c6804fabab6792b4694e48f6079a477facf72567c66af1b0118c6d5c824,2018-08,Hertfordshire Constabulary,Hertfordshire Constabulary,-0.463456,51.760285,On or near BAYLIE LANE,E01023401,Dacorum 008A,Unable to prosecute suspect
1b9031fb35c11341f0aa83c1a51a16c2d3143fc0a3a2d1dffe78718ea1990fb2,2018-08,Hertfordshire Constabulary,Hertfordshire Constabulary,-0.286092,51.808970,On or near TUDOR ROAD,E01023747,St Albans 004B,Investigation complete; no suspect identified
3b0724e1495c9b9aae6eb70706044f48a7e358fa3cfac54c0b2939a7d6f0243e,2018-08,Hertfordshire Constabulary,Hertfordshire Constabulary,-0.224871,51.763317,On or near Parking Area,E01023920,Welwyn Hatfield 012A,Investigation complete; no suspect identified
dbedbd00d75424f2ea2784686e45fc4d33ecc66a21041ee896a8bf245df69b7e,2018-08,Hertfordshire Constabulary,Hertfordshire Constabulary,-0.354621,51.650152,On or near LEA CLOSE,E01023560,Hertsmere 012C,Unable to prosecute suspect
8ff4335bee51942383aa618af7326177d446e14a72cb03da2490e550d9cf8af4,2018-08,Hertfordshire Constabulary,Hertfordshire Constabulary,-0.121846,51.694256,On or near CATTLEGATE ROAD,E01023947,Welwyn Hatfield 016A,Unable to prosecute suspect
1f00b9d33e479746e1762f84223c529abb55e3edccef29ec9d7905cb50e5c26f,2018-08,Hertfordshire Constabulary,Hertfordshire Constabulary,-0.672748,51.793882,On or near MISWELL LANE,E01023425,Dacorum 002C,Investigation complete; no suspect identified
33c221a3d6986e16a20709b67562be2b3a076cf2c4b66fb540acc62bd9cd4e96,2018-08,Hertfordshire Constabulary,Hertfordshire Constabulary,-0.442345,51.655728,On or near Sports/Recreation Area,E01023823,Three Rivers 003A,Unable to prosecute suspect
2e5cd8bbddc6b8861020daaa9906696add77157138818e52ed5cc2f95ebd1951,2018-08,Hertfordshire Constabulary,Hertfordshire Constabulary,-0.196920,51.905298,On or near Pedestrian Subway,E01023758,Stevenage 008D,Unable to prosecute suspect
aa8a35f3a40a385d4ff37265e500679a40d313a4127c85b9e434743ccfa0f892,2018-08,Hertfordshire Constabulary,Hertfordshire Constabulary,-0.451067,51.653919,On or near Sports/Recreation Area,E01023822,Three Rivers 006D,Unable to prosecute suspect
c61e234075340a2205596a6d3c3993e94973ed61bdd53ce4ba96013ac368ee98,2018-08,Hertfordshire Constabulary,Hertfordshire Constabulary,-0.197383,51.794182,On or near MILL GREEN ROAD,E01023956,Welwyn Hatfield 007C,Unable to prosecute suspect
8786704423279586d5b84b78fc696309753a5d25343483bea10f62e4a4ce3f0b,2018-08,Hertfordshire Constabulary,Hertfordshire Constabulary,-0.277032,51.674011,On or near STAPLETON ROAD,E01023534,Hertsmere 006A,Unable to prosecute suspect
afed0e6fb386b93a5ec378d17ad1b57353904940c8fd8d1c70d9d1162714d382,2018-08,Hertfordshire Constabulary,Hertfordshire Constabulary,-0.471048,51.762865,On or near THE BOUNCE,E01023404,Dacorum 008D,Unable to prosecute suspect
91c82c15b4a019c6f3dbb285658d7db39350d0d8967fb219b43508fc48ca5283,2018-08,Hertfordshire Constabulary,Hertfordshire Constabulary,-0.121846,51.694256,On or near CATTLEGATE ROAD,E01023947,Welwyn Hatfield 016A,Investigation complete; no suspect identified
4796816b637df89976c54ce99171dafac6ce93f4265b30e2d3424fd40c4743e0,2018-08,Hertfordshire Constabulary,Hertfordshire Constabulary,-0.121846,51.694256,On or near CATTLEGATE ROAD,E01023947,Welwyn Hatfield 016A,Unable to prosecute suspect
c83858909a41cd6ce3fa4add00efbe564632f78ab92507abc1b8c40a9b4c11b0,2018-08,Hertfordshire Constabulary,Hertfordshire Constabulary,-0.339291,51.751564,On or near CHEQUER STREET,E01023727,St Albans 012B,Unable to prosecute suspect
33ff70392833524d4aa12a58103af4ad8ce7311babab66568274edced423dd4a,2018-08,Hertfordshire Constabulary,Hertfordshire Constabulary,-0.342292,51.825844,On or near LOWER LUTON ROAD,E01023693,St Albans 001D,Unable to prosecute suspect
a24d00d5cc67138a9fe7c351a2f5de924a5fe785c2b892b40ca3be519b59bb16,2018-08,Hertfordshire Constabulary,Hertfordshire Constabulary,-0.174732,51.896099,On or near THE PADDOCKS,E01023792,Stevenage 010B,Unable to prosecute suspect
6b7d828b819c31ee9b47121bf0010f9a0c2a7c20f2aae77129ebc2a0da99565b,2018-08,Hertfordshire Constabulary,Hertfordshire Constabulary,-0.400698,51.663468,On or near WEST STREET,E01023880,Watford 007C,Unable to prosecute suspect
d9833bcd6c5b743ad0fef9014060d0ccc152c3e7ef4bc1bc169d1073006f0aff,2018-08,Hertfordshire Constabulary,Hertfordshire Constabulary,-0.239023,51.763458,On or near HARPSFIELD BROADWAY,E01033308,Welwyn Hatfield 010E,Unable to prosecute suspect
051ed4699696aa0e6731150544d09cfec8de0a1254cabadecaa775868e4e2e9e,2018-08,Hertfordshire Constabulary,Hertfordshire Constabulary,-0.402395,51.655919,On or near CASSIO ROAD,E01023861,Watford 009C,Unable to prosecute suspect
4c31a5e2ff0929acfda61c99671ce2c1c91e96672551e148aa4866a65109ac5b,2018-08,Hertfordshire Constabulary,Hertfordshire Constabulary,0.151473,51.862134,On or near BRITANNIA PLACE,E01023445,East Hertfordshire 007C,Investigation complete; no suspect identified
e30ee1458adaf271c25c9220588b067c2acd875e0c6151585cdc32ce12a81ce4,2018-08,Hertfordshire Constabulary,Hertfordshire Constabulary,-0.392982,51.681283,On or near ST ALBANS ROAD,E01023896,Watford 005B,Investigation complete; no suspect identified
63592be9790ac7685beacdbbb263129b1b1a3840b09d40d5742468bacb123e79,2018-08,Hertfordshire Constabulary,Hertfordshire Constabulary,-0.171185,51.907212,On or near HARVEY ROAD,E01023761,Stevenage 007C,Investigation complete; no suspect identified
df893749eb871730c91ec9e6cf51a795c7e2731875b46f2315e45d19c4f2e5e2,2018-08,Hertfordshire Constabulary,Hertfordshire Constabulary,-0.439493,51.754709,On or near THE FLAGS,E01023345,Dacorum 013A,Unable to prosecute suspect
4d62d47cf36911824849bc8d65ac6df9ae4463ddd12b439dd5fe25a92fefa96f,2018-08,Hertfordshire Constabulary,Hertfordshire Constabulary,-0.279476,51.654929,On or near GLENHAVEN AVENUE,E01023532,Hertsmere 007D,Unable to prosecute suspect
85919837313db5ecc7e91b1bf734ab5d34be110739b026397e37c3f542f455c6,2018-08,Hertfordshire Constabulary,Hertfordshire Constabulary,-0.189221,51.987896,On or near PARK STREET,E01023589,North Hertfordshire 004C,Unable to prosecute suspect
5c4e7963a3a18264bbd06bba63ad9d6c3f3acfde62d37e3f1525c91352e5636c,2018-08,Hertfordshire Constabulary,Hertfordshire Constabulary,-0.189221,51.987896,On or near PARK STREET,E01023589,North Hertfordshire 004C,Unable to prosecute suspect
105a5f561cb1b7c6483ebe8e0d102423c5908064fc7fed6007c8d9620268bc60,2018-08,Hertfordshire Constabulary,Hertfordshire Constabulary,-0.170908,51.908655,On or near CHELLS WAY,E01023762,Stevenage 007D,Investigation complete; no suspect identified
2f6db3a19cd8877bfb1dd5f62d99a4a1c47ccef22b432e309109aa71b3b311f7,2018-08,Hertfordshire Constabulary,Hertfordshire Constabulary,-0.276890,51.665187,On or near NORTON CLOSE,E01023538,Hertsmere 006E,Unable to prosecute suspect
67db24e37f9dae2496d3317f26afb7b22a3dabb4cf30a7e65e8474d075aaf2fc,2018-08,Hertfordshire Constabulary,Hertfordshire Constabulary,-0.247459,51.767918,On or near SALISBURY HALL DRIVE,E01033314,Welwyn Hatfield 010G,Unable to prosecute suspect
a31e58120139c714378636984ce29b2af1ffd8e6ef0fb9b9edc2b03f2308a425,2018-08,Hertfordshire Constabulary,Hertfordshire Constabulary,-0.070643,51.797503,On or near BAKER STREET,E01023477,East Hertfordshire 017C,Investigation complete; no suspect identified
f078e6d229631826820b6e7dcaa4b565e57fbff88ea42dbd6b79eaa6265b4e97,2018-08,Hertfordshire Constabulary,Hertfordshire Constabulary,-0.300938,51.781004,On or near LYNDON MEAD,E01023736,St Albans 007D,Unable to prosecute suspect
5e2ecbb7093b08491e31b6c8c304ae4534b147510eac90dbaa3ad96ab743ef34,2018-08,Hertfordshire Constabulary,Hertfordshire Constabulary,-0.180070,51.931582,On or near MENDIP WAY,E01023801,Stevenage 002F,Unable to prosecute suspect
9d0eabb2ae41ebab0232cc1cf6a05475834d00103e0e29643d5bb0c3cf9e9d12,2018-08,Hertfordshire Constabulary,Hertfordshire Constabulary,-0.180070,51.931582,On or near MENDIP WAY,E01023801,Stevenage 002F,Unable to prosecute suspect
6aa12242a44b3b1ba908eff65ceec96a3562f1c2674c4458c674fcbb8ede402c,2018-08,Hertfordshire Constabulary,Hertfordshire Constabulary,-0.392982,51.681283,On or near ST ALBANS ROAD,E01023896,Watford 005B,Investigation complete; no suspect identified
c5a84ea1ebaed96198334c3bf22a78c101575e2b3d72d7b9195234ba2766f75e,2018-08,Hertfordshire Constabulary,Hertfordshire Constabulary,-0.392982,51.681283,On or near ST ALBANS ROAD,E01023896,Watford 005B,Investigation complete; no suspect identified
5f095920c1ee278832b01d782d30d85376ab45131a22c23c8438af1d55c3762a,2018-08,Hertfordshire Constabulary,Hertfordshire Constabulary,-0.255581,51.651879,On or near WARREN GROVE,E01023546,Hertsmere 009C,Unable to prosecute suspect
167f80480f87fda6879886beb4c7931f4a8c17153f72e22f9ba4bfcb99dd9c20,2018-08,Hertfordshire Constabulary,Hertfordshire Constabulary,-0.489246,51.756878,On or near WINDING SHOT,E01023429,Dacorum 011D,Unable to prosecute suspect
2d94cdb1b0e96e483594ab441543c182a57fcd0eee1bc8a56b2729f07edcd350,2018-08,Hertfordshire Constabulary,Hertfordshire Constabulary,-0.191975,51.796311,On or near CRANBORNE GARDENS,E01023957,Welwyn Hatfield 007D,Unable to prosecute suspect
7470306c664d0fb921beb096f0453e3f54f164479c35a023c0afaf30ff1e3ffe,2018-08,Hertfordshire Constabulary,Hertfordshire Constabulary,-0.033990,51.701856,On or near Supermarket,E01023301,Broxbourne 010E,Unable to prosecute suspect
f8acb3d5165c9d73d24cfde464805bcd935cbd93e43101f90f2670538a147e66,2018-08,Hertfordshire Constabulary,Hertfordshire Constabulary,0.031318,51.905653,On or near GREEN LANE,E01023463,East Hertfordshire 003E,Unable to prosecute suspect
30dd2dba29f8648249c558e87c4d87238d9e25b16060f10fcbe2761f0f68939d,2018-08,Hertfordshire Constabulary,Hertfordshire Constabulary,-0.079165,51.796267,On or near THE WASH,E01023478,East Hertfordshire 017D,Unable to prosecute suspect
ae8824eeb8be6437d67b051ebe10198f11f405c9d8c585d8ebb30128d2eccdb5,2018-08,Hertfordshire Constabulary,Hertfordshire Constabulary,-0.196920,51.905298,On or near Pedestrian Subway,E01023758,Stevenage 008D,Unable to prosecute suspect
c13730b833bbc17ebc03c4df398dc04cab38e454d8b778e069bbbb0b48cd374c,2018-08,Hertfordshire Constabulary,Hertfordshire Constabulary,-0.280857,51.691026,On or near LONDON ROAD,E01023582,Hertsmere 004B,Unable to prosecute suspect
60b819d48637aa662781762b6fe10cdee2470f823aad5dcd3b8cc88589b9aaa5,2018-08,Hertfordshire Constabulary,Hertfordshire Constabulary,-0.037179,51.713779,On or near SOUTHBROOK DRIVE,E01023305,Broxbourne 008D,Investigation complete; no suspect identified
ba3e491bf21904a8ee6746af81813169f1103413487dfaba2774f9c1478ac777,2018-08,Hertfordshire Constabulary,Hertfordshire Constabulary,-0.208868,51.991172,On or near CADE CLOSE,E01023632,North Hertfordshire 006C,Unable to prosecute suspect
c63bef5b87424b01460bbd722e040d2616d50115a87a318f2a221a67b7a5110a,2018-08,Hertfordshire Constabulary,Hertfordshire Constabulary,-0.328006,51.753104,On or near LEMSFORD ROAD,E01023727,St Albans 012B,Unable to prosecute suspect
e093a02ab3c0b978b3525141f12f0983007ee12e4c74713535b7269a933c1a7a,2018-08,Hertfordshire Constabulary,Hertfordshire Constabulary,-0.022031,52.048213,On or near MELBOURN STREET,E01023660,North Hertfordshire 001A,Unable to prosecute suspect
649ce87dcf708e5cbbba23c4643f012a654b892bd53be5caae9ae2b74737adda,2018-08,Hertfordshire Constabulary,Hertfordshire Constabulary,-0.013120,51.760647,On or near Parking Area,E01023320,Broxbourne 003A,Unable to prosecute suspect
e803e47a6175dfda706ef2fb0fc67f0ec02cfb63e42fafd74d15e87191e30100,2018-08,Hertfordshire Constabulary,Hertfordshire Constabulary,-0.458321,51.737468,On or near OLIVER ROAD,E01023360,Dacorum 020D,Investigation complete; no suspect identified
06dd4c798dfec33e1d662ccfc6c2f3d99a18872b9dace49bd722f3d875ad0775,2018-08,Hertfordshire Constabulary,Hertfordshire Constabulary,-0.198592,51.892951,On or near Shopping Area,E01023786,Stevenage 011D,Investigation complete; no suspect identified
4f51c7d702c341d5c76be089b06774afca235daf2a6666a0ac31c76ee165c3a3,2018-08,Hertfordshire Constabulary,Hertfordshire Constabulary,-0.252239,51.737201,On or near BENNETTS CLOSE,E01023679,St Albans 015C,Unable to prosecute suspect
87ddb1bff72143294916960ab52cd268b61ec125883487f064cfe81045307f4f,2018-08,Hertfordshire Constabulary,Hertfordshire Constabulary,,,No location,,,Unable to prosecute suspect
37124bd281d83496a990f15de76b373545c0c919afcc42836ea6bd065860c834,2018-08,Hertfordshire Constabulary,Hertfordshire Constabulary,-0.075690,51.797828,On or near BIRCHERLEY COURT,E01023478,East Hertfordshire 017D,Local resolution
1226a4fd6bc4326a7fc6be166d3aa4069a6ff1c58c6ca7bd74bce32b7e78d1be,2018-08,Hertfordshire Constabulary,Hertfordshire Constabulary,-0.407564,51.644965,On or near HODGES WAY,E01023865,Watford 011C,Unable to prosecute suspect
28a78fe566a8befefcd54acbea636e3cf9d2a8d0efc67eea2d0df512cc588141,2018-08,Hertfordshire Constabulary,Hertfordshire Constabulary,-0.451646,51.750140,On or near WADLEY CLOSE,E01023349,Dacorum 015A,Investigation complete; no suspect identified
7f813a92a7ee364bb236a33827421a3230df929fc710424f93f49a023a90589c,2018-08,Hertfordshire Constabulary,Hertfordshire Constabulary,-0.338796,51.720427,On or near BRANCH ROAD,E01023720,St Albans 019C,Action to be taken by another organisation
881e468ba0d29dc59b041f97dd5d5c364ee8727210497e2e4d9d8475e67bcfcf,2018-08,Hertfordshire Constabulary,Hertfordshire Constabulary,-0.484362,51.746529,On or near CLEMENTINE WAY,E01023379,Dacorum 018C,Unable to prosecute suspect
8de64488495a7482fe7faafe5f0cc450549f1795e6d67c972741865d3dfc5d95,2018-08,Hertfordshire Constabulary,Hertfordshire Constabulary,-0.449878,51.739569,On or near CANDLEFIELD WALK,E01023359,Dacorum 020C,Investigation complete; no suspect identified
c75a1b007185524e00e9cea066449e2c6517115a86c8adbe2b61ca703e9c3b6e,2018-08,Hertfordshire Constabulary,Hertfordshire Constabulary,-0.184823,51.988619,On or near Sports/Recreation Area,E01023589,North Hertfordshire 004C,Unable to prosecute suspect
d9af01d4a9316e49a8e7fc98a9d4c5e53b68e8bd3e4c85dcaa1f50a2215e0263,2018-08,Hertfordshire Constabulary,Hertfordshire Constabulary,-0.193550,51.897279,On or near DENTON ROAD,E01023755,Stevenage 008A,Unable to prosecute suspect
24be281234a3495ca9b5e35d2b44a3c3edb66fa799dad6e84a4cb83bbb0d51f7,2018-08,Hertfordshire Constabulary,Hertfordshire Constabulary,-0.009849,52.049644,On or near DACRE GREEN,E01023658,North Hertfordshire 002E,Unable to prosecute suspect
693fc25db646c42e13cbb3e2cdb5040daae0c7921c692c4fa8119619e3aa48c4,2018-08,Hertfordshire Constabulary,Hertfordshire Constabulary,-0.206035,51.800888,On or near FRETHERNE ROAD,E01023918,Welwyn Hatfield 006C,Unable to prosecute suspect
c9fc3e2ba5a58734509b437f488af2521ad85d2a5ccff455d427436d18126bcf,2018-08,Hertfordshire Constabulary,Hertfordshire Constabulary,-0.198028,51.986187,On or near HADRIAN WAY,E01023590,North Hertfordshire 004D,Investigation complete; no suspect identified
d5c9e3a6ceebf33baa8c426eda2be67730b32e407b932b6780c942d87ae23e5d,2018-08,Hertfordshire Constabulary,Hertfordshire Constabulary,0.003225,51.783876,On or near KINGFISHER CLOSE,E01023505,East Hertfordshire 018F,Investigation complete; no suspect identified
132dc3175fb3cae1c8c7e316538f43affdc86fba9c206aa09dc787b0fcb8481b,2018-08,Hertfordshire Constabulary,Hertfordshire Constabulary,-0.398341,51.667158,On or near BEDFORD STREET,E01023855,Watford 006A,Unable to prosecute suspect
5c76d865dd4547be290ba14d5cf75f30db22a3e72a41ae8266bae690c9c8cca5,2018-08,Hertfordshire Constabulary,Hertfordshire Constabulary,-0.329800,51.674971,On or near NEW ROAD,E01023524,Hertsmere 005B,Investigation complete; no suspect identified
f97b4625881d5b86086f7815c28bc5b7f42be68458791f87b3784f14c530fe6a,2018-08,Hertfordshire Constabulary,Hertfordshire Constabulary,-0.013120,51.760647,On or near Parking Area,E01023320,Broxbourne 003A,Unable to prosecute suspect
25d8daeffd867d0b9c4c9e6d30fee87269e389bd53286e21469602056277d7cb,2018-08,Hertfordshire Constabulary,Hertfordshire Constabulary,-0.300861,51.703915,On or near MEADOW AVENUE,E01023582,Hertsmere 004B,Local resolution
503818de1ca7298315727b1674cf9099501fc14ee1e470da05f6ade0959aa625,2018-08,Hertfordshire Constabulary,Hertfordshire Constabulary,-0.236706,51.743713,On or near REDHALL DRIVE,E01023932,Welwyn Hatfield 013A,Offender given a caution
6e5cd0a7dc22fcc4959a259bdbf6223996e512eb53c62ffce9234b11b50fbbc2,2018-08,Hertfordshire Constabulary,Hertfordshire Constabulary,-0.419945,51.699579,On or near PINEHURST CLOSE,E01023830,Three Rivers 002B,Unable to prosecute suspect
0d5ca583b07dc0c5f7960bf572083dd7d27b65760a82da474dc896ad6627e7e5,2018-08,Hertfordshire Constabulary,Hertfordshire Constabulary,-0.251640,51.764348,On or near Airport/Airfield,E01033314,Welwyn Hatfield 010G,Unable to prosecute suspect
5d0b6a0a94d166bdd7b5763f43908fa51b50e51e5a5fec675b671e742d870d4c,2018-08,Hertfordshire Constabulary,Hertfordshire Constabulary,-0.454039,51.750036,On or near ST ALBANS ROAD,E01023349,Dacorum 015A,Unable to prosecute suspect
d2e0621fcc6ef8e1ca1ca3854a8c2b7fc65346a2761cbe1893176eed8cc42f7d,2018-08,Hertfordshire Constabulary,Hertfordshire Constabulary,-0.035740,51.812068,On or near MILL CLOSE,E01023517,East Hertfordshire 013E,Unable to prosecute suspect
ed547d9ed859a274c5f44d6f6ca952925862309a57d5f6da300a34db03bec765,2018-08,Hertfordshire Constabulary,Hertfordshire Constabulary,-0.016898,51.755783,On or near Park/Open Space,E01023321,Broxbourne 003B,Unable to prosecute suspect
d0d198aab4f7b0d8542ce9750d3112479e121eeedf6ca447349556052cb5039f,2018-08,Hertfordshire Constabulary,Hertfordshire Constabulary,-0.200491,52.014108,On or near Petrol Station,E01023585,North Hertfordshire 005A,Investigation complete; no suspect identified
c6a5b48192a5299a5ab8bb985076e7c143d3faa7d785d1e696773dab89f166a3,2018-08,Hertfordshire Constabulary,Hertfordshire Constabulary,-0.017302,51.813683,On or near CROMWELL ROAD,E01023513,East Hertfordshire 012B,Unable to prosecute suspect
86f099736c1aaa710652945257c71950ef815eb107f41b93d6de10ab099a80a6,2018-08,Hertfordshire Constabulary,Hertfordshire Constabulary,-0.226150,51.765791,On or near WENHAM PLACE,E01023927,Welwyn Hatfield 011D,Investigation complete; no suspect identified
6f36e9637bef9c61d2820061016e5f2ebfc0cbde7859951b9ac8d0472443f3ad,2018-08,Hertfordshire Constabulary,Hertfordshire Constabulary,-0.198592,51.892951,On or near Shopping Area,E01023786,Stevenage 011D,Investigation complete; no suspect identified
3cc9edfb05a37ca76016a2810bdadfdb901c73ec0f52330cc4ddf39cd8ccfd08,2018-08,Hertfordshire Constabulary,Hertfordshire Constabulary,-0.076855,51.797712,On or near Shopping Area,E01023478,East Hertfordshire 017D,Investigation complete; no suspect identified
7bb5b0ca1c53fb060056856d4d3f81b460e2a3a2d18013477106870658ed6140,2018-08,Hertfordshire Constabulary,Hertfordshire Constabulary,-0.660509,51.794373,On or near CHURCH YARD,E01023420,Dacorum 003C,Unable to prosecute suspect
e40f71b8b3923c9c72034feebcda80de089908ec8241fb3fbb8e5b4ae6516cba,2018-08,Hertfordshire Constabulary,Hertfordshire Constabulary,-0.321526,51.766877,On or near ST ALBANS ROAD,E01023714,St Albans 010B,Unable to prosecute suspect
c0a325b25249a622605ae2c00c429e291ae21e2748e013d332b45fe4401dfcae,2018-08,Hertfordshire Constabulary,Hertfordshire Constabulary,-0.035993,51.710063,On or near WOOLPACK COURT,E01023303,Broxbourne 008B,Investigation complete; no suspect identified
18c575f741df9d84fc7f7471238471cec954ff95fdb4910837196cf79d7cb27d,2018-08,Hertfordshire Constabulary,Hertfordshire Constabulary,-0.442846,51.775587,On or near LATIMER CLOSE,E01023436,Dacorum 005C,Investigation complete; no suspect identified
ab6c2233fe658a6101357a866f6ea01443383edbb6f4793ed5eb7d66638338fe,2018-08,Hertfordshire Constabulary,Hertfordshire Constabulary,-0.176001,51.796847,On or near GRAVELEY DELL,E01023951,Welwyn Hatfield 005B,Unable to prosecute suspect
8668b0980359bf213ba4b008a3822ca940af95b64cdd760c7993d9f554b09a6e,2018-08,Hertfordshire Constabulary,Hertfordshire Constabulary,-0.178467,51.805850,On or near Sports/Recreation Area,E01023913,Welwyn Hatfield 004B,Unable to prosecute suspect
84627507a07d7a0f3b9083f35ff6cba440e4976ff70e0c007d313b8741017604,2018-08,Hertfordshire Constabulary,Hertfordshire Constabulary,-0.396227,51.653731,On or near GEORGE STREET,E01023862,Watford 009D,Unable to prosecute suspect
5474b8a9b8ddf86fcb1c51401726d621de4e639c5ee874fb65c7ffc4937f2c4c,2018-08,Hertfordshire Constabulary,Hertfordshire Constabulary,-0.414020,51.701819,On or near LANCASTER WAY,E01023830,Three Rivers 002B,Unable to prosecute suspect
33469a33a0c3deda9609d41fc00c903ab4497d85ab946c4bd607b1786545800a,2018-08,Hertfordshire Constabulary,Hertfordshire Constabulary,-0.191975,51.796311,On or near CRANBORNE GARDENS,E01023957,Welwyn Hatfield 007D,Unable to prosecute suspect
9d89f1d52f0bd98e09c10bfeaddbaa744a23d0ed8b65e9fe69736d9561f508db,2018-08,Hertfordshire Constabulary,Hertfordshire Constabulary,-0.396227,51.653731,On or near GEORGE STREET,E01023862,Watford 009D,Unable to prosecute suspect
5f61ce50b91b573ee52af66a8d7c84b2f60ae25df64c25b5955b79fe727aeb36,2018-08,Hertfordshire Constabulary,Hertfordshire Constabulary,-0.285790,51.720511,On or near LOWBELL LANE,E01023704,St Albans 018A,Unable to prosecute suspect
337800db1063b7587ac6fc378839c36cac8717f4c19a8e3109891c8191816132,2018-08,Hertfordshire Constabulary,Hertfordshire Constabulary,-0.227647,51.991411,On or near SOUTHFIELDS,E01023638,North Hertfordshire 003D,Unable to prosecute suspect
873a9e037aed1d44fff2a9ba42084b38054163673ec060f8c51289c187eabd37,2018-08,Hertfordshire Constabulary,Hertfordshire Constabulary,-0.286993,51.663006,On or near THE PINES,E01023531,Hertsmere 007C,Investigation complete; no suspect identified
48681d44ba12da62cfa744a7fb55ff3625c55779e9b8b717974c2e076767f856,2018-08,Hertfordshire Constabulary,Hertfordshire Constabulary,-0.445004,51.759601,On or near BRIERY WAY,E01023348,Dacorum 013D,Unable to prosecute suspect
e86abce34b346c175345e53f88cc207bdaa3e3bdbd98340c4c00b8131c74928b,2018-08,Hertfordshire Constabulary,Hertfordshire Constabulary,-0.397712,51.679244,On or near HAZEL TREE ROAD,E01023872,Watford 004E,Unable to prosecute suspect
dfc41d76ebc6b5befbcb54546e44627c5752a55344111e9eb8feaa677f5d1e3b,2018-08,Hertfordshire Constabulary,Hertfordshire Constabulary,-0.281498,51.652684,On or near Petrol Station,E01023565,Hertsmere 010C,Unable to prosecute suspect
f13266e8c50eec472ddc71038845c6f8954231c3765eef11d28d3390c35d5714,2018-08,Hertfordshire Constabulary,Hertfordshire Constabulary,-0.364564,51.664669,On or near HARTSWOOD CLOSE,E01023555,Hertsmere 008D,Action to be taken by another organisation
b5353133a1ceb760e570b1b16139f629d7c03bdc54aeb1b927096bdd3bd7e857,2018-08,Hertfordshire Constabulary,Hertfordshire Constabulary,-0.190481,51.921924,On or near Pedestrian Subway,E01023787,Stevenage 001A,Unable to prosecute suspect
21039ac0e526fe67313aee393a7274af6a23045b4e85d37d1df230b008f38abf,2018-08,Hertfordshire Constabulary,Hertfordshire Constabulary,-0.004346,51.778888,On or near CAXTON ROAD,E01023316,Broxbourne 001A,Investigation complete; no suspect identified
a30e55a87d2e025af9440d6cb1c94eeb60298369b53a75ae096f6d430da97721,2018-08,Hertfordshire Constabulary,Hertfordshire Constabulary,-0.454348,51.772826,On or near CRAIGAVON ROAD,E01023393,Dacorum 007A,Unable to prosecute suspect
5804015539b2b7600255b06983c110089100a0e30336d2cece67cbc4c03ef085,2018-08,Hertfordshire Constabulary,Hertfordshire Constabulary,-0.393396,51.658143,On or near DUKE STREET,E01023859,Watford 009A,Unable to prosecute suspect
854bb2e1019c90bda7901458a809023911c01f2537f72c61ff477c242f25d6c2,2018-08,Hertfordshire Constabulary,Hertfordshire Constabulary,-0.312394,51.743619,On or near Supermarket,E01023683,St Albans 016C,Investigation complete; no suspect identified
2538a7a2aa6a6dcd9d615c29c0949c56b71fe0cfba627311da84cb8930e6690e,2018-08,Hertfordshire Constabulary,Hertfordshire Constabulary,-0.198028,51.986187,On or near HADRIAN WAY,E01023590,North Hertfordshire 004D,Investigation complete; no suspect identified
7209bd88fe090eee63b5cf7511430a52b3c5b32e47ac06fae593c78239233d7f,2018-08,Hertfordshire Constabulary,Hertfordshire Constabulary,0.012152,51.787365,On or near Parking Area,E01023504,East Hertfordshire 018E,Unable to prosecute suspect
2be648e53b68cf2193bd2491b800863a8b85eab1af1757ce36a955f23509b7fb,2018-08,Hertfordshire Constabulary,Hertfordshire Constabulary,-0.188420,51.784063,On or near MOUNT WAY,E01023946,Welwyn Hatfield 008D,Unable to prosecute suspect
013721d409b97973f208cab6a46de34282762ec9a004177c4231b1a5414e14f6,2018-08,Hertfordshire Constabulary,Hertfordshire Constabulary,-0.225635,51.768220,On or near BIRCHWAY,E01033311,Welwyn Hatfield 010F,Action to be taken by another organisation
f2ccacb7c7009ff363665391eaf8353485ce396d20ae1d7f26eaf890d756dd13,2018-08,Hertfordshire Constabulary,Hertfordshire Constabulary,-0.176620,51.797683,On or near ALDBURY GROVE,E01023951,Welwyn Hatfield 005B,Unable to prosecute suspect
6dae65973871378c1d8afb5d97f4af6e9d955d8ccfc6026e4951521a42eae062,2018-08,Hertfordshire Constabulary,Hertfordshire Constabulary,-0.331260,51.709611,On or near RADLETT ROAD,E01023720,St Albans 019C,Investigation complete; no suspect identified
ceb90417a12291304970980c865fb740b8bcc778837eaae5ebd712cc608a84c8,2018-08,Hertfordshire Constabulary,Hertfordshire Constabulary,-0.406860,51.634957,On or near HAMPERMILL LANE,E01023845,Three Rivers 008C,Unable to prosecute suspect
cac58aa237ddeecef284f908a20dedda9ee7c633ae573723854847585394fa43,2018-08,Hertfordshire Constabulary,Hertfordshire Constabulary,-0.398272,51.663785,On or near STATION ROAD,E01023861,Watford 009C,Unable to prosecute suspect
93dc4d40c1c01141c73873d7b0abddff34ae85bd519bd1597c52b02fe2316597,2018-08,Hertfordshire Constabulary,Hertfordshire Constabulary,-0.300770,51.751526,On or near PINEWOOD CLOSE,E01023665,St Albans 013B,Action to be taken by another organisation
6d46df58ef4a5fa1ca082b9ebba533d065e3aaab3b7e796b4700fb56771fa913,2018-08,Hertfordshire Constabulary,Hertfordshire Constabulary,-0.264352,51.958221,On or near Park/Open Space,E01023619,North Hertfordshire 011C,Local resolution
de40da60d37d91de717f4c93b8fb373305a4a54c16a71649ed161a849f3efeee,2018-08,Hertfordshire Constabulary,Hertfordshire Constabulary,-0.407378,51.660582,On or near Further/Higher Educational Building,E01023888,Watford 008C,Investigation complete; no suspect identified
005f22900469ba0352ecc4fdd3abec93653dcd525a022f395cb2eb1892899f81,2018-08,Hertfordshire Constabulary,Hertfordshire Constabulary,-0.519231,51.656461,On or near HOMEFIELD ROAD,E01023817,Three Rivers 005C,Unable to prosecute suspect
c153bbde7354eb623c82317bafd9f0ccbb87f25dfd7424e1654e3f1de9e887e6,2018-08,Hertfordshire Constabulary,Hertfordshire Constabulary,-0.407378,51.660582,On or near Further/Higher Educational Building,E01023888,Watford 008C,Unable to prosecute suspect
34e6c187f2a142fec4cc4e922e2b873ba4b18d26402339e197d1b25ecb8c8418,2018-08,Hertfordshire Constabulary,Hertfordshire Constabulary,-0.210308,51.922524,On or near Pedestrian Subway,E01023800,Stevenage 002E,Unable to prosecute suspect
5573537c690ca36eff0c0e5695200ffa078942ba407035702336402091923109,2018-08,Hertfordshire Constabulary,Hertfordshire Constabulary,-0.364564,51.664669,On or near HARTSWOOD CLOSE,E01023555,Hertsmere 008D,Unable to prosecute suspect
d6dcd995974daf4a819b37858fd36c64278cc8dbc426f7a18bc546f1487aa8eb,2018-08,Hertfordshire Constabulary,Hertfordshire Constabulary,-0.404035,51.686604,On or near GULLET WOOD ROAD,E01023891,Watford 002B,Unable to prosecute suspect
db26aabece38cb004b7d225fec703a010ca5405e7567f20b86de14028dbf0c7c,2018-08,Hertfordshire Constabulary,Hertfordshire Constabulary,-0.323022,51.810203,On or near LONG BUFTLERS,E01023749,St Albans 004D,Investigation complete; no suspect identified
ffd84051b62941cf3a6dae140359c8272a01604513633a1511b6b44d6c98e206,2018-08,Hertfordshire Constabulary,Hertfordshire Constabulary,-0.410911,51.655064,On or near HARWOODS ROAD,E01023888,Watford 008C,Unable to prosecute suspect
6d6baef5894f3297b2102f27d8697933798561837ead225d7da8c518f0b1fb63,2018-08,Hertfordshire Constabulary,Hertfordshire Constabulary,-0.157976,51.911313,On or near CHALKDOWN,E01023767,Stevenage 004A,Unable to prosecute suspect
69b481991f175a64334d3d3a2264f14b27b0ea4ae820a29bb07086ccde45f2fa,2018-08,Hertfordshire Constabulary,Hertfordshire Constabulary,-0.330395,51.750386,On or near Supermarket,E01023727,St Albans 012B,Investigation complete; no suspect identified
4a037ee8000036320bbb955674b6859ba9ec70546ff1079377b0e5107be2f0a5,2018-08,Hertfordshire Constabulary,Hertfordshire Constabulary,-0.364564,51.664669,On or near HARTSWOOD CLOSE,E01023555,Hertsmere 008D,Unable to prosecute suspect
bec611ced2fa937b2b2d0c8be0ba5608e05e920f328b6258f091f4f0ea744d5f,2018-08,Hertfordshire Constabulary,Hertfordshire Constabulary,-0.422170,51.652644,On or near CASSIOBRIDGE ROAD,E01023886,Watford 008A,Unable to prosecute suspect
02acabc509aadf33752bdb40e83f6667fd6aec5cf830f7165a9cca1746d3784f,2018-08,Hertfordshire Constabulary,Hertfordshire Constabulary,-0.477093,51.643415,On or near THE DRIVE,E01023851,Three Rivers 004D,Unable to prosecute suspect
19acd2ff4f5ab15dfc6426a62897df8b780f87033f91075a8b2781cc81d89027,2018-08,Hertfordshire Constabulary,Hertfordshire Constabulary,-0.202712,51.900414,On or near DANESTRETE,E01023758,Stevenage 008D,Unable to prosecute suspect
3ec7e4d1d31d44d59e6edc847c723caf137d3315920694471edd514a3d6a25ee,2018-08,Hertfordshire Constabulary,Hertfordshire Constabulary,-0.532638,51.724284,On or near HAMILTON MEAD,E01023373,Dacorum 021A,Investigation complete; no suspect identified
b03dc6622ff2c3f8de235be87a37bfadbe9f36c7ca162cd0118c85ada15d3d42,2018-08,Hertfordshire Constabulary,Hertfordshire Constabulary,-0.417498,51.644830,On or near TOLPITS LANE,E01023864,Watford 011B,Unable to prosecute suspect
b3b1166e052e368c1b0899d1d021b5c7e8e7426f6faa834aa4261fc6ab13d040,2018-08,Hertfordshire Constabulary,Hertfordshire Constabulary,-0.023235,51.727798,On or near ROWAN DRIVE,E01023343,Broxbourne 005D,Unable to prosecute suspect
9e4f3159643a969ef45fa70e7bd1a3ac0fe16e2fc887b4e61e993e3570405df8,2018-08,Hertfordshire Constabulary,Hertfordshire Constabulary,-0.452704,51.736531,On or near OAK CLOSE,E01023359,Dacorum 020C,Unable to prosecute suspect
84ba6f8d58ba01da98108181d7915660760c855a64d8edf5138c8df4cb4c5d1a,2018-08,Hertfordshire Constabulary,Hertfordshire Constabulary,-0.665693,51.799062,On or near MANOR ROAD,E01023420,Dacorum 003C,Unable to prosecute suspect
b4ced22f6d6bde9d2bc4587e80ac12dae04c97274914bf77d2b7e2cc121ecc09,2018-08,Hertfordshire Constabulary,Hertfordshire Constabulary,-0.033990,51.701856,On or near Supermarket,E01023301,Broxbourne 010E,Investigation complete; no suspect identified
419098858d59601db0a5e96c9e463a1b4a7b6ee884119c890572b0c362920b5c,2018-08,Hertfordshire Constabulary,Hertfordshire Constabulary,-0.047625,51.801583,On or near EAGLE COURT,E01023484,East Hertfordshire 016C,Unable to prosecute suspect
6bc7471e7ea1a288fe8b8440ba124c771b9c62ea535f1557d333da9580317f07,2018-08,Hertfordshire Constabulary,Hertfordshire Constabulary,-0.467885,51.742431,On or near INNES COURT,E01023386,Dacorum 019A,Unable to prosecute suspect
a572e923f3c74ae418b4a81d54c33035faf365eb1ba7e99b413fcb542f8bb975,2018-08,Hertfordshire Constabulary,Hertfordshire Constabulary,-0.194615,51.907331,On or near WORNHAM AVENUE,E01023779,Stevenage 006B,Unable to prosecute suspect
7241f655ad37b48d211c0dc0b396ccb7b9c9c912dc8cb3b4fb674098a2ebbab4,2018-08,Hertfordshire Constabulary,Hertfordshire Constabulary,-0.337328,51.753722,On or near ST PETER'S STREET,E01023727,St Albans 012B,Unable to prosecute suspect
e999f9ea939494fbc311475516b4798e05640182191405bc7e7757933ce20d73,2018-08,Hertfordshire Constabulary,Hertfordshire Constabulary,-0.269328,51.655688,On or near Supermarket,E01023541,Hertsmere 011C,Unable to prosecute suspect
e3398ef3c01643c18f4c4db5f2dc079f88e92bd9b68c247ad07e02801c11a0ad,2018-08,Hertfordshire Constabulary,Hertfordshire Constabulary,-0.219580,51.703646,On or near WARRENGATE LANE,E01023567,Hertsmere 002A,Unable to prosecute suspect
38e1c47ce69278a6fa8b27f3081393c7f2cf3c89606f489ed8db05992920e4c2,2018-08,Hertfordshire Constabulary,Hertfordshire Constabulary,-0.460593,51.759681,On or near BOHEMIA,E01023403,Dacorum 008C,Unable to prosecute suspect
97da98c7dee6341d7010cebbb40b1a270f15db92dbd1ff9c4fcc5e3395076151,2018-08,Hertfordshire Constabulary,Hertfordshire Constabulary,-0.472476,51.733427,On or near HIGH RIDGE CLOSE,E01023354,Dacorum 018B,Investigation complete; no suspect identified
199bc12ad2079f2e265f15e1f8d4447883af917cb3b71da7bec0b006816e9a4b,2018-08,Hertfordshire Constabulary,Hertfordshire Constabulary,-0.402855,51.693809,On or near QUEENSWOOD CRESCENT,E01023906,Watford 001C,Unable to prosecute suspect
e2dcdc26d37ca1f8250003f0ac917ef7755d01451caa431a2eb68c79ade91f55,2018-08,Hertfordshire Constabulary,Hertfordshire Constabulary,-0.488966,51.764815,On or near GALLEY HILL,E01023390,Dacorum 010A,Unable to prosecute suspect
ae790b1241247ad24f766021c27a35b61875263fdba4bda87aa3070d1a6c407c,2018-08,Hertfordshire Constabulary,Hertfordshire Constabulary,-0.317646,51.684095,On or near WATLING STREET,E01023525,Hertsmere 005C,Investigation complete; no suspect identified
bcaa549ced449fe2400936adaa94415eb16f51d8933008793b15f8503ae2b2b1,2018-08,Hertfordshire Constabulary,Hertfordshire Constabulary,-0.025466,51.809809,On or near STAR STREET,E01023512,East Hertfordshire 012A,Investigation complete; no suspect identified
8e2aa48e35caa80d844d5235d17885ce72c0503e650d4990ee4796b5bb532fa1,2018-08,Hertfordshire Constabulary,Hertfordshire Constabulary,-0.552112,51.805371,On or near CHAPEL CLOSE,E01023356,Dacorum 006B,Investigation complete; no suspect identified
2fae7f273f9b4e402dcad49aa6017d9ae919a5527f75b1c6d4036fa7a28246b5,2018-08,Hertfordshire Constabulary,Hertfordshire Constabulary,-0.303554,51.642331,On or near DELIUS CLOSE,E01023564,Hertsmere 010B,Investigation complete; no suspect identified
bec24dcd4d19c2d8b4ee52ca2bd13f63f3e3e6c279c32a39a482285c36bbe502,2018-08,Hertfordshire Constabulary,Hertfordshire Constabulary,-0.177282,51.796030,On or near BEAUCHAMPS,E01023944,Welwyn Hatfield 008B,Unable to prosecute suspect
a559bd8c6c44820f58a5554fcecd27a298ef97056ccf0db86b97b02e7f5646a4,2018-08,Hertfordshire Constabulary,Hertfordshire Constabulary,-0.206843,51.893778,On or near Pedestrian Subway,E01023786,Stevenage 011D,Investigation complete; no suspect identified
b4b9f875ea35395e1fa5824e00e8b99418b76218e8cd976ea65a04124f3a8c1f,2018-08,Hertfordshire Constabulary,Hertfordshire Constabulary,-0.205363,51.904294,On or near Petrol Station,E01023758,Stevenage 008D,Investigation complete; no suspect identified
1a7015ecbe44fa6b741ff3124f90041bb17d2c7b13a05d16c79c1fb77bd8e220,2018-08,Hertfordshire Constabulary,Hertfordshire Constabulary,-0.239630,51.748243,On or near BROOM CLOSE,E01023934,Welwyn Hatfield 013B,Unable to prosecute suspect
a55632a788dd100ed5dc11521cc5c877997727491c6f20dc401a446ec226e7f4,2018-08,Hertfordshire Constabulary,Hertfordshire Constabulary,-0.223399,51.793787,On or near NEWFIELDS,E01023916,Welwyn Hatfield 006A,Unable to prosecute suspect
c657b45eb5df1ffde1b3fcb1d0917157b1f8466fbe8954ea8a6184c6cdb864b3,2018-08,Hertfordshire Constabulary,Hertfordshire Constabulary,-0.052659,51.700161,On or near GREENWOOD CLOSE,E01023296,Broxbourne 011D,Unable to prosecute suspect
8909b727e62b09860a28539829045f2e7a85037818b123a8cc5ee326da0e11c6,2018-08,Hertfordshire Constabulary,Hertfordshire Constabulary,-0.400166,51.656797,On or near WILMINGTON CLOSE,E01023861,Watford 009C,Unable to prosecute suspect
b596ab74d0679120fa62088c51e20cfde4893f4fc4b9ad8eba38100433a0ff17,2018-08,Hertfordshire Constabulary,Hertfordshire Constabulary,-0.472544,51.754172,On or near MARLOWES,E01023398,Dacorum 015D,Unable to prosecute suspect
619e21b6576be738d5e82d736ae3b6d2a52cc0f6ada8dea9841f886940246984,2018-08,Hertfordshire Constabulary,Hertfordshire Constabulary,-0.178771,51.797222,On or near LANGSTONE LEY,E01023944,Welwyn Hatfield 008B,Unable to prosecute suspect
2a9c79adea6274d5cbf25204dff33670a252a8966478e00aa84a7cda21e93179,2018-08,Hertfordshire Constabulary,Hertfordshire Constabulary,-0.007714,51.764288,On or near MARSTON ROAD,E01023322,Broxbourne 003C,Investigation complete; no suspect identified
216eb6c2af9010be75ff3f8585b62f610e7c952cd4d0261420a0d376680396c7,2018-08,Hertfordshire Constabulary,Hertfordshire Constabulary,-0.065681,51.799579,On or near RAYNHAM STREET,E01023477,East Hertfordshire 017C,Unable to prosecute suspect
b16435744afe0852dc159caede9863c8b986d838c5081988382abdc64ceff8c3,2018-08,Hertfordshire Constabulary,Hertfordshire Constabulary,-0.160205,51.889497,On or near MALLARD ROAD,E01023750,Stevenage 009A,Investigation complete; no suspect identified
5eb722cd1bf737789ebfcb52b8bb02f113aaa47ee49450933af8f2ae3cd45e9f,2018-08,Hertfordshire Constabulary,Hertfordshire Constabulary,0.101172,51.852369,On or near B1004,E01023497,East Hertfordshire 009D,Unable to prosecute suspect
5d84346fc9bbaa785df800ad5cd6becc1ba01c5d4e04928bac677248b6001ec7,2018-08,Hertfordshire Constabulary,Hertfordshire Constabulary,-0.658972,51.806602,On or near ELIZABETH DRIVE,E01023419,Dacorum 003B,Investigation complete; no suspect identified
349acafd3fca3609ac0f14a1c561b77488af770f12139f42097412d94efa4eea,2018-08,Hertfordshire Constabulary,Hertfordshire Constabulary,-0.650851,51.802660,On or near GROVE ROAD,E01023421,Dacorum 004B,Investigation complete; no suspect identified
479cd0dfe02318e75a4819a3d386377fdf1e68cf878e61c8e51e1894429bfee8,2018-08,Hertfordshire Constabulary,Hertfordshire Constabulary,-0.101037,51.887964,On or near GOODEY MEADE,E01023508,East Hertfordshire 002D,Investigation complete; no suspect identified
dc2a402060b5fdab75884f7018077367a4e8efbe08e0366e307bd9803e3f4eb3,2018-08,Hertfordshire Constabulary,Hertfordshire Constabulary,-0.232602,51.767210,On or near JASMINE GARDENS,E01023921,Welwyn Hatfield 012B,Investigation complete; no suspect identified
31065802bd07e5a33e31b5d0a2882c437bec3f5ae409c6e2c41edd290bbc6bc8,2018-08,Hertfordshire Constabulary,Hertfordshire Constabulary,-0.305501,51.755965,On or near CENTRAL DRIVE,E01023673,St Albans 010A,Investigation complete; no suspect identified
cde927c18b3549e8af784bc80261ba3d19921aba767b9730cc43190838156369,2018-08,Hertfordshire Constabulary,Hertfordshire Constabulary,-0.007447,51.761469,On or near Pedestrian Subway,E01023320,Broxbourne 003A,Unable to prosecute suspect
609ea9c925bd5c0cc5818cd2589ec43eb2ad68c28793fcf74bd30ca9d1755c5b,2018-08,Hertfordshire Constabulary,Hertfordshire Constabulary,-0.473058,51.748828,On or near Shopping Area,E01023398,Dacorum 015D,Investigation complete; no suspect identified
fc8bdf4ac4629cf826fb62967a5154c1d9b3139118c602fda311d9ef6c6400cb,2018-08,Hertfordshire Constabulary,Hertfordshire Constabulary,-0.179819,51.790998,On or near KILWORTH CLOSE,E01023945,Welwyn Hatfield 008C,Unable to prosecute suspect
2dc001a5f421645bd77afca0260e4be233a0b275cab36f1bdc1da1097a4de830,2018-08,Hertfordshire Constabulary,Hertfordshire Constabulary,-0.339291,51.751564,On or near CHEQUER STREET,E01023727,St Albans 012B,Unable to prosecute suspect
ff710feab408a1efaee9123cdff29b787afc226012a53b84acdf95af0f757d92,2018-08,Hertfordshire Constabulary,Hertfordshire Constabulary,-0.456228,51.713037,On or near FIVE ACRES,E01023408,Dacorum 022C,Investigation complete; no suspect identified
7042c365dbf129cc84010c8cc3c917917aec7dbd5db94b2e6cc8facc799064d1,2018-08,Hertfordshire Constabulary,Hertfordshire Constabulary,-0.240292,51.764007,On or near PARKHOUSE COURT,E01033308,Welwyn Hatfield 010E,Investigation complete; no suspect identified
122b9de03f6cdc6238e8c21820412d6f86edc67e2b8dec299912a26a43b6e78a,2018-08,Hertfordshire Constabulary,Hertfordshire Constabulary,-0.099882,51.886066,On or near WHEMPSTEAD ROAD,E01023508,East Hertfordshire 002D,Investigation complete; no suspect identified
baa7ed89c0331a37eb7fba9882552d40317c848715239719bfc1f942a5dcec88,2018-08,Hertfordshire Constabulary,Hertfordshire Constabulary,-0.342282,51.730017,On or near WATLING STREET,E01023718,St Albans 019A,Investigation complete; no suspect identified
0787f7069273d5059f4861a99dd8fc0c91f270a60dca9b221c1cd56b16cd62f3,2018-08,Hertfordshire Constabulary,Hertfordshire Constabulary,-0.167693,51.700169,On or near BLUNESFIELD,E01023571,Hertsmere 003A,Investigation complete; no suspect identified
e2872de2ea55ec4a2377e41459eac2e76b90dc5a2bb731ba4a174ae3fea9735a,2018-08,Hertfordshire Constabulary,Hertfordshire Constabulary,-0.352624,51.651014,On or near GULLAND CLOSE,E01023560,Hertsmere 012C,Unable to prosecute suspect
2c92e751ac060227edc80d55dcd9625d33983d942f08f04f34b0ba64e2fb6760,2018-08,Hertfordshire Constabulary,Hertfordshire Constabulary,-0.240381,51.761347,On or near Shopping Area,E01023921,Welwyn Hatfield 012B,Investigation complete; no suspect identified
a236a182974b7bd92bfb1c4ee86f2bf1e0bd4e8064aa2128debde9f27436b75c,2018-08,Hertfordshire Constabulary,Hertfordshire Constabulary,-0.566351,51.760236,On or near ELM GROVE,E01023368,Dacorum 014D,Investigation complete; no suspect identified
7518d1fdca5cbaa3ac29553d9cb4c2cdb0654c440ba8eb3347af233346bed8de,2018-08,Hertfordshire Constabulary,Hertfordshire Constabulary,-0.281231,51.668164,On or near NORTHGATE PATH,E01023536,Hertsmere 006C,Unable to prosecute suspect
ce498cb802416fc9bd24cdd68cad64014487adf007d4653bb1beecf148b69ade,2018-08,Hertfordshire Constabulary,Hertfordshire Constabulary,-0.033271,51.683059,On or near HIGH STREET,E01023337,Broxbourne 013B,Investigation complete; no suspect identified
961da7617b74530f7d9c03e328f54a3579c323292837a248ddc4ac0e982d255c,2018-08,Hertfordshire Constabulary,Hertfordshire Constabulary,-0.178460,51.920336,On or near Petrol Station,E01023774,Stevenage 003D,Unable to prosecute suspect
38b8f9950b2f5acbd33d47589effb86d1c7656ac2c93ba10871e7cfb9b054abe,2018-08,Hertfordshire Constabulary,Hertfordshire Constabulary,-0.278236,51.751297,On or near ACREWOOD WAY,E01023678,St Albans 015B,Investigation complete; no suspect identified
635eb207eef453d280319c8be34384621cbda2a2476aa2f6c88198939d523cd5,2018-08,Hertfordshire Constabulary,Hertfordshire Constabulary,-0.239023,51.763458,On or near HARPSFIELD BROADWAY,E01033308,Welwyn Hatfield 010E,Investigation complete; no suspect identified
53b6060ccbd501782a742ad091caf0c46c731a09ba664a6c2c0c1235064993d2,2018-08,Hertfordshire Constabulary,Hertfordshire Constabulary,-0.341386,51.759615,On or near NORMANDY ROAD,E01023728,St Albans 012C,Unable to prosecute suspect
007012e30210a1c7defbc28ab043fd34d92375576cdc3ce20623433d628a12dc,2018-08,Hertfordshire Constabulary,Hertfordshire Constabulary,-0.356533,51.816935,On or near FORRESTER MEWS,E01023701,St Albans 003C,Unable to prosecute suspect
dda34d65eea38121a84f2581857b9e7c4e9604de0bf70347fa0c7b088d5c6019,2018-08,Hertfordshire Constabulary,Hertfordshire Constabulary,-0.206089,51.901769,On or near LYTTON WAY,E01023758,Stevenage 008D,Suspect charged
9c653542d34c9dc4c51ca22c06e4fd873a4d15caa7da4162914ae4b3ebbe0282,2018-08,Hertfordshire Constabulary,Hertfordshire Constabulary,-0.208473,51.911247,On or near Supermarket,E01023775,Stevenage 006A,Suspect charged
9c33035c4d2bbcd3e425d5991e93bddc81065dc7b4448f89bfffd53f974e4347,2018-08,Hertfordshire Constabulary,Hertfordshire Constabulary,-0.473578,51.751029,On or near BRIDGE STREET,E01023398,Dacorum 015D,Investigation complete; no suspect identified
f076124e8d0cdc0fdde5d28edaac1a9b6d0522babec0c0184984742b54a1fdca,2018-08,Hertfordshire Constabulary,Hertfordshire Constabulary,-0.388834,51.620863,On or near LIPHOOK ROAD,E01023843,Three Rivers 012C,Investigation complete; no suspect identified
977736c146f8aa7132aabac780ccbcf1619f01df5bed97c1c0625fbed430c206,2018-08,Hertfordshire Constabulary,Hertfordshire Constabulary,-0.224006,51.981097,On or near NORTON WAY NORTH,E01023644,North Hertfordshire 008A,Investigation complete; no suspect identified
3396c284982c37586e75b54e70ae6a1af5b30b70989c6cab32d02be88d58ba9e,2018-08,Hertfordshire Constabulary,Hertfordshire Constabulary,-0.367562,51.646844,On or near FALCONER ROAD,E01023563,Hertsmere 012F,Unable to prosecute suspect
113654c4d8a8877ff483808673b97485173aadee5484070f5476626b19f700b5,2018-08,Hertfordshire Constabulary,Hertfordshire Constabulary,-0.013650,51.759811,On or near Supermarket,E01023320,Broxbourne 003A,Investigation complete; no suspect identified
46275a5288933d8fe61e03a461b8d6ac7ce6458e05dab3e9cd85b34052b7516f,2018-08,Hertfordshire Constabulary,Hertfordshire Constabulary,-0.007447,51.761469,On or near Pedestrian Subway,E01023320,Broxbourne 003A,Investigation complete; no suspect identified
5efe8b45665cb353c19ce25e3956dafe4e0c4f75f329c7998e9c22087ef03c0e,2018-08,Hertfordshire Constabulary,Hertfordshire Constabulary,-0.218609,51.960775,On or near WILLIAN CHURCH ROAD,E01023639,North Hertfordshire 009A,Investigation complete; no suspect identified
4933a17d677e9a0bd49c21dbdd45f000ca70c9a439a940c57d306b534eb30d15,2018-08,Hertfordshire Constabulary,Hertfordshire Constabulary,-0.176873,51.929726,On or near CHERWELL DRIVE,E01023801,Stevenage 002F,Unable to prosecute suspect
deaba1e781e4d340cb5c10363d85355c926b84ceb7a3b156b4f36068abed0a5a,2018-08,Hertfordshire Constabulary,Hertfordshire Constabulary,-0.483341,51.668403,On or near SOLESBRIDGE LANE,E01023854,Three Rivers 003D,Investigation complete; no suspect identified
18af69c1b596c1de5033a2acc23faae3fddd9bcab0e933520e2efede9e9f7317,2018-08,Hertfordshire Constabulary,Hertfordshire Constabulary,-0.261512,51.958665,On or near Parking Area,E01023619,North Hertfordshire 011C,Unable to prosecute suspect
11f6b80d023f5dfd81a93444f7bf63dcceb575065d8cd24c8c45c66c4b36b871,2018-08,Hertfordshire Constabulary,Hertfordshire Constabulary,-0.292003,51.813390,On or near Parking Area,E01023746,St Albans 004A,Investigation complete; no suspect identified
16ac6c3200b2cc415db94233f2626e50502635f9b13c76346f70c1bd2bb68f32,2018-08,Hertfordshire Constabulary,Hertfordshire Constabulary,-0.014917,51.686293,On or near STATION ROAD,E01023338,Broxbourne 013C,Investigation complete; no suspect identified
13342b486b475aff5d41bb40cd338e7cb5f969af73a8fa6dc8d668ca31bd3310,2018-08,Hertfordshire Constabulary,Hertfordshire Constabulary,-0.468012,51.637110,On or near CHURCH STREET,E01023850,Three Rivers 007C,Unable to prosecute suspect
ea3f4d3a4d9037a17b979f69ba063b449eda9808433a950f6879535f3f74f9fd,2018-08,Hertfordshire Constabulary,Hertfordshire Constabulary,-0.012574,51.760890,On or near TAVERNERS WAY,E01023320,Broxbourne 003A,Investigation complete; no suspect identified
feaea70321f9a23e4080675af465103009316763d815c8f3d2950530dcffae78,2018-08,Hertfordshire Constabulary,Hertfordshire Constabulary,-0.294005,51.738444,On or near HIGHFIELD LANE,E01023678,St Albans 015B,Investigation complete; no suspect identified
6604e0b071a779651c5db0f600157add7a4860d1b0c1a0d490d7fc50969fefde,2018-08,Hertfordshire Constabulary,Hertfordshire Constabulary,-0.310570,51.751344,On or near SUTTON ROAD,E01023674,St Albans 011B,Suspect charged
b8e3182473d2efe0dd0f3f0d8f47092d0959717f308a85ff54b7da85505e7f9b,2018-08,Hertfordshire Constabulary,Hertfordshire Constabulary,-0.570140,51.763195,On or near ST JOHN'S WELL COURT,E01023361,Dacorum 009A,Unable to prosecute suspect
a486aebd3c9f3053c5e55a3549b1184124a042c53266ed9b45da0adf52deb1df,2018-08,Hertfordshire Constabulary,Hertfordshire Constabulary,-0.035740,51.812068,On or near MILL CLOSE,E01023517,East Hertfordshire 013E,Investigation complete; no suspect identified
9434e43ac9dd0efa07c25e8ea5ab102d5bc708a8eed7f51a30279bda9e7af446,2018-08,Hertfordshire Constabulary,Hertfordshire Constabulary,-0.189822,51.812787,On or near Parking Area,E01023914,Welwyn Hatfield 004C,Investigation complete; no suspect identified
55c225fe92f56c6273058cdf3b2d5fbc81acfdd095bf124348ee634167809e99,2018-08,Hertfordshire Constabulary,Hertfordshire Constabulary,-0.339165,51.753028,On or near WADDINGTON ROAD,E01023727,St Albans 012B,Investigation complete; no suspect identified
b2b4684a325304de5846fec665445d680d81afa4dc4e799728e8935af895ad48,2018-08,Hertfordshire Constabulary,Hertfordshire Constabulary,-0.176826,51.900016,On or near AYLWARD DRIVE,E01023761,Stevenage 007C,Unable to prosecute suspect
4383120c14dab0192b2fc29bdbeda1be8d444f4799890277e4497fc1f550154e,2018-08,Hertfordshire Constabulary,Hertfordshire Constabulary,-0.282816,51.950741,On or near BEDFORD ROAD,E01023616,North Hertfordshire 012F,Unable to prosecute suspect
7027a50abec0814becbb68543cbd55b1c48ba7ea600ce150e7361bbf74a948e0,2018-08,Hertfordshire Constabulary,Hertfordshire Constabulary,-0.450882,51.712751,On or near LANGLEY HILL CLOSE,E01023408,Dacorum 022C,Investigation complete; no suspect identified
afabc0a33929be39e23557e11d94b6add29fda7652f1cb7c2a0f57c8c8d92b73,2018-08,Hertfordshire Constabulary,Hertfordshire Constabulary,-0.456151,51.749282,On or near Petrol Station,E01023387,Dacorum 019B,Investigation complete; no suspect identified
a946949c888391e40050d2bbd738caf08edf2d9845324131199cb194a6fdd565,2018-08,Hertfordshire Constabulary,Hertfordshire Constabulary,-0.464584,51.764193,On or near PASTON ROAD,E01023405,Dacorum 008E,Unable to prosecute suspect
8e224eb1570052d51fd21d8dee93761cddd2dc6bcaacb237e0af7255d5e3af72,2018-08,Hertfordshire Constabulary,Hertfordshire Constabulary,-0.471974,51.757770,On or near QUEENSWAY,E01023400,Dacorum 015E,Investigation complete; no suspect identified
190a45aa3017fbbd7aeb85dca02aaff1d834ae41d9298dd52a74a15531b0ec1f,2018-08,Hertfordshire Constabulary,Hertfordshire Constabulary,-0.263971,51.660042,On or near Pedestrian Subway,E01023537,Hertsmere 006D,Unable to prosecute suspect
97c95b9f0d5e1ca39f1f54709ca6b6dc1532e3e529321a5830c71397f51a0656,2018-08,Hertfordshire Constabulary,Hertfordshire Constabulary,-0.652835,51.797414,On or near SYCAMORE DRIVE,E01023422,Dacorum 004C,Investigation complete; no suspect identified
7a6d779e669516b0e12ab39a8ed6ba441775b6b16733a0a0739eb2aa30faeabf,2018-08,Hertfordshire Constabulary,Hertfordshire Constabulary,-0.221477,51.991282,On or near FARM CLOSE,E01023636,North Hertfordshire 003B,Investigation complete; no suspect identified
568c9446792b567dc07c179a7963dd6c7b575f928e173ee51bbe7fa662f9f320,2018-08,Hertfordshire Constabulary,Hertfordshire Constabulary,-0.396071,51.624550,On or near FERNDOWN ROAD,E01023842,Three Rivers 012B,Unable to prosecute suspect
1435c45f03fc90484f47cce469dac5c01432f4932d0ed6d289e5451f0bb03856,2018-08,Hertfordshire Constabulary,Hertfordshire Constabulary,0.072028,51.855512,On or near THE SQUARE,E01023497,East Hertfordshire 009D,Investigation complete; no suspect identified
09ce4b09407876993d040cb8e1818df2eed4af2b9621a444ef6bb3b4874599bc,2018-08,Hertfordshire Constabulary,Hertfordshire Constabulary,-0.293246,51.805837,On or near HEWITT CLOSE,E01023746,St Albans 004A,Unable to prosecute suspect
5c294a7d2db5d97befa53640d8e467b2dbd55414856de86197e51fd146ddafc3,2018-08,Hertfordshire Constabulary,Hertfordshire Constabulary,-0.408747,51.800506,On or near RAINBOW CLOSE,E01023723,St Albans 006B,Investigation complete; no suspect identified
18312c35fab192103968dcb7e57b6d6f2de5a87c382e72f4a766dad01c442b37,2018-08,Hertfordshire Constabulary,Hertfordshire Constabulary,-0.464203,51.762605,On or near GREAT HEART,E01023401,Dacorum 008A,Unable to prosecute suspect
300668a7ebdd4ebc80e8a70d6bed82a30962a4d2bcbd48134b52dbc1aa266680,2018-08,Hertfordshire Constabulary,Hertfordshire Constabulary,-0.358586,51.651646,On or near FOX CLOSE,E01023560,Hertsmere 012C,Unable to prosecute suspect
069a20c354a2bbc05c5aa2281d2919032884c8665c274b769ff32058d0222a74,2018-08,Hertfordshire Constabulary,Hertfordshire Constabulary,-0.452204,51.765163,On or near EUROPA ROAD,E01023402,Dacorum 008B,Unable to prosecute suspect
a6f6dd243dede35a138ee16c45f1e8496be4a23287aae0384e116f9431cf8beb,2018-08,Hertfordshire Constabulary,Hertfordshire Constabulary,-0.075854,51.799099,On or near Park/Open Space,E01023478,East Hertfordshire 017D,Unable to prosecute suspect
b0e5f257de5a11b5691baf0dd11ad1ab071e10a100795fc9939832d69d96a18f,2018-08,Hertfordshire Constabulary,Hertfordshire Constabulary,-0.541368,51.724753,On or near Prison,E01023373,Dacorum 021A,Investigation complete; no suspect identified
970d184771b083bf4212c620d5f7258a774a2999b8e552b7710b14f42cfd8d9c,2018-08,Hertfordshire Constabulary,Hertfordshire Constabulary,-0.473994,51.745990,On or near Pedestrian Subway,E01023398,Dacorum 015D,Investigation complete; no suspect identified
4c3c2b123f5ac3cb033d641b623be8228a89c308b5fc16be30fc760e4a44b1a0,2018-08,Hertfordshire Constabulary,Hertfordshire Constabulary,-0.394056,51.627616,On or near LINCOLN DRIVE,E01023844,Three Rivers 012D,Unable to prosecute suspect
00635ca547c18877e2be64be2dd86d24e2a0926b866bf6e274f1601f0545ba63,2018-08,Hertfordshire Constabulary,Hertfordshire Constabulary,-0.068908,51.717911,On or near FORESTERS CLOSE,E01023312,Broxbourne 007B,Investigation complete; no suspect identified
4c4aed9baed025012cc5840bedf3d2f62adaa44098b78aed890b22ff7c02cad0,2018-08,Hertfordshire Constabulary,Hertfordshire Constabulary,-0.473464,51.746649,On or near A414,E01023398,Dacorum 015D,Investigation complete; no suspect identified
edce95491a73df57900d0fc706d6c1f213d2087d345f289c038192e414b9ec04,2018-08,Hertfordshire Constabulary,Hertfordshire Constabulary,-0.220578,51.687062,On or near WASH LANE,E01023567,Hertsmere 002A,Investigation complete; no suspect identified
dfd9cad24624e8a58029339d466fea43a80be8719e4c15aae678a33f800baf82,2018-08,Hertfordshire Constabulary,Hertfordshire Constabulary,-0.400520,51.659491,On or near Nightclub,E01023861,Watford 009C,Investigation complete; no suspect identified
3371de15ced76243244a9dcd33d841a5f0bc80772eb97cccffd8c0cf896a7402,2018-08,Hertfordshire Constabulary,Hertfordshire Constabulary,-0.226192,51.912828,On or near MINEHEAD WAY,E01023797,Stevenage 005C,Action to be taken by another organisation
bb8825ffe21c16858ceb40ea596efab5708f6eb3c18d2bfbae55d835f42caab8,2018-08,Hertfordshire Constabulary,Hertfordshire Constabulary,0.149838,51.808947,On or near GREENSTEAD,E01023503,East Hertfordshire 011E,Unable to prosecute suspect
35c2cc5a2189860e434e1ed672e7215408d4d6b28dd5a48e519b6a8fc665a7d5,2018-08,Hertfordshire Constabulary,Hertfordshire Constabulary,-0.359823,51.819427,On or near Petrol Station,E01023699,St Albans 003A,Investigation complete; no suspect identified
06340bcd521e8f01f47c6987adcabf43112d5494bb7332ee3049b8ba3073949f,2018-08,Hertfordshire Constabulary,Hertfordshire Constabulary,-0.271402,51.929309,On or near Sports/Recreation Area,E01023622,North Hertfordshire 014B,Action to be taken by another organisation
5f86f1726913e5273b6dd7963730f06e5bcde31051434018c53135d81686558e,2018-08,Hertfordshire Constabulary,Hertfordshire Constabulary,-0.079036,51.795887,On or near MILLERS YARD,E01023478,East Hertfordshire 017D,Unable to prosecute suspect
6e68ccda9c5f8982ce9ab25ea7f137ae14898c59210f4f81435b5450b5eef9b2,2018-08,Hertfordshire Constabulary,Hertfordshire Constabulary,-0.190280,51.698037,On or near THE SERVICE ROAD,E01023579,Hertsmere 001D,Unable to prosecute suspect
aa25971623f555d1dcb7f2fbc5186fdea5f48fe6107d377747ea491db3093a40,2018-08,Hertfordshire Constabulary,Hertfordshire Constabulary,-0.367459,51.644864,On or near RECTORY LANE,E01023563,Hertsmere 012F,Investigation complete; no suspect identified
52e925ed2f416e3bb5162a758750d99068e792aa09a1b8dd6a79b3d3841069fe,2018-08,Hertfordshire Constabulary,Hertfordshire Constabulary,-0.465873,51.736839,On or near Shopping Area,E01033023,Dacorum 018H,Investigation complete; no suspect identified
0da6756352ad7a4e74c183573feb3596a5a090e25898173c45a58cf732f95bac,2018-08,Hertfordshire Constabulary,Hertfordshire Constabulary,-0.528101,51.720001,On or near AUSTINS MEAD,E01023374,Dacorum 021B,Unable to prosecute suspect
d517aecd1baadbf00b5dca45385f64f61c19bf9873296c68fa6ffcacf93bf7e2,2018-08,Hertfordshire Constabulary,Hertfordshire Constabulary,-0.417739,51.709701,On or near PARSONAGE CLOSE,E01023804,Three Rivers 001C,Unable to prosecute suspect
54f52b4b4f76ffd5710d88054313d34d8811fdb73bb6cd31b4cfbd205ad69622,2018-08,Hertfordshire Constabulary,Hertfordshire Constabulary,-0.417739,51.709701,On or near PARSONAGE CLOSE,E01023804,Three Rivers 001C,Unable to prosecute suspect
b5b62510047148f40202f05725f2d41b723cefa8170865e01fbfda19b6ad7c1b,2018-08,Hertfordshire Constabulary,Hertfordshire Constabulary,-0.454161,51.738825,On or near BARN CLOSE,E01023359,Dacorum 020C,Unable to prosecute suspect
a7c4d0382d0d4503f7cb5b7fa9c67f03bb3fc1cf0b6feace3bbeb7c361feb5ee,2018-08,Hertfordshire Constabulary,Hertfordshire Constabulary,-0.460091,51.656357,On or near LOUDWATER LANE,E01023820,Three Rivers 006B,Unable to prosecute suspect
1b2242fd6a46a57a7b1c9031e8087d65a3cae209355ec8f5fdeef5d28ce23f6a,2018-08,Hertfordshire Constabulary,Hertfordshire Constabulary,-0.202790,51.901746,On or near Bus/Coach Station,E01023758,Stevenage 008D,Unable to prosecute suspect
7d42e96518cfdb12d2afa231bd3f3014682fe258e0f65dcb2b29a82f9f967a64,2018-08,Hertfordshire Constabulary,Hertfordshire Constabulary,0.107054,51.884709,On or near BAUD CLOSE,E01023493,East Hertfordshire 003F,Investigation complete; no suspect identified
7570d9ab230a71c34e6a378b00a85fc0a403d3cde9c40ce5ef48749084b4f1af,2018-08,Hertfordshire Constabulary,Hertfordshire Constabulary,-0.250065,51.951751,On or near PURWELL LANE,E01023620,North Hertfordshire 011D,Unable to prosecute suspect
51f99390d3268bab7f795a27e9b58a4d0e5f46f637646490ea6a2dd19bc417f1,2018-08,Hertfordshire Constabulary,Hertfordshire Constabulary,-0.298737,51.748574,On or near ST EDMUNDS WALK,E01023677,St Albans 015A,Unable to prosecute suspect
049700b46b6043ef48119604d55c38de2be437497b23bd7d7d62a1ba9fd12502,2018-08,Hertfordshire Constabulary,Hertfordshire Constabulary,-0.403481,51.672327,On or near DIAMOND ROAD,E01023856,Watford 006B,Unable to prosecute suspect
3513744dd71fa512a2ccd0cb4794bb44c24607220fa892c8c624eb42f8df41b6,2018-08,Hertfordshire Constabulary,Hertfordshire Constabulary,-0.037456,51.708370,On or near Supermarket,E01023303,Broxbourne 008B,Investigation complete; no suspect identified
f5dd3b6fc641db102e9003bae456afa3731f6661a3756740b9e272757a0be0f0,2018-08,Hertfordshire Constabulary,Hertfordshire Constabulary,-0.232602,51.767210,On or near JASMINE GARDENS,E01023921,Welwyn Hatfield 012B,Unable to prosecute suspect
0b8c37ac50d53d9a4fed7a0dca1c5fc5599f009abfd3a26c91e329bd4d45ea3b,2018-08,Hertfordshire Constabulary,Hertfordshire Constabulary,-0.207598,51.911324,On or near BAKER STREET,E01023777,Stevenage 002B,Unable to prosecute suspect
923dc06051cf10068fe4c91ebdafb21865e8c62660e8eb684eb02f7901a9356d,2018-08,Hertfordshire Constabulary,Hertfordshire Constabulary,-0.174661,51.691717,On or near PARK VIEW,E01023575,Hertsmere 003E,Unable to prosecute suspect
16cc81f312fc08417b3ae95386bd24086fd990751271ede089fe1615df6f32f0,2018-08,Hertfordshire Constabulary,Hertfordshire Constabulary,-0.226986,51.976062,On or near PIXMORE WAY,E01023645,North Hertfordshire 008B,Unable to prosecute suspect
abd9be99a1652cd331296c1863c6cf4e8075c42b6d6104ab3697d99a49d8b04b,2018-08,Hertfordshire Constabulary,Hertfordshire Constabulary,-0.393773,51.700231,On or near BOUNDARY WAY,E01023832,Three Rivers 002C,Unable to prosecute suspect
48a7dd0ab0ec312301ea71805d4b17cfbcf471298ae145a6d8ce9eb4dbc92727,2018-08,Hertfordshire Constabulary,Hertfordshire Constabulary,-0.310570,51.751344,On or near SUTTON ROAD,E01023674,St Albans 011B,Unable to prosecute suspect
4f68a8aca9cf2ed8ba845c9fdce6772406780022ffc72e734b2c117a9b368e5f,2018-08,Hertfordshire Constabulary,Hertfordshire Constabulary,-0.210666,51.908754,On or near WOOLNERS WAY,E01023776,Stevenage 002A,Unable to prosecute suspect
eb530e45d4e96b8451eb34c6e90e00127025ac78624972258461c5247697aa1d,2018-08,Hertfordshire Constabulary,Hertfordshire Constabulary,-0.031688,51.820498,On or near HEATH DRIVE,E01023520,East Hertfordshire 012F,Investigation complete; no suspect identified
380810878b4158d3e0a9b630c9eff45180452edac5c63cb28964944ee522daa6,2018-08,Hertfordshire Constabulary,Hertfordshire Constabulary,-0.336521,51.705873,On or near Parking Area,E01023717,St Albans 020A,Investigation complete; no suspect identified
dfe87e6f3723ea08e5ba4cbb2474f95c0e81fe03f30243dae1e5778e197788cc,2018-08,Hertfordshire Constabulary,Hertfordshire Constabulary,-0.397318,51.655158,On or near Nightclub,E01023862,Watford 009D,Unable to prosecute suspect
f5b7f7c0656b726ba073959e0de573b4c624b9fd4a6b885d3079a51295e64ceb,2018-08,Hertfordshire Constabulary,Hertfordshire Constabulary,-0.197149,51.804034,On or near BESSEMER ROAD,E01023954,Welwyn Hatfield 007A,Unable to prosecute suspect
1f9ca07a282c8b67178bb9f4a561b8c28f3b1bcfa48b2ec9c4cc85a0be97d714,2018-08,Hertfordshire Constabulary,Hertfordshire Constabulary,-0.045364,51.710948,On or near THE GREEN,E01023310,Broxbourne 006D,Unable to prosecute suspect
5644e1a9db36b51afa2a7e5cfd9d0af497307e5f7efe5ebc1034b89eaff5d022,2018-08,Hertfordshire Constabulary,Hertfordshire Constabulary,-0.176620,51.797683,On or near ALDBURY GROVE,E01023951,Welwyn Hatfield 005B,Unable to prosecute suspect
3167430d36385dbd32ff8cd15f56ba6ddf0bcb322728a3ce2865bd9dc8422515,2018-08,Hertfordshire Constabulary,Hertfordshire Constabulary,-0.463740,51.734833,On or near Shopping Area,E01033023,Dacorum 018H,Investigation complete; no suspect identified
ad1fb5256c4b5a2ce51a3cf150fbc81393c1c4f539b684ad0712c1f7b5181615,2018-08,Hertfordshire Constabulary,Hertfordshire Constabulary,-0.166857,51.799915,On or near BERICOT WAY,E01023950,Welwyn Hatfield 005A,Unable to prosecute suspect
d4612a258fb47a2ba6b8b683a6ab49de4a8ee347e84e6e0d18a2f39244240968,2018-08,Hertfordshire Constabulary,Hertfordshire Constabulary,-0.055217,51.713414,On or near ROSEDALE WAY,E01023326,Broxbourne 009D,Unable to prosecute suspect
c99a42f89d7f1f142c2f07e02ea56a0afacd0ce6eb870e4a53cfcbccb3ddedf0,2018-08,Hertfordshire Constabulary,Hertfordshire Constabulary,-0.183230,51.892966,On or near VALLEY WAY,E01023794,Stevenage 010D,Unable to prosecute suspect
b0a1e4de8de8b7857bedb24ef2bcbd9ee32841fe8da5842488e70f906b4e5e6f,2018-08,Hertfordshire Constabulary,Hertfordshire Constabulary,-0.198505,51.800224,On or near HYDE WAY,E01023954,Welwyn Hatfield 007A,Unable to prosecute suspect
f731c072810f0b1716a290a19137e5c834e304883cf9eed99ca3118f80722ed0,2018-08,Hertfordshire Constabulary,Hertfordshire Constabulary,-0.483285,51.636283,On or near UXBRIDGE ROAD,E01023852,Three Rivers 007D,Unable to prosecute suspect
9f8033218dd247382e2c11ee7b4647004d16bedfde491f813f834aaf8ccd6628,2018-08,Hertfordshire Constabulary,Hertfordshire Constabulary,-0.199930,51.972531,On or near QUILLS,E01023641,North Hertfordshire 009C,Unable to prosecute suspect
1bb6e2ade2ae43f0381b424ff5a0065397af4673bb7f01513d88f484ac5b2f50,2018-08,Hertfordshire Constabulary,Hertfordshire Constabulary,0.002733,51.767860,On or near CECIL ROAD,E01023330,Broxbourne 002D,Unable to prosecute suspect
0b7bbe01cdade927949d564fb979f897b239dbf3a34d8e21710bd789e9c31e83,2018-08,Hertfordshire Constabulary,Hertfordshire Constabulary,-0.167456,51.695633,On or near BOWMANS CLOSE,E01023574,Hertsmere 003D,Unable to prosecute suspect
f31bfd35aa40d801324467ce5014a9d3ea2e17c960039b17b52370dd47833469,2018-08,Hertfordshire Constabulary,Hertfordshire Constabulary,-0.171364,51.883476,On or near OAKS CROSS,E01023765,Stevenage 012C,Unable to prosecute suspect
1428f3af46c96053cf365bcb601e1dd667dfc4aed4f0559a70cef4e59b7b7587,2018-08,Hertfordshire Constabulary,Hertfordshire Constabulary,-0.318420,51.740882,On or near KENSINGTON CLOSE,E01023684,St Albans 016D,Investigation complete; no suspect identified
9089a9f550553d19566cad3822855658139d71069cc8de6e7df9273277f4009f,2018-08,Hertfordshire Constabulary,Hertfordshire Constabulary,-0.400698,51.663468,On or near WEST STREET,E01023880,Watford 007C,Unable to prosecute suspect
4de0dc802d90c486f7fa3471450b68e9d053eacaa77f60268658ef5606c3e843,2018-08,Hertfordshire Constabulary,Hertfordshire Constabulary,-0.268828,51.650205,On or near FURZEHILL ROAD,E01023540,Hertsmere 011B,Unable to prosecute suspect
35d7e11a76464eca9851afb1da1f77a216a41b6de559610b716b4742fa8b79b6,2018-08,Hertfordshire Constabulary,Hertfordshire Constabulary,-0.035385,51.691025,On or near LAMBTON AVENUE,E01023332,Broxbourne 012A,Investigation complete; no suspect identified
786487679be8e7012e3526f5dd0298e56691c75980f035da95cfabe53ddb209e,2018-08,Hertfordshire Constabulary,Hertfordshire Constabulary,-0.500274,51.757235,On or near RAVENSDELL,E01023385,Dacorum 016C,Unable to prosecute suspect
dcb26b0736202ec9c4bcf8ae1e0446108ffadf104a324f2571e52df26aac4ecb,2018-08,Hertfordshire Constabulary,Hertfordshire Constabulary,-0.496879,51.653462,On or near M25,E01023813,Three Rivers 004B,Unable to prosecute suspect
6d9fc66a16490a24a54fc37b521b54b4f83ceb6c46d446ec0267377cff6859d9,2018-08,Hertfordshire Constabulary,Hertfordshire Constabulary,-0.030866,51.722468,On or near HURON ROAD,E01023342,Broxbourne 005C,Investigation complete; no suspect identified
506e14477722dff1cc585026e66d754fe61be88e222e55327ba7e028d91a494b,2018-08,Hertfordshire Constabulary,Hertfordshire Constabulary,-0.400520,51.659491,On or near Nightclub,E01023861,Watford 009C,Investigation complete; no suspect identified
66efbad813988a4e6f0d089fcea7982c908047bbb668489929b5fbf29ef3d170,2018-08,Hertfordshire Constabulary,Hertfordshire Constabulary,-0.449134,51.740135,On or near CANDLEFIELD ROAD,E01023359,Dacorum 020C,Offender given a drugs possession warning
20b749da4adfb16bf7bf8af37ea4d12bbb0a103c4d6d706d87660be6fb78bd64,2018-08,Hertfordshire Constabulary,Hertfordshire Constabulary,-0.201562,51.900459,On or near THE QUADRANT,E01023758,Stevenage 008D,Suspect charged
dc31d20e8520854694871daaf72e36e95a1f28361e1b7c32dc15a12490bbb08e,2018-08,Hertfordshire Constabulary,Hertfordshire Constabulary,-0.366129,51.664988,On or near HARTS CLOSE,E01023555,Hertsmere 008D,Investigation complete; no suspect identified
a1afe169ccda4a7e69ee1eca63329adce713a565223ed83fa55dbd86f2dc4309,2018-08,Hertfordshire Constabulary,Hertfordshire Constabulary,-0.175162,51.905934,On or near NASH CLOSE,E01023762,Stevenage 007D,Unable to prosecute suspect
624c5110cb4d4aa67cb1a60fae0b9079ed12ad56ee148b656e7fb5e3e6d52098,2018-08,Hertfordshire Constabulary,Hertfordshire Constabulary,-0.327147,51.764197,On or near WATSON AVENUE,E01023715,St Albans 010C,Action to be taken by another organisation
d1f0fab44c928a09bcbcd30966cb430f276b601d0e7263352333ca13d7a7f533,2018-08,Hertfordshire Constabulary,Hertfordshire Constabulary,-0.207004,51.906531,On or near GATES WAY,E01023775,Stevenage 006A,Unable to prosecute suspect
5aee3fc82d08051c4d86e670de9e4a917083aa48238dc16e04d5c5bfb822ec95,2018-08,Hertfordshire Constabulary,Hertfordshire Constabulary,-0.489481,51.634223,On or near Petrol Station,E01023836,Three Rivers 009B,Investigation complete; no suspect identified
0e2c36edc35dd4638b9cbbc827203798721cd59e5443a848e4a997a724a1c72d,2018-08,Hertfordshire Constabulary,Hertfordshire Constabulary,-0.418740,51.645701,On or near CHESHAM WAY,E01023866,Watford 011D,Investigation complete; no suspect identified
d5629cf648334f94f77188b9ec4b64ebe0655ff9fe23b509ce199a931570e893,2018-08,Hertfordshire Constabulary,Hertfordshire Constabulary,-0.018960,51.776204,On or near GOSSE CLOSE,E01023317,Broxbourne 001B,Unable to prosecute suspect
fca73e50933226746c9ecbdb8d0121dbb173c8a114e6775e1d3a680600357f20,2018-08,Hertfordshire Constabulary,Hertfordshire Constabulary,-0.011724,51.766694,On or near Petrol Station,E01023327,Broxbourne 002A,Investigation complete; no suspect identified
429d13dc6362e446833eb52067b402f47ad5856f1beaabbe444e0fd1420bc06d,2018-08,Hertfordshire Constabulary,Hertfordshire Constabulary,-0.390695,51.653988,On or near LOWER DERBY ROAD,E01023860,Watford 009B,Investigation complete; no suspect identified
d9e82a4e2c824c2794c3d929f9b34b88c560d916db9745aede398269c463d7fa,2018-08,Hertfordshire Constabulary,Hertfordshire Constabulary,-0.221971,51.761888,On or near BREAKS ROAD,E01023924,Welwyn Hatfield 011A,Unable to prosecute suspect
db48321498d0bf728b3832115435c9455147c833b0efa0f38936fd8a329b9f87,2018-08,Hertfordshire Constabulary,Hertfordshire Constabulary,-0.581128,51.764461,On or near DOUGLAS GARDENS,E01023369,Dacorum 012A,Investigation complete; no suspect identified
e16231286b526eb5b1f896bebce25731dcd1b867d3aae4eccc42f3c9280fd3d0,2018-08,Hertfordshire Constabulary,Hertfordshire Constabulary,,,No location,,,Unable to prosecute suspect
4f88e2a8ab6204fe3e5a3d3a36ddde429046c45f7f6aae39e35f43f67c23602a,2018-08,Hertfordshire Constabulary,Hertfordshire Constabulary,-0.013560,51.938916,On or near ST FRANCIS CLOSE,E01023464,East Hertfordshire 001B,Unable to prosecute suspect
8d2480810a4dfd99cde2d3bd8f3b90eab923b3830e3fc74c6a6802a7e780c53e,2018-08,Hertfordshire Constabulary,Hertfordshire Constabulary,-0.197051,51.797414,On or near PEARTREE LANE,E01023954,Welwyn Hatfield 007A,Unable to prosecute suspect
6749a4e99f22a376db6baa65029a7639cc4eb9655316578886dbddfc686475fb,2018-08,Hertfordshire Constabulary,Hertfordshire Constabulary,-0.336647,51.747409,On or near COTTONMILL CRESCENT,E01023740,St Albans 017D,Unable to prosecute suspect
8d626fb264645da0006864089b8f60198015436911f84de0215b0e715964c611,2018-08,Hertfordshire Constabulary,Hertfordshire Constabulary,-0.301432,51.726925,On or near COTLANDSWICK,E01023705,St Albans 018B,Unable to prosecute suspect
54de9294cd1a0c78056bcba5f6e0540221e1c668928159236824853b4c3816d7,2018-08,Hertfordshire Constabulary,Hertfordshire Constabulary,-0.077951,51.713239,On or near NURSERY GARDENS,E01023312,Broxbourne 007B,Unable to prosecute suspect
f83812118037e8b3bb5d1b578a616eb7219bc85c5e09fddfb141104e7f8341c1,2018-08,Hertfordshire Constabulary,Hertfordshire Constabulary,-0.394056,51.627616,On or near LINCOLN DRIVE,E01023844,Three Rivers 012D,Unable to prosecute suspect
60b257ba5ec8e3ef4d5ddca6921432bd0fe170786c4c5b43cec32d96ed1bec78,2018-08,Hertfordshire Constabulary,Hertfordshire Constabulary,-0.189003,51.985348,On or near PARK DRIVE,E01023592,North Hertfordshire 004F,Unable to prosecute suspect
5cbffc6be86a754291b7110d2d88fb20df7115d2b2782dff8f1a26902129b48f,2018-08,Hertfordshire Constabulary,Hertfordshire Constabulary,-0.450797,51.752062,On or near ABEL CLOSE,E01023349,Dacorum 015A,Unable to prosecute suspect
876c4211447720e1760e37af10c8104bae0e79e3e6b9cd069601609e7040934b,2018-08,Hertfordshire Constabulary,Hertfordshire Constabulary,-0.396197,51.655385,On or near MARKET PLACE,E01023860,Watford 009B,Investigation complete; no suspect identified
4184bbdbc086b0a90b36ef1a12cc7868da07f514189f428f5f231e2650797435,2018-08,Hertfordshire Constabulary,Hertfordshire Constabulary,-0.203375,51.813445,On or near GREENFIELD,E01023961,Welwyn Hatfield 003C,Unable to prosecute suspect
ab7e9d87a11ba5ee1d4c6edff6e677e73ef0ae651b190bbbcdab2a430fd7d6c8,2018-08,Hertfordshire Constabulary,Hertfordshire Constabulary,-0.437052,51.774216,On or near HUNTERS OAK,E01023434,Dacorum 005A,Unable to prosecute suspect
bd6f578d09a224de36cf5be55b3a9a431cdf49b25848c057c2c7340060e8369b,2018-08,Hertfordshire Constabulary,Hertfordshire Constabulary,0.177920,51.874138,On or near PLAW HATCH CLOSE,E01023438,East Hertfordshire 005A,Investigation complete; no suspect identified
882e706360cdb90e177d4e81208f72794d64736f52dc22c9af1d4fb5770ef90f,2018-08,Hertfordshire Constabulary,Hertfordshire Constabulary,-0.404035,51.686604,On or near GULLET WOOD ROAD,E01023891,Watford 002B,Unable to prosecute suspect
69c2c16ef6fb3daa2320c58dc6b0c6107bdaa7b908ca86868c1f8ee900487443,2018-08,Hertfordshire Constabulary,Hertfordshire Constabulary,-0.241235,51.763599,On or near Supermarket,E01033308,Welwyn Hatfield 010E,Investigation complete; no suspect identified
dc2426e5c01e52dec312dad10dafa586f5e4b5c769d28bbc957c640f1e769bac,2018-08,Hertfordshire Constabulary,Hertfordshire Constabulary,-0.347109,51.763598,On or near BATCHWOOD DRIVE,E01023672,St Albans 009D,Investigation complete; no suspect identified
877b6d2a75432f968c2a4435225b5993c3bb1ffffe6de9d36f33ac6bdb988812,2018-08,Hertfordshire Constabulary,Hertfordshire Constabulary,-0.446578,51.758067,On or near SARACENS HEAD,E01023347,Dacorum 013C,Unable to prosecute suspect
9ed95a9fcec390f28cc6d0b1ee1983cc2b137e0b3fcb2ba8c31ac2e6273d1101,2018-08,Hertfordshire Constabulary,Hertfordshire Constabulary,-0.240824,51.759996,On or near Pedestrian Subway,E01023921,Welwyn Hatfield 012B,Investigation complete; no suspect identified
e631fca0cf696811783a8e2f9f19c1e8405e8282efb1043775ab0fa5a0e37da6,2018-08,Hertfordshire Constabulary,Hertfordshire Constabulary,-0.456151,51.749282,On or near Petrol Station,E01023387,Dacorum 019B,Investigation complete; no suspect identified
d2b91fa2a025617f54dac657e22696b9388d24777c96ab979f12d49e91101b7d,2018-08,Hertfordshire Constabulary,Hertfordshire Constabulary,-0.033624,51.693271,On or near BURLEIGH ROAD,E01023333,Broxbourne 012B,Unable to prosecute suspect
3d76f6b2e039fcd9025d23021146bfac3e50023d5a949c937205fb38e11af713,2018-08,Hertfordshire Constabulary,Hertfordshire Constabulary,-0.202790,51.901746,On or near Bus/Coach Station,E01023758,Stevenage 008D,Unable to prosecute suspect
6441607589cab220eb5ae26e3a184c2d01961c9bcc13d4a719bf8a82a890a178,2018-08,Hertfordshire Constabulary,Hertfordshire Constabulary,-0.377819,51.646168,On or near BRICK KILN CLOSE,E01023884,Watford 012C,Investigation complete; no suspect identified
f7716891cc8d8f72c70db24774d1dfe803b8e0335935d0aea53c116d19f45aaf,2018-08,Hertfordshire Constabulary,Hertfordshire Constabulary,-0.338012,51.755629,On or near CATHERINE STREET,E01023728,St Albans 012C,Unable to prosecute suspect
12484cd9a72deb9b88c815d444a462276c8ea5863e9b48d4172de7b96731bf55,2018-08,Hertfordshire Constabulary,Hertfordshire Constabulary,-0.437658,51.744065,On or near STORNOWAY,E01023413,Dacorum 017E,Unable to prosecute suspect
2906b14679b8de442ae0e8aeab9d0912cbaf0da708361a29c5cbec5a94aa733f,2018-08,Hertfordshire Constabulary,Hertfordshire Constabulary,-0.213770,51.977426,On or near JACKMAN'S PLACE,E01023630,North Hertfordshire 006A,Unable to prosecute suspect
293e900efcef2499454c8978ad1e8a8666a2677b94bf69362f925b2ab82a845e,2018-08,Hertfordshire Constabulary,Hertfordshire Constabulary,-0.450037,51.765378,On or near DEIMOS DRIVE,E01023403,Dacorum 008C,Unable to prosecute suspect
833faca5314dbd68bb083d8d566ed159989623d2279dbe697c50a34dc54a7dcc,2018-08,Hertfordshire Constabulary,Hertfordshire Constabulary,-0.387401,51.699964,On or near Sports/Recreation Area,E01023834,Three Rivers 002E,Investigation complete; no suspect identified
bfbd1e97c3accc8294f0f48ec77d3f93f8710524e3e898cff8d7a10974390744,2018-08,Hertfordshire Constabulary,Hertfordshire Constabulary,-0.033624,51.693271,On or near BURLEIGH ROAD,E01023333,Broxbourne 012B,Unable to prosecute suspect
7f5610a18c339018736a5962e9f2fc3256a12f6eac6ea7d4ef12190202b90dc6,2018-08,Hertfordshire Constabulary,Hertfordshire Constabulary,-0.410868,51.683990,On or near HEATHER LANE,E01023871,Watford 004D,Unable to prosecute suspect
d9b298a9a352801dcc1607691b699c30770b2c6106fc280656d3bc9ed160b725,2018-08,Hertfordshire Constabulary,Hertfordshire Constabulary,-0.194081,51.902512,On or near BROOM WALK,E01023758,Stevenage 008D,Unable to prosecute suspect
6bca91d0322a427cc2b7a51cccaf7add99f0d2ff197e39905cf4459fd67bcb8b,2018-08,Hertfordshire Constabulary,Hertfordshire Constabulary,-0.339500,51.770360,On or near Supermarket,E01023671,St Albans 009C,Unable to prosecute suspect
a010c6472fac17b46268b4d2e3c37e77414fb7496c7a46c36a70e9b495a2ad87,2018-08,Hertfordshire Constabulary,Hertfordshire Constabulary,-0.318420,51.740882,On or near KENSINGTON CLOSE,E01023684,St Albans 016D,Investigation complete; no suspect identified
b1e7121aaa95a37ec95753e35852061d025c87a0e3e6fd192bfe1c5b3c3956cf,2018-08,Hertfordshire Constabulary,Hertfordshire Constabulary,-0.192936,51.900633,On or near HOMESTEAD MOAT,E01023755,Stevenage 008A,Investigation complete; no suspect identified
54817cf654afcac466119f00ccc4ce5902c25e6e653d8d351c6ac9b505c6975e,2018-08,Hertfordshire Constabulary,Hertfordshire Constabulary,-0.197168,51.797740,On or near PEARTREE CLOSE,E01023954,Welwyn Hatfield 007A,Unable to prosecute suspect
47b5b116a1ba615271cae508d90931a0d0d43d6ae415fa62cee0042b53351d67,2018-08,Hertfordshire Constabulary,Hertfordshire Constabulary,-0.079036,51.795887,On or near MILLERS YARD,E01023478,East Hertfordshire 017D,Unable to prosecute suspect
ae878d47552d5d70e37bd2c645acf032b540f7210fe6ba12a2421843e6d3f3f8,2018-08,Hertfordshire Constabulary,Hertfordshire Constabulary,-0.282816,51.950741,On or near BEDFORD ROAD,E01023616,North Hertfordshire 012F,Investigation complete; no suspect identified
70c9ecead154b4edfeb3b39d739eb0d7c843bbd49e1d49123a175cb7e64b3ea4,2018-08,Hertfordshire Constabulary,Hertfordshire Constabulary,-0.184987,51.909943,On or near ARCHER ROAD,E01023781,Stevenage 006D,Unable to prosecute suspect
45154b87e26ec66c2e7c2bd94691aaaac3f8390dcefcf749d148cd089ee65be3,2018-08,Hertfordshire Constabulary,Hertfordshire Constabulary,-0.231389,51.746690,On or near ACACIA STREET,E01023937,Welwyn Hatfield 013E,Investigation complete; no suspect identified
365d99737ea1e93b10898a386024cbae2182ad1205c881dfe18e6ec0667672dc,2018-08,Hertfordshire Constabulary,Hertfordshire Constabulary,-0.079036,51.795887,On or near MILLERS YARD,E01023478,East Hertfordshire 017D,Unable to prosecute suspect
af78e983da2489e647bb68873d9900a86d5025429b6a24237db9e3c3e57cb4e3,2018-08,Hertfordshire Constabulary,Hertfordshire Constabulary,-0.331433,51.754465,On or near ST PETER'S ROAD,E01023676,St Albans 011D,Investigation complete; no suspect identified
8081103501c7eb26270155045953b48b76b3e1f2c20db4b2ae1017ab3a58740f,2018-08,Hertfordshire Constabulary,Hertfordshire Constabulary,-0.320073,51.758799,On or near CHARMOUTH ROAD,E01023675,St Albans 011C,Unable to prosecute suspect
1317c7ca82631c2e88bd0775b85374cdb2f7310db03eaa36b57b0738fab5f385,2018-08,Hertfordshire Constabulary,Hertfordshire Constabulary,-0.401362,51.656508,On or near UPTON ROAD,E01023861,Watford 009C,Unable to prosecute suspect
d2d2657914a210036cc8d5512113adedb42717015c7bbea80949a26909ce2148,2018-08,Hertfordshire Constabulary,Hertfordshire Constabulary,-0.119255,51.714168,On or near HILL RISE,E01023949,Welwyn Hatfield 016C,Investigation complete; no suspect identified
14670f8659d6c2dcf32109b249de5de74c3897fc3f9d48096493565ed43712ac,2018-08,Hertfordshire Constabulary,Hertfordshire Constabulary,-0.276743,51.655716,On or near Shopping Area,E01023530,Hertsmere 007B,Investigation complete; no suspect identified
b9b7116345349ab025af54c91681b0a647395f5ac13024c89a5a2b5911487dd6,2018-08,Hertfordshire Constabulary,Hertfordshire Constabulary,-0.220578,51.687062,On or near WASH LANE,E01023567,Hertsmere 002A,Investigation complete; no suspect identified
c554be1256b2911d46477ecd8df204ba65dcae9491aa99774f80029e5ae7f2e9,2018-08,Hertfordshire Constabulary,Hertfordshire Constabulary,-0.398401,51.686375,On or near HAZEL GROVE,E01023894,Watford 002E,Investigation complete; no suspect identified
a9fa79f6e9e27aa6e30319bfb32fb77dd9cb751a57253446e5f4e487997f234c,2018-08,Hertfordshire Constabulary,Hertfordshire Constabulary,-0.037445,51.718001,On or near Supermarket,E01023305,Broxbourne 008D,Investigation complete; no suspect identified
c7e042274da22f3ad88e2a9131ebc7b4ce9c5efcad4621f811ca894e7d9a0e1c,2018-08,Hertfordshire Constabulary,Hertfordshire Constabulary,-0.417774,51.682987,On or near COURTLANDS DRIVE,E01023868,Watford 004A,Investigation complete; no suspect identified
42214341dc086fbc9fd1d0274d8c98539080af935634da7bd4297132d3d6294e,2018-08,Hertfordshire Constabulary,Hertfordshire Constabulary,-0.546785,51.751804,On or near FIELDWAY,E01023367,Dacorum 014C,Investigation complete; no suspect identified
123a98e3592c5303376d9e54db2cfd84bf8ecaf1ae14b13c535a403ffe652eee,2018-08,Hertfordshire Constabulary,Hertfordshire Constabulary,-0.494150,51.755799,On or near Supermarket,E01023429,Dacorum 011D,Unable to prosecute suspect
aa963b740895639fcba65b5fd121f864f04823141e058788c0b5ca1ba3869e04,2018-08,Hertfordshire Constabulary,Hertfordshire Constabulary,-0.455699,51.723892,On or near BARNES RISE,E01023407,Dacorum 022B,Suspect charged
2249518e029918a809f871b22b3b35c4a3ec83b7000147290a501e65f435801f,2018-08,Hertfordshire Constabulary,Hertfordshire Constabulary,-0.213959,51.735042,On or near SOMERS SQUARE,E01023963,Welwyn Hatfield 014B,Unable to prosecute suspect
bb01cfe31797b0ff5f97c5caf66aeec619a38870dde9a02005f956e750f6b66f,2018-08,Hertfordshire Constabulary,Hertfordshire Constabulary,-0.034563,51.683278,On or near LODGE CRESCENT,E01023337,Broxbourne 013B,Investigation complete; no suspect identified
e78475029bd978f85f9cd5ad5adfecaacd4bcc18448f0bab12c8464937eb1366,2018-08,Hertfordshire Constabulary,Hertfordshire Constabulary,-0.427348,51.755644,On or near Petrol Station,E01023409,Dacorum 017A,Investigation complete; no suspect identified
92960d66a364f3f97db5230f6c945a7f8ee65591a406e0f50bc68e1f920a6fc2,2018-08,Hertfordshire Constabulary,Hertfordshire Constabulary,-0.207334,51.911733,On or near CHURCH LANE,E01023775,Stevenage 006A,Unable to prosecute suspect
9bb7aeb549ed71252f35fc6b2a48686f86b9876ee3eac60261d3798c434561ce,2018-08,Hertfordshire Constabulary,Hertfordshire Constabulary,-0.021243,51.735606,On or near BERNERS WAY,E01023340,Broxbourne 005A,Investigation complete; no suspect identified
6ad4251c6a3dea32050d4903b5c758dcfb62b4de945f0f5cf2916f24176b5ce8,2018-08,Hertfordshire Constabulary,Hertfordshire Constabulary,-0.456151,51.749282,On or near Petrol Station,E01023387,Dacorum 019B,Investigation complete; no suspect identified
356109e6fadd55bb8b6a60688319c51f48f3739f1e337b2546010e278c2dea76,2018-08,Hertfordshire Constabulary,Hertfordshire Constabulary,-0.405008,51.661782,On or near THE AVENUE,E01023880,Watford 007C,Unable to prosecute suspect
5953219cfdc19fe8b142997af24035382cd69e5efbe41d598726dde4be646160,2018-08,Hertfordshire Constabulary,Hertfordshire Constabulary,-0.474432,51.748019,On or near MOOR END ROAD,E01023398,Dacorum 015D,Investigation complete; no suspect identified
168c47d70cfb56fee25ebc539f5969fced4b18479c31b576f9bbe60a2cdbd42a,2018-08,Hertfordshire Constabulary,Hertfordshire Constabulary,0.157699,51.865968,On or near JERVIS ROAD,E01023446,East Hertfordshire 007D,Unable to prosecute suspect
bdfe1ff7fbe91e2f4acc7701b0418b047ba87e0ca3ee3c9fdc61f0462e7be385,2018-08,Hertfordshire Constabulary,Hertfordshire Constabulary,-0.566351,51.760236,On or near ELM GROVE,E01023368,Dacorum 014D,Investigation complete; no suspect identified
48bbc98652b2bcb819dcba95a6dd695ad1cef389b6a7f3b15eb6121145962d09,2018-08,Hertfordshire Constabulary,Hertfordshire Constabulary,-0.415803,51.785800,On or near AUBREY LANE,E01023722,St Albans 006A,Investigation complete; no suspect identified
fcd90b4f69be5eb4b04e98e52e59b5274f1a3818e6879b6024cae1bb86f0bc1f,2018-08,Hertfordshire Constabulary,Hertfordshire Constabulary,-0.417739,51.709701,On or near PARSONAGE CLOSE,E01023804,Three Rivers 001C,Unable to prosecute suspect
39c4aa799fa3232402e0fe43ae97f5b40f26f7325a7c3bf743f9aa0c1356b9ca,2018-08,Hertfordshire Constabulary,Hertfordshire Constabulary,-0.191844,51.988943,On or near THE GARDENS,E01023589,North Hertfordshire 004C,Investigation complete; no suspect identified
9b5b2bff733479de9eee087319e1143d427f9f0f247910b0702f232388972f84,2018-08,Hertfordshire Constabulary,Hertfordshire Constabulary,-0.381578,51.648585,On or near WELLSFIELD,E01023553,Hertsmere 008B,Unable to prosecute suspect
a29d7e14689f23eedb46f0d60d820e2e3cabca15e8862bae9bca0777d4399632,2018-08,Hertfordshire Constabulary,Hertfordshire Constabulary,-0.172433,51.878610,On or near HOLLY LEYS,E01023785,Stevenage 011C,Unable to prosecute suspect
4f3e36d32c730e080624a431a62f62fd0fb4bbfcea3b15be8a9720ece7c27c22,2018-08,Hertfordshire Constabulary,Hertfordshire Constabulary,-0.025073,51.722838,On or near NURSERY ROAD,E01023342,Broxbourne 005C,Unable to prosecute suspect
023ac37ad8b1f808cca15495adbc605f14949dfb4c9e864dabad6a381b9f13c0,2018-08,Hertfordshire Constabulary,Hertfordshire Constabulary,-0.093002,51.795530,On or near CAMPFIELD ROAD,E01023490,East Hertfordshire 015D,Offender given a drugs possession warning
c641f5fc6dcd76d31757fb705e308b0ff65a6f5b4b4fe21fd985867bbc5f6ef7,2018-08,Hertfordshire Constabulary,Hertfordshire Constabulary,-0.456151,51.749282,On or near Petrol Station,E01023387,Dacorum 019B,Investigation complete; no suspect identified
bbcd5155827d728b6680bb8ce3c576753004fa0209743ccc0d37b3ead1fc9100,2018-08,Hertfordshire Constabulary,Hertfordshire Constabulary,-0.509024,51.774017,On or near POTTEN END HILL,E01023355,Dacorum 006A,Investigation complete; no suspect identified
03dfef6e601476ce8384096377cb9b31648db29b309acb1b840444603fc9ee8e,2018-08,Hertfordshire Constabulary,Hertfordshire Constabulary,0.003781,51.768274,On or near BOSANQUET ROAD,E01023330,Broxbourne 002D,Unable to prosecute suspect
fc21edea9cbc2a861f9207acc24e924fc06b2c632e54296b999d9efc6bd127e5,2018-08,Hertfordshire Constabulary,Hertfordshire Constabulary,-0.219571,51.924373,On or near Petrol Station,E01023800,Stevenage 002E,Unable to prosecute suspect
bb03fa806ab006f3bc8bd6f070df60e32e1be341e72a59d8ece4478f187d13b3,2018-08,Hertfordshire Constabulary,Hertfordshire Constabulary,-0.357711,51.647048,On or near PALMER AVENUE,E01023561,Hertsmere 012D,Investigation complete; no suspect identified
ffa2a7ebce45c89efe92fdc7ca2a479fa69e3d4aadecdfb16bcce8a8eac24ad6,2018-08,Hertfordshire Constabulary,Hertfordshire Constabulary,-0.227035,51.763934,On or near ROBIN HOOD LANE,E01023920,Welwyn Hatfield 012A,Unable to prosecute suspect
f7277b4376b6c0035a3ecb6d88499314624a1df3e1bd077d42b25d0ac645cf92,2018-08,Hertfordshire Constabulary,Hertfordshire Constabulary,-0.473806,51.756706,On or near Further/Higher Educational Building,E01023400,Dacorum 015E,Unable to prosecute suspect
22240839aa4dd4f485b0ad4574dd026bdba624bf52b40d8c73c2426cdd00005a,2018-08,Hertfordshire Constabulary,Hertfordshire Constabulary,-0.276743,51.655716,On or near Shopping Area,E01023530,Hertsmere 007B,Unable to prosecute suspect
964a4c39f040f0fdf822f76ce10076c396d5ffdec60dd11edea18a210765e7e4,2018-08,Hertfordshire Constabulary,Hertfordshire Constabulary,-0.474910,51.689515,On or near BUCKS HILL,E01023854,Three Rivers 003D,Investigation complete; no suspect identified
1e1e9e7f961d85571631dc6751c956f61733b65a218045a806e52001056a3d87,2018-08,Hertfordshire Constabulary,Hertfordshire Constabulary,-0.189302,51.984444,On or near Sports/Recreation Area,E01023591,North Hertfordshire 004E,Unable to prosecute suspect
be0a846d829e29193fa946b9edd417dc267d78cc75f4cc11b3d63a2507cf2add,2018-08,Hertfordshire Constabulary,Hertfordshire Constabulary,-0.014063,51.798602,On or near THE CHASE,E01023468,East Hertfordshire 018A,Unable to prosecute suspect
3e346ff5d019ab9dae7ca4323c6052644b914cc6d24fc5d51b0af53852117f60,2018-08,Hertfordshire Constabulary,Hertfordshire Constabulary,-0.405008,51.661782,On or near THE AVENUE,E01023880,Watford 007C,Unable to prosecute suspect
73756eab681200945e49598190eeea18681b243f5db2bf5a0ad0053516f51308,2018-08,Hertfordshire Constabulary,Hertfordshire Constabulary,-0.390628,51.673446,On or near SOUTHFIELD AVENUE,E01023898,Watford 005D,Unable to prosecute suspect
88c9250fd24bb28e06d7bea47667851f3fca25e840e9b4e199ad651a14b846b4,2018-08,Hertfordshire Constabulary,Hertfordshire Constabulary,-0.432386,51.752852,On or near TEWIN ROAD,E01023409,Dacorum 017A,Unable to prosecute suspect
124147cf48a22c48c3d9f3105b9e5ac2e4e54e8861e8a9bdc5aa5fe0c4670264,2018-08,Hertfordshire Constabulary,Hertfordshire Constabulary,-0.202790,51.901746,On or near Bus/Coach Station,E01023758,Stevenage 008D,Unable to prosecute suspect
08e2decee1ae3a436410844f457ace008f53d4bf9720022dd57b9a9387d8ffa8,2018-08,Hertfordshire Constabulary,Hertfordshire Constabulary,-0.208263,51.801029,On or near Supermarket,E01023918,Welwyn Hatfield 006C,Suspect charged
a44451fcca239f90a003791ea3d917a657594c286a273ff9d1ac50492bf55c13,2018-08,Hertfordshire Constabulary,Hertfordshire Constabulary,-0.078108,51.796915,On or near Nightclub,E01023478,East Hertfordshire 017D,Unable to prosecute suspect
6e7f2949000a65e800bec56c3251ee78a5a3c2ac49bfc346a6d52b7694a34e1d,2018-08,Hertfordshire Constabulary,Hertfordshire Constabulary,-0.078108,51.796915,On or near Nightclub,E01023478,East Hertfordshire 017D,Unable to prosecute suspect
cc72ab6629b8aad406b046bfb67fc28e31ffc58bd697881223394981d03ee474,2018-08,Hertfordshire Constabulary,Hertfordshire Constabulary,-0.454704,51.775132,On or near Pedestrian Subway,E01023394,Dacorum 007B,Unable to prosecute suspect
8a7165f97a63d0d09ff186d1b01e3da718431caa8057e42c21789e3e3d1e5c1d,2018-08,Hertfordshire Constabulary,Hertfordshire Constabulary,-0.052794,51.801111,On or near BURLEIGH ROAD,E01023483,East Hertfordshire 016B,Unable to prosecute suspect
8a41e8c57efad3730a135145faad4f4eebcb2bdf562177db6f1b746953709425,2018-08,Hertfordshire Constabulary,Hertfordshire Constabulary,-0.397793,51.657286,On or near WATFORD HOUSE LANE,E01023861,Watford 009C,Investigation complete; no suspect identified
d9451fea5752b4609e8765a003d3bcd744be559a408bab7a069104ec804cdcdf,2018-08,Hertfordshire Constabulary,Hertfordshire Constabulary,0.157629,51.866338,On or near BARTHOLOMEW ROAD,E01023446,East Hertfordshire 007D,Unable to prosecute suspect
87963b79053746b6e71d9de0c84718836f23eb2309aa6c25f4b2f7f0290e8ec1,2018-08,Hertfordshire Constabulary,Hertfordshire Constabulary,-0.473723,51.752721,On or near Bus/Coach Station,E01023398,Dacorum 015D,Unable to prosecute suspect
89be55b6c2948bfde89430f977bd0a893ae7a11d5f1cf3282b22ec9a29f5aa55,2018-08,Hertfordshire Constabulary,Hertfordshire Constabulary,-0.207004,51.906531,On or near GATES WAY,E01023775,Stevenage 006A,Unable to prosecute suspect
325ab84cf0d7a279ee6e1e672da71a8c26f4b1f8e805d5fd7f7a0580ac53b415,2018-08,Hertfordshire Constabulary,Hertfordshire Constabulary,-0.032042,51.714053,On or near CARLETON ROAD,E01023304,Broxbourne 008C,Investigation complete; no suspect identified
ff4170bc247a29ae639e4be9a305a1dbdcac146514976a66422c85bb83c788cb,2018-08,Hertfordshire Constabulary,Hertfordshire Constabulary,-0.471974,51.757770,On or near QUEENSWAY,E01023400,Dacorum 015E,Investigation complete; no suspect identified
1a8655bf1ce51494fc7033ecb3f71500613f0cab8722579e5fdf6234032c3c0a,2018-08,Hertfordshire Constabulary,Hertfordshire Constabulary,-0.330334,51.745763,On or near RAMSBURY ROAD,E01023741,St Albans 017E,Unable to prosecute suspect
5f38ce847e064566941083b0ca04e89bc0c415b8c4275f5234a55a9b3eb8f1e8,2018-08,Hertfordshire Constabulary,Hertfordshire Constabulary,-0.360392,51.828121,On or near Hospital,E01023690,St Albans 001A,Investigation complete; no suspect identified
2ff4bd6744e2b642d3bb8c656e5b4a20252ef253a3c52f7900f0e69fdcd658b6,2018-08,Hertfordshire Constabulary,Hertfordshire Constabulary,-0.249160,51.767782,On or near THE RUNWAY,E01033314,Welwyn Hatfield 010G,Unable to prosecute suspect
2ad15232dca6935ddfb00acf2541c5a94d3eca5ac17f91bcc67dcf2f126abf65,2018-08,Hertfordshire Constabulary,Hertfordshire Constabulary,-0.249160,51.767782,On or near THE RUNWAY,E01033314,Welwyn Hatfield 010G,Unable to prosecute suspect
a9afb4f3ea2a170ce20f781f7ddb4aad07d20da3d8671315e97fb8f9a722135f,2018-08,Hertfordshire Constabulary,Hertfordshire Constabulary,0.084592,51.874408,On or near FORD HILL,E01023493,East Hertfordshire 003F,Investigation complete; no suspect identified
c448d24e304f7575f80294c68af87c64eb07efdb2fb7062fb392f588e5fbdce7,2018-08,Hertfordshire Constabulary,Hertfordshire Constabulary,-0.210640,51.971921,On or near GOLDON,E01023643,North Hertfordshire 009E,Unable to prosecute suspect
1f92e3a7f155e7ff436813e05649614f03ca94272e70d63a25768018e5a1de5a,2018-08,Hertfordshire Constabulary,Hertfordshire Constabulary,-0.207004,51.906531,On or near GATES WAY,E01023775,Stevenage 006A,Investigation complete; no suspect identified
0c35f4ca3d3d9bec26f1c6f00ddfb359cdaa3b7cba59a63229d7f537e0d6aab6,2018-08,Hertfordshire Constabulary,Hertfordshire Constabulary,-0.032834,51.708482,On or near Sports/Recreation Area,E01023298,Broxbourne 010B,Investigation complete; no suspect identified
39c45a7f0ba108c435b4cbdeaa8f85c663689d1442ca72961523a644658956c3,2018-08,Hertfordshire Constabulary,Hertfordshire Constabulary,-0.480192,51.637619,On or near BELFRY LANE,E01023852,Three Rivers 007D,Unable to prosecute suspect
472e548a75f2221bf1c5afad6b10b5a4a7a9f5d54b91f5d058bd564b313369a7,2018-08,Hertfordshire Constabulary,Hertfordshire Constabulary,-0.175162,51.905934,On or near NASH CLOSE,E01023762,Stevenage 007D,Unable to prosecute suspect
967175aadbd2d191bdfbf768377b3a99984ca3a2582412954a367243004c5805,2018-08,Hertfordshire Constabulary,Hertfordshire Constabulary,-0.283122,51.670926,On or near CASTLEFORD CLOSE,E01023535,Hertsmere 006B,Unable to prosecute suspect
84d932ce11ea4212bbcda79d8ed64c9211909932ed27f4d59d612785ff223424,2018-08,Hertfordshire Constabulary,Hertfordshire Constabulary,-0.200675,51.901929,On or near MARKET SQUARE,E01023758,Stevenage 008D,Investigation complete; no suspect identified
8ba2cc62b776d97d9fe22553c70d07dc86e43b56262e415f43c65742e8a9506c,2018-08,Hertfordshire Constabulary,Hertfordshire Constabulary,-0.083799,51.796423,On or near NEAL COURT,E01023470,East Hertfordshire 014A,Unable to prosecute suspect
6f6f9ddc23bccabf3fbca4a23321dbe3005d5c385cc3fdfeae9d45c6c600393d,2018-08,Hertfordshire Constabulary,Hertfordshire Constabulary,-0.397793,51.657286,On or near WATFORD HOUSE LANE,E01023861,Watford 009C,Suspect charged
34c176e260a5f75d8d979e347870d10777e773c4d752553f1d7b0b1e94406011,2018-08,Hertfordshire Constabulary,Hertfordshire Constabulary,-0.386718,51.672772,On or near WESTFIELD AVENUE,E01023898,Watford 005D,Unable to prosecute suspect
e60ddf0975100476860805bd01e9d602f5f6a199f5dd79a1e7bb2431c05c297c,2018-08,Hertfordshire Constabulary,Hertfordshire Constabulary,-0.483285,51.636283,On or near UXBRIDGE ROAD,E01023852,Three Rivers 007D,Investigation complete; no suspect identified
52136fbfc0e52cdd35091a133a9675efa0c5c491ba779642874acf912f4eb765,2018-08,Hertfordshire Constabulary,Hertfordshire Constabulary,-0.177700,51.920072,On or near Pedestrian Subway,E01023774,Stevenage 003D,Unable to prosecute suspect
bd3955f571880e14fc6511c73ebfedd718faca0d07dfdbd65c3092acaded086b,2018-08,Hertfordshire Constabulary,Hertfordshire Constabulary,-0.208473,51.911247,On or near Supermarket,E01023775,Stevenage 006A,Investigation complete; no suspect identified
582233f1a193f8fda5d359f8c0f153a9305d059730e466e25dd87f19ec341fdd,2018-08,Hertfordshire Constabulary,Hertfordshire Constabulary,-0.226267,51.980277,On or near STATION ROAD,E01023644,North Hertfordshire 008A,Investigation complete; no suspect identified
c343911d34bf28ec2f5288460416c39e43ca619ab68430d14389c5676177ffa9,2018-08,Hertfordshire Constabulary,Hertfordshire Constabulary,-0.321312,51.654195,On or near HOGG LANE,E01023528,Hertsmere 010A,Unable to prosecute suspect
bc5f813c0799260a029d31badfad37be177d1abb76fb9ab7a8ca48b8c48af1ef,2018-08,Hertfordshire Constabulary,Hertfordshire Constabulary,-0.010569,51.879563,On or near FARM LANE,E01023507,East Hertfordshire 006C,Unable to prosecute suspect
0f95f3e1f335537bdb469497e795145b029500d3efd75c8a7d5cf9c3c0fa7a04,2018-08,Hertfordshire Constabulary,Hertfordshire Constabulary,-0.462232,51.751511,On or near FURTHERGROUND,E01023350,Dacorum 015B,Offender given a caution
74bd6a253c0c1fe8e9d1cb0aeef6ecec59c8e3b0cff1a0857f354a21a44b9b91,2018-08,Hertfordshire Constabulary,Hertfordshire Constabulary,-0.179316,51.918236,On or near Supermarket,E01023774,Stevenage 003D,Unable to prosecute suspect
733de6ada7f8f21e13aff0928f5710ad7c38a59604c7802ad632a434c96a4d30,2018-08,Hertfordshire Constabulary,Hertfordshire Constabulary,-0.379001,51.693257,On or near COATES DELL,E01023877,Watford 003E,Unable to prosecute suspect
6156c2da37dce370b09c430deed18be3091bca7d811316692c99324c81dc36a3,2018-08,Hertfordshire Constabulary,Hertfordshire Constabulary,-0.398341,51.667158,On or near BEDFORD STREET,E01023855,Watford 006A,Unable to prosecute suspect
ac1f76f648bce823d43ab6a5d2bf0001089edff75c9530ae627293c96d7edcbb,2018-08,Hertfordshire Constabulary,Hertfordshire Constabulary,-0.030000,51.809957,On or near Parking Area,E01023514,East Hertfordshire 012C,Unable to prosecute suspect
7f2cd4e8734e9c33601c1220d2453f5f9ae0fc62d440dab21a7231e2d018eea2,2018-08,Hertfordshire Constabulary,Hertfordshire Constabulary,-0.394857,51.655268,On or near Shopping Area,E01023860,Watford 009B,Investigation complete; no suspect identified
28521090e49fe8315d06d32ae1553eb21b474429b82f92b11342bdb0005a93fe,2018-08,Hertfordshire Constabulary,Hertfordshire Constabulary,-0.182421,51.890310,On or near LONG LEAVES,E01023794,Stevenage 010D,Unable to prosecute suspect
a6f39e7cccac266775504f4d120aa7f0b02195e15b8324114f81af4974c0297a,2018-08,Hertfordshire Constabulary,Hertfordshire Constabulary,-0.171483,51.875529,On or near CAERNARVON CLOSE,E01023764,Stevenage 012B,Unable to prosecute suspect
fd2f6350ae22fa00bbc31acfc6d5a4bf20ee17d7ebb46bc8e38ab0e1d412adec,2018-08,Hertfordshire Constabulary,Hertfordshire Constabulary,-0.495284,51.635691,On or near FEARNEY MEAD,E01023836,Three Rivers 009B,Unable to prosecute suspect
2f0639bf26c841a09c88b73aba555eb797c44db2e56f7e6d4f23efc903f287d5,2018-08,Hertfordshire Constabulary,Hertfordshire Constabulary,-0.266302,51.662613,On or near THRIFT FARM LANE,E01023537,Hertsmere 006D,Investigation complete; no suspect identified
a79f035e0f3cf1580f3595a25fba18bc35935f902d3e0a26d084755cc6c6aa21,2018-08,Hertfordshire Constabulary,Hertfordshire Constabulary,-0.228927,51.980029,On or near Parking Area,E01023644,North Hertfordshire 008A,Investigation complete; no suspect identified
b991162fba02336971a0ca05a9792b25231d270e286b22f822518d51da5b5823,2018-08,Hertfordshire Constabulary,Hertfordshire Constabulary,-0.182134,51.888058,On or near BROADHALL WAY,E01023794,Stevenage 010D,Unable to prosecute suspect
05db5f4e4f950c4f481a5fe93db21b8c66be466870913ebdc70acc7c9e91531f,2018-08,Hertfordshire Constabulary,Hertfordshire Constabulary,-0.026882,51.722185,On or near ROCHFORD CLOSE,E01023342,Broxbourne 005C,Unable to prosecute suspect
9c9b66d28634905a08796d699e7a4ed46cf495152f40bd606e0edd08b19a9691,2018-08,Hertfordshire Constabulary,Hertfordshire Constabulary,-0.178101,51.686384,On or near BYERS CLOSE,E01023575,Hertsmere 003E,Unable to prosecute suspect
018452d2d4b3b735af0e534081107eea21f709e46297670fc29fd69b14407281,2018-08,Hertfordshire Constabulary,Hertfordshire Constabulary,-0.239115,51.762227,On or near Parking Area,E01023921,Welwyn Hatfield 012B,Unable to prosecute suspect
dc296c539998b526905d4111ec24cee8e4eaa5871e02d2c92b4046ad0f52c65a,2018-08,Hertfordshire Constabulary,Hertfordshire Constabulary,-0.482476,51.764335,On or near WOOD VIEW,E01023390,Dacorum 010A,Unable to prosecute suspect
43cbe16e4fb09747e40a260c0d62f8ec3e9fa4de269c4864fb54c39461bd9fe8,2018-08,Hertfordshire Constabulary,Hertfordshire Constabulary,-0.410820,51.679988,On or near CHURCHFIELDS ROAD,E01023868,Watford 004A,Investigation complete; no suspect identified
f04120fd141ea8bfecc5a1be0f75003fc6f206bd390d32d87db19ad05b8e3a56,2018-08,Hertfordshire Constabulary,Hertfordshire Constabulary,-0.188434,51.985033,On or near PARK CLOSE,E01023592,North Hertfordshire 004F,Unable to prosecute suspect
1ca34e1b162740d0f3f75e34154a6c0d535d5e7a561221826af752eb576cb772,2018-08,Hertfordshire Constabulary,Hertfordshire Constabulary,-0.262276,51.663902,On or near GREGSON CLOSE,E01023545,Hertsmere 009B,Unable to prosecute suspect
d906d7108c14f5af490348b8beef64562ffae98bdb3ea822692864d0780342a8,2018-08,Hertfordshire Constabulary,Hertfordshire Constabulary,-0.202701,51.817607,On or near KIRKLANDS,E01023960,Welwyn Hatfield 003B,Unable to prosecute suspect
c4ba4e547f4bdd52258b77c56b9c2e43e4d8a2fba8aaf4837a06eb89342bcaf2,2018-08,Hertfordshire Constabulary,Hertfordshire Constabulary,-0.457668,51.772806,On or near Parking Area,E01023393,Dacorum 007A,Unable to prosecute suspect
4397b1b8d0d10e12cc033d2e25a7585138a81554567e06612e27c0526af2b5bf,2018-08,Hertfordshire Constabulary,Hertfordshire Constabulary,-0.457668,51.772806,On or near Parking Area,E01023393,Dacorum 007A,Unable to prosecute suspect
0010c5aa5252bb00818685a2eaf242be7c9f5f309171146ab14f41231d777bef,2018-08,Hertfordshire Constabulary,Hertfordshire Constabulary,-0.457668,51.772806,On or near Parking Area,E01023393,Dacorum 007A,Unable to prosecute suspect
00129505ceafc18282e82190a1aa85d5186061a9de0d46bc8346154486042dc1,2018-08,Hertfordshire Constabulary,Hertfordshire Constabulary,-0.453789,51.648263,On or near WARWICK MEWS,E01023820,Three Rivers 006B,Unable to prosecute suspect
13d9a54230c5e33a8d4a9073b1446f1e85fdf44dd10bca438e233169d2d98ae1,2018-08,Hertfordshire Constabulary,Hertfordshire Constabulary,-0.457668,51.772806,On or near Parking Area,E01023393,Dacorum 007A,Unable to prosecute suspect
3e6114727c1f72c6f0dc59dbaa355ef8f60e3685ea963e0fb77e5dab75930d4e,2018-08,Hertfordshire Constabulary,Hertfordshire Constabulary,-0.456104,51.774027,On or near Pedestrian Subway,E01023393,Dacorum 007A,Unable to prosecute suspect
2d30c15f8a1099117db236725077f84740185194e022e1b32f44c16898782463,2018-08,Hertfordshire Constabulary,Hertfordshire Constabulary,-0.222617,51.829158,On or near HAWBUSH RISE,E01023970,Welwyn Hatfield 002D,Unable to prosecute suspect
00a99330a49fd3411cbec43a683cf6fb42477d8547a066d037537d7642ccc531,2018-08,Hertfordshire Constabulary,Hertfordshire Constabulary,-0.261189,51.651135,On or near ARUNDEL DRIVE,E01023542,Hertsmere 011D,Investigation complete; no suspect identified
ac4d0c98b2ec5a23fa91c41c2b8fed7b4fbb7142a73699b74cb9d4995a4c5fab,2018-08,Hertfordshire Constabulary,Hertfordshire Constabulary,-0.053394,51.712044,On or near WHEATCROFT,E01023326,Broxbourne 009D,Unable to prosecute suspect
010601d15d5a92cc0ceb7b6f46057f47f115ed1cda323176a442b63caf73e798,2018-08,Hertfordshire Constabulary,Hertfordshire Constabulary,-0.300353,51.642914,On or near BRITTEN CLOSE,E01023564,Hertsmere 010B,Unable to prosecute suspect
b3c79961f1da53fb5fc0fe954e527c9f671ba8d730f457bf2464438443d293db,2018-08,Hertfordshire Constabulary,Hertfordshire Constabulary,-0.222617,51.829158,On or near HAWBUSH RISE,E01023970,Welwyn Hatfield 002D,Unable to prosecute suspect
b61110ba5780789b4066d2e09141f3ff5db35074d5470bf85f27e0da4095bcf4,2018-08,Hertfordshire Constabulary,Hertfordshire Constabulary,-0.300353,51.642914,On or near BRITTEN CLOSE,E01023564,Hertsmere 010B,Investigation complete; no suspect identified
b930143837476b26395830787c0b73dbda5aa63acb00eb57144b82b3f31bb926,2018-08,Hertfordshire Constabulary,Hertfordshire Constabulary,-0.412438,51.643629,On or near CLYSTON ROAD,E01023865,Watford 011C,Unable to prosecute suspect
c2dbe20bdfe61a90981ee717ce1b9f44a22ee0ded6dfff5e82b7d85a73cc8aac,2018-08,Hertfordshire Constabulary,Hertfordshire Constabulary,-0.206601,51.910436,On or near Parking Area,E01023775,Stevenage 006A,Unable to prosecute suspect
635958f8c619a1c64598d623939695491a2bbf525477d86a0e1008a25ee537ac,2018-08,Hertfordshire Constabulary,Hertfordshire Constabulary,-0.393462,51.652210,On or near Pedestrian Subway,E01023862,Watford 009D,Investigation complete; no suspect identified
e34eca98ff268052439ac8eed65f468a931f45c93b8bfff57805bae35f2799db,2018-08,Hertfordshire Constabulary,Hertfordshire Constabulary,-0.235244,51.754841,On or near NINE ACRE LANE,E01023935,Welwyn Hatfield 013C,Unable to prosecute suspect
a4fa247f2025213c2e0bde36c338b72f827024f36b6e2a9653d9f57575ef17fe,2018-08,Hertfordshire Constabulary,Hertfordshire Constabulary,-0.023235,51.727798,On or near ROWAN DRIVE,E01023343,Broxbourne 005D,Unable to prosecute suspect
f793ff37d6b2ee98ce2e5c9ddb8eeed6e4ebcd94b253a630176d3ce4fdff1bef,2018-08,Hertfordshire Constabulary,Hertfordshire Constabulary,-0.024886,51.807480,On or near CRANE MEAD,E01023511,East Hertfordshire 013B,Unable to prosecute suspect
9045ef6640616c411b33b318136cc76e5c172e8312463b2f700af74cce0abd63,2018-08,Hertfordshire Constabulary,Hertfordshire Constabulary,-0.531895,51.725336,On or near ST LAWRENCE CLOSE,E01023373,Dacorum 021A,Unable to prosecute suspect
379e26a6e33bae81e69a5bf4cd04c16802683a3d1072a4697f88739161cfe233,2018-08,Hertfordshire Constabulary,Hertfordshire Constabulary,-0.171710,51.800044,On or near LEY WALK,E01023951,Welwyn Hatfield 005B,Unable to prosecute suspect
085fa8fccc69d7357508b64bf4099c27bdd4c272fd75bcc3a63996a57200f844,2018-08,Hertfordshire Constabulary,Hertfordshire Constabulary,-0.311359,51.723983,On or near NORRIS CLOSE,E01033029,St Albans 018G,Investigation complete; no suspect identified
f30dce8a1ba54bc04163c9e13913a03a5a481a520182b6686c8b0264ad29391f,2018-08,Hertfordshire Constabulary,Hertfordshire Constabulary,-0.171710,51.800044,On or near LEY WALK,E01023951,Welwyn Hatfield 005B,Unable to prosecute suspect
98beb584210416bce756467b372878f610582c5e456f8a37283589616e124801,2018-08,Hertfordshire Constabulary,Hertfordshire Constabulary,-0.214027,51.763422,On or near Parking Area,E01023925,Welwyn Hatfield 011B,Unable to prosecute suspect
a9cc612b7fadb00c92739f93fa6fa53a10a7752e639e8b2af447ffbaf95235e4,2018-08,Hertfordshire Constabulary,Hertfordshire Constabulary,-0.208946,51.912162,On or near BELL LANE,E01023775,Stevenage 006A,Unable to prosecute suspect
7ab943c355df02ce3d648071bbf2e335a1e0ba874d8bc0cd4d4710880bb9af86,2018-08,Hertfordshire Constabulary,Hertfordshire Constabulary,,,No location,,,Unable to prosecute suspect
c7f06bdbbba0bc7ebef8a9fe37af1b566df7a465bc7e410091eddf634b119294,2018-08,Hertfordshire Constabulary,Hertfordshire Constabulary,-0.278158,51.669873,On or near GREENSIDE,E01023535,Hertsmere 006B,Unable to prosecute suspect
3297afc6e75613285c0f1919ab29eecb66b5f71e9a1a88162b9a0c6c96658ab0,2018-08,Hertfordshire Constabulary,Hertfordshire Constabulary,-0.178467,51.805850,On or near Sports/Recreation Area,E01023913,Welwyn Hatfield 004B,Investigation complete; no suspect identified
695514f243adcaab6130ebb77093a966b00c3958282e27d6006e362b9c294ad9,2018-08,Hertfordshire Constabulary,Hertfordshire Constabulary,-0.356034,51.816281,On or near Supermarket,E01023701,St Albans 003C,Investigation complete; no suspect identified
d97379453c427184ef47ed2714a5ff45eb933d4dec6fbb019468fc7ca4bccaaf,2018-08,Hertfordshire Constabulary,Hertfordshire Constabulary,-0.032977,51.811554,On or near WEST STREET,E01023514,East Hertfordshire 012C,Investigation complete; no suspect identified
cc4cfd6944529129c6599fe04e4f53cebac94ed01cc0557ccd04a4f0b24083d7,2018-08,Hertfordshire Constabulary,Hertfordshire Constabulary,-0.288492,51.809175,On or near CONQUERORS HILL,E01023747,St Albans 004B,Unable to prosecute suspect
4d4ca802c163e1234aca8b6aa9608cb36a63815913049e77fc64b2151e930f3b,2018-08,Hertfordshire Constabulary,Hertfordshire Constabulary,-0.574470,51.764669,On or near SHELDON WAY,E01023370,Dacorum 012B,Unable to prosecute suspect
c25e4648b509fb59e1cee06af59f37f11f70502e024ccb85d1261bd5cdf43cd5,2018-08,Hertfordshire Constabulary,Hertfordshire Constabulary,-0.183035,51.692161,On or near HUNTER CLOSE,E01023573,Hertsmere 003C,Unable to prosecute suspect
409c045c049eb1314dae47ffa37c6148b0d20f801910a0b89f21aff8cc5c3f29,2018-08,Hertfordshire Constabulary,Hertfordshire Constabulary,-0.292700,51.811053,On or near PARKINSON CLOSE,E01023747,St Albans 004B,Unable to prosecute suspect
85f4e88d1f017e8f7ada1f78ebd3aa0a0992194b642ceba65830c9f8a1167890,2018-08,Hertfordshire Constabulary,Hertfordshire Constabulary,-0.201978,51.970818,On or near PARKFIELD,E01023641,North Hertfordshire 009C,Unable to prosecute suspect
36553877f2cf8bf0b8d1d80530f7fe98acbd132f021184aac5f9cb08796b7a33,2018-08,Hertfordshire Constabulary,Hertfordshire Constabulary,-0.398649,51.698598,On or near POPLARS CLOSE,E01023904,Watford 001A,Unable to prosecute suspect
4316d56738cbb1cf09ffb2004a8a0c56099515a50f0687570ac86060814fffd4,2018-08,Hertfordshire Constabulary,Hertfordshire Constabulary,-0.467135,51.736343,On or near Petrol Station,E01033023,Dacorum 018H,Investigation complete; no suspect identified
bf4d45527a80a98aad725e792112a66bd8d331ba9bc53b6c9f3cb889c9e518ea,2018-08,Hertfordshire Constabulary,Hertfordshire Constabulary,-0.472476,51.733427,On or near HIGH RIDGE CLOSE,E01023354,Dacorum 018B,Unable to prosecute suspect
edda6bca4749f43d3bf927272aac5264fafadb47ab9662605400320f23005884,2018-08,Hertfordshire Constabulary,Hertfordshire Constabulary,-0.221684,51.912859,On or near Supermarket,E01023796,Stevenage 005B,Unable to prosecute suspect
e9c0039c2537d39d20fbfe37053e1613d340dc1aa673bd8718e09ffa72cdb622,2018-08,Hertfordshire Constabulary,Hertfordshire Constabulary,-0.203522,51.905624,On or near Parking Area,E01023775,Stevenage 006A,Investigation complete; no suspect identified
9439448561d4f722acedf9175ea231d93cc8ba061f05ae5831dde1123c616f1e,2018-08,Hertfordshire Constabulary,Hertfordshire Constabulary,-0.034245,51.700970,On or near LYNTON PARADE,E01023300,Broxbourne 010D,Unable to prosecute suspect
1928fc45575c8081b7cae0e284508ebc96ba52a2445f28882e4debb25b303a7f,2018-08,Hertfordshire Constabulary,Hertfordshire Constabulary,-0.391547,51.651581,On or near WELLSPRING WAY,E01023862,Watford 009D,Unable to prosecute suspect
f6ca43e15e7d59c26fa00aa4b788c819a76b64fdd6eee482439b7f0a8a9b8876,2018-08,Hertfordshire Constabulary,Hertfordshire Constabulary,-0.013644,51.743760,On or near Parking Area,E01023292,Broxbourne 004D,Investigation complete; no suspect identified
b43b6a0b607f78a1439cb61869e14edfe07627be51972885c1865b6bb8de02af,2018-08,Hertfordshire Constabulary,Hertfordshire Constabulary,0.086243,51.784806,On or near EASTWICK ROAD,E01023492,East Hertfordshire 009B,Unable to prosecute suspect
e142fb56d9da470499453aa2af04d473d106932b84f6438e52a633bece70c85d,2018-08,Hertfordshire Constabulary,Hertfordshire Constabulary,-0.226004,51.753632,On or near LAMB CLOSE,E01023936,Welwyn Hatfield 013D,Unable to prosecute suspect
922ec0aeb53990f5469990959f8c04342e3714e659909738496819b17c89a437,2018-08,Hertfordshire Constabulary,Hertfordshire Constabulary,-0.359823,51.819427,On or near Petrol Station,E01023699,St Albans 003A,Investigation complete; no suspect identified
13b135e1c548e63272e62f48972db6ffad1d96c0c9ed971bf81eaa0130e4ef49,2018-08,Hertfordshire Constabulary,Hertfordshire Constabulary,-0.226004,51.753632,On or near LAMB CLOSE,E01023936,Welwyn Hatfield 013D,Unable to prosecute suspect
2e453735adfa40e2d6112defcc7f0e0e65911973f956eccee830926a56fc9026,2018-08,Hertfordshire Constabulary,Hertfordshire Constabulary,0.013817,51.786995,On or near WOODCROFT AVENUE,E01023504,East Hertfordshire 018E,Unable to prosecute suspect
44a787b2c317960b0bf72fe64cca6ac850bf079ffd4d19010fdb4df1a0427149,2018-08,Hertfordshire Constabulary,Hertfordshire Constabulary,-0.445107,51.772218,On or near REDBOURN ROAD,E01023346,Dacorum 013B,Unable to prosecute suspect
4ec04eec06342511cb4888273e5c610acf6c92a6426c3127e4278d05e1c04f28,2018-08,Hertfordshire Constabulary,Hertfordshire Constabulary,-0.221728,51.783924,On or near Parking Area,E01033311,Welwyn Hatfield 010F,Investigation complete; no suspect identified
207ee1f17b95de1e0055e6acb10ce213a1d5d447ec3c948b4f48104c8dfd73e2,2018-08,Hertfordshire Constabulary,Hertfordshire Constabulary,-0.026553,52.045555,On or near DAY'S CLOSE,E01023656,North Hertfordshire 002C,Unable to prosecute suspect
d73878b02189cec021f20e4cbdf30fd15246553940514bd48a13fa86c85e9bd7,2018-08,Hertfordshire Constabulary,Hertfordshire Constabulary,-0.020797,52.048417,On or near Police Station,E01023660,North Hertfordshire 001A,Unable to prosecute suspect
048346b4cbbef2535111850952fe4a9f8fb48c1499d6d8b70dda00ad5567b88b,2018-08,Hertfordshire Constabulary,Hertfordshire Constabulary,-0.228835,51.763107,On or near Supermarket,E01023920,Welwyn Hatfield 012A,Investigation complete; no suspect identified
d4b59fab850d9f35d05bad1f9d1f54b4e88f0c632b8ab5d078fdba1c9aab1b5e,2018-08,Hertfordshire Constabulary,Hertfordshire Constabulary,-0.271530,51.659363,On or near BROOK CLOSE,E01023538,Hertsmere 006E,Unable to prosecute suspect
ab411e7ad072442be40cd7012656221b5e7da8281fbbac80f0be82e38ac4ae3f,2018-08,Hertfordshire Constabulary,Hertfordshire Constabulary,-0.340630,51.824885,On or near Parking Area,E01023688,St Albans 002D,Investigation complete; no suspect identified
e669304e99010a3de61afaac9262cd751fa244eaa2cf93ceaf1cebcf2f01d949,2018-08,Hertfordshire Constabulary,Hertfordshire Constabulary,-0.282697,51.668024,On or near Supermarket,E01023536,Hertsmere 006C,Suspect charged
ab1d2830f66fe9357523baf7219546c3ad1b2049dc400211fb171c06328009ee,2018-08,Hertfordshire Constabulary,Hertfordshire Constabulary,0.173031,51.876377,On or near BOYD CLOSE,E01023439,East Hertfordshire 005B,Unable to prosecute suspect
85f2419c356f08cdfc327da713a1e49810df53339de1e6e5615383393e86dadf,2018-08,Hertfordshire Constabulary,Hertfordshire Constabulary,-0.164658,51.880071,On or near Pedestrian Subway,E01023763,Stevenage 012A,Unable to prosecute suspect
54f2a278ae67f81a08ad155ec97af165a950727fa9533c13658e979fcd12692c,2018-08,Hertfordshire Constabulary,Hertfordshire Constabulary,-0.182589,51.985159,On or near SOUTH CLOSE,E01023589,North Hertfordshire 004C,Unable to prosecute suspect
c83ec1219a43eeb78c5d8429002ae252a35c105dea13dd78f40e8634e6bbf54e,2018-08,Hertfordshire Constabulary,Hertfordshire Constabulary,-0.282697,51.668024,On or near Supermarket,E01023536,Hertsmere 006C,Unable to prosecute suspect
c3678cbddc936701b81dbe38de02c2417e3b1cebf0eba3c44a06a7fdf2cc23d7,2018-08,Hertfordshire Constabulary,Hertfordshire Constabulary,-0.194823,51.792551,On or near BURGUNDY CROFT,E01023957,Welwyn Hatfield 007D,Unable to prosecute suspect
deca0f2d6ca78fe387c8d8462657d9e9fba24fec533c8b2408362bc68454209d,2018-08,Hertfordshire Constabulary,Hertfordshire Constabulary,-0.345640,51.741934,On or near MERCERS ROW,E01023737,St Albans 017A,Unable to prosecute suspect
9b2a06aa96b1e0e2f1939e69c9b88a7fcc68ae63c20abca95b9a5bee927545f6,2018-08,Hertfordshire Constabulary,Hertfordshire Constabulary,-0.280166,51.970196,On or near Parking Area,E01023594,North Hertfordshire 014A,Unable to prosecute suspect
de7c0c71acc14ce3e1b4e90c2c936d07e210b0d5274901d9de8066e85bb22869,2018-08,Hertfordshire Constabulary,Hertfordshire Constabulary,-0.386000,51.689712,On or near ST ALBANS ROAD,E01023877,Watford 003E,Unable to prosecute suspect
679e9a65fc47d6c9cbb21dc595769a2eb30d52b0b93b38233181222cbae70923,2018-08,Hertfordshire Constabulary,Hertfordshire Constabulary,-0.221786,51.774699,On or near Sports/Recreation Area,E01033311,Welwyn Hatfield 010F,Investigation complete; no suspect identified
320fff9e2dbde90acded29658f65d8e81d9346a0b5547e5b2a6bf068b74384eb,2018-08,Hertfordshire Constabulary,Hertfordshire Constabulary,-0.360306,51.822104,On or near BYRON ROAD,E01023699,St Albans 003A,Unable to prosecute suspect
57c4ec0f0978e8f37b7172246712048a847467d3552ab27413845f21d5dcc84a,2018-08,Hertfordshire Constabulary,Hertfordshire Constabulary,-0.010655,51.757395,On or near RAWDON DRIVE,E01023320,Broxbourne 003A,Unable to prosecute suspect
ac08ef576babdbd367dffbfb3dee4d7768e830b2573ee0452a8f67c9783ae9b5,2018-08,Hertfordshire Constabulary,Hertfordshire Constabulary,-0.446423,51.718671,On or near Park/Open Space,E01023808,Three Rivers 001E,Unable to prosecute suspect
2c15b242aded609aa89d5501728d68490116194288747b36de58be5cbdec7d3d,2018-08,Hertfordshire Constabulary,Hertfordshire Constabulary,-0.378281,51.684246,On or near THE GOSSAMERS,E01023873,Watford 003A,Unable to prosecute suspect
6f134694ebe3a5fed7a63d9d349362ead1a9a620a1cbc0ed35b63c350c918689,2018-08,Hertfordshire Constabulary,Hertfordshire Constabulary,-0.156562,51.852096,On or near NUTCROFT,E01023467,East Hertfordshire 002A,Unable to prosecute suspect
6bf246a1b38a00cf890614b35e1bc7bb2f680a623b83ebd5f877c0a40571a854,2018-08,Hertfordshire Constabulary,Hertfordshire Constabulary,-0.406009,51.657155,On or near GATE HOUSE PLACE,E01023888,Watford 008C,Unable to prosecute suspect
d8d66278cb180a8dbc7db70eb8504cd0840c4877cc7d6efca4f36825a425f211,2018-08,Hertfordshire Constabulary,Hertfordshire Constabulary,-0.402521,51.654383,On or near ADDISCOMBE ROAD,E01023899,Watford 010A,Investigation complete; no suspect identified
90c935f1a884254c0b5ed0e989348fd4541f221427c4422b071f29ab5e9d8153,2018-08,Hertfordshire Constabulary,Hertfordshire Constabulary,-0.352390,51.674606,On or near RED LION CLOSE,E01023528,Hertsmere 010A,Investigation complete; no suspect identified
477bdb1c9039252dd4c98671182e7fedb1e9c81cd778ae2537f80293d12a5b1f,2018-08,Hertfordshire Constabulary,Hertfordshire Constabulary,-0.235897,51.746254,On or near ROBINS WAY,E01023934,Welwyn Hatfield 013B,Unable to prosecute suspect
b18e95e7a521172a9f419ff2ccb11c74d6e82e560e183c16517ffc6dbf62b746,2018-08,Hertfordshire Constabulary,Hertfordshire Constabulary,-0.377819,51.646168,On or near BRICK KILN CLOSE,E01023884,Watford 012C,Investigation complete; no suspect identified
74ed79cc8d1bd362364dde7747b4c8f8b44d962f9ad2bf39d01d594098d86722,2018-08,Hertfordshire Constabulary,Hertfordshire Constabulary,-0.343938,51.899240,On or near STONY LANE,E01023624,North Hertfordshire 014D,Investigation complete; no suspect identified
4a08592053358b32c91e0f544720562ba52b3075c0563f1df18b8fd3ec53e581,2018-08,Hertfordshire Constabulary,Hertfordshire Constabulary,-0.235897,51.746254,On or near ROBINS WAY,E01023934,Welwyn Hatfield 013B,Unable to prosecute suspect
67752a7d12ddad6d2cf645acc6348607c5439699924f4e5afdb7d024abd338c1,2018-08,Hertfordshire Constabulary,Hertfordshire Constabulary,-0.009849,52.049644,On or near DACRE GREEN,E01023658,North Hertfordshire 002E,Investigation complete; no suspect identified
9b4fa5e66fbc4280bf8a4af42936340a67a9e1ac69c2bfd716f12f00bb8bbcb6,2018-08,Hertfordshire Constabulary,Hertfordshire Constabulary,-0.198963,51.841495,On or near OAKLEA,E01023966,Welwyn Hatfield 001B,Investigation complete; no suspect identified
d074952d17a59996e6aff52ad361498144d139a3d4d1696bee65936ceb9d938c,2018-08,Hertfordshire Constabulary,Hertfordshire Constabulary,-0.216555,51.985750,On or near HAYSMAN CLOSE,E01023633,North Hertfordshire 006D,Unable to prosecute suspect
60f32e1a661defa144af692660e94d24cc19159a5ec5bcb603a0a4c13daf0298,2018-08,Hertfordshire Constabulary,Hertfordshire Constabulary,-0.454344,51.733459,On or near Supermarket,E01023414,Dacorum 020E,Investigation complete; no suspect identified
4af849c2f19ee99a313ab2361efd855d35cd5f598439590eace88cf437eba50d,2018-08,Hertfordshire Constabulary,Hertfordshire Constabulary,-0.394087,51.699120,On or near BOUNDARY WAY,E01023905,Watford 001B,Unable to prosecute suspect
ccde731f313f5fccdf743aa10e9797fb5a68ec9b63c0ca53d9ea9dbd3e741b6b,2018-08,Hertfordshire Constabulary,Hertfordshire Constabulary,-0.045987,51.684053,On or near Sports/Recreation Area,E01023339,Broxbourne 013D,Investigation complete; no suspect identified
f85d4b350818cbb245759a8f12957b5b36df4b38aa66415879b3c82019c68ec9,2018-08,Hertfordshire Constabulary,Hertfordshire Constabulary,-0.224288,51.759702,On or near Sports/Recreation Area,E01023924,Welwyn Hatfield 011A,Unable to prosecute suspect
373f6f2713233e81d65f582c41dffec0a0ffffb3396d4e6f460b7c6f6cdeb1e5,2018-08,Hertfordshire Constabulary,Hertfordshire Constabulary,-0.192641,51.981078,On or near ST MARY'S WAY,E01023592,North Hertfordshire 004F,Unable to prosecute suspect
d86585109ff36d33f7b5542bd5b91509263cc64cd02c4a43e962956aeebf4f6a,2018-08,Hertfordshire Constabulary,Hertfordshire Constabulary,-0.018879,51.947297,On or near GATEHOUSE MEWS,E01023466,East Hertfordshire 001D,Unable to prosecute suspect
d95a5af9732542c40df477dff38c6c54f0dce2b0fb462774be680228f72c820a,2018-08,Hertfordshire Constabulary,Hertfordshire Constabulary,-0.491871,51.755923,On or near Petrol Station,E01023429,Dacorum 011D,Investigation complete; no suspect identified
80e3abf0b3578fbed061ab307b5e5daddc51c2650f55eee234ab0ea02d51f934,2018-08,Hertfordshire Constabulary,Hertfordshire Constabulary,-0.437052,51.774216,On or near HUNTERS OAK,E01023434,Dacorum 005A,Unable to prosecute suspect
977f1615b62884506f8e53676db33184b52d4745ca4a566e577bf307383b7ab7,2018-08,Hertfordshire Constabulary,Hertfordshire Constabulary,-0.207010,51.801901,On or near HOWARDSGATE,E01023918,Welwyn Hatfield 006C,Investigation complete; no suspect identified
928701f072e04d5d8d0c313838b0d5e3cc1c7f0c91eaa2d3de97621f04c23163,2018-08,Hertfordshire Constabulary,Hertfordshire Constabulary,0.174568,51.885656,On or near THE ASPENS,E01023450,East Hertfordshire 004B,Unable to prosecute suspect
acbeb7202ff14eebf8f53de9199ff7d8c4cc501ce3b916f9a2ab01d0ed12b089,2018-08,Hertfordshire Constabulary,Hertfordshire Constabulary,-0.012590,51.770080,On or near RODNEY CRESCENT,E01023329,Broxbourne 002C,Unable to prosecute suspect
5c6551362bc5af72ac36369e2187cb851515fa9013646caed96592902c20f188,2018-08,Hertfordshire Constabulary,Hertfordshire Constabulary,-0.275532,51.649530,On or near AUDEN DRIVE,E01023539,Hertsmere 011A,Unable to prosecute suspect
f7bf7b73e953348111a635d49acccd63e13e9e43f7691f248ea41876c5ba1da3,2018-08,Hertfordshire Constabulary,Hertfordshire Constabulary,-0.112713,51.708228,On or near MAYNARD PLACE,E01023947,Welwyn Hatfield 016A,Unable to prosecute suspect
eb19027176837e196f039db966ffd448f65d1eef65eef6b4a01bc78c777733c0,2018-08,Hertfordshire Constabulary,Hertfordshire Constabulary,-0.233416,51.932512,On or near BLADON CLOSE,E01023600,North Hertfordshire 005F,Investigation complete; no suspect identified
30be58439bd27f50340b9b1da4ca8a838fcd17e56c8785e911b2d38d279c2fc8,2018-08,Hertfordshire Constabulary,Hertfordshire Constabulary,-0.201989,51.840229,On or near COPPER BEECHES,E01023966,Welwyn Hatfield 001B,Investigation complete; no suspect identified
591a840de1a46ed990407b25f11fb8f529f9d4551e796e4cf8dbde7b162af1a7,2018-08,Hertfordshire Constabulary,Hertfordshire Constabulary,-0.473723,51.752721,On or near Bus/Coach Station,E01023398,Dacorum 015D,Unable to prosecute suspect
d45e23a53cbd67393c464ac216dc3acfe4af94d4b22444e01605b0e19342e520,2018-08,Hertfordshire Constabulary,Hertfordshire Constabulary,-0.483285,51.636283,On or near UXBRIDGE ROAD,E01023852,Three Rivers 007D,Investigation complete; no suspect identified
8435f45bcdd410f180705197b8e801ac1c03ee6f26a9af6f1d1742de9abdee00,2018-08,Hertfordshire Constabulary,Hertfordshire Constabulary,-0.228927,51.980029,On or near Parking Area,E01023644,North Hertfordshire 008A,Unable to prosecute suspect
9d7300d9ab46475ac301978ea583a61b5d0bc98eba201054c395451f88eba008,2018-08,Hertfordshire Constabulary,Hertfordshire Constabulary,-0.382143,51.638800,On or near SHERWOODS ROAD,E01023882,Watford 012A,Investigation complete; no suspect identified
8a5b72cd97f368687cec3ab9dee3bfcc00079ce607c535be85e8cfad70d14383,2018-08,Hertfordshire Constabulary,Hertfordshire Constabulary,-0.010830,51.867077,On or near PARKINS CLOSE,E01023507,East Hertfordshire 006C,Investigation complete; no suspect identified
83bfd51fdad4c9e15c05832b979b965217837be93ae62d32bdea9a6cf97d6ed1,2018-08,Hertfordshire Constabulary,Hertfordshire Constabulary,-0.201989,51.840229,On or near COPPER BEECHES,E01023966,Welwyn Hatfield 001B,Investigation complete; no suspect identified
50bc961597129a9e1b74582f07756d9f5b7db299aa849e8037b60624affee4e5,2018-08,Hertfordshire Constabulary,Hertfordshire Constabulary,-0.450109,51.742971,On or near HOWE ROAD,E01023357,Dacorum 020A,Investigation complete; no suspect identified
e1c91a041ac2dd6972255c3042f28f3cb7e8ea40a8fa472231910258af7c387c,2018-08,Hertfordshire Constabulary,Hertfordshire Constabulary,-0.337030,51.719233,On or near Parking Area,E01023720,St Albans 019C,Unable to prosecute suspect
d749995905f219669a72d8475e1978460e3cdef83fec8a3611dc0623b21ce243,2018-08,Hertfordshire Constabulary,Hertfordshire Constabulary,-0.470828,51.753952,On or near Supermarket,E01023398,Dacorum 015D,Investigation complete; no suspect identified
4cd1fd8b2dd00f5d41b5a0db31e557825e6d5eb113867ccd8b6caf2842b0d289,2018-08,Hertfordshire Constabulary,Hertfordshire Constabulary,-0.392859,51.654117,On or near Shopping Area,E01023860,Watford 009B,Investigation complete; no suspect identified
6fdb5fda7b89760bc4650ec59a5a8e9c8857392f9eceac798689e44b5cdcb759,2018-08,Hertfordshire Constabulary,Hertfordshire Constabulary,-0.495771,51.662035,On or near OLD SOLESBRIDGE LANE,E01023813,Three Rivers 004B,Investigation complete; no suspect identified
5383b3c17572e3794d2263d17f6dfe2a519cf4969242f2c95b13597e2bfa8e81,2018-08,Hertfordshire Constabulary,Hertfordshire Constabulary,-0.483285,51.636283,On or near UXBRIDGE ROAD,E01023852,Three Rivers 007D,Investigation complete; no suspect identified
3eeb912c6a2e5ede4d5c6369869f828c9be716a7458625235e9592ba42932f88,2018-08,Hertfordshire Constabulary,Hertfordshire Constabulary,-0.403233,51.650158,On or near VICARAGE ROAD,E01023902,Watford 010D,Investigation complete; no suspect identified
e84f361cb0f3c95a27c40add8b3a42a4958b031080ae15716f83e86cebac84e2,2018-08,Hertfordshire Constabulary,Hertfordshire Constabulary,-0.181637,51.922345,On or near DURHAM ROAD,E01023787,Stevenage 001A,Unable to prosecute suspect
e943358103e8f2d9611f819e99d9818bbd4ce708de9987f2429018fe7ccb405c,2018-08,Hertfordshire Constabulary,Hertfordshire Constabulary,-0.184822,51.846592,On or near MARDLEY HEIGHTS,E01023965,Welwyn Hatfield 001A,Investigation complete; no suspect identified
7fa29692a774b2a272f0268be9a0797f2c70eb09cebd537c5c89764073c9b4bb,2018-08,Hertfordshire Constabulary,Hertfordshire Constabulary,-0.210981,51.897896,On or near Pedestrian Subway,E01023798,Stevenage 005D,Investigation complete; no suspect identified
7a62c5ad4178f554100c49b745ea19205854f5008590165351103dec4615807a,2018-08,Hertfordshire Constabulary,Hertfordshire Constabulary,-0.274978,51.651950,On or near SHAKESPEARE DRIVE,E01023539,Hertsmere 011A,Unable to prosecute suspect
7c6d57c5bab830777d815f7e59115d74906046722ebc05b180d5488de4529a33,2018-08,Hertfordshire Constabulary,Hertfordshire Constabulary,0.032165,51.909271,On or near PELHAM ROAD,E01023463,East Hertfordshire 003E,Investigation complete; no suspect identified
2fad8cedbd6a077796f89b0cd3e87fe2c7b747935b8e056807afcbc94ec94e46,2018-08,Hertfordshire Constabulary,Hertfordshire Constabulary,-0.176826,51.900016,On or near AYLWARD DRIVE,E01023761,Stevenage 007C,Unable to prosecute suspect
cd1e3fe3b111a2078afd8e3a46f757269b75a17e16e442e161295f7cecc2c891,2018-08,Hertfordshire Constabulary,Hertfordshire Constabulary,-0.204587,51.801198,On or near Shopping Area,E01023918,Welwyn Hatfield 006C,Investigation complete; no suspect identified
039bf188151060bb8949b12fa3d60be9fed5733d4de6c29ab21d55271e77b09e,2018-08,Hertfordshire Constabulary,Hertfordshire Constabulary,-0.085538,51.788565,On or near HORNS MILL ROAD,E01023475,East Hertfordshire 017A,Investigation complete; no suspect identified
0240707797260844c9411329570375fc6f9bc5facfdbd8a37c55f9d4099fda7f,2018-08,Hertfordshire Constabulary,Hertfordshire Constabulary,-0.201301,51.895708,On or near TIPPET COURT,E01023786,Stevenage 011D,Unable to prosecute suspect
76cc7f58522793e2d0954a52aba3c22232052d63a3e3d2eb5a86e2f082988f44,2018-08,Hertfordshire Constabulary,Hertfordshire Constabulary,-0.453778,51.747075,On or near ST ALBANS HILL,E01023357,Dacorum 020A,Investigation complete; no suspect identified
535384c674aa84b0d9146a34b62f3fe58a35afc0aca8d30607858389f800d84b,2018-08,Hertfordshire Constabulary,Hertfordshire Constabulary,-0.451595,51.645203,On or near BATEMAN ROAD,E01023826,Three Rivers 006F,Investigation complete; no suspect identified
1e8ce7dbc40d4c5d6f7bf4f227eb5f78fc5cd3f4379feffb82ca62c94840afc6,2018-08,Hertfordshire Constabulary,Hertfordshire Constabulary,-0.188557,51.795494,On or near SALISBURY ROAD,E01023958,Welwyn Hatfield 007E,Unable to prosecute suspect
ce84d784a87dc86cb6a338d5b3e4b047e7c4f47f08e654fc88c10641388a4840,2018-08,Hertfordshire Constabulary,Hertfordshire Constabulary,-0.147627,51.704278,On or near CHURCH LANE,E01023947,Welwyn Hatfield 016A,Unable to prosecute suspect
4fcbd2dc26c339a1bf7cc888fb175fa7e855d1425d3636909bd8f5192d0216ea,2018-08,Hertfordshire Constabulary,Hertfordshire Constabulary,-0.031567,51.813949,On or near PRINCES STREET,E01023514,East Hertfordshire 012C,Unable to prosecute suspect
8f7ef21e765478f2de99c4215e192fdb37b8cc41c98fbdaed8b81d636bcc0dc9,2018-08,Hertfordshire Constabulary,Hertfordshire Constabulary,-0.028741,51.762331,On or near BOX LANE,E01023322,Broxbourne 003C,Investigation complete; no suspect identified
8a47d694f8f3d8131dacdd1d840784253cb9689013e58ab7386baad738b50d31,2018-08,Hertfordshire Constabulary,Hertfordshire Constabulary,-0.192136,51.697580,On or near Parking Area,E01023579,Hertsmere 001D,Unable to prosecute suspect
b04b262755f8ffd55182a0c42db7b825fc85df157950038818443ff7c8561d68,2018-08,Hertfordshire Constabulary,Hertfordshire Constabulary,-0.179316,51.918236,On or near Supermarket,E01023774,Stevenage 003D,Unable to prosecute suspect
57d1a6626f486cac14bb479ac98a7eb55d05b092c773ef018d26b570c63e3fb5,2018-08,Hertfordshire Constabulary,Hertfordshire Constabulary,0.149123,51.817386,On or near Police Station,E01023499,East Hertfordshire 011A,Investigation complete; no suspect identified
d3b0b037a611d0abced11afeec86bf095b88ebe5b2c39a7644b4e1ff14f4cf32,2018-08,Hertfordshire Constabulary,Hertfordshire Constabulary,-0.210981,51.897896,On or near Pedestrian Subway,E01023798,Stevenage 005D,Investigation complete; no suspect identified
449dff5b57cb04a0a5b1125d34f9a71bbc87754a96b140caa1a4e13af5c80168,2018-08,Hertfordshire Constabulary,Hertfordshire Constabulary,-0.473104,51.638678,On or near Parking Area,E01023850,Three Rivers 007C,Unable to prosecute suspect
8246de741967310dd248a50ab4be087e3ad7c46bffe2f90c9f90839bf6635909,2018-08,Hertfordshire Constabulary,Hertfordshire Constabulary,-0.261748,51.664488,On or near LION COURT,E01023545,Hertsmere 009B,Unable to prosecute suspect
64a5fe216a78d7d8eaf3cd80a5e94a8dfea2bb3795e655565232d6f756a94d2b,2018-08,Hertfordshire Constabulary,Hertfordshire Constabulary,-0.185069,51.887366,On or near GREEN CLOSE,E01023786,Stevenage 011D,Unable to prosecute suspect
d5d327b5ddf23a322fa41cad1c8de7289d37a6811c3ab8c7f7ee5f86f78f9769,2018-08,Hertfordshire Constabulary,Hertfordshire Constabulary,0.006947,51.770720,On or near Park/Open Space,E01023504,East Hertfordshire 018E,Unable to prosecute suspect
5c10ea1e1566b658149c8c35752f299cf9cfa63324c5e56a02c461bc523e2b6a,2018-08,Hertfordshire Constabulary,Hertfordshire Constabulary,-0.403619,51.680331,On or near BRUSHRISE,E01023870,Watford 004C,Unable to prosecute suspect
c75fa8da8431e615a1db773ca06a8a6fa141d39c28bbbcb15fc95fe30b2b1641,2018-08,Hertfordshire Constabulary,Hertfordshire Constabulary,-0.207108,51.730667,On or near Sports/Recreation Area,E01023964,Welwyn Hatfield 014C,Unable to prosecute suspect
aa1204ca5b5c01fc6b814d5bd52e449d06a7457d22cd2c508b362723bd3ea7bf,2018-08,Hertfordshire Constabulary,Hertfordshire Constabulary,-0.364564,51.664669,On or near HARTSWOOD CLOSE,E01023555,Hertsmere 008D,Unable to prosecute suspect
14151cf2b3b00eba464c52acc646c4c1a28544cc1fe99c471f9e20f4223e50ac,2018-08,Hertfordshire Constabulary,Hertfordshire Constabulary,-0.203375,51.813445,On or near GREENFIELD,E01023961,Welwyn Hatfield 003C,Unable to prosecute suspect
f532d17c11429a7035fdb3843151c730cb6ba5c52368cbaf7f8f5072a36963ef,2018-08,Hertfordshire Constabulary,Hertfordshire Constabulary,-0.219325,51.765769,On or near ST ALBANS ROAD EAST,E01023926,Welwyn Hatfield 011C,Investigation complete; no suspect identified
8eb0d0badb1f93823df59e003e17f685c25555ada16e887f60f9347b2de625d5,2018-08,Hertfordshire Constabulary,Hertfordshire Constabulary,0.176608,51.867732,On or near NIGHTINGLES,E01023442,East Hertfordshire 005E,Unable to prosecute suspect
f50c097a2501b6adab86b21392999b8a92fee6ea3dd288abb14dd5dfc442547d,2018-08,Hertfordshire Constabulary,Hertfordshire Constabulary,-0.355488,51.664552,On or near M1,E01023555,Hertsmere 008D,Unable to prosecute suspect
a0afae9320439517fce88eb5b28fc0bd162ec65b95589b133ae75765312346c3,2018-08,Hertfordshire Constabulary,Hertfordshire Constabulary,-0.322075,51.750915,On or near ALBION ROAD,E01023676,St Albans 011D,Investigation complete; no suspect identified
a5a1cb8ae4f55bf8073a9e97b2f7c509442f553a3c68a8ced467ade296b6bb54,2018-08,Hertfordshire Constabulary,Hertfordshire Constabulary,-0.395249,51.640877,On or near RANSOM CLOSE,E01023883,Watford 012B,Unable to prosecute suspect
30753bc56c76f59838f8fbb823b0831a62bc10eae3d2b58e92578acb8bd899ec,2018-08,Hertfordshire Constabulary,Hertfordshire Constabulary,-0.374318,51.646254,On or near LONDON ROAD,E01023559,Hertsmere 012B,Unable to prosecute suspect
4b0401eb78f768039536538889941eebcd9ccda67d980aa00b10cda84dfddc66,2018-08,Hertfordshire Constabulary,Hertfordshire Constabulary,-0.229387,51.744187,On or near OLD LEYS,E01023933,Welwyn Hatfield 014A,Unable to prosecute suspect
3d5161e7feb72d67dd01f0501729672488366c8c04ffce190932dc66389e70b3,2018-08,Hertfordshire Constabulary,Hertfordshire Constabulary,-0.427054,51.699027,On or near HAZELWOOD LANE,E01023829,Three Rivers 002A,Investigation complete; no suspect identified
7401f52d474d8912d6277321d45843dbea43b38789fe7389f25c500b4ceb39de,2018-08,Hertfordshire Constabulary,Hertfordshire Constabulary,-0.663487,51.811859,On or near Park/Open Space,E01023419,Dacorum 003B,Unable to prosecute suspect
caa4b4e27eaa4251db18266e7de4fcd0e47cacfee2c6b1dbcf74e6879f28b820,2018-08,Hertfordshire Constabulary,Hertfordshire Constabulary,-0.171610,51.933250,On or near MERRICK CLOSE,E01033026,North Hertfordshire 005J,Unable to prosecute suspect
679976638122849e6f4ef74d79a371a04fb72887064389ebb219e25481b87503,2018-08,Hertfordshire Constabulary,Hertfordshire Constabulary,-0.049057,51.701136,On or near PENGELLY CLOSE,E01023296,Broxbourne 011D,Unable to prosecute suspect
374697549d01e2d057e5f3655a3201116139134645ed43bb7fb73ef2fd8de051,2018-08,Hertfordshire Constabulary,Hertfordshire Constabulary,-0.058779,51.719803,On or near BENCROFT,E01023309,Broxbourne 006C,Unable to prosecute suspect
7d2ec05b263aef0751cab92bd07db5b71adeffda736a68b1bc0f2aaee5bf762f,2018-08,Hertfordshire Constabulary,Hertfordshire Constabulary,-0.405008,51.661782,On or near THE AVENUE,E01023880,Watford 007C,Unable to prosecute suspect
58698ec60df80eb8992662a43c5e90889b0f79146f48f2e430432bbbabab9ee5,2018-08,Hertfordshire Constabulary,Hertfordshire Constabulary,-0.033398,51.690480,On or near Supermarket,E01023332,Broxbourne 012A,Investigation complete; no suspect identified
54c40a84bc4245f3b87a7abb118488d2b4502513cb20bb5602baad074d9d1bc9,2018-08,Hertfordshire Constabulary,Hertfordshire Constabulary,-0.469017,51.739370,On or near DURRANTS HILL ROAD,E01033023,Dacorum 018H,Investigation complete; no suspect identified
7c98a99c7cf8aeb77c49b3b2c58a9fc73ac4e75ab40ade719f62ce9f8469cf85,2018-08,Hertfordshire Constabulary,Hertfordshire Constabulary,-0.200803,51.888902,On or near Pedestrian Subway,E01023786,Stevenage 011D,Investigation complete; no suspect identified
9eb60cc1005b850e11f1d1e5e4fc4471f0f0b10123b2e48aff3870a208a72be1,2018-08,Hertfordshire Constabulary,Hertfordshire Constabulary,-0.404716,51.685337,On or near RUSHTON AVENUE,E01023891,Watford 002B,Unable to prosecute suspect
bad9b9c2f885ebe6ba93ede839fbb1872831359fac97f95c6e7460dde338e434,2018-08,Hertfordshire Constabulary,Hertfordshire Constabulary,-0.431046,51.685287,On or near A41,E01023831,Three Rivers 003C,Investigation complete; no suspect identified
a01c1ea87d6d5f357ec3ce0496370839ebf2324bb181a2d6babaf57216e9e2e5,2018-08,Hertfordshire Constabulary,Hertfordshire Constabulary,-0.336735,51.803367,On or near EASTCOTE DRIVE,E01023698,St Albans 005D,Unable to prosecute suspect
70f1cb575907123cd06773f0c5c488a35a6c3339fa6052602fcea47e19f2702c,2018-08,Hertfordshire Constabulary,Hertfordshire Constabulary,-0.225416,51.915928,On or near HASTINGS CLOSE,E01023797,Stevenage 005C,Unable to prosecute suspect
1d556cd102d308ef686984e877337f11444794488e7be8ea1dc036a0cfcdd966,2018-08,Hertfordshire Constabulary,Hertfordshire Constabulary,-0.183486,51.924082,On or near Pedestrian Subway,E01023787,Stevenage 001A,Unable to prosecute suspect
77fa8fba57f9530d1aa98afcc1513cecab6f1e89d6b6085bad0384c73e3654c0,2018-08,Hertfordshire Constabulary,Hertfordshire Constabulary,-0.397080,51.657007,On or near Theatre/Concert Hall,E01023861,Watford 009C,Investigation complete; no suspect identified
5f77b525a3430de4b5a1d2efbe9bb02fbd822bf6ca30243bf8cd792b80370d36,2018-08,Hertfordshire Constabulary,Hertfordshire Constabulary,-0.196375,51.907663,On or near MILLER WAY,E01023779,Stevenage 006B,Unable to prosecute suspect
4fb96b1ae01af488cc926ef099ffc773a1a3daeb3e4e0ebef3efd97f4d9fbc08,2018-08,Hertfordshire Constabulary,Hertfordshire Constabulary,-0.158828,51.857761,On or near FOLDINGSHOTT,E01023467,East Hertfordshire 002A,Unable to prosecute suspect
c03ae6be0327cfc2514baba1df7ac637a3eeb455e71109f50596737cfbfb3870,2018-08,Hertfordshire Constabulary,Hertfordshire Constabulary,-0.166379,51.874568,On or near KENILWORTH CLOSE,E01023764,Stevenage 012B,Unable to prosecute suspect
efb74c023ed267039e3e6f2e40056f142243462aa37d2fb27c722db624578e07,2018-08,Hertfordshire Constabulary,Hertfordshire Constabulary,-0.451274,51.755485,On or near Supermarket,E01023348,Dacorum 013D,Unable to prosecute suspect
4bdb5e623d082cb7b01b63b275a62e7a4dedf4ffff70e66c4e1955d06435be4d,2018-08,Hertfordshire Constabulary,Hertfordshire Constabulary,-0.397080,51.657007,On or near Theatre/Concert Hall,E01023861,Watford 009C,Investigation complete; no suspect identified
d46b252205378c3d7b02e452e018b533e38cbf08bc0e0acf1b91bf4fca09f0dd,2018-08,Hertfordshire Constabulary,Hertfordshire Constabulary,-0.158828,51.857761,On or near FOLDINGSHOTT,E01023467,East Hertfordshire 002A,Unable to prosecute suspect
a1ef94a74e0897e9625dd4464603884e3d28dd443af4d3c8011d97080fbb7a2e,2018-08,Hertfordshire Constabulary,Hertfordshire Constabulary,-0.061953,51.711610,On or near GRANBY PARK ROAD,E01023314,Broxbourne 009A,Unable to prosecute suspect
38c6900a6625f078f5a2185060da1de5061a6c4e55908cbd93860aad0a634fd6,2018-08,Hertfordshire Constabulary,Hertfordshire Constabulary,-0.393132,51.648437,On or near CANNON ROAD,E01023862,Watford 009D,Investigation complete; no suspect identified
80d26a195986eaf1c1df223dbc4e957e201b45e97437d57ab9fec4954bd7946d,2018-08,Hertfordshire Constabulary,Hertfordshire Constabulary,-0.414926,51.657231,On or near CASSIOBURY PARK AVENUE,E01023886,Watford 008A,Investigation complete; no suspect identified
f6247410bdc1ead6c3b2d1bb69fd2b97bc7230b717e4d3bd1c966d916047832f,2018-08,Hertfordshire Constabulary,Hertfordshire Constabulary,-0.296827,51.746209,On or near STANMORE CHASE,E01023677,St Albans 015A,Unable to prosecute suspect
8262bc0eb15711efe3e55369fe0f6650d06f99063b1caceccd6aab279791c8fd,2018-08,Hertfordshire Constabulary,Hertfordshire Constabulary,-0.030866,51.722468,On or near HURON ROAD,E01023342,Broxbourne 005C,Suspect charged
de7b44cf73d0865df4860c7020a1abce4ffe22fcc062c30de77c780e4d42de13,2018-08,Hertfordshire Constabulary,Hertfordshire Constabulary,-0.336758,51.752293,On or near Police Station,E01023727,St Albans 012B,Unable to prosecute suspect
2f26c7c7aa2cbb480fc7306f92b4a5a7ee1c31d7549778e064297ced53fa3072,2018-08,Hertfordshire Constabulary,Hertfordshire Constabulary,-0.190883,51.980629,On or near THE DELL,E01023592,North Hertfordshire 004F,Unable to prosecute suspect
c180bd98a65aa5bc42475f017416c1b849d75a34dfaa12132d02b18e1fb11fb2,2018-08,Hertfordshire Constabulary,Hertfordshire Constabulary,-0.446653,51.737719,On or near MARKET OAK LANE,E01023415,Dacorum 020F,Action to be taken by another organisation
47d4a435e1503d9ecf8c95f014cd10939c9efe33af17ede1525c23db7cb0447a,2018-08,Hertfordshire Constabulary,Hertfordshire Constabulary,-0.240381,51.761347,On or near Shopping Area,E01023921,Welwyn Hatfield 012B,Investigation complete; no suspect identified
c8b4da77478278e8f6508f99cd91e412027918a51b4250a7ff8e908965961fdd,2018-08,Hertfordshire Constabulary,Hertfordshire Constabulary,-0.351346,51.816736,On or near THE MEWS,E01023689,St Albans 002E,Investigation complete; no suspect identified
57fc3a273f595386571eba159c207eb72ccd5c53b9828ebd291e24351476ffb1,2018-08,Hertfordshire Constabulary,Hertfordshire Constabulary,-0.456104,51.774027,On or near Pedestrian Subway,E01023393,Dacorum 007A,Investigation complete; no suspect identified
1eb2e0a2c3d730affc78f98a1ffad89f4434fe9b65fcfb40930ec958bb0f1348,2018-08,Hertfordshire Constabulary,Hertfordshire Constabulary,-0.181601,51.693991,On or near Supermarket,E01023580,Hertsmere 001E,Investigation complete; no suspect identified
45326817dadd82aeb3b07582a412aff400e6bd0e3aa2605fa966a5bb6a6560f0,2018-08,Hertfordshire Constabulary,Hertfordshire Constabulary,-0.449158,51.742401,On or near KIMPS WAY,E01023358,Dacorum 020B,Investigation complete; no suspect identified
8d7182dbfcb1568b9c0dda46832052a37788e1869c231fb817e80f4ba1288414,2018-08,Hertfordshire Constabulary,Hertfordshire Constabulary,-0.221676,51.828740,On or near HAWBUSH CLOSE,E01023969,Welwyn Hatfield 002C,Unable to prosecute suspect
abdfd6964eda8a2a035e7b72c0286f9ac6759ac4193fe857081e694f2026a878,2018-08,Hertfordshire Constabulary,Hertfordshire Constabulary,-0.411757,51.651110,On or near QUEENS AVENUE,E01023863,Watford 011A,Unable to prosecute suspect
41b12fb6872059626409a2a8d38b8ceb822d8b16c5cc0ca0e3bd5912baec9d55,2018-08,Hertfordshire Constabulary,Hertfordshire Constabulary,-0.188030,51.884902,On or near Parking Area,E01023783,Stevenage 011A,Offender given a caution
27bb39cbff5a98dd78aa25f81571df9419d17a3fc5bb0cca7455cece6affa555,2018-08,Hertfordshire Constabulary,Hertfordshire Constabulary,-0.224006,51.981097,On or near NORTON WAY NORTH,E01023644,North Hertfordshire 008A,Unable to prosecute suspect
85ac6c329477bc66d9dce32d3cfb5e1d048b1e8cb8913bbd2b3a37baa89349e3,2018-08,Hertfordshire Constabulary,Hertfordshire Constabulary,-0.440712,51.707095,On or near HOME PARK MILL LINK ROAD,E01023808,Three Rivers 001E,Investigation complete; no suspect identified
a62649df7476f1ae6c1210f98abab43c7763348d5528c7e5025b7b8c510c20b2,2018-08,Hertfordshire Constabulary,Hertfordshire Constabulary,-0.283128,51.718170,On or near TYNEDALE,E01023704,St Albans 018A,Investigation complete; no suspect identified
bbe309da14a6f4b20dbf090e198cfdfb56eba30fc046a7af973136ab4f6a784e,2018-08,Hertfordshire Constabulary,Hertfordshire Constabulary,-0.456151,51.749282,On or near Petrol Station,E01023387,Dacorum 019B,Investigation complete; no suspect identified
7fd081fed523ba84dcb16bc34f740f1a3222ee85104aad800be7e743ef260158,2018-08,Hertfordshire Constabulary,Hertfordshire Constabulary,-0.500838,51.634243,On or near KENWOOD DRIVE,E01023835,Three Rivers 009A,Investigation complete; no suspect identified
63d74f5a95dfc8881056334e9c38a87cad8a50846c9301a7799a070d6e1a7fb1,2018-08,Hertfordshire Constabulary,Hertfordshire Constabulary,-0.017113,51.940163,On or near ASPENDEN ROAD,E01023464,East Hertfordshire 001B,Investigation complete; no suspect identified
2e5762acf068f367107baa126c466759a39a51e0dd679256541972b9aec9530f,2018-08,Hertfordshire Constabulary,Hertfordshire Constabulary,-0.470188,51.633865,On or near Supermarket,E01023849,Three Rivers 011D,Investigation complete; no suspect identified
c9378566b175a91cc7b9ef7bede311ba5bc13f2f7525ceb4a6eb4adfb7f7e3a2,2018-08,Hertfordshire Constabulary,Hertfordshire Constabulary,-0.377881,51.681696,On or near BUTTERWICK,E01023874,Watford 003B,Unable to prosecute suspect
be4d3eecfad21e60ccf29dfc8c482c038657090b52d31aa785af54c45a1a9b2d,2018-08,Hertfordshire Constabulary,Hertfordshire Constabulary,-0.208473,51.911247,On or near Supermarket,E01023775,Stevenage 006A,Suspect charged
be4d3eecfad21e60ccf29dfc8c482c038657090b52d31aa785af54c45a1a9b2d,2018-08,Hertfordshire Constabulary,Hertfordshire Constabulary,-0.208473,51.911247,On or near Supermarket,E01023775,Stevenage 006A,Suspect charged
2ea5264781eb8645c41dc34394392c9a3bcbc65fb643e760de16397aa5099af2,2018-08,Hertfordshire Constabulary,Hertfordshire Constabulary,-0.473464,51.746649,On or near A414,E01023398,Dacorum 015D,Local resolution
9c310c916de07d08ff09b291c6b2237450e0fa91470b97429c670739f00cbcd9,2018-08,Hertfordshire Constabulary,Hertfordshire Constabulary,-0.497959,51.637407,On or near Sports/Recreation Area,E01023835,Three Rivers 009A,Investigation complete; no suspect identified
8bff95b29cc323573e44dec092f1aa8597f5aa7ddf106c384ebcfe37b694f329,2018-08,Hertfordshire Constabulary,Hertfordshire Constabulary,-0.367854,51.652783,On or near KING EDWARD PLACE,E01023562,Hertsmere 012E,Unable to prosecute suspect
31024cb80d1f7859d8a1f7a2c7136e411a9ea4a500e18eb9dadc1da6b79561a1,2018-08,Hertfordshire Constabulary,Hertfordshire Constabulary,-0.444084,51.780468,On or near ROYDON COURT,E01023435,Dacorum 005B,Unable to prosecute suspect
bbe327aeaab8592a715507371e26661fca717fddb8be5a126439afb466dcb11a,2018-08,Hertfordshire Constabulary,Hertfordshire Constabulary,-0.351678,51.738826,On or near SAVOY MEWS,E01023744,St Albans 014C,Investigation complete; no suspect identified
a086642c83e00a3104a8a0f36dafd7772498e56909ca96635c28129916b39242,2018-08,Hertfordshire Constabulary,Hertfordshire Constabulary,-0.013650,51.759811,On or near Supermarket,E01023320,Broxbourne 003A,Investigation complete; no suspect identified
88077bdd3d93aa8e5382d09eb0bc01d3d973fe12aacf0338363abdca341c2806,2018-08,Hertfordshire Constabulary,Hertfordshire Constabulary,-0.201081,51.795992,On or near MOATWOOD GREEN,E01023954,Welwyn Hatfield 007A,Unable to prosecute suspect
647523571dd3d43298904e4173876ba4fdb4ee1f8f94a731397222fb0579e9bf,2018-08,Hertfordshire Constabulary,Hertfordshire Constabulary,-0.085124,51.756240,On or near FANSHAWS LANE,E01023481,East Hertfordshire 018D,Unable to prosecute suspect
a01dd02ffc00e8827c8acf0e005243caff82d059f1b420776953f9f9b1ba4638,2018-08,Hertfordshire Constabulary,Hertfordshire Constabulary,-0.357467,51.651406,On or near GREAT GROVE,E01023560,Hertsmere 012C,Unable to prosecute suspect
832bd9bd77aa227ca8305b3c7951dc5a8eef7c31175d1807fc4c5a77486287b7,2018-08,Hertfordshire Constabulary,Hertfordshire Constabulary,-0.668259,51.790720,On or near CHAPEL STREET,E01023423,Dacorum 002A,Investigation complete; no suspect identified
cca52e23c1861900c89e95a406572f8bc17a89fd3088db8563b8ee19a74e26cc,2018-08,Hertfordshire Constabulary,Hertfordshire Constabulary,-0.023787,52.046768,On or near UPPER KING STREET,E01023660,North Hertfordshire 001A,Unable to prosecute suspect
11bc3342f73d851d82bc6a557474897e79ad48425961484c569716a1fc147c54,2018-08,Hertfordshire Constabulary,Hertfordshire Constabulary,-0.461861,51.733432,On or near STATIONERS PLACE,E01033022,Dacorum 018G,Unable to prosecute suspect
18895901e57c2ab02c3992fe154489f0dc3dcd99ab6ad8dfd7078fd65c3d5c71,2018-08,Hertfordshire Constabulary,Hertfordshire Constabulary,-0.399146,51.660722,On or near ALBERT ROAD NORTH,E01023861,Watford 009C,Investigation complete; no suspect identified
82f5d35b5116abc05b03027dbe1b5137a4cfdf7533cfbc14962329ca4133b714,2018-08,Hertfordshire Constabulary,Hertfordshire Constabulary,-0.471232,51.737700,On or near STOREY STREET,E01033023,Dacorum 018H,Offender given penalty notice
78ac610d67083c5c6d0b8aaa2df3361ca67b59e99257d849c5ede91706566ab7,2018-08,Hertfordshire Constabulary,Hertfordshire Constabulary,-0.294400,51.763708,On or near EASTFIELD COURT,E01023735,St Albans 007C,Investigation complete; no suspect identified
5ca2b088a64e37ce3ffc57697725a9dfe1d1276856e41c91cfa201d0f56fda53,2018-08,Hertfordshire Constabulary,Hertfordshire Constabulary,0.169375,51.862300,On or near BOUNDARY CLOSE,E01023442,East Hertfordshire 005E,Investigation complete; no suspect identified
e8b03b7f66de823bde1c1a66e07548d3564ace6a34695d93eac9b2741585c80d,2018-08,Hertfordshire Constabulary,Hertfordshire Constabulary,-0.348211,51.647544,On or near THE BIRCHES,E01023556,Hertsmere 013E,Investigation complete; no suspect identified
ae54cb6145b1b13e1803a538ae631bbb806ea97c7c01ea8b5ab24bacb4fd6bae,2018-08,Hertfordshire Constabulary,Hertfordshire Constabulary,-0.353096,51.796206,On or near COLLENS ROAD,E01023696,St Albans 005B,Investigation complete; no suspect identified
b6f7fe24e8d8913ff1d48ab1b96ef248c815c5c9a9414946c9f815efb711ed3b,2018-08,Hertfordshire Constabulary,Hertfordshire Constabulary,-0.407163,51.684021,On or near LEGGATTS RISE,E01023891,Watford 002B,Investigation complete; no suspect identified
b1b28facdd68d92520a3924342e1bd3f612ca38cfafe02b16050d37b49ee9bf5,2018-08,Hertfordshire Constabulary,Hertfordshire Constabulary,-0.304329,51.641713,On or near SULLIVAN WAY,E01023564,Hertsmere 010B,Investigation complete; no suspect identified
8bdb461a5a8e46dc855c93061e51be935fbf84dc4d83e4eae2947ce3a0c7f9ca,2018-08,Hertfordshire Constabulary,Hertfordshire Constabulary,-0.018978,51.761574,On or near BURNSIDE,E01023323,Broxbourne 003D,Unable to prosecute suspect
6ff0ae7d5ddfd1de97828a5f8e8e12867c8da8805498e077f9fc8f2e974fbdf5,2018-08,Hertfordshire Constabulary,Hertfordshire Constabulary,-0.271766,51.941057,On or near THE MAPLES,E01023606,North Hertfordshire 013A,Unable to prosecute suspect
040b7571c5ba9897289697633f53fe87e1b7550055da114865da9b6afff0dcc4,2018-08,Hertfordshire Constabulary,Hertfordshire Constabulary,-0.352095,51.814904,On or near STATION APPROACH,E01023701,St Albans 003C,Investigation complete; no suspect identified
6dabbc7f7d6be5f2457dcb40c31175567bf30de84d91950d18c789cd80dcfe99,2018-08,Hertfordshire Constabulary,Hertfordshire Constabulary,-0.453613,51.727299,On or near NASH MILLS LANE,E01023407,Dacorum 022B,Unable to prosecute suspect
4e533bdcfd062a931215ddd8317a550e5bb58a6c8cb88535450714243eb05010,2018-08,Hertfordshire Constabulary,Hertfordshire Constabulary,-0.359823,51.819427,On or near Petrol Station,E01023699,St Albans 003A,Investigation complete; no suspect identified
02b8ba98916d3a9d23f89a099165756ce12a77192f002ba20a18be29c943d78a,2018-08,Hertfordshire Constabulary,Hertfordshire Constabulary,-0.184222,51.979690,On or near WOODLAND WAY,E01023593,North Hertfordshire 004G,Unable to prosecute suspect
c1eb15bdfe96e13e58e23d9bf73ef33ff4b7eb49f30736fe6302f2c0527d1248,2018-08,Hertfordshire Constabulary,Hertfordshire Constabulary,-0.186783,51.731227,On or near BELL LANE,E01023908,Welwyn Hatfield 015A,Investigation complete; no suspect identified
f8f4592f1233189da8f54dc9633197dfc521603234650e1ad3cd43173e75c37f,2018-08,Hertfordshire Constabulary,Hertfordshire Constabulary,-0.228835,51.763107,On or near Supermarket,E01023920,Welwyn Hatfield 012A,Suspect charged
5366f418010ebe85774a6d8bb9c25e31532db1973b064406b10a659c96a17076,2018-08,Hertfordshire Constabulary,Hertfordshire Constabulary,-0.389852,51.620247,On or near GLENEAGLES CLOSE,E01023843,Three Rivers 012C,Unable to prosecute suspect
5872c91a92ace7d436e4c1b0c52196b901540c361524bd7976a5cd7d30b70886,2018-08,Hertfordshire Constabulary,Hertfordshire Constabulary,-0.283615,51.667453,On or near BALDOCK WAY,E01023536,Hertsmere 006C,Unable to prosecute suspect
6bc760ea695f704ff2de8721d6451185513af40480555b88d5618eaa3bdb1756,2018-08,Hertfordshire Constabulary,Hertfordshire Constabulary,-0.387369,51.625096,On or near CLITHEROE GARDENS,E01023843,Three Rivers 012C,Investigation complete; no suspect identified
629c1479210a1eb9cfad8c8ebc4a48e484d0ca7f94fdb4c40c3661be11bf9245,2018-08,Hertfordshire Constabulary,Hertfordshire Constabulary,-0.028490,51.706871,On or near LANDMEAD ROAD,E01023298,Broxbourne 010B,Unable to prosecute suspect
883e6a4c10b0fced7fbade1138d4351ff43b30a8d6014af6ef7a295e7295e72d,2018-08,Hertfordshire Constabulary,Hertfordshire Constabulary,-0.283615,51.667453,On or near BALDOCK WAY,E01023536,Hertsmere 006C,Unable to prosecute suspect
7a9408114b3a6de60a28a454369332629dfa5b5fb600e63891b5d0ef92e537f2,2018-08,Hertfordshire Constabulary,Hertfordshire Constabulary,-0.472093,51.758950,On or near Theatre/Concert Hall,E01023399,Dacorum 010C,Unable to prosecute suspect
9c92b54a99952789ba49037d8463ede81c2e4a4052e9ec0332cb0ad2f6f61137,2018-08,Hertfordshire Constabulary,Hertfordshire Constabulary,-0.398430,51.666683,On or near ST ALBANS ROAD,E01023855,Watford 006A,Investigation complete; no suspect identified
786db4159ee8689eb3c3797095e131273b614987a6e97ad6d1285bb73c1ea92e,2018-08,Hertfordshire Constabulary,Hertfordshire Constabulary,-0.393132,51.648437,On or near CANNON ROAD,E01023862,Watford 009D,Investigation complete; no suspect identified
845d8585b7563388a90249b20f64028512a7f0f62f115c91790217914ac4306b,2018-08,Hertfordshire Constabulary,Hertfordshire Constabulary,-0.541368,51.724753,On or near Prison,E01023373,Dacorum 021A,Investigation complete; no suspect identified
11030bf735743a6127abfacb399312acf3d226804baa70d9951d1886f9678a58,2018-08,Hertfordshire Constabulary,Hertfordshire Constabulary,-0.181601,51.693991,On or near Supermarket,E01023580,Hertsmere 001E,Investigation complete; no suspect identified
271189c4347013e3e17e6ec836cf46d3d9b9ddcc2f01d14f22896bf5ced9dd98,2018-08,Hertfordshire Constabulary,Hertfordshire Constabulary,-0.541368,51.724753,On or near Prison,E01023373,Dacorum 021A,Investigation complete; no suspect identified
a8c109a72d6b7e618a5f0d393fb22729a20fef35daf099cdff14d00facfffac1,2018-08,Hertfordshire Constabulary,Hertfordshire Constabulary,-0.414376,51.643178,On or near Sports/Recreation Area,E01023864,Watford 011B,Unable to prosecute suspect
3d9b70b088ba6a9938177aa4936acef3b943f71e66392dfc746799a946c6366d,2018-08,Hertfordshire Constabulary,Hertfordshire Constabulary,-0.210308,51.922524,On or near Pedestrian Subway,E01023800,Stevenage 002E,Suspect charged
20198843e1438cf801c6a42141cb80ff2d14d24bb244781c2bc634263094799e,2018-08,Hertfordshire Constabulary,Hertfordshire Constabulary,-0.030977,51.713918,On or near HIGH STREET,E01023304,Broxbourne 008C,Unable to prosecute suspect
7bac2c34f2822ddf532168f6f8501b329825ea238b3500530fbadc3e43d6fada,2018-08,Hertfordshire Constabulary,Hertfordshire Constabulary,-0.225427,51.687369,On or near BIGNELLS CORNER,E01023584,Hertsmere 004D,Investigation complete; no suspect identified
dd377b140be31cdc7fc88ed2cd1412b9c38bc954bd65fc90dfbe1832d3c0d7fe,2018-08,Hertfordshire Constabulary,Hertfordshire Constabulary,-0.348263,51.756205,On or near Petrol Station,E01023728,St Albans 012C,Investigation complete; no suspect identified
bf0c28f964ca518c2ab0d2cdd90f35cb6b198ae4009c6ce7ccc48cc41682eb4e,2018-08,Hertfordshire Constabulary,Hertfordshire Constabulary,-0.173063,51.804246,On or near NEW WOOD,E01023913,Welwyn Hatfield 004B,Unable to prosecute suspect
d3c2cb8c5702f8f76f70e511f0b9de09b8edbe73aee5c07e64da4a14058f1f8a,2018-08,Hertfordshire Constabulary,Hertfordshire Constabulary,-0.467216,51.747233,On or near BASSIL ROAD,E01023388,Dacorum 019C,Investigation complete; no suspect identified
5ae5eda2d79f471076870d4c6e180ff2dfaa6df385660046766b6a50b540d19a,2018-08,Hertfordshire Constabulary,Hertfordshire Constabulary,-0.170571,51.802742,On or near HILLY FIELDS,E01023951,Welwyn Hatfield 005B,Unable to prosecute suspect
5e4d82cac4489d64bda0250ab4bec7a1cfe51aadc7e731dce7ad91215f717c9c,2018-08,Hertfordshire Constabulary,Hertfordshire Constabulary,-0.012880,51.746328,On or near COURTFIELD CLOSE,E01023291,Broxbourne 004C,Unable to prosecute suspect
dc9500038ea84a0c8016f9132f969a1a0ef0bccd79953fd85530295a6c1d0ffc,2018-08,Hertfordshire Constabulary,Hertfordshire Constabulary,-0.400970,51.659856,On or near Parking Area,E01023861,Watford 009C,Unable to prosecute suspect
c13de8fe37938eddde0289a6bf864e55465e8497e2653087ac95a72db92f865c,2018-08,Hertfordshire Constabulary,Hertfordshire Constabulary,-0.040375,51.710155,On or near Petrol Station,E01023303,Broxbourne 008B,Investigation complete; no suspect identified
27e9961cb490b194379327724ae3adca3ea627da561df12a2598b134568667a4,2018-08,Hertfordshire Constabulary,Hertfordshire Constabulary,-0.437258,51.778319,On or near MILTON COURT,E01023437,Dacorum 005D,Unable to prosecute suspect
9e316c76766a0d3545cba60ad227c9ffd0551079de3412015eac0d7e27e8958d,2018-08,Hertfordshire Constabulary,Hertfordshire Constabulary,-0.266912,51.929584,On or near THE CRESCENT,E01023622,North Hertfordshire 014B,Unable to prosecute suspect
0e8291ffccdfb06ae4601f8f31f15e289ba80e6751f38643560b2e395b84efe4,2018-08,Hertfordshire Constabulary,Hertfordshire Constabulary,-0.660235,51.801194,On or near SILK MILL WAY,E01023418,Dacorum 003A,Unable to prosecute suspect
6e4da54da5275c81e71357fdf05c240053ea001f83c040873958a10e012193db,2018-08,Hertfordshire Constabulary,Hertfordshire Constabulary,-0.500210,51.749556,On or near Supermarket,E01023384,Dacorum 016B,Investigation complete; no suspect identified
b6c72f58f98acb81cfe0394c2a3958e6a2727fdd49af85ca207f9de6823e641a,2018-08,Hertfordshire Constabulary,Hertfordshire Constabulary,-0.239637,51.967952,On or near Sports/Recreation Area,E01023648,North Hertfordshire 008E,Unable to prosecute suspect
2f9a1a563f63a71827a85475c18b36931f40c3212cff0139e55f60bc3059d0f0,2018-08,Hertfordshire Constabulary,Hertfordshire Constabulary,-0.385267,51.690799,On or near Bus/Coach Station,E01023877,Watford 003E,Unable to prosecute suspect
4a0b3dc26cdbc1628ac25ae8726a3cfc771e209dafa28ecdacc7ab6a6d8d6e20,2018-08,Hertfordshire Constabulary,Hertfordshire Constabulary,-0.326579,51.749783,On or near GRIMSTON ROAD,E01023729,St Albans 012D,Investigation complete; no suspect identified
c09ca313b31a97b1da8c9a978c55031e4d767b3432bea0e6d8b8c1c1fc281f13,2018-08,Hertfordshire Constabulary,Hertfordshire Constabulary,-0.453778,51.747075,On or near ST ALBANS HILL,E01023357,Dacorum 020A,Investigation complete; no suspect identified
916a7ddcca60d12b8b080ae4f46a6bd041d6d10966a700bb4a12452c6b544e34,2018-08,Hertfordshire Constabulary,Hertfordshire Constabulary,-0.469906,51.758921,On or near HEATHER WAY,E01023399,Dacorum 010C,Unable to prosecute suspect
58c8c7bb7ac7278bf9809e2ba601aedb95d910b2326fb95411fdf4d2beca112a,2018-08,Hertfordshire Constabulary,Hertfordshire Constabulary,-0.392859,51.654117,On or near Shopping Area,E01023860,Watford 009B,Investigation complete; no suspect identified
209b0de8a3b3289cc2878248fe5622ee4e167d66f55fc94acb4143f66abf4ab1,2018-08,Hertfordshire Constabulary,Hertfordshire Constabulary,-0.474765,51.751467,On or near Parking Area,E01023398,Dacorum 015D,Unable to prosecute suspect
3659c12c3c7d9634c5ca926778ab2e293beeba4f074a0149d48e2ccaa6b89154,2018-08,Hertfordshire Constabulary,Hertfordshire Constabulary,-0.220894,51.777482,On or near OLDINGS CORNER,E01033311,Welwyn Hatfield 010F,Investigation complete; no suspect identified
0aac89e8e85fa32c9e7e19202adacd3d719e54380a15d7aff2dd4dd0a23791dd,2018-08,Hertfordshire Constabulary,Hertfordshire Constabulary,-0.057700,51.699031,On or near WARRENFIELD CLOSE,E01023293,Broxbourne 011A,Investigation complete; no suspect identified
22b6693034fc14ad83a646534f7f2625d0737f3b68e18064f4a5d3b77a7f085e,2018-08,Hertfordshire Constabulary,Hertfordshire Constabulary,-0.226117,51.978917,On or near LEYS AVENUE,E01023644,North Hertfordshire 008A,Unable to prosecute suspect
07f45f8d933e35a407fbf5ce195c15a45c626c2ffffbdfad53f7a60d922eca3a,2018-08,Hertfordshire Constabulary,Hertfordshire Constabulary,0.160876,51.867096,On or near Theatre/Concert Hall,E01023446,East Hertfordshire 007D,Unable to prosecute suspect
cc52410477e0c22c753ef42294f5aada36604c6517c9691b8602d6c2c2e6cc1d,2018-08,Hertfordshire Constabulary,Hertfordshire Constabulary,-0.071448,51.800726,On or near SPENCER STREET,E01023478,East Hertfordshire 017D,Unable to prosecute suspect
f8d503a3fcdbc39e833200c8b8b0078722220beb704dc16f248b81dcd175056b,2018-08,Hertfordshire Constabulary,Hertfordshire Constabulary,-0.303500,51.780736,On or near GILES CLOSE,E01023736,St Albans 007D,Unable to prosecute suspect
0493d8727626ce9425f54c39d3d2dbf7851b4db6e6b6964bd963a965b1c1ce38,2018-08,Hertfordshire Constabulary,Hertfordshire Constabulary,-0.336097,51.754882,On or near ST PETER'S STREET,E01023676,St Albans 011D,Unable to prosecute suspect
8e0c9f66982ae1485c55d2098bcc41861337f85daf38552d2fd2e4dac38b613d,2018-08,Hertfordshire Constabulary,Hertfordshire Constabulary,-0.042805,51.782583,On or near POSTWOOD GREEN,E01023480,East Hertfordshire 018C,Unable to prosecute suspect
a24597421dffed5ce670e2133f82812ce643a16c9fdc98a87a98fbd80362d2b2,2018-08,Hertfordshire Constabulary,Hertfordshire Constabulary,-0.047155,51.798689,On or near THE FINCHES,E01023482,East Hertfordshire 016A,Unable to prosecute suspect
6eacfd720ee62655bf0e4798cb3dd58dd9068e2d282220fc4d790586b6acb406,2018-08,Hertfordshire Constabulary,Hertfordshire Constabulary,-0.283128,51.718170,On or near TYNEDALE,E01023704,St Albans 018A,Unable to prosecute suspect
158a233e3b0b2af161bee8b0de42d3ff93499d26862cdfcac52925b57ca63ed5,2018-08,Hertfordshire Constabulary,Hertfordshire Constabulary,-0.278825,51.947437,On or near Parking Area,E01023616,North Hertfordshire 012F,Investigation complete; no suspect identified
1a9ba205eeabf00a57f4d03c35662a2885f1ba1cc1440b950c79681dd8bdd153,2018-08,Hertfordshire Constabulary,Hertfordshire Constabulary,-0.182406,51.912295,On or near Pedestrian Subway,E01023781,Stevenage 006D,Unable to prosecute suspect
ee5cbb9bb4a17d1623208d9527207ee8a6e16e426ad84e88b4ad2375fd66a058,2018-08,Hertfordshire Constabulary,Hertfordshire Constabulary,-0.394722,51.658683,On or near CROSS STREET,E01023859,Watford 009A,Investigation complete; no suspect identified
ca2ef0b23486886a8c0bbf62a2cefc24d34d244580a65d8abe321984ccfbb49d,2018-08,Hertfordshire Constabulary,Hertfordshire Constabulary,-0.272676,51.667625,On or near CROWN ROAD,E01023537,Hertsmere 006D,Unable to prosecute suspect
bd3e3a065da139caac987787fabb55f016d5b5710087f6084d5c114373085b4f,2018-08,Hertfordshire Constabulary,Hertfordshire Constabulary,-0.504718,51.750800,On or near HONEYCROSS ROAD,E01023383,Dacorum 016A,Unable to prosecute suspect
4cea5c04fa2a3cbf2c8ebc891561868332cee77e9af392635d08ded0c9deb8fc,2018-08,Hertfordshire Constabulary,Hertfordshire Constabulary,-0.416933,51.652340,On or near ARGYLE COURT,E01023867,Watford 011E,Investigation complete; no suspect identified
cccda25ac0139a98ec7e25384de3c5f81e1e8a24e64e866f555a1e149fd1a1b8,2018-08,Hertfordshire Constabulary,Hertfordshire Constabulary,-0.035740,51.812068,On or near MILL CLOSE,E01023517,East Hertfordshire 013E,Unable to prosecute suspect
08a74d66b4b48af460b5f16657adad46444ae57a918a66551d5421d233c16fe8,2018-08,Hertfordshire Constabulary,Hertfordshire Constabulary,-0.218324,51.772444,On or near HILLFIELD,E01033311,Welwyn Hatfield 010F,Investigation complete; no suspect identified
cf883c0756a914a1eb448f5ac9b1fae6f504da368f73daa4362c11d84ad6f209,2018-08,Hertfordshire Constabulary,Hertfordshire Constabulary,-0.403034,51.653374,On or near VICTORIA PASSAGE,E01023901,Watford 010C,Investigation complete; no suspect identified
695dd77c4c53c04ac100bf59dff0aeaa553f1aebddb9959c333efd0d1d25386e,2018-08,Hertfordshire Constabulary,Hertfordshire Constabulary,-0.030124,51.815094,On or near GOLDSTONE CLOSE,E01023519,East Hertfordshire 012E,Unable to prosecute suspect
20aad7674e4c7d0f25bcec97b9ed56967900649bac0071cc2381c45afd478cbf,2018-08,Hertfordshire Constabulary,Hertfordshire Constabulary,0.148683,51.807844,On or near EAST DRIVE,E01023503,East Hertfordshire 011E,Investigation complete; no suspect identified
1d41ef8f74bb88ef7659cb938e7d232b5403c467aa6063f2a16aefcd6a82f77e,2018-08,Hertfordshire Constabulary,Hertfordshire Constabulary,-0.453526,51.753626,On or near SAWYERS WAY,E01023349,Dacorum 015A,Unable to prosecute suspect
180fe43765c9e6d1f1f93a01407e45d37dee12734827d2f6be40920919ad5531,2018-08,Hertfordshire Constabulary,Hertfordshire Constabulary,-0.276702,51.963708,On or near WILLOW TREE WAY,E01023605,North Hertfordshire 010E,Unable to prosecute suspect
4e321074615fe364d7da108cdc12f2a02774737c113b3196034b7e6ec46d185a,2018-08,Hertfordshire Constabulary,Hertfordshire Constabulary,-0.209315,51.909084,On or near Pedestrian Subway,E01023776,Stevenage 002A,Unable to prosecute suspect
a530b3cc8dcd6b4db8ae310e0c86938f73c64fc55fb2b7b67dd6f23bd4a52695,2018-08,Hertfordshire Constabulary,Hertfordshire Constabulary,-0.541368,51.724753,On or near Prison,E01023373,Dacorum 021A,Investigation complete; no suspect identified
a8357c6b53eb9f3034a0687b7e8fd471d094689da786ae388aba4a0fa5c9d4ca,2018-08,Hertfordshire Constabulary,Hertfordshire Constabulary,-0.658299,51.805812,On or near SUTTON CLOSE,E01023419,Dacorum 003B,Unable to prosecute suspect
d6e7d75e00715bd0698c901058c74a14f03a61c98940e1a5e2220fe1d48116d0,2018-08,Hertfordshire Constabulary,Hertfordshire Constabulary,-0.323011,51.762016,On or near LANCASTER ROAD,E01023715,St Albans 010C,Unable to prosecute suspect
a3f708e08f2ba9afa107a63af43c07f2e3253b332ace6e9aa784a3fbb1be2bc6,2018-08,Hertfordshire Constabulary,Hertfordshire Constabulary,-0.541368,51.724753,On or near Prison,E01023373,Dacorum 021A,Investigation complete; no suspect identified
798b4b4d854479ef94e6b30df62eb78b952e2c020e5001a08a9a28e3ee92b1e9,2018-08,Hertfordshire Constabulary,Hertfordshire Constabulary,-0.461861,51.733432,On or near STATIONERS PLACE,E01033022,Dacorum 018G,Unable to prosecute suspect
a2800233a4c953bd9b65208275da3260640e9e468845a0aee41e299a828b14b2,2018-08,Hertfordshire Constabulary,Hertfordshire Constabulary,-0.171405,51.932563,On or near CROMDALE WALK,E01033026,North Hertfordshire 005J,Unable to prosecute suspect
325ad14d90b6bf90beed68cc0a4aa827761b2310701ee73c0fea0006e06c244f,2018-08,Hertfordshire Constabulary,Hertfordshire Constabulary,-0.230474,51.750480,On or near LARK RISE,E01023936,Welwyn Hatfield 013D,Unable to prosecute suspect
c022323dc1e152da6e8870d501d3a00ba8ec9713635d555ef4ddb6c5a44f092c,2018-08,Hertfordshire Constabulary,Hertfordshire Constabulary,-0.213388,51.979714,On or near BOWYER DRIVE,E01023630,North Hertfordshire 006A,Unable to prosecute suspect
1141c8c2b1c6d59d3d2e73542ca98f79bb665e0ad0179ea5b016f56c33235e94,2018-08,Hertfordshire Constabulary,Hertfordshire Constabulary,-0.200491,52.014108,On or near Petrol Station,E01023585,North Hertfordshire 005A,Investigation complete; no suspect identified
ff4bd8a205de04da3b45b4a077b5d605c3a3d22de3f8761d4b75f0282de598d4,2018-08,Hertfordshire Constabulary,Hertfordshire Constabulary,-0.181976,52.024363,On or near ASHWELL ROAD,E01023585,North Hertfordshire 005A,Unable to prosecute suspect
9ea31630583f5a9ce9120053e1920d9f419eb4d57d5a10ffbe139319324c33a9,2018-08,Hertfordshire Constabulary,Hertfordshire Constabulary,0.164912,51.869792,On or near BAKERS COURT,E01023450,East Hertfordshire 004B,Unable to prosecute suspect
a75c218cfeed4ae6e7dc482ed775beda26c4595ef2ecf841654346c66d57182d,2018-08,Hertfordshire Constabulary,Hertfordshire Constabulary,-0.203002,51.904797,On or near Shopping Area,E01023758,Stevenage 008D,Investigation complete; no suspect identified
a73bc1bdd7e3df302edd5b5888c523c5980421feb1d716c0d042630b983ec0c0,2018-08,Hertfordshire Constabulary,Hertfordshire Constabulary,-0.008208,51.760645,On or near Supermarket,E01023320,Broxbourne 003A,Investigation complete; no suspect identified
be50df5f7e37d1e105636da615a294c59f989949c6aef909d01e92261111227a,2018-08,Hertfordshire Constabulary,Hertfordshire Constabulary,-0.008208,51.760645,On or near Supermarket,E01023320,Broxbourne 003A,Investigation complete; no suspect identified
d84ea238d5a80f93414ce75ff0ee0b1bd757b689c45eb2224589f32a8328b77e,2018-08,Hertfordshire Constabulary,Hertfordshire Constabulary,0.164912,51.869792,On or near BAKERS COURT,E01023450,East Hertfordshire 004B,Unable to prosecute suspect
1bb017bf6365160a669af8ceb225eaa6a2fb9cb5eaad7fe0293a6ab9b797d614,2018-08,Hertfordshire Constabulary,Hertfordshire Constabulary,0.153227,51.867830,On or near Sports/Recreation Area,E01023455,East Hertfordshire 003D,Unable to prosecute suspect
17b5cff0dd7b39c5959959f72c7682a0b30c31191d655efad31b6577d4a4fdf5,2018-08,Hertfordshire Constabulary,Hertfordshire Constabulary,-0.364564,51.664669,On or near HARTSWOOD CLOSE,E01023555,Hertsmere 008D,Unable to prosecute suspect
7f6bb9c3923bbe752363687d97733e13225e589eb7ed98f90c9d09bc9e4fb8af,2018-08,Hertfordshire Constabulary,Hertfordshire Constabulary,-0.186185,52.016164,On or near NEWNHAM ROAD,E01023585,North Hertfordshire 005A,Investigation complete; no suspect identified
7a9eecb7eaf34ba9ca9c2440c56b7945c083a20675643e5ec2f742fb75d89c55,2018-08,Hertfordshire Constabulary,Hertfordshire Constabulary,-0.395167,51.644041,On or near THE COPPICE,E01023883,Watford 012B,Unable to prosecute suspect
ad6eb858992d906ded934868080fc5d2dc79dff5db104c7ac6dbe2721d1a1bb4,2018-08,Hertfordshire Constabulary,Hertfordshire Constabulary,-0.503709,51.759860,On or near THE SHRUBBERY,E01023428,Dacorum 011C,Unable to prosecute suspect
26be1f5d043921a517546e05a8adde4e49c5da362f4bc8c85a8ca614f0c46f3d,2018-08,Hertfordshire Constabulary,Hertfordshire Constabulary,-0.036173,51.701569,On or near ALBURY GROVE ROAD,E01023334,Broxbourne 012C,Investigation complete; no suspect identified
2ece59defece66104de82bf6372f75b7482ecbe6e79c59cbfdb51b0d0994dc35,2018-08,Hertfordshire Constabulary,Hertfordshire Constabulary,-0.022317,51.815458,On or near FANHAMS ROAD,E01023519,East Hertfordshire 012E,Investigation complete; no suspect identified
bdf0ddcdca11b341b77675669b2094770be0819c4ca32983d9e5eab959ca947c,2018-08,Hertfordshire Constabulary,Hertfordshire Constabulary,-0.180722,51.799554,On or near HALL BARNS,E01023944,Welwyn Hatfield 008B,Investigation complete; no suspect identified
ac7ad7433f7e3d9b441f7422778ac14fb0fb9ac39693ce4153696edc7d15cd0a,2018-08,Hertfordshire Constabulary,Hertfordshire Constabulary,-0.087780,51.801056,On or near NELSON STREET,E01023474,East Hertfordshire 014E,Unable to prosecute suspect
3c6ea670d97a2acde3a0d95d3ff99a6c9f3269b6eb90ba4ca4f8619e46e19cab,2018-08,Hertfordshire Constabulary,Hertfordshire Constabulary,-0.282629,51.949560,On or near CRABBES CLOSE,E01023616,North Hertfordshire 012F,Suspect charged
832d89f67c911ece116dc4cfd4e468a26685217123a5d266aaecd6fd0ce27b43,2018-08,Hertfordshire Constabulary,Hertfordshire Constabulary,0.096117,51.784495,On or near BURNTMILL LANE,E01023492,East Hertfordshire 009B,Unable to prosecute suspect
6d0ed3a8a0c584bbc2c733684171d98fbf9166c09753eaa5db2243ce4c5ddc22,2018-08,Hertfordshire Constabulary,Hertfordshire Constabulary,-0.022031,52.048213,On or near MELBOURN STREET,E01023660,North Hertfordshire 001A,Investigation complete; no suspect identified
e8810bfd19e4fc23bfeda8573089acee3141435b32d3a5be90f094cddc33ed09,2018-08,Hertfordshire Constabulary,Hertfordshire Constabulary,-0.175413,51.926268,On or near Pedestrian Subway,E01023801,Stevenage 002F,Unable to prosecute suspect
e4df04c2813a41dcc918a7fe417d1d102792000a8957104629228d961c386dd5,2018-08,Hertfordshire Constabulary,Hertfordshire Constabulary,-0.176366,51.882645,On or near BURYDALE,E01023784,Stevenage 011B,Unable to prosecute suspect
136e690c59447f9e3f6b851538eb3c90b7fc00331910b2df419620fff247285e,2018-08,Hertfordshire Constabulary,Hertfordshire Constabulary,-0.204608,51.899535,On or near Police Station,E01023758,Stevenage 008D,Unable to prosecute suspect
2fa7e1b7621f8aa155e717bd08b78079de75f10bdc873c85e9bab7e89aba70d1,2018-08,Hertfordshire Constabulary,Hertfordshire Constabulary,-0.449647,51.772953,On or near DAWLEY COURT,E01023395,Dacorum 007C,Unable to prosecute suspect
d41b10ccc981cd85f373f3cae2d8953c74952423b2341042a86002503766daac,2018-08,Hertfordshire Constabulary,Hertfordshire Constabulary,-0.502302,51.757711,On or near BRIARCLIFF,E01023385,Dacorum 016C,Investigation complete; no suspect identified
5d573bf8569e816d6eb458c97c3b4b11340bf6a01520503dda91ba53da034305,2018-08,Hertfordshire Constabulary,Hertfordshire Constabulary,-0.043279,51.712307,On or near CHADWELL AVENUE,E01023310,Broxbourne 006D,Suspect charged
8cdcd4f855e0b53626979541eacc764cbc39ed01aa108a7a8b42e1434ec16935,2018-08,Hertfordshire Constabulary,Hertfordshire Constabulary,-0.222951,51.917968,On or near Pedestrian Subway,E01023797,Stevenage 005C,Unable to prosecute suspect
da01226c754a78fcc1a7a02eea38ad7da6133c75d0f36017f7c878b00df15c3c,2018-08,Hertfordshire Constabulary,Hertfordshire Constabulary,-0.289763,51.729570,On or near WHITE HORSE LANE,E01023678,St Albans 015B,Unable to prosecute suspect
54aa3fa4a9bd3c89ca5b7e423dc8b4d253aba6d1535f504341747f49487fd35a,2018-08,Hertfordshire Constabulary,Hertfordshire Constabulary,-0.198924,51.788990,On or near GREAT LEY,E01023940,Welwyn Hatfield 009B,Unable to prosecute suspect
02ef0594445bcf194ac0828d6c48a84c74df71b47a25cb37d528f9cd41e58198,2018-08,Hertfordshire Constabulary,Hertfordshire Constabulary,-0.289517,51.815431,On or near WADDLING LANE,E01023747,St Albans 004B,Unable to prosecute suspect
4a9dbf22e9c4b1aa888e5ca858d78bfefdec944f90809adfbe769bd503c07543,2018-08,Hertfordshire Constabulary,Hertfordshire Constabulary,-0.289517,51.815431,On or near WADDLING LANE,E01023747,St Albans 004B,Unable to prosecute suspect
2c08d9816ea606a11eff15a2fe81531e2e5b4078feebe153e768c75ba3d53b5a,2018-08,Hertfordshire Constabulary,Hertfordshire Constabulary,-0.470828,51.753952,On or near Supermarket,E01023398,Dacorum 015D,Unable to prosecute suspect
9797699d4a957541133c8e6d6ab40ba44c2d0d88b61b8809795f2cb37bbc06cb,2018-08,Hertfordshire Constabulary,Hertfordshire Constabulary,-0.069980,51.797402,On or near Parking Area,E01023477,East Hertfordshire 017C,Unable to prosecute suspect
6bda8dd1e1e934935c9882538e943e6f14c7b234927a7a3f33827c31b8f79be7,2018-08,Hertfordshire Constabulary,Hertfordshire Constabulary,-0.188030,51.884902,On or near Parking Area,E01023783,Stevenage 011A,Suspect charged
155b0b3a1202ddba3a4217ff31fb26b4d3f2a9cf6d4bc8c0d6bbcbe1ab0f7595,2018-08,Hertfordshire Constabulary,Hertfordshire Constabulary,-0.206032,51.896976,On or near NORTON ROAD,E01023786,Stevenage 011D,Unable to prosecute suspect
a221092b823959f6362fe50bde03fcc9c897e69f61bd52181777ea175dc5f1fd,2018-08,Hertfordshire Constabulary,Hertfordshire Constabulary,-0.320052,51.752721,On or near ST PAUL'S PLACE,E01023674,St Albans 011B,Unable to prosecute suspect
ccaaabfc84718bf086a0ff4d0c1fd51c6b797d479d79fba163e7afd1aaa2263f,2018-08,Hertfordshire Constabulary,Hertfordshire Constabulary,-0.208473,51.911247,On or near Supermarket,E01023775,Stevenage 006A,Investigation complete; no suspect identified
de6ea2250d38da0d6bb3edf8aa4ed63df6b19507e9045cfd962df9804ea87bb6,2018-08,Hertfordshire Constabulary,Hertfordshire Constabulary,-0.106242,51.804538,On or near THE RIDGEWAY,E01023488,East Hertfordshire 015B,Unable to prosecute suspect
5e26cb0925f17f0caf9a7100f7ce8a803dd4e4dc23cbdd1d7589d8d8615cc1b2,2018-08,Hertfordshire Constabulary,Hertfordshire Constabulary,-0.167693,51.700169,On or near BLUNESFIELD,E01023571,Hertsmere 003A,Unable to prosecute suspect
c69f463461b301473edd2176878c4bde13831a0b82b62c4f260a00f9d69d3aa5,2018-08,Hertfordshire Constabulary,Hertfordshire Constabulary,-0.177273,51.725730,On or near GREAT NORTH ROAD,E01023910,Welwyn Hatfield 015C,Investigation complete; no suspect identified
a400543d42860f3602ba90a67b5d6adaf6c4a9829ecc3f732e6c56aa88eb7ebe,2018-08,Hertfordshire Constabulary,Hertfordshire Constabulary,-0.426895,51.695689,On or near SPUR CLOSE,E01023830,Three Rivers 002B,Unable to prosecute suspect
f80153d84bd38aa471a710850fa251f74b553c12c16aa1972174d0c7346cb539,2018-08,Hertfordshire Constabulary,Hertfordshire Constabulary,-0.193477,51.695901,On or near WYLLYOTTS LANE,E01023579,Hertsmere 001D,Investigation complete; no suspect identified
744c082c2502d49226efe1193fd541bf919b7e7d58b725f9ad692652387fb20a,2018-08,Hertfordshire Constabulary,Hertfordshire Constabulary,-0.505798,51.658728,On or near Sports/Recreation Area,E01023817,Three Rivers 005C,Unable to prosecute suspect
ad10e08df9a182a39b96b9efb74bf17a4322cfdbde2c4e41a0f004795a020c11,2018-08,Hertfordshire Constabulary,Hertfordshire Constabulary,-0.382999,51.653343,On or near LAMBERT COURT,E01023554,Hertsmere 008C,Unable to prosecute suspect
004d8f099fa81bf121a345d00488bc850be1563fb2e9c339620ab3d247da6d2d,2018-08,Hertfordshire Constabulary,Hertfordshire Constabulary,-0.475890,51.710281,On or near LANGLEY ROAD,E01023408,Dacorum 022C,Unable to prosecute suspect
a09c953f5660a66aaef55b9be248e085d1d39ec5a25ebfc98c3bd4c17e7dfc9b,2018-08,Hertfordshire Constabulary,Hertfordshire Constabulary,-0.007179,51.759989,On or near LAMPITS,E01023320,Broxbourne 003A,Unable to prosecute suspect
25489c5500c7fd1534aa8fb9fe0e2cb396f64b7f9602e515c3abae2fa0397a83,2018-08,Hertfordshire Constabulary,Hertfordshire Constabulary,0.013817,51.786995,On or near WOODCROFT AVENUE,E01023504,East Hertfordshire 018E,Unable to prosecute suspect
14971afba3ab0729bbd31c4bc141cc587d5ba0bb80086a348d811fb8e5ba8702,2018-08,Hertfordshire Constabulary,Hertfordshire Constabulary,-0.234993,51.743426,On or near BRADSHAWS,E01023932,Welwyn Hatfield 013A,Investigation complete; no suspect identified
6e31136e6a18af0d0e738ec8183fd356d848d6cdff1d4ea0f733cab10e1193c5,2018-08,Hertfordshire Constabulary,Hertfordshire Constabulary,-0.518946,51.652349,On or near Parking Area,E01023816,Three Rivers 005B,Unable to prosecute suspect
2b5d392cc9e8fe431f23c597493eeb70d3382805e08ef1a19c2c43af438c9b01,2018-08,Hertfordshire Constabulary,Hertfordshire Constabulary,-0.178287,51.796639,On or near BARRINGTON MEWS,E01023944,Welwyn Hatfield 008B,Action to be taken by another organisation
2b5d392cc9e8fe431f23c597493eeb70d3382805e08ef1a19c2c43af438c9b01,2018-08,Hertfordshire Constabulary,Hertfordshire Constabulary,-0.178287,51.796639,On or near BARRINGTON MEWS,E01023944,Welwyn Hatfield 008B,Action to be taken by another organisation
e919e65abbe01f8cd685d933c290f2cedb39e087fe82c7ea6d32b9c6fc7e7e18,2018-08,Hertfordshire Constabulary,Hertfordshire Constabulary,-0.541368,51.724753,On or near Prison,E01023373,Dacorum 021A,Investigation complete; no suspect identified
45d5eb9612e2e2dd55d9ec42ad6b525f14ca0cc503b6122b80d957e373307508,2018-08,Hertfordshire Constabulary,Hertfordshire Constabulary,-0.459527,51.747995,On or near SHERBOURNE CLOSE,E01023387,Dacorum 019B,Investigation complete; no suspect identified
801e6052378d35b0cc09f174befba224f9054ed93da35a909063a443e538bcbd,2018-08,Hertfordshire Constabulary,Hertfordshire Constabulary,-0.028859,51.799858,On or near Sports/Recreation Area,E01023510,East Hertfordshire 013A,Action to be taken by another organisation
d343ccc4a73d30a8770cf7a0299810f616ab8295df95b94ebfeeb0adcc39e1d2,2018-08,Hertfordshire Constabulary,Hertfordshire Constabulary,-0.045364,51.710948,On or near THE GREEN,E01023310,Broxbourne 006D,Unable to prosecute suspect
097c1fa3686f711b7e2840f750876a2855e90faa12a90c5bb99d65a8d9d0c373,2018-08,Hertfordshire Constabulary,Hertfordshire Constabulary,-0.384111,51.646452,On or near Parking Area,E01023884,Watford 012C,Unable to prosecute suspect
47af8052afd31164b40852a8404d6fcaef8126aba76f107060cabc169a708e06,2018-08,Hertfordshire Constabulary,Hertfordshire Constabulary,-0.180722,51.799554,On or near HALL BARNS,E01023944,Welwyn Hatfield 008B,Unable to prosecute suspect
3d3defe5fba88bd69d7a2d23dc62efe4cb94f63d536fd43d46f57101c1f66aac,2018-08,Hertfordshire Constabulary,Hertfordshire Constabulary,-0.215318,51.914993,On or near FAIRVIEW ROAD,E01023795,Stevenage 005A,Unable to prosecute suspect
fb7569a6fa196dda3528e0aa46c04ca5099acc4a5a640deff93fe523887ddd2d,2018-08,Hertfordshire Constabulary,Hertfordshire Constabulary,-0.202859,51.981550,On or near Shopping Area,E01023633,North Hertfordshire 006D,Suspect charged
86b913358ee1b1af88bbec62b66c95aa717fcea70159eb76ea350650aae47001,2018-08,Hertfordshire Constabulary,Hertfordshire Constabulary,-0.425448,51.621854,On or near BOURNE END ROAD,E01023839,Three Rivers 011A,Investigation complete; no suspect identified
f7ca02d44bedf14c012eb6cb7f4ee80a3bc6ba38ecbeaa3b20ae179a806e8c92,2018-08,Hertfordshire Constabulary,Hertfordshire Constabulary,-0.261362,51.647747,On or near BURGHLEY AVENUE,E01023542,Hertsmere 011D,Investigation complete; no suspect identified
83918ac8c023c7cd7be61e31b2c4e9917b72fff787197afa92a8d36223982544,2018-08,Hertfordshire Constabulary,Hertfordshire Constabulary,-0.451727,51.755815,On or near THE QUEEN'S SQUARE,E01023348,Dacorum 013D,Unable to prosecute suspect
c72253d7245c71abb701c2242e1099632db045b34c28da6f7f60baf7ae91c2c7,2018-08,Hertfordshire Constabulary,Hertfordshire Constabulary,-0.235266,51.976555,On or near BROADWATER DALE,E01023645,North Hertfordshire 008B,Unable to prosecute suspect
6a6288a1c243fa982a02a21d9d27fa2ea9d1292361acbd7bb0cfac39f6241d81,2018-08,Hertfordshire Constabulary,Hertfordshire Constabulary,-0.191856,51.885896,On or near HANOVER CLOSE,E01023786,Stevenage 011D,Suspect charged
8d7b70a59c17f4fff10d2f8887df2db134e99d97e23451a915d783e39f07b269,2018-08,Hertfordshire Constabulary,Hertfordshire Constabulary,-0.225583,51.753661,On or near OTTER GARDENS,E01023936,Welwyn Hatfield 013D,Unable to prosecute suspect
f4f6acc27d40800c05d3c97298cb83540d78557fa0019fa628d66f9f0f685080,2018-08,Hertfordshire Constabulary,Hertfordshire Constabulary,-0.073672,51.796527,On or near Pedestrian Subway,E01023478,East Hertfordshire 017D,Investigation complete; no suspect identified
4bda13161e2bf57d1487aff1b3047ce529d58a2c749e0502bcbedeadce98b901,2018-08,Hertfordshire Constabulary,Hertfordshire Constabulary,-0.026096,51.809649,On or near ALBANY MEWS,E01023512,East Hertfordshire 012A,Action to be taken by another organisation
9630ca41ab3aa344df2b04e8b199fb44b495c86855c171711a3df9f108dd85e0,2018-08,Hertfordshire Constabulary,Hertfordshire Constabulary,-0.473578,51.751029,On or near BRIDGE STREET,E01023398,Dacorum 015D,Unable to prosecute suspect
d2f3574a2566d13b7449160ed384fc681542ff1fd632e1dae3b2b90930d4312f,2018-08,Hertfordshire Constabulary,Hertfordshire Constabulary,-0.473578,51.751029,On or near BRIDGE STREET,E01023398,Dacorum 015D,Unable to prosecute suspect
e84d3f611098346a368aac022fb3aa4a277d870207b42527ca8a42a080a2ce09,2018-08,Hertfordshire Constabulary,Hertfordshire Constabulary,-0.183532,51.923660,On or near CANTERBURY WAY,E01023788,Stevenage 001B,Unable to prosecute suspect
b8c505408a97fc53d6d2d62237e5cdfab3f77cbad9f8915150271b6828047711,2018-08,Hertfordshire Constabulary,Hertfordshire Constabulary,-0.190528,51.919308,On or near BADER CLOSE,E01023772,Stevenage 003B,Unable to prosecute suspect
b6b5a0ecea6a49126f437128416ae61d4a73844d6794a22d5beaf53819770d83,2018-08,Hertfordshire Constabulary,Hertfordshire Constabulary,-0.101398,51.800036,On or near FLEMING CRESCENT,E01023487,East Hertfordshire 015A,Investigation complete; no suspect identified
949af8ba1144c730cc31711af22b3ae19743e4d978a61715bdd26c26df3d0470,2018-08,Hertfordshire Constabulary,Hertfordshire Constabulary,-0.227296,51.762068,On or near QUEENSWAY,E01023920,Welwyn Hatfield 012A,Unable to prosecute suspect
53307527f067dc737fe3a6d5d7a7f52c2823f8e001532aa7b33092a0c9697630,2018-08,Hertfordshire Constabulary,Hertfordshire Constabulary,-0.028463,52.055829,On or near PHILLIPS AVENUE,E01023656,North Hertfordshire 002C,Investigation complete; no suspect identified
48946e43635383379a5ff53e8ec51e3c550710eb956106b6f387ed533cefbc4f,2018-08,Hertfordshire Constabulary,Hertfordshire Constabulary,-0.495771,51.662035,On or near OLD SOLESBRIDGE LANE,E01023813,Three Rivers 004B,Investigation complete; no suspect identified
afa0d79b9ff52533c6faae24fe632894da4ab40895dc064ab3e51e109fb78edb,2018-08,Hertfordshire Constabulary,Hertfordshire Constabulary,-0.080219,51.810374,On or near SHEPHERDS COURT,E01023473,East Hertfordshire 014D,Unable to prosecute suspect
7b09f39b46bdedebe6c01bfb556bc1434197ed34c179148f658e0ea159906dd0,2018-08,Hertfordshire Constabulary,Hertfordshire Constabulary,-0.392999,51.662023,On or near ORPHANAGE ROAD,E01023895,Watford 005A,Unable to prosecute suspect
3d86f7250d876d6ee3a1dbf46381dfa436ca8301a0a2fa6eefda00c9ca5afb6f,2018-08,Hertfordshire Constabulary,Hertfordshire Constabulary,0.153227,51.867830,On or near Sports/Recreation Area,E01023455,East Hertfordshire 003D,Unable to prosecute suspect
d053e663da252cf55e6baf3d1d2fee6824a60417efe23cadb8d78ae5bff7ba50,2018-08,Hertfordshire Constabulary,Hertfordshire Constabulary,-0.213046,51.920578,On or near HIGGINS WALK,E01023800,Stevenage 002E,Unable to prosecute suspect
6c268b9218895df7a6121ae64de339a9828b8c56adca38da71a446e13cc001ac,2018-08,Hertfordshire Constabulary,Hertfordshire Constabulary,-0.435251,51.776404,On or near ARAGON CLOSE,E01023437,Dacorum 005D,Investigation complete; no suspect identified
2f3a124363f70ae94ce91274ebe3c985e26edd8a6819e12fd3bf68e558f89221,2018-08,Hertfordshire Constabulary,Hertfordshire Constabulary,-0.404472,51.649051,On or near Hospital,E01023902,Watford 010D,Investigation complete; no suspect identified
d2f7e1f44d262dfeef019bbd3e7b7d6b26817e490b82fa4c88a2d12532c1ef94,2018-08,Hertfordshire Constabulary,Hertfordshire Constabulary,-0.454683,51.733302,On or near PINECROFT,E01023414,Dacorum 020E,Unable to prosecute suspect
75ae507c84ce31cfdbfeec9b5ada80707955d9850d713b8d935eeca3e3eca3e6,2018-08,Hertfordshire Constabulary,Hertfordshire Constabulary,-0.177151,51.692034,On or near ST JOHN'S CLOSE,E01023573,Hertsmere 003C,Unable to prosecute suspect
eff262de56f725e687f4f96b036e76c9e1f41f326de09b452002057175e48847,2018-08,Hertfordshire Constabulary,Hertfordshire Constabulary,-0.044482,51.865132,On or near ROWNEY LANE,E01023495,East Hertfordshire 002C,Investigation complete; no suspect identified
72b9e44d3e67e915d0a57747b28dbc450c1d46852b958555b615f5e7348add69,2018-08,Hertfordshire Constabulary,Hertfordshire Constabulary,-0.431980,51.650689,On or near MAYFARE,E01023825,Three Rivers 006E,Investigation complete; no suspect identified
102868a41cf066ec91c3cdba6e8ffb603e51cc7dbccfbf8fd6d1ce0ee5ee6905,2018-08,Hertfordshire Constabulary,Hertfordshire Constabulary,-0.271229,51.657380,On or near Petrol Station,E01023539,Hertsmere 011A,Unable to prosecute suspect
cc25145174c72158c866c635fa12936316b4420f562488f71cff5ec3d185932c,2018-08,Hertfordshire Constabulary,Hertfordshire Constabulary,-0.049080,51.800132,On or near IRON DRIVE,E01023484,East Hertfordshire 016C,Unable to prosecute suspect
a8c4b4b26262c459f3dbd4ff0ffcd0f863dea45a7d976d659a4d3b1e39475114,2018-08,Hertfordshire Constabulary,Hertfordshire Constabulary,-0.347572,51.757670,On or near ARTISAN CRESCENT,E01023669,St Albans 009A,Unable to prosecute suspect
b10c5ae82b771387a3f0f3eb37e01b2640c1a63cb9ecb327ed2e9627601f259c,2018-08,Hertfordshire Constabulary,Hertfordshire Constabulary,-0.352624,51.651014,On or near GULLAND CLOSE,E01023560,Hertsmere 012C,Unable to prosecute suspect
78b73cdd5a1ef3128e4131dfaeed091b3282d557cfa56e22673c6102cacda59c,2018-08,Hertfordshire Constabulary,Hertfordshire Constabulary,-0.018108,51.815171,On or near QUEENS ROAD,E01023518,East Hertfordshire 012D,Unable to prosecute suspect
47f57d06928a3b232e9e38bbf02f96252e239648f1edaa5773ddcb28523aaf54,2018-08,Hertfordshire Constabulary,Hertfordshire Constabulary,-0.182589,51.985159,On or near SOUTH CLOSE,E01023589,North Hertfordshire 004C,Unable to prosecute suspect
c54224dcba2b2dc59df1910c97408d7820e737aa0d14f586150210e1439e4f15,2018-08,Hertfordshire Constabulary,Hertfordshire Constabulary,-0.009940,51.777274,On or near HAILEY AVENUE,E01023317,Broxbourne 001B,Unable to prosecute suspect
38169ecdae1fcc3db9a9ecd64cf50913c6dcf4727f4a092cb83306c62a5ac2a3,2018-08,Hertfordshire Constabulary,Hertfordshire Constabulary,-0.201562,51.900459,On or near THE QUADRANT,E01023758,Stevenage 008D,Unable to prosecute suspect
69a4704d4c8fa20b7a210aa9aa756af9ff95d828545be15bd1e4eaa508495574,2018-08,Hertfordshire Constabulary,Hertfordshire Constabulary,-0.389951,51.679470,On or near Supermarket,E01023896,Watford 005B,Unable to prosecute suspect
22a21820dbe6f44719e0d4e2cf62902d0ed395b8b99df53b09feca8640625b8f,2018-08,Hertfordshire Constabulary,Hertfordshire Constabulary,-0.399994,51.676056,On or near LONGSPRING,E01023857,Watford 006C,Unable to prosecute suspect
4e59a649056eac42de014536bf18c0b8a35de21f36255ea323f5e5bd469b8a08,2018-08,Hertfordshire Constabulary,Hertfordshire Constabulary,-0.437052,51.774216,On or near HUNTERS OAK,E01023434,Dacorum 005A,Unable to prosecute suspect
6f9b88ac9522deee581c24107ba2bc0df845b3fdc4c38a2b31968ff1369e9f5e,2018-08,Hertfordshire Constabulary,Hertfordshire Constabulary,-0.220894,51.777482,On or near OLDINGS CORNER,E01033311,Welwyn Hatfield 010F,Unable to prosecute suspect
56e7a4f078cd5526c1ee2ca7fc9c51b85048d28b0840f264ff278e279a0a5826,2018-08,Hertfordshire Constabulary,Hertfordshire Constabulary,-0.452065,51.773047,On or near BASILDON SQUARE,E01023393,Dacorum 007A,Unable to prosecute suspect
a7cf71efecc91daefcccf706fcdc3d437cf2ebb7a40bcfd345b75a6055752237,2018-08,Hertfordshire Constabulary,Hertfordshire Constabulary,-0.230362,51.762977,On or near Further/Higher Educational Building,E01023920,Welwyn Hatfield 012A,Investigation complete; no suspect identified
f62d3e4f3c9d3d62dce244e01eb20a6f2b0ab94281bfed9867dfc7387c5ec72e,2018-08,Hertfordshire Constabulary,Hertfordshire Constabulary,-0.192574,51.914718,On or near Pedestrian Subway,E01023782,Stevenage 006E,Unable to prosecute suspect
78b54b497ca75f24abb0a636fbff7c5f327bcb4da2fcf963701a7d2a69ddeb2b,2018-08,Hertfordshire Constabulary,Hertfordshire Constabulary,-0.017302,51.813683,On or near CROMWELL ROAD,E01023513,East Hertfordshire 012B,Unable to prosecute suspect
e196c948a25f2e93695b48d903a751cd03cf26770e669c68f8b00c417c77baf1,2018-08,Hertfordshire Constabulary,Hertfordshire Constabulary,-0.208946,51.912162,On or near BELL LANE,E01023775,Stevenage 006A,Unable to prosecute suspect
297f6dd76cbfb677797119480a62831ac128a100c641b36b64df4324bf936d0e,2018-08,Hertfordshire Constabulary,Hertfordshire Constabulary,-0.395617,51.657490,On or near Pedestrian Subway,E01023859,Watford 009A,Unable to prosecute suspect
b8521380e3166c4ba13b87ecc8b3bb62cb9b96a985e6bdb6c56c1f7a85945ab2,2018-08,Hertfordshire Constabulary,Hertfordshire Constabulary,-0.195190,51.791712,On or near Supermarket,E01023957,Welwyn Hatfield 007D,Investigation complete; no suspect identified
3b9f12446fbae8353f17f8bae8963f48d8956a8e74ae67b529f49399b223f7b5,2018-08,Hertfordshire Constabulary,Hertfordshire Constabulary,-0.026433,51.808585,On or near WICKHAMS WHARF,E01023511,East Hertfordshire 013B,Unable to prosecute suspect
3fd9156a5db2e27b051b6877dd9fb9863e28e1906408921a3348e1920031a396,2018-08,Hertfordshire Constabulary,Hertfordshire Constabulary,-0.560436,51.758033,On or near THREE CLOSE LANE,E01023365,Dacorum 014A,Unable to prosecute suspect
602ace8fdeda63695530e89f8b327cb24f956fcb9412d9bf61016fd8751e0db2,2018-08,Hertfordshire Constabulary,Hertfordshire Constabulary,-0.469072,51.738166,On or near FOURDRINIER WAY,E01033023,Dacorum 018H,Unable to prosecute suspect
022c2ea1d1ae29d258e7fe435cc62d73b95633acadd80b690e32db638c28fe28,2018-08,Hertfordshire Constabulary,Hertfordshire Constabulary,-0.233674,51.748289,On or near HIGH VIEW,E01023937,Welwyn Hatfield 013E,Investigation complete; no suspect identified
238dd743e320e7b661962757f630e7c74486aaf3c36276fbea5c5ff5b1076232,2018-08,Hertfordshire Constabulary,Hertfordshire Constabulary,-0.231952,51.744145,On or near GARDEN AVENUE,E01023932,Welwyn Hatfield 013A,Unable to prosecute suspect
4a39e22b4886685171f217991b41a915fe47ae5041ff181cc0e8d0cb259f84a1,2018-08,Hertfordshire Constabulary,Hertfordshire Constabulary,-0.018725,51.946170,On or near MARKET HILL,E01023466,East Hertfordshire 001D,Investigation complete; no suspect identified
88d1d0fa6d5fff397503203432b63b7cceb400d0d093c3e0946d8152747f3fff,2018-08,Hertfordshire Constabulary,Hertfordshire Constabulary,-0.162720,51.919399,On or near GORDIAN WAY,E01023768,Stevenage 004B,Unable to prosecute suspect
5aed5369c36243bb17438336ea9d1215f2c36b0b82ffc2c1f0f6dd3cc04e65c7,2018-08,Hertfordshire Constabulary,Hertfordshire Constabulary,-0.407817,51.669922,On or near Further/Higher Educational Building,E01023879,Watford 007B,Unable to prosecute suspect
1cc832a7737bfeaef2e01ef4f61361adc4027ed8441241ea4a0ed91248c50e9a,2018-08,Hertfordshire Constabulary,Hertfordshire Constabulary,-0.226155,51.749048,On or near KINGSMILL COURT,E01023936,Welwyn Hatfield 013D,Unable to prosecute suspect
61667bd7f2d29ce672247307720eb20995e0d4583441b03f59071ecdf6d105fa,2018-08,Hertfordshire Constabulary,Hertfordshire Constabulary,-0.028225,51.704960,On or near CLIFTON CLOSE,E01023298,Broxbourne 010B,Unable to prosecute suspect
32ebf78fd9a6ab8837510c0d288e34373db0427e8f17aa658fb24b71c75c0eb2,2018-08,Hertfordshire Constabulary,Hertfordshire Constabulary,-0.430488,51.702670,On or near KINDERSLEY WAY,E01023803,Three Rivers 001B,Unable to prosecute suspect
d9dbfbeac614c041805286dafb9c3ffac577d6d137bc9cabd678f983b47799d5,2018-08,Hertfordshire Constabulary,Hertfordshire Constabulary,-0.487396,51.764093,On or near HILLDOWN ROAD,E01023390,Dacorum 010A,Unable to prosecute suspect
94850e6b4b4b5926f4e8940e442d0ff480abe57f8c8642b7060cb171b9483883,2018-08,Hertfordshire Constabulary,Hertfordshire Constabulary,-0.193334,51.798598,On or near LYNMOUTH ROAD,E01023958,Welwyn Hatfield 007E,Unable to prosecute suspect
34041f28463d0398d488c7201fb48c39a54f1a6c90a469676e5bb98642a21816,2018-08,Hertfordshire Constabulary,Hertfordshire Constabulary,-0.232602,51.767210,On or near JASMINE GARDENS,E01023921,Welwyn Hatfield 012B,Unable to prosecute suspect
2d924e160f0567aedf818ed122a8b66ce3d69c32ef00e8542eac65f43dbc6ad6,2018-08,Hertfordshire Constabulary,Hertfordshire Constabulary,-0.236296,51.749407,On or near HAWTHORNES,E01023937,Welwyn Hatfield 013E,Investigation complete; no suspect identified
7116be0f91c70c9c8f0d4b57bf98b92c15fc2cc591e5d99b0dcc2d2618c514af,2018-08,Hertfordshire Constabulary,Hertfordshire Constabulary,-0.226235,51.745875,On or near SANDIFIELD,E01023933,Welwyn Hatfield 014A,Unable to prosecute suspect
e22afa7036ab88068fbefbb6594869c3a66753f9d11a28a0c4e854d3de95bba0,2018-08,Hertfordshire Constabulary,Hertfordshire Constabulary,-0.660235,51.801194,On or near SILK MILL WAY,E01023418,Dacorum 003A,Unable to prosecute suspect
b2fffe626b73ee8a3c1c3a1a2467e3c2e5ba9b7e6633c23f2cee460bbc5055c9,2018-08,Hertfordshire Constabulary,Hertfordshire Constabulary,-0.210173,51.924068,On or near PIRTON CLOSE,E01023800,Stevenage 002E,Unable to prosecute suspect
c7d878beef2a154f45c25ce8f26212ab03a2d9dd80fd8d711e626ef2a5e8c4f9,2018-08,Hertfordshire Constabulary,Hertfordshire Constabulary,0.161493,51.871194,On or near A1250,E01023450,East Hertfordshire 004B,Unable to prosecute suspect
4440f4e8bf4512d06e4271df93143aa2aa28ed39ac34d126587bfcb410264bae,2018-08,Hertfordshire Constabulary,Hertfordshire Constabulary,-0.220648,51.994192,On or near MAYCROFT,E01023636,North Hertfordshire 003B,Unable to prosecute suspect
faeb46c1d252a8e294d72a1a5e29a4b9254da66b4e59b52d8ebdb51f9711b477,2018-08,Hertfordshire Constabulary,Hertfordshire Constabulary,-0.012338,51.762298,On or near PAULS LANE,E01023323,Broxbourne 003D,Investigation complete; no suspect identified
bf8442e0a3c463a3174298138f65af31b4430967820fff04231e18e78fd2046f,2018-08,Hertfordshire Constabulary,Hertfordshire Constabulary,-0.394857,51.655268,On or near Shopping Area,E01023860,Watford 009B,Investigation complete; no suspect identified
dcf0c5dccd71c88890abad4a1a3a563906ba6e057cad7c231be4b6aa98049d06,2018-08,Hertfordshire Constabulary,Hertfordshire Constabulary,-0.463449,51.757911,On or near DOWNSIDE,E01023401,Dacorum 008A,Investigation complete; no suspect identified
79520808c5fa0ef9f6c41e1444bc73a5c70da0b17bdfc374c7e7af898e0d29f4,2018-08,Hertfordshire Constabulary,Hertfordshire Constabulary,-0.269874,51.666019,On or near BRACKEN CLOSE,E01023537,Hertsmere 006D,Unable to prosecute suspect
35700e78ef13846d4f300f36f476b7ed2c0fce0bf71a83346476b4212a90ebc9,2018-08,Hertfordshire Constabulary,Hertfordshire Constabulary,-0.286082,51.960509,On or near BEDFORD ROAD,E01023603,North Hertfordshire 010C,Investigation complete; no suspect identified
74317a3c84d45c879119a823a8aad26216875a0a0c13324735d2a705ce9dcd47,2018-08,Hertfordshire Constabulary,Hertfordshire Constabulary,-0.394857,51.655268,On or near Shopping Area,E01023860,Watford 009B,Unable to prosecute suspect
92282c7237a14b5e1a3d03c9e5237d1845a3a4f587bfb534e982b3802689006b,2018-08,Hertfordshire Constabulary,Hertfordshire Constabulary,-0.234349,51.982484,On or near ROWAN CRESCENT,E01023649,North Hertfordshire 007A,Investigation complete; no suspect identified
bb26734e2c5fa71a75f28352d55aa41f4c3e3ccb683483520349fe2cdbe296b7,2018-08,Hertfordshire Constabulary,Hertfordshire Constabulary,-0.394437,51.656108,On or near Parking Area,E01023860,Watford 009B,Investigation complete; no suspect identified
0adf86aef494bb03680c0fd6bb020a6244b64b39b32b9df6f2533777056e9cfd,2018-08,Hertfordshire Constabulary,Hertfordshire Constabulary,-0.229640,51.749928,On or near EAGLE WAY,E01023937,Welwyn Hatfield 013E,Investigation complete; no suspect identified
f09b1f4c3fa920c87c40243cc653ac0aad401b451a7735a773c40ae7134b8f7d,2018-08,Hertfordshire Constabulary,Hertfordshire Constabulary,-0.470828,51.753952,On or near Supermarket,E01023398,Dacorum 015D,Investigation complete; no suspect identified
20edf2ad66f286764fcc6b9536b69baa7d2c396fa28bfcf9cb6e970a20574120,2018-08,Hertfordshire Constabulary,Hertfordshire Constabulary,-0.415294,51.681514,On or near COMYNE ROAD,E01023868,Watford 004A,Unable to prosecute suspect
d9fad38282405e2c30efe73bfb2aed3418badc4c850c4bca839c5b56a0772df9,2018-08,Hertfordshire Constabulary,Hertfordshire Constabulary,-0.178287,51.796639,On or near BARRINGTON MEWS,E01023944,Welwyn Hatfield 008B,Unable to prosecute suspect
f6cb3c7f654d5015a417c93d18bf8f771409dbdf065b0b4f58bec71948e03869,2018-08,Hertfordshire Constabulary,Hertfordshire Constabulary,-0.403871,51.692087,On or near SHERIFF WAY,E01023906,Watford 001C,Unable to prosecute suspect
1744a426f3fce8f93263c7b397caefbeaf0be373eb87ca2a58644d3e7c61be31,2018-08,Hertfordshire Constabulary,Hertfordshire Constabulary,-0.398819,51.653587,On or near ST MARY'S ROAD,E01023862,Watford 009D,Investigation complete; no suspect identified
3d2d6081074775b46a06fac541037075eb7a61b047a99fa8c1bfbac6de6224b9,2018-08,Hertfordshire Constabulary,Hertfordshire Constabulary,-0.207598,51.911324,On or near BAKER STREET,E01023777,Stevenage 002B,Unable to prosecute suspect
94c8b3c4568fabfa286f2c21c16884b38f0a498920ad88b13fcde53b425b291d,2018-08,Hertfordshire Constabulary,Hertfordshire Constabulary,-0.192641,51.981078,On or near ST MARY'S WAY,E01023592,North Hertfordshire 004F,Unable to prosecute suspect
ced9ccc2350c88c7d3c68066024cdfce39d247e3af0f72b031fe271c62c02e35,2018-08,Hertfordshire Constabulary,Hertfordshire Constabulary,-0.494867,51.745990,On or near CANGELS CLOSE,E01023379,Dacorum 018C,Unable to prosecute suspect
34228e9f7e9731d75ae094852117f8223f7ba92a15ac3aa1a428859015ef9eb4,2018-08,Hertfordshire Constabulary,Hertfordshire Constabulary,-0.302639,51.641688,On or near BEETHOVEN ROAD,E01023564,Hertsmere 010B,Unable to prosecute suspect
f2ca5c4ab05b8c7b7a47ab307a74e073b4fb4d46d5cb4ef76e7280b6e2882ab7,2018-08,Hertfordshire Constabulary,Hertfordshire Constabulary,-0.465842,51.760433,On or near CLARENDON CLOSE,E01023401,Dacorum 008A,Unable to prosecute suspect
28d3e57a51d0ced97866d02f519f22fa7075ec8d66d116050bafd1ea48c90b5d,2018-08,Hertfordshire Constabulary,Hertfordshire Constabulary,-0.432920,51.777173,On or near BAYFORD CLOSE,E01023437,Dacorum 005D,Unable to prosecute suspect
c897e33f3a0a72f6bf85ccc148e79e271cd4a68b0f1ff550d972c0b4499ca8cb,2018-08,Hertfordshire Constabulary,Hertfordshire Constabulary,-0.489941,51.648652,On or near GREENHILLS CLOSE,E01023813,Three Rivers 004B,Unable to prosecute suspect
92c17a47da1b7a5709eb8933654a7d9d88c5e396b2231131334c7581bf866d93,2018-08,Hertfordshire Constabulary,Hertfordshire Constabulary,-0.297257,51.719734,On or near CHICKEN LANE,E01023708,St Albans 018E,Unable to prosecute suspect
e7008f494858b030ddf34534099ba2727e2323faa8b41a5a36540150ab15bd7b,2018-08,Hertfordshire Constabulary,Hertfordshire Constabulary,-0.466567,51.755695,On or near ADEYFIELD ROAD,E01023400,Dacorum 015E,Unable to prosecute suspect
89d0737f904424b431edb9df247ea6b214bc2a5579172f4d96a6e947d7dddec7,2018-08,Hertfordshire Constabulary,Hertfordshire Constabulary,-0.209513,51.914716,On or near BOWLING GREEN,E01023776,Stevenage 002A,Unable to prosecute suspect
278f060a06d7e538910df14f37a347e537d66ecd24767d4ce6c80c24bcaf60fe,2018-08,Hertfordshire Constabulary,Hertfordshire Constabulary,-0.462445,51.837762,On or near HIGH STREET,E01023432,Dacorum 001C,Investigation complete; no suspect identified
20ed30ce1e6357e39238b3ae2a6fe3c957711bc2a11348aa66749b8b4f8abd14,2018-08,Hertfordshire Constabulary,Hertfordshire Constabulary,-0.462286,51.838174,On or near FULLERTON CLOSE,E01023432,Dacorum 001C,Investigation complete; no suspect identified
4eaf90ed67f41919e44a115087ebc42b0603968bf3b5713fb90d671018c3c5a7,2018-08,Hertfordshire Constabulary,Hertfordshire Constabulary,-0.336097,51.754882,On or near ST PETER'S STREET,E01023676,St Albans 011D,Unable to prosecute suspect
c0d384fdfdd3e816084975984bb3f07d2b4543de7587f40fae156b1ae21ba0e4,2018-08,Hertfordshire Constabulary,Hertfordshire Constabulary,-0.400970,51.659856,On or near Parking Area,E01023861,Watford 009C,Unable to prosecute suspect
f727fe3a6cc7a4a664dc6860ab9ded992e5d051d9dc5e6a02051897728e7d25c,2018-08,Hertfordshire Constabulary,Hertfordshire Constabulary,-0.219417,51.913931,On or near Pedestrian Subway,E01023796,Stevenage 005B,Unable to prosecute suspect
1387d3528140b888cce28d96b7723db864ef22563074d21f83a2547156669349,2018-08,Hertfordshire Constabulary,Hertfordshire Constabulary,-0.181048,51.690476,On or near ASHWOOD ROAD,E01023573,Hertsmere 003C,Unable to prosecute suspect
2a2924cb5a21126a8ed84b83a2385af4b9466cf46a031cc542118341e1c23844,2018-08,Hertfordshire Constabulary,Hertfordshire Constabulary,-0.169757,51.916226,On or near CHEPSTOW CLOSE,E01023771,Stevenage 003A,Unable to prosecute suspect
6a60413b1e5ca20dde372e6cd621d39521e9643a3bac409c236c63de9a395c9f,2018-08,Hertfordshire Constabulary,Hertfordshire Constabulary,-0.200491,52.014108,On or near Petrol Station,E01023585,North Hertfordshire 005A,Investigation complete; no suspect identified
9b827ac3e03e40ed377d81a6bd536a955dace5f1c0c502eb34ac7bc1f1c84f56,2018-08,Hertfordshire Constabulary,Hertfordshire Constabulary,-0.379901,51.638445,On or near ELM AVENUE,E01023882,Watford 012A,Unable to prosecute suspect
2de389ac9d218a1bb886f5abbd08e4baa213832194f3033ac6d0333a86a8b592,2018-08,Hertfordshire Constabulary,Hertfordshire Constabulary,-0.112713,51.708228,On or near MAYNARD PLACE,E01023947,Welwyn Hatfield 016A,Investigation complete; no suspect identified
9eb5be74c3c04a5c85b43cae8f5324a20a30d5cb1e80014490ed3b3e40317341,2018-08,Hertfordshire Constabulary,Hertfordshire Constabulary,-0.176366,51.882645,On or near BURYDALE,E01023784,Stevenage 011B,Unable to prosecute suspect
f2a9f9cd554afbe6c9474ca0824bce0122eef3d4aac1d5f5c3a096b035655bcc,2018-08,Hertfordshire Constabulary,Hertfordshire Constabulary,0.107054,51.884709,On or near BAUD CLOSE,E01023493,East Hertfordshire 003F,Unable to prosecute suspect
673b735aa987b27fc294833f546bd788f9e1a25dc85df218952919f590e8d323,2018-08,Hertfordshire Constabulary,Hertfordshire Constabulary,-0.574487,51.765037,On or near BIRTCHNELL CLOSE,E01023370,Dacorum 012B,Investigation complete; no suspect identified
982b92c5fb69df554e864ff337f2cadc4a39612e0b1c6bb983c1691026fc9c0d,2018-08,Hertfordshire Constabulary,Hertfordshire Constabulary,-0.197102,51.914571,On or near ELLIS AVENUE,E01023778,Stevenage 002C,Unable to prosecute suspect
f07e54a835f136a7eb5009e0513ce94ec6d3971b4747c5acbbc340e4157b0722,2018-08,Hertfordshire Constabulary,Hertfordshire Constabulary,-0.197733,51.785033,On or near WALNUT GROVE,E01023942,Welwyn Hatfield 009D,Unable to prosecute suspect
9b07b87743ef4167eb9e11767ad9ab87d53e042a72b88b0d570361bca365c5cc,2018-08,Hertfordshire Constabulary,Hertfordshire Constabulary,-0.197733,51.785033,On or near WALNUT GROVE,E01023942,Welwyn Hatfield 009D,Unable to prosecute suspect
8262ba75e6b8d1e2c7eef2d2e58a04bc61a14f802a82467a8b2a7e329595ad37,2018-08,Hertfordshire Constabulary,Hertfordshire Constabulary,-0.310747,51.736132,On or near WHITECROFT,E01023684,St Albans 016D,Investigation complete; no suspect identified
e7d6c1019d0853a2c81fddace1deb27d23fad9efbee5b1c0b5e259220ee3d6a4,2018-08,Hertfordshire Constabulary,Hertfordshire Constabulary,-0.428074,51.697584,On or near HIGH ACRES,E01023829,Three Rivers 002A,Unable to prosecute suspect
23f186f5fca2e037c6d373142cc586e63a6539913d18add37f9b28cf1144d2a4,2018-08,Hertfordshire Constabulary,Hertfordshire Constabulary,-0.198345,51.796957,On or near REGENT CLOSE,E01023954,Welwyn Hatfield 007A,Unable to prosecute suspect
776612db6faac42534a48314e4c76961a7198b4a561793f2b6118400f834fcb1,2018-08,Hertfordshire Constabulary,Hertfordshire Constabulary,-0.425419,51.644801,On or near GREENHILL CRESCENT,E01023866,Watford 011D,Unable to prosecute suspect
533979f788617bf58529c3329f51718c0d4d8d3c834557246cb315e784e0807a,2018-08,Hertfordshire Constabulary,Hertfordshire Constabulary,-0.451459,51.774226,On or near WAVENEY,E01023393,Dacorum 007A,Unable to prosecute suspect
60e37f9382b90093790eb31789fb394ec7d36560d349675a5ff3646baec85d73,2018-08,Hertfordshire Constabulary,Hertfordshire Constabulary,-0.227991,51.989717,On or near GRANGE ROAD,E01023638,North Hertfordshire 003D,Unable to prosecute suspect
ea967f8941fb790893a8119c4a12e1130baf7d49e8aebdcc636c364ed8951dd6,2018-08,Hertfordshire Constabulary,Hertfordshire Constabulary,-0.286632,51.717772,On or near ALSOP CLOSE,E01023704,St Albans 018A,Investigation complete; no suspect identified
57d0463f851cf1448ec3b4e4c634661a45d4e9f3df249ad96e769c6135ccbbd1,2018-08,Hertfordshire Constabulary,Hertfordshire Constabulary,-0.387389,51.655507,On or near WATERFIELDS WAY,E01023860,Watford 009B,Investigation complete; no suspect identified
93bdb7af71a70784fd44005bd17ddca4e40b0ebdbac02a72bccdee38252cd8cb,2018-08,Hertfordshire Constabulary,Hertfordshire Constabulary,-0.459527,51.747995,On or near SHERBOURNE CLOSE,E01023387,Dacorum 019B,Investigation complete; no suspect identified
91128db998c2b318753ddfed1167792544e90d2ea78fa9c6828f67b31acd3dae,2018-08,Hertfordshire Constabulary,Hertfordshire Constabulary,-0.470828,51.753952,On or near Supermarket,E01023398,Dacorum 015D,Investigation complete; no suspect identified
4101091a37d9feba46d920cc38adfb8e49a1bf8ab870fbf513f57eaef107cb9b,2018-08,Hertfordshire Constabulary,Hertfordshire Constabulary,-0.398009,51.656903,On or near Shopping Area,E01023861,Watford 009C,Unable to prosecute suspect
beb7eef0470e45e7ce7a395617502aadf6a3eba4f6dcc68b4e3b09397d68b602,2018-08,Hertfordshire Constabulary,Hertfordshire Constabulary,-0.459527,51.747995,On or near SHERBOURNE CLOSE,E01023387,Dacorum 019B,Investigation complete; no suspect identified
ab60185cbc2302eb11554d8d996625594a4d2129d720aee72d0b883721a19ff9,2018-08,Hertfordshire Constabulary,Hertfordshire Constabulary,-0.167277,51.922482,On or near BIRDWING WALK,E01023789,Stevenage 001C,Unable to prosecute suspect
05a11595150386b7bb0f21379d17f22d5ff3b6c81a3d27e6ecaf46e0536fe840,2018-08,Hertfordshire Constabulary,Hertfordshire Constabulary,-0.026715,51.878495,On or near BEGGARMAN'S LANE,E01023495,East Hertfordshire 002C,Unable to prosecute suspect
fda138e42e6c555a6fd0b4fbe34152fa2e1d1e2ac5d12ada976d53ffc3dad642,2018-08,Hertfordshire Constabulary,Hertfordshire Constabulary,-0.465562,51.834908,On or near PARKFIELD,E01023433,Dacorum 001D,Unable to prosecute suspect
893c6f1c3cce31a6cf41c1a8469309c5ac312074b508ef57228a960b0ba74e71,2018-08,Hertfordshire Constabulary,Hertfordshire Constabulary,-0.026715,51.878495,On or near BEGGARMAN'S LANE,E01023495,East Hertfordshire 002C,Unable to prosecute suspect
8609c1ad1ab63fb8d2b8991a3fc218801179c700f8f4b9db155b967b006de724,2018-08,Hertfordshire Constabulary,Hertfordshire Constabulary,-0.389157,51.629266,On or near BIRKDALE GARDENS,E01023828,Three Rivers 008B,Unable to prosecute suspect
19354845c62bd47b1d5091ab7bffe7e7c4f592e914a47a6702b915423a5433f7,2018-08,Hertfordshire Constabulary,Hertfordshire Constabulary,-0.281319,51.952985,On or near Park/Open Space,E01023616,North Hertfordshire 012F,Investigation complete; no suspect identified
f4d6118db65bed2c96604a04c6fb9e3aa8312a46a63715a5b07481ac020c919b,2018-08,Hertfordshire Constabulary,Hertfordshire Constabulary,-0.238284,51.762350,On or near COMET ROAD,E01023921,Welwyn Hatfield 012B,Unable to prosecute suspect
dcee033ed2089fd72e9e30a66a2392e6eacf24574dc2e78f9215d687d38ba3b8,2018-08,Hertfordshire Constabulary,Hertfordshire Constabulary,-0.659564,51.799856,On or near Supermarket,E01023418,Dacorum 003A,Investigation complete; no suspect identified
c1f97b2ffd54d8c39dea79c1b18f0f2bc740040aec0e84377d4621c879e02ea9,2018-08,Hertfordshire Constabulary,Hertfordshire Constabulary,-0.470828,51.753952,On or near Supermarket,E01023398,Dacorum 015D,Investigation complete; no suspect identified
1b7bbe810de08cb6bc686ad7d8a8ab22a8ad6dcad30051dc4cd4d677135effbf,2018-08,Hertfordshire Constabulary,Hertfordshire Constabulary,-0.392859,51.654117,On or near Shopping Area,E01023860,Watford 009B,Investigation complete; no suspect identified
7d47cd790fc061fef99847381c42f775fad65897eabc9c9130be744f268de6e4,2018-08,Hertfordshire Constabulary,Hertfordshire Constabulary,-0.040306,51.706404,On or near OXFORD CLOSE,E01023301,Broxbourne 010E,Investigation complete; no suspect identified
cc69d0539c535d38d4b16c5ae6d91794abf40dbe168165594c6e207602962cad,2018-08,Hertfordshire Constabulary,Hertfordshire Constabulary,-0.494988,51.765467,On or near CHASDEN ROAD,E01023392,Dacorum 011A,Unable to prosecute suspect
04bbce4193d18890ab2b13753ed41d9977958920348155f91db7e1ddeebd25a9,2018-08,Hertfordshire Constabulary,Hertfordshire Constabulary,-0.661663,51.793595,On or near HIGH STREET,E01023420,Dacorum 003C,Investigation complete; no suspect identified
1a59c8a5857e6ecd3d1887402a8dad515d163b20cbe319ad8aa3e3bf01c4a4eb,2018-08,Hertfordshire Constabulary,Hertfordshire Constabulary,-0.392278,51.654612,On or near Shopping Area,E01023860,Watford 009B,Investigation complete; no suspect identified
1e59e2a39936799f2b5e84982d9cce2776614a7238810f421380f4618e216a2e,2018-08,Hertfordshire Constabulary,Hertfordshire Constabulary,-0.198232,51.910668,On or near GREENFIELD ROAD,E01023778,Stevenage 002C,Unable to prosecute suspect
bda888ba694d6013a1216bd3ac34ce748a67b55b53fbad52663190d6fc9f1d95,2018-08,Hertfordshire Constabulary,Hertfordshire Constabulary,-0.027930,51.701754,On or near GIRTON COURT,E01023299,Broxbourne 010C,Unable to prosecute suspect
e800b937effeaa5bcf75a83e0654a40a931123ee6769e538d569e01af53f7bb2,2018-08,Hertfordshire Constabulary,Hertfordshire Constabulary,-0.179316,51.918236,On or near Supermarket,E01023774,Stevenage 003D,Unable to prosecute suspect
4984b9248c67111a4f50b516c25570cb1cdd41bc722e8c84273eee7d54450755,2018-08,Hertfordshire Constabulary,Hertfordshire Constabulary,-0.354621,51.650152,On or near LEA CLOSE,E01023560,Hertsmere 012C,Unable to prosecute suspect
6dfecc9ced45a331b5967b0684fd6922d8dfdf80bdc0159b06429e35cc36d29d,2018-08,Hertfordshire Constabulary,Hertfordshire Constabulary,-0.240668,51.773724,On or near CORNFLOWER WAY,E01033310,Welwyn Hatfield 002E,Unable to prosecute suspect
482833dcc8c1582b3acceec16a13f04c3806d1770a5fedafdeb3909c2765f7ba,2018-08,Hertfordshire Constabulary,Hertfordshire Constabulary,-0.424142,51.654136,On or near SHERATON MEWS,E01023886,Watford 008A,Investigation complete; no suspect identified
705bbbaec7919ed69d8a3c47e9118b86a1c687aebf0d6afb02adfa042f3bfa58,2018-08,Hertfordshire Constabulary,Hertfordshire Constabulary,-0.281231,51.668164,On or near NORTHGATE PATH,E01023536,Hertsmere 006C,Investigation complete; no suspect identified
778a873249c49a33708cd6cc1316bd0f2af1ad293257573e765dd1ac6f97c18d,2018-08,Hertfordshire Constabulary,Hertfordshire Constabulary,-0.461828,51.761693,On or near THUMPERS,E01023405,Dacorum 008E,Investigation complete; no suspect identified
25c12f50b1c2e2e53d0773dc79c582b5d1f1afb38e9d4dc7b4f8dc4b9e3b2d0d,2018-08,Hertfordshire Constabulary,Hertfordshire Constabulary,-0.517038,51.653655,On or near STATION APPROACH,E01023817,Three Rivers 005C,Offender given a caution
32ee62234c1a745253d625cde0bd8bf6d44f1879af3b30fadda5721a5812d9c7,2018-08,Hertfordshire Constabulary,Hertfordshire Constabulary,-0.170719,51.929046,On or near WHITEHORSE LANE,E01033027,North Hertfordshire 005K,Investigation complete; no suspect identified
4722bc29e5eac3b26ba3357bcb6252f9a53fca3610f4888751f07d40d4237089,2018-08,Hertfordshire Constabulary,Hertfordshire Constabulary,-0.187102,51.980508,On or near MONS AVENUE,E01023593,North Hertfordshire 004G,Unable to prosecute suspect
f551390ddce8d1f24dc81c1a407526dd35d1768afb9072e000f7196a2e6a415e,2018-08,Hertfordshire Constabulary,Hertfordshire Constabulary,-0.184785,51.916396,On or near VARDON ROAD,E01023781,Stevenage 006D,Unable to prosecute suspect
b487e2b896e79861f3815acae80e5019165b292292d72da849b645c8125a80a7,2018-08,Hertfordshire Constabulary,Hertfordshire Constabulary,-0.026882,51.722185,On or near ROCHFORD CLOSE,E01023342,Broxbourne 005C,Unable to prosecute suspect
346241a8336fc2c2f2ea8f020f84a248465d9d4b0be5713dfe2f59eb17270669,2018-08,Hertfordshire Constabulary,Hertfordshire Constabulary,-0.261189,51.651135,On or near ARUNDEL DRIVE,E01023542,Hertsmere 011D,Unable to prosecute suspect
34c998f34d7fa43812334a0421b5b2f1b6ce31ffe70b1dcadaddf47039a65781,2018-08,Hertfordshire Constabulary,Hertfordshire Constabulary,-0.483354,51.742020,On or near RUSSELL PLACE,E01023354,Dacorum 018B,Investigation complete; no suspect identified
084720f7a4b6e722fc632785366ff49d21a7be98e98e865226e7c8bc39a7b594,2018-08,Hertfordshire Constabulary,Hertfordshire Constabulary,-0.436306,51.819686,On or near HIGH STREET,E01023430,Dacorum 001A,Investigation complete; no suspect identified
38a06d5c58f38ca3514dd46fdc0bf89da792a6490571f15b7a330ea0edb59a75,2018-08,Hertfordshire Constabulary,Hertfordshire Constabulary,-0.278588,51.947541,On or near MARKET PLACE,E01023616,North Hertfordshire 012F,Investigation complete; no suspect identified
c37e13fe4702be892e4b277a0be5e241c47eb5392173a1bce3bc64afa8c8ceec,2018-08,Hertfordshire Constabulary,Hertfordshire Constabulary,-0.278841,51.949280,On or near Parking Area,E01023616,North Hertfordshire 012F,Investigation complete; no suspect identified
225dfb11e423d43a1a09b4b91f72fbe880b90e5f887342269c0e1f94d29dfd4e,2018-08,Hertfordshire Constabulary,Hertfordshire Constabulary,-0.304488,51.637057,On or near A41,E01023564,Hertsmere 010B,Investigation complete; no suspect identified
6f6fcd9353bd7321a9a4c5c9ab5f24edf8a3e954d273837402a48f0ebd918e42,2018-08,Hertfordshire Constabulary,Hertfordshire Constabulary,-0.471974,51.757770,On or near QUEENSWAY,E01023400,Dacorum 015E,Investigation complete; no suspect identified
4d54559c88d4cd83667cfeb88bf74fec800f990fe5f38276dd2ea342cfe15195,2018-08,Hertfordshire Constabulary,Hertfordshire Constabulary,-0.456151,51.749282,On or near Petrol Station,E01023387,Dacorum 019B,Investigation complete; no suspect identified
ca66cb7454ed28c60f81a8eb76a59004a4bb2d1e6563788070150b171d44aa68,2018-08,Hertfordshire Constabulary,Hertfordshire Constabulary,-0.445336,51.764722,On or near AVEBURY COURT,E01023346,Dacorum 013B,Investigation complete; no suspect identified
72384537ec70ba0268e81abd9e0f08c7f75ee8855268caf4ff83391b8b05736d,2018-08,Hertfordshire Constabulary,Hertfordshire Constabulary,-0.456151,51.749282,On or near Petrol Station,E01023387,Dacorum 019B,Investigation complete; no suspect identified
32dee51da089c524b653e4fa17f354b6c97d9eebf92521929c83554f68f56c34,2018-08,Hertfordshire Constabulary,Hertfordshire Constabulary,-0.142938,51.702855,On or near PARK ROAD,E01023947,Welwyn Hatfield 016A,Unable to prosecute suspect
d1630b7f927a75921eaa81567b4e3766c871e9d113830d9add000fe817ef3d49,2018-08,Hertfordshire Constabulary,Hertfordshire Constabulary,-0.258438,51.645582,On or near FARRIERS WAY,E01023543,Hertsmere 011E,Unable to prosecute suspect
4a579817844b0a6ab13f935603ba86f23ebb682554f6c9a801969ffbb2903c5e,2018-08,Hertfordshire Constabulary,Hertfordshire Constabulary,-0.456151,51.749282,On or near Petrol Station,E01023387,Dacorum 019B,Investigation complete; no suspect identified
38e3bdb3e6cc476463e733f963908f8aa81ec29835a07495c2453813e5354e7c,2018-08,Hertfordshire Constabulary,Hertfordshire Constabulary,-0.303528,51.722765,On or near MANOR ROAD,E01033029,St Albans 018G,Investigation complete; no suspect identified
642669019adadd8d9091f7b59c3d5bf83f311453c6e5bb465bdaff20fcfecba1,2018-08,Hertfordshire Constabulary,Hertfordshire Constabulary,-0.363483,51.721151,On or near Petrol Station,E01023731,St Albans 020C,Investigation complete; no suspect identified
2231e8391f131612a3879b892f6eed58505625b571325104181a7df83274a03c,2018-08,Hertfordshire Constabulary,Hertfordshire Constabulary,-0.119767,51.857341,On or near MOORYMEAD CLOSE,E01033609,East Hertfordshire 010E,Investigation complete; no suspect identified
74d5e8be5e46e761a9dfceb4d9260d71704d48b8a9ab487c313e4fc8625c46ff,2018-08,Hertfordshire Constabulary,Hertfordshire Constabulary,-0.394857,51.655268,On or near Shopping Area,E01023860,Watford 009B,Unable to prosecute suspect
0918c723c4e5f574ed1ac6f87f45b8d6b14934de805d78e9b7827e8fa0964bf4,2018-08,Hertfordshire Constabulary,Hertfordshire Constabulary,-0.437766,51.780807,On or near VALLEY GREEN,E01023435,Dacorum 005B,Investigation complete; no suspect identified
697de58758f0f3c693709cfa5e84ba7d47492d533e6b72dc3c30af9682346bef,2018-08,Hertfordshire Constabulary,Hertfordshire Constabulary,-0.254712,51.949357,On or near HARDY CLOSE,E01023621,North Hertfordshire 011E,Unable to prosecute suspect
af2372085925f96e43c8f23b761093891b36f4c24eb9a72bb861ef4a739c8ab9,2018-08,Hertfordshire Constabulary,Hertfordshire Constabulary,0.132193,51.798999,On or near HARLOW ROAD,E01023500,East Hertfordshire 011B,Offender given a drugs possession warning
445992c04a2fdc71bb020511d85ff4fa4e2b187255c127d8e845ae8560a59f13,2018-08,Hertfordshire Constabulary,Hertfordshire Constabulary,-0.474019,51.746512,On or near Pedestrian Subway,E01023398,Dacorum 015D,Unable to prosecute suspect
f6d0a22ab447a6f7159ee83233ff6c964f3851747b0a5e112d694c023e2df4f1,2018-08,Hertfordshire Constabulary,Hertfordshire Constabulary,-0.157062,51.897783,On or near PARISHES MEAD,E01023753,Stevenage 009D,Unable to prosecute suspect
404b23b3b35b98ae70ca20fdc4f43365dbe2f4e1c8d7ae15737644fc093ff17b,2018-08,Hertfordshire Constabulary,Hertfordshire Constabulary,-0.492355,51.754455,On or near NORTHRIDGE WAY,E01023429,Dacorum 011D,Investigation complete; no suspect identified
0eb613e984ce359de3e15506298f7ccef9c795f66fd381f416053ac43a4d9d27,2018-08,Hertfordshire Constabulary,Hertfordshire Constabulary,-0.092100,51.726158,On or near BRACE CLOSE,E01023307,Broxbourne 006A,Investigation complete; no suspect identified
4b70156d0deff611c3e70db73cb5aeb392001e338f246b545f2531ffdafb74cc,2018-08,Hertfordshire Constabulary,Hertfordshire Constabulary,-0.208263,51.801029,On or near Supermarket,E01023918,Welwyn Hatfield 006C,Investigation complete; no suspect identified
550a01d1b04113e1f56c8b77beae18c8625e41035b0dd070ff481597e8408251,2018-08,Hertfordshire Constabulary,Hertfordshire Constabulary,-0.448631,51.643528,On or near FRANKLAND CLOSE,E01023826,Three Rivers 006F,Investigation complete; no suspect identified
3c119373b33f92fa7119698fcc02298d89b4aa4d67db0cf72da64110ab037488,2018-08,Hertfordshire Constabulary,Hertfordshire Constabulary,-0.232602,51.767210,On or near JASMINE GARDENS,E01023921,Welwyn Hatfield 012B,Unable to prosecute suspect
918f3aaedbb1f55d7700b31db4b53c62c7d17c8302df5858994f35b78af71632,2018-08,Hertfordshire Constabulary,Hertfordshire Constabulary,-0.214904,51.773525,On or near HIGHLANDS,E01023926,Welwyn Hatfield 011C,Investigation complete; no suspect identified
38fde9bd00257e07335b640b781afabb32ff931e468afb3851c7b8dfc73551b7,2018-08,Hertfordshire Constabulary,Hertfordshire Constabulary,0.041042,51.948575,On or near WILLOW CLOSE,E01023462,East Hertfordshire 001A,Unable to prosecute suspect
c88018cd5a21f19613e0c5cdf85c5286e6c0287908a5f6689e1ac11ab99b5047,2018-08,Hertfordshire Constabulary,Hertfordshire Constabulary,0.168962,51.869115,On or near HILLSIDE AVENUE,E01023441,East Hertfordshire 005D,Unable to prosecute suspect
6cbcb11ffafb6d18012e65f37b35f5d206a1ecc1bab6864d0cde6c34646cfc67,2018-08,Hertfordshire Constabulary,Hertfordshire Constabulary,-0.659564,51.799856,On or near Supermarket,E01023418,Dacorum 003A,Investigation complete; no suspect identified
749150989dda1945867d35c367b2354ddf6f47decc2abf3408e8855f8fde0eb2,2018-08,Hertfordshire Constabulary,Hertfordshire Constabulary,-0.659564,51.799856,On or near Supermarket,E01023418,Dacorum 003A,Investigation complete; no suspect identified
8eb66422812bdff2622edf2d804111e63069042ea32e3a0f08dc252126a3eed2,2018-08,Hertfordshire Constabulary,Hertfordshire Constabulary,-0.400814,51.695472,On or near VALLEY RISE,E01023904,Watford 001A,Unable to prosecute suspect
c8b387243d18982e8c766e8951da9a6c4d3d6e91da948a4c028101b3bb748ce8,2018-08,Hertfordshire Constabulary,Hertfordshire Constabulary,-0.498560,51.751252,On or near JOCKETTS ROAD,E01023384,Dacorum 016B,Action to be taken by another organisation
314d01655bc16ea1aa3727ce721c08735de87f6cc8158cdb05156acc24eec0bf,2018-08,Hertfordshire Constabulary,Hertfordshire Constabulary,-0.386598,51.678993,On or near GARNETT CLOSE,E01023897,Watford 005C,Investigation complete; no suspect identified
ed3e8741f8f026e414dd9141af37ed6dd84cce551e668df36abe7f8808534a78,2018-08,Hertfordshire Constabulary,Hertfordshire Constabulary,-0.442802,51.762540,On or near MARK ROAD,E01023346,Dacorum 013B,Investigation complete; no suspect identified
49867217283555422107a647d0ec9ce07792c1ef4b8ecfbcf5dc9c99b368ba52,2018-08,Hertfordshire Constabulary,Hertfordshire Constabulary,-0.207890,51.908379,On or near GAMES YARD,E01023775,Stevenage 006A,Investigation complete; no suspect identified
c4eea7dcf92c87f151cb79353cb75569ab257e352815014d45cbab1dd77087b9,2018-08,Hertfordshire Constabulary,Hertfordshire Constabulary,-0.179316,51.918236,On or near Supermarket,E01023774,Stevenage 003D,Suspect charged
fec8b42deb1d2dd32066d60c2ed408266d393c5557a647e11c964fb9e4ab2bbc,2018-08,Hertfordshire Constabulary,Hertfordshire Constabulary,-0.340630,51.824885,On or near Parking Area,E01023688,St Albans 002D,Investigation complete; no suspect identified
021ea2b1601f7205a90e4f428a419bc8ac5d94bcc39825a32bb514ee0a881d66,2018-08,Hertfordshire Constabulary,Hertfordshire Constabulary,-0.520883,51.657229,On or near ORCHARD DRIVE,E01023817,Three Rivers 005C,Investigation complete; no suspect identified
59de9bbc65938df7855690663f90ec6c18928ca639e61ceae7925d4054de025e,2018-08,Hertfordshire Constabulary,Hertfordshire Constabulary,-0.483285,51.636283,On or near UXBRIDGE ROAD,E01023852,Three Rivers 007D,Investigation complete; no suspect identified
d1eb7e9a34e077c213eed3097ce65db3fb765126881564d6051407e213e81db5,2018-08,Hertfordshire Constabulary,Hertfordshire Constabulary,-0.193785,51.784424,On or near THE CROFT,E01023942,Welwyn Hatfield 009D,Unable to prosecute suspect
a1d3809372947d046ffffebc2c4972c4dd5639d79c48f49cfcacfcdc49203417,2018-08,Hertfordshire Constabulary,Hertfordshire Constabulary,-0.234698,51.992120,On or near DUNLIN,E01023637,North Hertfordshire 003C,Unable to prosecute suspect
c6b2eb649c932b5d72bbd350df18a2389ad4fe822049ddfdc223e58c215ab6c1,2018-08,Hertfordshire Constabulary,Hertfordshire Constabulary,-0.484725,51.753421,On or near GLENDALE,E01023380,Dacorum 018D,Unable to prosecute suspect
5f4a2b476e5355609d099fe0937226cb2114a9d2d812d2fd2c013efa20c59eca,2018-08,Hertfordshire Constabulary,Hertfordshire Constabulary,-0.050670,51.711756,On or near Petrol Station,E01023326,Broxbourne 009D,Investigation complete; no suspect identified
3eff76fee8b7331202731d549e4100581143e33b1eb8768e0c33bfb10c59168e,2018-08,Hertfordshire Constabulary,Hertfordshire Constabulary,-0.541368,51.724753,On or near Prison,E01023373,Dacorum 021A,Investigation complete; no suspect identified
43dc43dcacdcb5497d48f297a99960b3d75f8728de60d7e474b676b5a95806d1,2018-08,Hertfordshire Constabulary,Hertfordshire Constabulary,-0.179316,51.918236,On or near Supermarket,E01023774,Stevenage 003D,Unable to prosecute suspect
c8bc401dcf9609d1338cd294fbc9a1e853bd18ca51678dd658127e755eea0691,2018-08,Hertfordshire Constabulary,Hertfordshire Constabulary,-0.078454,51.795239,On or near PARLIAMENT SQUARE,E01023478,East Hertfordshire 017D,Investigation complete; no suspect identified
f1d9a15798f3cce42e61e8677b568285980e4fb493534fff914db29a4b731fc3,2018-08,Hertfordshire Constabulary,Hertfordshire Constabulary,-0.398272,51.663785,On or near STATION ROAD,E01023861,Watford 009C,Investigation complete; no suspect identified
beb4f88e36394b396827ded217864bf8681f8832b7980b9a63e8d2f7c56b4983,2018-08,Hertfordshire Constabulary,Hertfordshire Constabulary,-0.392859,51.654117,On or near Shopping Area,E01023860,Watford 009B,Unable to prosecute suspect
e0ba58fb72a4b72cd60733d5c48d90ee396cca69c0126bda990b9274f289bad8,2018-08,Hertfordshire Constabulary,Hertfordshire Constabulary,-0.293178,51.669256,On or near FELTON CLOSE,E01023533,Hertsmere 007E,Unable to prosecute suspect
a831eaf10934a7ff6ce884f73d8372cbd887d23a74cad8e0d0c687b56a901d06,2018-08,Hertfordshire Constabulary,Hertfordshire Constabulary,-0.188917,51.914167,On or near Pedestrian Subway,E01023781,Stevenage 006D,Unable to prosecute suspect
f26dd9a4788761877e4ed3121787eec2fe8fa02b7ee6472b4bc2446b21b87c27,2018-08,Hertfordshire Constabulary,Hertfordshire Constabulary,-0.172798,51.922262,On or near ELY CLOSE,E01023789,Stevenage 001C,Unable to prosecute suspect
f18bdc64cde00c7c9cbb40ac31c7c22445b821ee5fe3d43928572478c4b94133,2018-08,Hertfordshire Constabulary,Hertfordshire Constabulary,-0.525924,51.740655,On or near A41,E01023377,Dacorum 021E,Investigation complete; no suspect identified
8b65541ee8b5eefa83f750de75d5a684ffa693dc5de5f2ea62b020b8cd16fe13,2018-08,Hertfordshire Constabulary,Hertfordshire Constabulary,-0.541368,51.724753,On or near Prison,E01023373,Dacorum 021A,Unable to prosecute suspect
24047c03b8b780db4bc53337827357be8436361e4c0ebb1ac82a55f54a38a8a5,2018-08,Hertfordshire Constabulary,Hertfordshire Constabulary,-0.227296,51.762068,On or near QUEENSWAY,E01023920,Welwyn Hatfield 012A,Unable to prosecute suspect
8d1f99fbd6e0ef9f235439f431479f89005dd1ebc348cf5a852fc7cead9f211d,2018-08,Hertfordshire Constabulary,Hertfordshire Constabulary,-0.033990,51.701856,On or near Supermarket,E01023301,Broxbourne 010E,Investigation complete; no suspect identified
34fd6fd95a256f7c97707e1117a332f4dd14160fd007008b6869ddedbd2e4787,2018-08,Hertfordshire Constabulary,Hertfordshire Constabulary,-0.347109,51.763598,On or near BATCHWOOD DRIVE,E01023672,St Albans 009D,Investigation complete; no suspect identified
13e887ed4ecabfffa092f9fb58f59fea3a2a941907e954ccc0dbb4cc6c354c6d,2018-08,Hertfordshire Constabulary,Hertfordshire Constabulary,-0.658316,51.795463,On or near Petrol Station,E01023421,Dacorum 004B,Unable to prosecute suspect
7d77dd68029ab276e0cff6481a08659319612f17c49f9d093c4fba5aefa9addd,2018-08,Hertfordshire Constabulary,Hertfordshire Constabulary,-0.394857,51.655268,On or near Shopping Area,E01023860,Watford 009B,Local resolution
f0f4f85639e9d25ed978dec99b1c615dd86accc5a70b78ea6b51414768d44f93,2018-08,Hertfordshire Constabulary,Hertfordshire Constabulary,-0.038989,51.827112,On or near Park/Open Space,E01023506,East Hertfordshire 006B,Unable to prosecute suspect
4c7195726823ef240c6b145267f3160023bdf9c069e3ef6900f2d4d8f63a0f2e,2018-08,Hertfordshire Constabulary,Hertfordshire Constabulary,-0.201562,51.900459,On or near THE QUADRANT,E01023758,Stevenage 008D,Unable to prosecute suspect
c8f794672a71ed62323fa112e92355257ee1ded6824704fd78bd7136f6135dca,2018-08,Hertfordshire Constabulary,Hertfordshire Constabulary,-0.203002,51.904797,On or near Shopping Area,E01023758,Stevenage 008D,Investigation complete; no suspect identified
ebc603e386693786186010d0d88a872bdc32388f5af1e46903a9f1bba41fd6d6,2018-08,Hertfordshire Constabulary,Hertfordshire Constabulary,-0.535734,51.725258,On or near NEWHOUSE ROAD,E01023373,Dacorum 021A,Investigation complete; no suspect identified
3c2489f82ce83f92ddfc412e9244daf8703084db6bdac3c4b9f45a3aa7cbbdb9,2018-08,Hertfordshire Constabulary,Hertfordshire Constabulary,-0.457668,51.772806,On or near Parking Area,E01023393,Dacorum 007A,Investigation complete; no suspect identified
81c2623d1e39b2f4146b9dafd8e8a5dbf2c26462d2f4d2739f16679fec0a4bf9,2018-08,Hertfordshire Constabulary,Hertfordshire Constabulary,-0.168580,51.904411,On or near PANKHURST CRESCENT,E01023761,Stevenage 007C,Offender given a caution
341d35df6d863fc9ba1a18ccfb6ee7c92f69b06b0e8973485e1bfdb5f6b23d4f,2018-08,Hertfordshire Constabulary,Hertfordshire Constabulary,-0.232318,51.769652,On or near WEST VIEW,E01033311,Welwyn Hatfield 010F,Unable to prosecute suspect
0c6e8e4f56f1a210ae76c636d7f0f2e1a5a71d9d3eeb16e43b110d08f6e75f11,2018-08,Hertfordshire Constabulary,Hertfordshire Constabulary,-0.465873,51.736839,On or near Shopping Area,E01033023,Dacorum 018H,Investigation complete; no suspect identified
023cdfa57e50d1941c38c80dd390fafb27cf462afa5ce6bcd2dfc7929cdf4a41,2018-08,Hertfordshire Constabulary,Hertfordshire Constabulary,-0.208263,51.801029,On or near Supermarket,E01023918,Welwyn Hatfield 006C,Suspect charged
c0bae0066faeb820fe858d92ab244eb1c092c326d82f5fa12eb6c4cf84c64d7d,2018-08,Hertfordshire Constabulary,Hertfordshire Constabulary,-0.394657,51.653970,On or near ST. MARYS VIEW,E01023862,Watford 009D,Investigation complete; no suspect identified
bc529a6e3e1653a74f59bbb837cdacae5e21c95c14e33a9a7806ebeb8fc2540b,2018-08,Hertfordshire Constabulary,Hertfordshire Constabulary,-0.399926,51.657468,On or near Nightclub,E01023861,Watford 009C,Investigation complete; no suspect identified
89a0629e77acd5c03f64a08c4b9f6f554452d99c198b828dbc2a552f99d0ba7f,2018-08,Hertfordshire Constabulary,Hertfordshire Constabulary,-0.490428,51.767036,On or near TOLLPIT END,E01023392,Dacorum 011A,Investigation complete; no suspect identified
e3977ac7dd259648fef7e03562a5fd0aa1697e84fe91a84c70b193489c7304f3,2018-08,Hertfordshire Constabulary,Hertfordshire Constabulary,-0.015072,51.775608,On or near CATHROW MEWS,E01023317,Broxbourne 001B,Investigation complete; no suspect identified
a5b2f68c9ee02dca30bbac7d0085030ea4e8cc8c29f00d0bb93673036343c200,2018-08,Hertfordshire Constabulary,Hertfordshire Constabulary,-0.394258,51.648902,On or near ELFRIDA ROAD,E01023862,Watford 009D,Unable to prosecute suspect
294897e48f9822cdca3a0af864a0c19ea53655cae21979833287eb119d107fcf,2018-08,Hertfordshire Constabulary,Hertfordshire Constabulary,-0.077499,51.796572,On or near SALISBURY SQUARE,E01023478,East Hertfordshire 017D,Unable to prosecute suspect
43753ee5fe8c785c1b6c723088ae34daa3ac3d9d7b833c885f2c6880d6810292,2018-08,Hertfordshire Constabulary,Hertfordshire Constabulary,-0.397609,51.668245,On or near Supermarket,E01023855,Watford 006A,Unable to prosecute suspect
b52062997ec48269383db1c137824fdddc51570a46ee3e25d983868f8b68a90e,2018-08,Hertfordshire Constabulary,Hertfordshire Constabulary,-0.585018,51.763339,On or near MARLIN CLOSE,E01023369,Dacorum 012A,Unable to prosecute suspect
3da0ad2f6b94d168139fe874b938e9ccdf24da201f9b3d32053f3ad45118f797,2018-08,Hertfordshire Constabulary,Hertfordshire Constabulary,0.160994,51.869864,On or near RIVERSIDE,E01023449,East Hertfordshire 004A,Investigation complete; no suspect identified
979500a3d981e108135a00000c402c145f0dc7ceb98271e1b204d89b3fc50aa8,2018-08,Hertfordshire Constabulary,Hertfordshire Constabulary,-0.239527,51.972986,On or near HIGH AVENUE,E01023646,North Hertfordshire 008C,Unable to prosecute suspect
18df092613e9f04e810077b064796e57620055b9748568600ec3594161a133c9,2018-08,Hertfordshire Constabulary,Hertfordshire Constabulary,-0.471974,51.757770,On or near QUEENSWAY,E01023400,Dacorum 015E,Unable to prosecute suspect
a39762fc2e2a42fc9e522ca0dd5fd27ad5e662eaf624ee32fd4ed6f34f61e6c2,2018-08,Hertfordshire Constabulary,Hertfordshire Constabulary,-0.365140,51.644652,On or near HIGH STREET,E01023563,Hertsmere 012F,Investigation complete; no suspect identified
c62b41df50c02555fc732f4c78394292daa593eff741c1c04e14218e4f8095b0,2018-08,Hertfordshire Constabulary,Hertfordshire Constabulary,-0.077499,51.796572,On or near SALISBURY SQUARE,E01023478,East Hertfordshire 017D,Investigation complete; no suspect identified
bbb2c21a8e9df6f639031863710c5673a61e9537b1910e970e9ea91c7f561116,2018-08,Hertfordshire Constabulary,Hertfordshire Constabulary,-0.236976,51.755748,On or near CHANTRY LANE,E01023935,Welwyn Hatfield 013C,Unable to prosecute suspect
696b91738d4fa29d7798b6d3dd9468cb78483e02394686f2df4948c541126a17,2018-08,Hertfordshire Constabulary,Hertfordshire Constabulary,-0.236976,51.755748,On or near CHANTRY LANE,E01023935,Welwyn Hatfield 013C,Unable to prosecute suspect
e8075c26d230de56698795664999692a62f4e18f2d89a28cde681e71707f6a61,2018-08,Hertfordshire Constabulary,Hertfordshire Constabulary,-0.365140,51.644652,On or near HIGH STREET,E01023563,Hertsmere 012F,Investigation complete; no suspect identified
4fd6d04320997796d6ed1a9398a5231db7d4ff8865730cd0567422b509813806,2018-08,Hertfordshire Constabulary,Hertfordshire Constabulary,-0.180756,51.895194,On or near HADWELL CLOSE,E01023794,Stevenage 010D,Investigation complete; no suspect identified
1336f952a802f20fb8454c6fa656cff72e6c1c9d6b9c46daf8f6544210670b0e,2018-08,Hertfordshire Constabulary,Hertfordshire Constabulary,-0.427348,51.755644,On or near Petrol Station,E01023409,Dacorum 017A,Unable to prosecute suspect
28fd58a3042baa3182ae5dbe4f0170c17c6b1e860adf5f066fe5e1fe1c884e7b,2018-08,Hertfordshire Constabulary,Hertfordshire Constabulary,-0.303082,51.705664,On or near Sports/Recreation Area,E01023720,St Albans 019C,Unable to prosecute suspect
b7a6e964759425cd9a217cf9417971595a6b01a4b3ca8bad9e504f06aaadee9f,2018-08,Hertfordshire Constabulary,Hertfordshire Constabulary,-0.430002,51.755985,On or near BREAKSPEAR WAY,E01023345,Dacorum 013A,Unable to prosecute suspect
4e9c76d8f5344ddd3d464035fdd78158b5aa003af10d94b52ed92dab0f940594,2018-08,Hertfordshire Constabulary,Hertfordshire Constabulary,-0.220648,51.994192,On or near MAYCROFT,E01023636,North Hertfordshire 003B,Unable to prosecute suspect
1d6cf1fe1b01faa7bc61aaf922829debe428a01230decb4a862dfb2d66806da1,2018-08,Hertfordshire Constabulary,Hertfordshire Constabulary,-0.159962,51.800050,On or near SOMERSHAM,E01023950,Welwyn Hatfield 005A,Suspect charged
730cac42f0580a0619c9cddc735734a59fbdb761deaf4049d41217bee5e25816,2018-08,Hertfordshire Constabulary,Hertfordshire Constabulary,-0.470336,51.763369,On or near BOXHILL,E01023404,Dacorum 008D,Unable to prosecute suspect
e1209abee1a84342789a296b8d3431615b1ecf761e98786bc2e6d24d1bb844bc,2018-08,Hertfordshire Constabulary,Hertfordshire Constabulary,-0.515967,51.650171,On or near TURNEYS ORCHARD,E01023816,Three Rivers 005B,Unable to prosecute suspect
e5d0c4fefa0ca7853c7e224076d936932a01bac106979bfe7ea6d4c3f0173093,2018-08,Hertfordshire Constabulary,Hertfordshire Constabulary,-0.558185,51.759570,On or near RAVENS LANE,E01023361,Dacorum 009A,Unable to prosecute suspect
6ff8b1c23e7497e52564d27e7fa9fda456f88a8ab465bc61d09219e12006b522,2018-08,Hertfordshire Constabulary,Hertfordshire Constabulary,-0.015961,51.775838,On or near PLOMER AVENUE,E01023317,Broxbourne 001B,Unable to prosecute suspect
a01ebed5378eb0b631cc3e58ee5b4ae5bdd9979be937024536261816f6566274,2018-08,Hertfordshire Constabulary,Hertfordshire Constabulary,-0.169922,51.834159,On or near TWO OAKS DRIVE,E01023467,East Hertfordshire 002A,Unable to prosecute suspect
940630ff94966314a1276dd2d2bec88278a6214cf20a3e76771d9b13aca4afc9,2018-08,Hertfordshire Constabulary,Hertfordshire Constabulary,-0.408768,51.628733,On or near HALLOWES CRESCENT,E01023827,Three Rivers 008A,Offender given a caution
30864c97bb9c0de5629f2fac8b06dffbb424ecbbbf3e005becdca0eb70fb84a3,2018-08,Hertfordshire Constabulary,Hertfordshire Constabulary,-0.040809,51.981653,On or near Park/Open Space,E01023598,North Hertfordshire 005D,Unable to prosecute suspect
cee80ad9da3e3e996d8135b52e8540353aea39d1f21a75714e90b5bc1059933d,2018-08,Hertfordshire Constabulary,Hertfordshire Constabulary,-0.404084,51.676147,On or near COWPER COURT,E01023870,Watford 004C,Investigation complete; no suspect identified
1572cbc1d5f0f7d621d96efc8df3e6c0d5909b7ddbea681f5a62551afe451094,2018-08,Hertfordshire Constabulary,Hertfordshire Constabulary,-0.208479,51.697803,On or near MIMMS HALL ROAD,E01023567,Hertsmere 002A,Unable to prosecute suspect
a3d9e6de1b6b0a11b519d240af0a6f4b02395fb1ac540941e6326b9248351340,2018-08,Hertfordshire Constabulary,Hertfordshire Constabulary,-0.103193,51.795623,On or near LADYWOOD ROAD,E01023489,East Hertfordshire 015C,Unable to prosecute suspect
013a9189576c17f5310a803876cf2d8b4d65ece7ba4f353152d0331c15c18f5d,2018-08,Hertfordshire Constabulary,Hertfordshire Constabulary,-0.354382,51.653557,On or near FARM WAY,E01023560,Hertsmere 012C,Unable to prosecute suspect
3c28479922b21a53f44e7de2f2ddb1b972c51190f452e217ebabee5d82262302,2018-08,Hertfordshire Constabulary,Hertfordshire Constabulary,-0.300972,51.731072,On or near A1081,E01023684,St Albans 016D,Investigation complete; no suspect identified
cd5a2ce87250db17d4e83e89fc4db73931ffeaff25669c85843b707a1ec9948a,2018-08,Hertfordshire Constabulary,Hertfordshire Constabulary,-0.010139,51.761874,On or near BELL LANE,E01023323,Broxbourne 003D,Unable to prosecute suspect
6938228719d1a88057972672316d28057f34332679c00723395833dabbed8611,2018-08,Hertfordshire Constabulary,Hertfordshire Constabulary,-0.194696,51.914372,On or near LEGGETT GROVE,E01023778,Stevenage 002C,Unable to prosecute suspect
a1afd3582f4bbf65bfc5c07543e61554b5450463c37a88ef46f20e237038e5f5,2018-08,Hertfordshire Constabulary,Hertfordshire Constabulary,-0.254712,51.949357,On or near HARDY CLOSE,E01023621,North Hertfordshire 011E,Investigation complete; no suspect identified
04c88666615a60cac093cde86f0ee33dea44d964a666516f8db1f5bc985ddc3f,2018-08,Hertfordshire Constabulary,Hertfordshire Constabulary,-0.393132,51.648437,On or near CANNON ROAD,E01023862,Watford 009D,Unable to prosecute suspect
d47794d7cd7701ea273ebeff6ba58747b4915b2c3235dd435818d701575935fb,2018-08,Hertfordshire Constabulary,Hertfordshire Constabulary,-0.397146,51.678067,On or near LONGSPRING,E01023872,Watford 004E,Investigation complete; no suspect identified
6794383ea441e0f9a2b117e75d388336d2bf226853e2512a5e508dad195e8d06,2018-08,Hertfordshire Constabulary,Hertfordshire Constabulary,-0.426685,51.647894,On or near HATTERS LANE,E01023866,Watford 011D,Investigation complete; no suspect identified
49d2e132d04ace3e36fb994d66e2eca7b6a14c3bb26873a8de35f1849739fe5a,2018-08,Hertfordshire Constabulary,Hertfordshire Constabulary,-0.410911,51.655064,On or near HARWOODS ROAD,E01023888,Watford 008C,Investigation complete; no suspect identified
06305b84434e36565a685fe46c6beb969e57047391e52c066d00cbe32acd3340,2018-08,Hertfordshire Constabulary,Hertfordshire Constabulary,0.164871,51.857428,On or near BURLEY ROAD,E01023458,East Hertfordshire 008C,Investigation complete; no suspect identified
c4cad448534650ccee5ce6ecf5e6160241d389b147050ee8da3ad0422af24203,2018-08,Hertfordshire Constabulary,Hertfordshire Constabulary,-0.037792,51.710300,On or near KINGSMEAD,E01023303,Broxbourne 008B,Unable to prosecute suspect
f451a3a4354b112dca99dbd7b3a1dcbd3c0ac6a281160e75703031d9f7753a53,2018-08,Hertfordshire Constabulary,Hertfordshire Constabulary,-0.377226,51.620685,On or near LITTLE OXHEY LANE,E01023810,Three Rivers 010C,Unable to prosecute suspect
fcd25dafe9ea2f9daa370285dca221759dba42301d3347ec83e98681fd023615,2018-08,Hertfordshire Constabulary,Hertfordshire Constabulary,-0.231389,51.746690,On or near ACACIA STREET,E01023937,Welwyn Hatfield 013E,Investigation complete; no suspect identified
f5220b9659756d92e7eec1c790912f1399d2b0b0c8111c8b0123d52078241f5f,2018-08,Hertfordshire Constabulary,Hertfordshire Constabulary,-0.192136,51.697580,On or near Parking Area,E01023579,Hertsmere 001D,Investigation complete; no suspect identified
36d4e27e10df1170e5d601d0778f202223a77a88b438f100a2f3e1cebf51a154,2018-08,Hertfordshire Constabulary,Hertfordshire Constabulary,-0.229428,51.979506,On or near STATION PLACE,E01023644,North Hertfordshire 008A,Unable to prosecute suspect
edeabf6e6fc4738948c871201ec3ca8900233a5bf32e50522b193830558587b6,2018-08,Hertfordshire Constabulary,Hertfordshire Constabulary,-0.337328,51.753722,On or near ST PETER'S STREET,E01023727,St Albans 012B,Investigation complete; no suspect identified
f287b0132f077eece8086ad74f4fc3063b00f724b064c5266257c79e81c62b0c,2018-08,Hertfordshire Constabulary,Hertfordshire Constabulary,-0.037792,51.710300,On or near KINGSMEAD,E01023303,Broxbourne 008B,Unable to prosecute suspect
e8c42bf3de1b510e66b93923de8c3c8ad63f39dbe4ecd6986fe59417cad83610,2018-08,Hertfordshire Constabulary,Hertfordshire Constabulary,-0.305063,51.838423,On or near BEECH WAY,E01023626,North Hertfordshire 015C,Investigation complete; no suspect identified
c03d4a6f43178cc96b8ef63221bd95fb378bf8cc7ae14023465e3977ff933b55,2018-08,Hertfordshire Constabulary,Hertfordshire Constabulary,-0.026211,51.699037,On or near BURBAGE CLOSE,E01023300,Broxbourne 010D,Unable to prosecute suspect
b161b806fc6bbc54de7468519e2f5f665af7813f5592ec1f7105811570f0afe3,2018-08,Hertfordshire Constabulary,Hertfordshire Constabulary,-0.226004,51.753632,On or near LAMB CLOSE,E01023936,Welwyn Hatfield 013D,Unable to prosecute suspect
2ddc60fffd376cde803eae795a79c87b3e2f1f4e91f244681eabf63ed0c91fcb,2018-08,Hertfordshire Constabulary,Hertfordshire Constabulary,-0.272645,51.937860,On or near BRAMSHOTT CLOSE,E01023614,North Hertfordshire 012D,Investigation complete; no suspect identified
5133b14998535b70074515948275d0705e288be11991ed2d2b14145a84e21f2e,2018-08,Hertfordshire Constabulary,Hertfordshire Constabulary,-0.208946,51.912162,On or near BELL LANE,E01023775,Stevenage 006A,Investigation complete; no suspect identified
6d522d9c106e946d07984f4f8ef439294434acb45054eb51356c15d746ec13fc,2018-08,Hertfordshire Constabulary,Hertfordshire Constabulary,-0.178859,51.924136,On or near Pedestrian Subway,E01023790,Stevenage 001D,Unable to prosecute suspect
dd29b1066b4d06d975deaaffa949c8eee687296a3c612f06b8f5bc307d5bfce2,2018-08,Hertfordshire Constabulary,Hertfordshire Constabulary,-0.199558,51.896778,On or near Further/Higher Educational Building,E01023786,Stevenage 011D,Unable to prosecute suspect
0c6d4e0a8b0834a86459cea06c234edc9f93ff10d21ffafc2597727f0698623c,2018-08,Hertfordshire Constabulary,Hertfordshire Constabulary,-0.208946,51.912162,On or near BELL LANE,E01023775,Stevenage 006A,Investigation complete; no suspect identified
659e8c94a2e7add315ac9d07423a8d8fda643b7522b99256a0cc87b294903e53,2018-08,Hertfordshire Constabulary,Hertfordshire Constabulary,-0.473464,51.746649,On or near A414,E01023398,Dacorum 015D,Unable to prosecute suspect
8d850fa6fa11ff26a575c184364934bee71ebfbd1750548569ec641c5647d7da,2018-08,Hertfordshire Constabulary,Hertfordshire Constabulary,-0.407965,51.695389,On or near HILL FARM CLOSE,E01023907,Watford 001D,Investigation complete; no suspect identified
cac8c0e18943edd6c7b1d11354c72802469365da3fbe08891ef484613dfddc60,2018-08,Hertfordshire Constabulary,Hertfordshire Constabulary,-0.304488,51.637057,On or near A41,E01023564,Hertsmere 010B,Investigation complete; no suspect identified
d28faa29796a114608f5dfd60d9cc24eab1031b4a0b983c02c15b062bbad0797,2018-08,Hertfordshire Constabulary,Hertfordshire Constabulary,-0.305779,51.740772,On or near ASHBOURNE COURT,E01023681,St Albans 016A,Investigation complete; no suspect identified
b48022dd654a1b596e2ce7c7a0854ff593f9c774f916a854e5a06f89943d6023,2018-08,Hertfordshire Constabulary,Hertfordshire Constabulary,-0.170147,51.899471,On or near COLLENSWOOD ROAD,E01023752,Stevenage 009C,Suspect charged
b48022dd654a1b596e2ce7c7a0854ff593f9c774f916a854e5a06f89943d6023,2018-08,Hertfordshire Constabulary,Hertfordshire Constabulary,-0.170147,51.899471,On or near COLLENSWOOD ROAD,E01023752,Stevenage 009C,Suspect charged
79bfcf9e1d2ea724637380880371c73f8380a4e2c3ea61e20baef56cc48a2360,2018-08,Hertfordshire Constabulary,Hertfordshire Constabulary,-0.468471,51.735811,On or near KENTS AVENUE,E01033023,Dacorum 018H,Investigation complete; no suspect identified
1db5182c94b4b8c6b5431f9758472cb2fccdc168789e4a0ecbb0a62ca8882373,2018-08,Hertfordshire Constabulary,Hertfordshire Constabulary,-0.438248,51.771066,On or near Parking Area,E01023346,Dacorum 013B,Unable to prosecute suspect
94c7d62b81d44e063a27add4e21c9ac80168425b12bc9037e98b35e4e1042691,2018-08,Hertfordshire Constabulary,Hertfordshire Constabulary,-0.028367,51.959892,On or near ERMINE STREET,E01023465,East Hertfordshire 001C,Investigation complete; no suspect identified
f8d059db5914c01734dbd7529dbbd1332093cd8d3a505f5168313a812830b98b,2018-08,Hertfordshire Constabulary,Hertfordshire Constabulary,-0.167119,51.923154,On or near ADMIRAL DRIVE,E01023789,Stevenage 001C,Unable to prosecute suspect
77f2f59a0b7a1ac0342559ec332317d2205aab9b8d4d7fa3cd4d9b81908dff62,2018-08,Hertfordshire Constabulary,Hertfordshire Constabulary,-0.481733,51.746297,On or near BISHOPS MEAD,E01023382,Dacorum 018F,Unable to prosecute suspect
3f960d8165003152af56539902b7d8b5ab8e0423b306b88383c48ce7859da432,2018-08,Hertfordshire Constabulary,Hertfordshire Constabulary,-0.440220,51.615730,On or near TANWORTH CLOSE,E01002475,Hillingdon 001B,Unable to prosecute suspect
c3c2b1d3fa6d28b16c74b88bfb27384381bf518cb6ccaa0aa89e36252e3e94eb,2018-08,Hertfordshire Constabulary,Hertfordshire Constabulary,-0.215849,51.925809,On or near Parking Area,E01023800,Stevenage 002E,Unable to prosecute suspect
1e60dd921e39af9c88193252f3db50ea6682b5b20b43ccf107c97e3f8fa24037,2018-08,Hertfordshire Constabulary,Hertfordshire Constabulary,-0.159532,51.849409,On or near ABBOTS CLOSE,E01023467,East Hertfordshire 002A,Investigation complete; no suspect identified
2dd51614bd705d6600e8d5198ffbf41cb84b5aeb23ce82da5e2bae07f9d08c33,2018-08,Hertfordshire Constabulary,Hertfordshire Constabulary,-0.256673,51.949071,On or near WORSDELL WAY,E01023610,North Hertfordshire 013E,Unable to prosecute suspect
941a005c197f5599a5c20554de3e3d3ab012697254e2ee7c7eed9d41e4fa1428,2018-08,Hertfordshire Constabulary,Hertfordshire Constabulary,-0.204272,51.909771,On or near LETCHMORE CLOSE,E01023775,Stevenage 006A,Investigation complete; no suspect identified
6cc44ce29e316fcfa4786fb46783ee5464d707c18a57103fbcfcc065a4f9ca3a,2018-08,Hertfordshire Constabulary,Hertfordshire Constabulary,-0.041089,51.709384,On or near LEYLAND CLOSE,E01023303,Broxbourne 008B,Investigation complete; no suspect identified
6b56d4ad060a14d57f94abd5454d3d16eb0c091607b34c2ee8d5cba217638109,2018-08,Hertfordshire Constabulary,Hertfordshire Constabulary,-0.159962,51.800050,On or near SOMERSHAM,E01023950,Welwyn Hatfield 005A,Suspect charged
73d92ee7efa5a5441045fcf6ac104a7d970607afb077ce7e0a4c214212ec6fd2,2018-08,Hertfordshire Constabulary,Hertfordshire Constabulary,-0.035223,51.709142,On or near WYCLIFFE CLOSE,E01023298,Broxbourne 010B,Unable to prosecute suspect
b7b6b93e05a852a43a9234abd2a1614df3a000c7d64e4d9a67680964d684662b,2018-08,Hertfordshire Constabulary,Hertfordshire Constabulary,-0.339628,51.803587,On or near MAGNA CLOSE,E01023698,St Albans 005D,Unable to prosecute suspect
0a55aad69a2b141a8c9c11b2e28d120cf5ea1a309627114a0ba571366de35c64,2018-08,Hertfordshire Constabulary,Hertfordshire Constabulary,-0.486496,51.654426,On or near OVERSTREAM,E01023813,Three Rivers 004B,Unable to prosecute suspect
08669d762c5239574f4f33af408a61f791153873a24c40e3b2337df449d3b27a,2018-08,Hertfordshire Constabulary,Hertfordshire Constabulary,-0.025964,51.726972,On or near HIGH ROAD TURNFORD,E01023342,Broxbourne 005C,Unable to prosecute suspect
a3aa128cdf702af011d06f87ba3cea4680038d481cf5b0ff074a5ca6cc2e8c62,2018-08,Hertfordshire Constabulary,Hertfordshire Constabulary,-0.171676,51.912659,On or near COOK ROAD,E01023769,Stevenage 004C,Investigation complete; no suspect identified
6b9e23ed201d8c4ac0907938f1a9006a6ddc1789d0bfb7e6d44a136f827f548b,2018-08,Hertfordshire Constabulary,Hertfordshire Constabulary,-0.241789,51.978037,On or near ICKNIELD WAY,E01023650,North Hertfordshire 007B,Unable to prosecute suspect
d7decba63c28c3d105ff7d9b375eaa1695ada03678ecfe1611a5ba30e165e19a,2018-08,Hertfordshire Constabulary,Hertfordshire Constabulary,0.177602,51.879575,On or near ALCONBURY,E01023439,East Hertfordshire 005B,Unable to prosecute suspect
1bebd654c8cc78c7d7799536a5d3975e5b715a1e3b1407162e320d0744f58d49,2018-08,Hertfordshire Constabulary,Hertfordshire Constabulary,-0.660290,51.799801,On or near Pedestrian Subway,E01023419,Dacorum 003B,Unable to prosecute suspect
676a64129650f95135d949dab5581b8796fcff9694967a551e50e9577f5b6b5a,2018-08,Hertfordshire Constabulary,Hertfordshire Constabulary,-0.392585,51.657782,On or near THE BROADWAY,E01023859,Watford 009A,Unable to prosecute suspect
1060a05d57f10a72cba506c21e1c23558376e2df7488ee5d03ece0aec620d335,2018-08,Hertfordshire Constabulary,Hertfordshire Constabulary,-0.460593,51.759681,On or near BOHEMIA,E01023403,Dacorum 008C,Investigation complete; no suspect identified
783852b12c9bfd3250a2d9f0b744555b5b6d135bf1658a8eddfdf17260aadc9e,2018-08,Hertfordshire Constabulary,Hertfordshire Constabulary,-0.196213,51.900467,On or near FOX ROAD,E01023755,Stevenage 008A,Unable to prosecute suspect
d0d5a861dcd30b0be5b96afb09e82f23c201fa3b38d21237f1611935ef4e6a51,2018-08,Hertfordshire Constabulary,Hertfordshire Constabulary,-0.032236,51.686234,On or near Parking Area,E01023337,Broxbourne 013B,Unable to prosecute suspect
4f17dd8d8122e55d4d665159b2377161ff3583e04801391c80211a2347ef58f6,2018-08,Hertfordshire Constabulary,Hertfordshire Constabulary,0.002733,51.767860,On or near CECIL ROAD,E01023330,Broxbourne 002D,Unable to prosecute suspect
cda1a675dfd93b58c243c2ec5237f0ec69a9de880223e377c40dbe62af5ae9c7,2018-08,Hertfordshire Constabulary,Hertfordshire Constabulary,-0.431999,51.748549,On or near LEASIDE,E01023410,Dacorum 017B,Unable to prosecute suspect
4372a82fe7605f3d7dcdab666969e8aea6aefd31ce33e80a093eae3bd9d37955,2018-08,Hertfordshire Constabulary,Hertfordshire Constabulary,-0.457525,51.735327,On or near GREAT ELMS ROAD,E01023415,Dacorum 020F,Unable to prosecute suspect
2c38b0ffa3ec30fec91c67d42aef7c7c4eefc0dd17b91da551d131df63dd6d52,2018-08,Hertfordshire Constabulary,Hertfordshire Constabulary,-0.031895,51.697109,On or near ACTON CLOSE,E01023333,Broxbourne 012B,Unable to prosecute suspect
d2bb4036638f76352780495c36fa1a031f16958d896697fa93fdde2922f9e6a1,2018-08,Hertfordshire Constabulary,Hertfordshire Constabulary,-0.431999,51.748549,On or near LEASIDE,E01023410,Dacorum 017B,Unable to prosecute suspect
c24d440f7a3565a0fdb235f17d0178cbf9c0bf2ea7869fd9cc04088c4d8b6db1,2018-08,Hertfordshire Constabulary,Hertfordshire Constabulary,-0.037328,52.052587,On or near JARMAN WAY,E01023655,North Hertfordshire 002B,Unable to prosecute suspect
6653b751299bd0b278f147e42eef4f69660b2e973f0f64ed10113064f4c13d86,2018-08,Hertfordshire Constabulary,Hertfordshire Constabulary,-0.032236,51.686234,On or near Parking Area,E01023337,Broxbourne 013B,Unable to prosecute suspect
8056a981b9c733475a4b59f0d01e06f8131702e8347ba74c29ef6f2337b68b16,2018-08,Hertfordshire Constabulary,Hertfordshire Constabulary,-0.276702,51.963708,On or near WILLOW TREE WAY,E01023605,North Hertfordshire 010E,Investigation complete; no suspect identified
6ee61c45536e3450025da33dbc41d07ae73569d03dfeac6024e9750eecee18d6,2018-08,Hertfordshire Constabulary,Hertfordshire Constabulary,-0.399980,51.672773,On or near GAMMONS LANE,E01023856,Watford 006B,Unable to prosecute suspect
7e167894222a3628a779d87c9846b6b1cc969ce4b6a788e6792a4ac80b68c9e7,2018-08,Hertfordshire Constabulary,Hertfordshire Constabulary,-0.032236,51.686234,On or near Parking Area,E01023337,Broxbourne 013B,Suspect charged
26f0a02b242e451632bc65e9680b07e355bf8b369cf42c25f10f16001fddc5a7,2018-08,Hertfordshire Constabulary,Hertfordshire Constabulary,-0.437587,51.741079,On or near CATSDELL BOTTOM,E01023413,Dacorum 017E,Action to be taken by another organisation
41f56188ecabf93314ffe84ced54ef9f39e94954dd1192cdd131fef5ed2ec1fb,2018-08,Hertfordshire Constabulary,Hertfordshire Constabulary,-0.435299,51.751551,On or near LEVERSTOCK GREEN WAY,E01023411,Dacorum 017C,Investigation complete; no suspect identified
3d2205c7e8b6742cfa30474b36aabf7189eb51c5f39684596daf0d96fdcbc5fd,2018-08,Hertfordshire Constabulary,Hertfordshire Constabulary,-0.263051,51.647808,On or near ST PAUL'S CLOSE,E01023542,Hertsmere 011D,Unable to prosecute suspect
e15d9cb847391f6004782c8c3bab77258c91091979192bad11a05476b5466173,2018-08,Hertfordshire Constabulary,Hertfordshire Constabulary,-0.186467,51.980354,On or near TEMPLAR AVENUE,E01023593,North Hertfordshire 004G,Investigation complete; no suspect identified
57304e4c98b4ba294709de6ca3b34c9ebcf5ed5580835f8039fabde9b9b928f4,2018-08,Hertfordshire Constabulary,Hertfordshire Constabulary,-0.022125,51.737968,On or near Petrol Station,E01023340,Broxbourne 005A,Investigation complete; no suspect identified
33bdf3fd9f9df6d1d7ec6e9123c6ccf8153a1349a3d72d6b0bd6f2f111c1e74e,2018-08,Hertfordshire Constabulary,Hertfordshire Constabulary,-0.488626,51.744624,On or near RIVER PARK,E01023379,Dacorum 018C,Suspect charged
122e4fd28e6646bf27a28f4451ce810ace603c3540fd6bd59020f78ce6fb29fc,2018-08,Hertfordshire Constabulary,Hertfordshire Constabulary,-0.449438,51.762160,On or near WIDMORE DRIVE,E01023346,Dacorum 013B,Investigation complete; no suspect identified
6f0c816fbfe8eb3e418420b90faf989d684ed60465ed757adfd4be64937a27dd,2018-08,Hertfordshire Constabulary,Hertfordshire Constabulary,-0.307479,51.762341,On or near JERSEY LANE,E01023714,St Albans 010B,Investigation complete; no suspect identified
d14594206a4f4b388c1499f1b31c3de2517d6513a1f293c5e5961f1a3151378b,2018-08,Hertfordshire Constabulary,Hertfordshire Constabulary,-0.319076,51.687658,On or near OAKWAY PLACE,E01023525,Hertsmere 005C,Unable to prosecute suspect
1542133a3ea2adb13be868ad3b38fb1111026206ebed20c61a43e0155bed921f,2018-08,Hertfordshire Constabulary,Hertfordshire Constabulary,-0.663487,51.811859,On or near Park/Open Space,E01023419,Dacorum 003B,Unable to prosecute suspect
d30b5679a869d54eab0e2f12dadc3a9c416997ea45e90a3a75b234ae30f4467f,2018-08,Hertfordshire Constabulary,Hertfordshire Constabulary,-0.397146,51.678067,On or near LONGSPRING,E01023872,Watford 004E,Investigation complete; no suspect identified
759c3812ab0febf2739d5af662971f5f0644cf06331eaec89a2510e99b6864b5,2018-08,Hertfordshire Constabulary,Hertfordshire Constabulary,-0.339097,51.929222,On or near WEST LANE,E01023653,North Hertfordshire 014F,Investigation complete; no suspect identified
c71ffbb1d4e11d3e2d4a59a3c28b3a61885480b2159a164f7730fad5d863c1fe,2018-08,Hertfordshire Constabulary,Hertfordshire Constabulary,-0.339654,51.927117,On or near SALUSBURY LANE,E01023653,North Hertfordshire 014F,Investigation complete; no suspect identified
0da696ef80cd2851f9ee127c25eac49d588c141afab2d628bb74175cfa565339,2018-08,Hertfordshire Constabulary,Hertfordshire Constabulary,-0.337771,51.927315,On or near CLARION CLOSE,E01023653,North Hertfordshire 014F,Investigation complete; no suspect identified
89d9e99dfb76fd78131641c396dc98c3b11e7aca65bd1bfa6c5ae4186f82ac59,2018-08,Hertfordshire Constabulary,Hertfordshire Constabulary,-0.471859,51.747428,On or near THE SPIRES,E01023398,Dacorum 015D,Investigation complete; no suspect identified
49e8185171972259b56c5ddaf1d428af18afed8b7002f50c49cc721fbf740766,2018-08,Hertfordshire Constabulary,Hertfordshire Constabulary,-0.118678,51.859428,On or near GREAT INNINGS NORTH,E01033609,East Hertfordshire 010E,Investigation complete; no suspect identified
ca16dc545dd3b66237890e5efa78bed6a4b906cf20d36efd3f411dfdd1e8f3e2,2018-08,Hertfordshire Constabulary,Hertfordshire Constabulary,-0.398272,51.663785,On or near STATION ROAD,E01023861,Watford 009C,Investigation complete; no suspect identified
63fd098962f00267e1f9658e252d6d2d63e7592b7da0f160be487eb8af6ca404,2018-08,Hertfordshire Constabulary,Hertfordshire Constabulary,-0.253023,51.658612,On or near Petrol Station,E01023546,Hertsmere 009C,Investigation complete; no suspect identified
b9ad990225f27054fa72cc63acf38503105f3506a2338bde17edd3ef788b1631,2018-08,Hertfordshire Constabulary,Hertfordshire Constabulary,-0.313147,51.702770,On or near HARPER LANE,E01023720,St Albans 019C,Unable to prosecute suspect
520b2efcc65f4499734f6aba7f845ba7f73dd7ac3f4d431a3622c01eceea0dc0,2018-08,Hertfordshire Constabulary,Hertfordshire Constabulary,-0.514227,51.745768,On or near Petrol Station,E01023378,Dacorum 021F,Investigation complete; no suspect identified
1ff753eb0500710b19c420ffe85b3edb0a2e78e2d3523e227184a8a40a1aa181,2018-08,Hertfordshire Constabulary,Hertfordshire Constabulary,-0.180441,51.920618,On or near Pedestrian Subway,E01023774,Stevenage 003D,Unable to prosecute suspect
31b238d8d41fa0e88a374167d945678df4a87f592b079d079036e018b0eaeb1f,2018-08,Hertfordshire Constabulary,Hertfordshire Constabulary,-0.471526,51.753008,On or near Parking Area,E01023398,Dacorum 015D,Unable to prosecute suspect
8b4da998016d079de7556ca9362826325c363cebb6e99e5e7f2f9d131a184b0b,2018-08,Hertfordshire Constabulary,Hertfordshire Constabulary,-0.205956,51.800320,On or near Supermarket,E01023918,Welwyn Hatfield 006C,Investigation complete; no suspect identified
d4062d1d1e6694f2bb1738ca99bc57b2b78c49a0f5c014b61fa516d768a3246f,2018-08,Hertfordshire Constabulary,Hertfordshire Constabulary,-0.206634,51.907784,On or near Pedestrian Subway,E01023775,Stevenage 006A,Investigation complete; no suspect identified
0a96ff1bdac9bc281f924c3c58dda9d7b972b48238c67b74f0dfb47f5488928f,2018-08,Hertfordshire Constabulary,Hertfordshire Constabulary,-0.033990,51.701856,On or near Supermarket,E01023301,Broxbourne 010E,Investigation complete; no suspect identified
ecd35422e89f1351bf45cb9221a46c54276b188bddbf1c0a8ad742bd0f8688eb,2018-08,Hertfordshire Constabulary,Hertfordshire Constabulary,-0.195291,51.797162,On or near ESSENDON GARDENS,E01023954,Welwyn Hatfield 007A,Unable to prosecute suspect
3b269f63a333791362bbaa5ef5050e1f36a60d335b5caa59d282ffe2191f1e2b,2018-08,Hertfordshire Constabulary,Hertfordshire Constabulary,-0.452592,51.766526,On or near SATURN WAY,E01023403,Dacorum 008C,Unable to prosecute suspect
c27b9e0f831dc72e316d179b014bc86ece4a229b47d0ee1f32b4d3f2a7e2a643,2018-08,Hertfordshire Constabulary,Hertfordshire Constabulary,-0.032211,51.686494,On or near Supermarket,E01023337,Broxbourne 013B,Investigation complete; no suspect identified
2f48a2924940d4fedbb2b433a12930c730d661e82b65c896622f5847cb1cb967,2018-08,Hertfordshire Constabulary,Hertfordshire Constabulary,-0.017302,51.813683,On or near CROMWELL ROAD,E01023513,East Hertfordshire 012B,Unable to prosecute suspect
7c0888b6b2922d9ef1823296695148e1f909721afd3f6d8787b376bee885a97f,2018-08,Hertfordshire Constabulary,Hertfordshire Constabulary,-0.444059,51.747891,On or near FIR TREE CLOSE,E01023411,Dacorum 017C,Unable to prosecute suspect
2b3124cffb60b9d0d80f6cfae36ddee1b0d2d0f6d077fcfebab4507f95ca5e00,2018-08,Hertfordshire Constabulary,Hertfordshire Constabulary,-0.017302,51.813683,On or near CROMWELL ROAD,E01023513,East Hertfordshire 012B,Unable to prosecute suspect
df41a29aeaa61520ad060310a64e99e1f3eb5c418744b70fa29eb8f2fef50275,2018-08,Hertfordshire Constabulary,Hertfordshire Constabulary,-0.188369,51.909366,On or near HAYWARD CLOSE,E01023781,Stevenage 006D,Unable to prosecute suspect
5abb84f1972fa19547e81dfd92d7b0d14e53ece94d1075ade11dbe0c854b0fd3,2018-08,Hertfordshire Constabulary,Hertfordshire Constabulary,-0.282697,51.668024,On or near Supermarket,E01023536,Hertsmere 006C,Suspect charged
50c249c769370a726f2aeb5ffa634d65cc6718849e455391b6e4c40b49cb0fce,2018-08,Hertfordshire Constabulary,Hertfordshire Constabulary,-0.394657,51.653970,On or near ST. MARYS VIEW,E01023862,Watford 009D,Investigation complete; no suspect identified
6690fc0ccad27486b5964fc303790f79958ffc0216b2314d3a934502db33e3a1,2018-08,Hertfordshire Constabulary,Hertfordshire Constabulary,-0.178460,51.920336,On or near Petrol Station,E01023774,Stevenage 003D,Unable to prosecute suspect
85085e7d62f0a17511b918e4447db42d7c1004da98564d32de6137159fe41be3,2018-08,Hertfordshire Constabulary,Hertfordshire Constabulary,-0.468386,51.736188,On or near MILLBANK,E01033023,Dacorum 018H,Investigation complete; no suspect identified
190668deb978b75a2da002ea73dc871989ae3191ae0d446faf9cd6d06a738745,2018-08,Hertfordshire Constabulary,Hertfordshire Constabulary,-0.394657,51.653970,On or near ST. MARYS VIEW,E01023862,Watford 009D,Investigation complete; no suspect identified
21b1d69c535e8d5350ec0bb769cba04a1006650f0eeeebc649c92777207e16b1,2018-08,Hertfordshire Constabulary,Hertfordshire Constabulary,-0.396071,51.624550,On or near FERNDOWN ROAD,E01023842,Three Rivers 012B,Unable to prosecute suspect
cc42da24da2a221e462f18f2df161551c21d6e49cb9eae519280768dd4da6a6c,2018-08,Hertfordshire Constabulary,Hertfordshire Constabulary,-0.385336,51.628665,On or near Pedestrian Subway,E01023809,Three Rivers 010B,Investigation complete; no suspect identified
d1eb38b96067a57a29da1398c9e962d901343a3ec642950e08d3355eaec0acac,2018-08,Hertfordshire Constabulary,Hertfordshire Constabulary,-0.457668,51.772806,On or near Parking Area,E01023393,Dacorum 007A,Investigation complete; no suspect identified
5ae53de304d90dad138184dce550ba872f60dfafe4f17824f1a28a2de38a038e,2018-08,Hertfordshire Constabulary,Hertfordshire Constabulary,-0.208516,51.910897,On or near DRAPERS WAY,E01023775,Stevenage 006A,Unable to prosecute suspect
2588ac9004703c01c21cf40ef1b8357abf37be73046732d0143d61b741cf8629,2018-08,Hertfordshire Constabulary,Hertfordshire Constabulary,-0.457668,51.772806,On or near Parking Area,E01023393,Dacorum 007A,Investigation complete; no suspect identified
86224f9b0ab9a971417731933d53228c1308807c1500ddb21efc70cb42f1da55,2018-08,Hertfordshire Constabulary,Hertfordshire Constabulary,-0.033398,51.690480,On or near Supermarket,E01023332,Broxbourne 012A,Investigation complete; no suspect identified
5501e17d67e78862c79bb2539bd01186c444c9a125d80ca51e5b724a63309fff,2018-08,Hertfordshire Constabulary,Hertfordshire Constabulary,-0.049057,51.701136,On or near PENGELLY CLOSE,E01023296,Broxbourne 011D,Unable to prosecute suspect
f7f90366a1fefb74e780593df43a297f29c7777d7fe3da41373b1505896400d6,2018-08,Hertfordshire Constabulary,Hertfordshire Constabulary,-0.018403,51.751537,On or near ST DAVID'S DRIVE,E01023291,Broxbourne 004C,Unable to prosecute suspect
c2510a55d66723e1fe53a2b25df4136c95ebd3686093b4256c610e572515f5ba,2018-08,Hertfordshire Constabulary,Hertfordshire Constabulary,-0.394669,51.652802,On or near GRANVILLE ROAD,E01023862,Watford 009D,Unable to prosecute suspect
815fa0da53e122a65005ea078f0456856cf7848b3860c5ff0e3f6db81140f0b7,2018-08,Hertfordshire Constabulary,Hertfordshire Constabulary,-0.008208,51.760645,On or near Supermarket,E01023320,Broxbourne 003A,Unable to prosecute suspect
00b59c3b0b02fcce18dd913981a7200fc11a2fb1fd4696ee691694a1b6d62bbb,2018-08,Hertfordshire Constabulary,Hertfordshire Constabulary,-0.311427,51.769943,On or near DOWNES ROAD,E01023710,St Albans 008B,Investigation complete; no suspect identified
6881b93b581e8425cd286e927dff3714f4cede58cdd324020cd1e270ca1e3808,2018-08,Hertfordshire Constabulary,Hertfordshire Constabulary,-0.339252,51.768415,On or near GREEN LANE,E01023671,St Albans 009C,Unable to prosecute suspect
191d84244f1fbc57e9251e9bc1507ef3700b7a389fbd608a760800632ecca371,2018-08,Hertfordshire Constabulary,Hertfordshire Constabulary,-0.231527,51.758364,On or near HILLSIDE,E01023922,Welwyn Hatfield 012C,Unable to prosecute suspect
c300cc610e52a3ac6cdab863513bb229cddc3160c149fc98e1dea253ccfbff4c,2018-08,Hertfordshire Constabulary,Hertfordshire Constabulary,-0.182149,51.889506,On or near TILLERS LINK,E01023794,Stevenage 010D,Investigation complete; no suspect identified
2f970f492d28b2508bc564ecffcbb3abd50f6ba709a2c2ec3b160f1d6cd32088,2018-08,Hertfordshire Constabulary,Hertfordshire Constabulary,-0.045771,51.702169,On or near COLLEGE ROAD,E01023294,Broxbourne 011B,Action to be taken by another organisation
37b2c2f836ee772ca269e4f3ecac5631782911244ae62604fda032134d3b285f,2018-08,Hertfordshire Constabulary,Hertfordshire Constabulary,-0.208473,51.911247,On or near Supermarket,E01023775,Stevenage 006A,Suspect charged
baa825c3ce35c92c2a3d45d25c5a865481514e00d1daec9ddf14dd9fff472e7e,2018-08,Hertfordshire Constabulary,Hertfordshire Constabulary,-0.197102,51.914571,On or near ELLIS AVENUE,E01023778,Stevenage 002C,Unable to prosecute suspect
3de5a0c434532678e2e49ca6ff5e1bb254f8ab679bd6fcce73c4f0c389e7ed23,2018-08,Hertfordshire Constabulary,Hertfordshire Constabulary,-0.391547,51.651581,On or near WELLSPRING WAY,E01023862,Watford 009D,Unable to prosecute suspect
bed99eae5345c8cff16b9c023ea461c5e650a8f3d6d07ce409e5435705c49122,2018-08,Hertfordshire Constabulary,Hertfordshire Constabulary,-0.197102,51.914571,On or near ELLIS AVENUE,E01023778,Stevenage 002C,Unable to prosecute suspect
d81534856fafdb3ac3ce5230bf08fe44725c196dd6cbe98f9c97f863fb5a3cb3,2018-08,Hertfordshire Constabulary,Hertfordshire Constabulary,-0.262256,51.653093,On or near THORNBURY GARDENS,E01023541,Hertsmere 011C,Investigation complete; no suspect identified
2af41fe4d72c2d6508f3788299c9865832367ac93917dd7f5cb1f3fdbcde4601,2018-08,Hertfordshire Constabulary,Hertfordshire Constabulary,-0.205172,51.795965,On or near CORALS MEAD,E01023954,Welwyn Hatfield 007A,Unable to prosecute suspect
97e1830671817e1e39e7465b551e6c19d69f9731e53f039412b8ee381a5d4292,2018-08,Hertfordshire Constabulary,Hertfordshire Constabulary,-0.210672,51.793297,On or near Petrol Station,E01023917,Welwyn Hatfield 006B,Investigation complete; no suspect identified
7393a1a6b35b43e41588707cf459d31eadbff59a05d8435f5d5a7936ee1be9d2,2018-08,Hertfordshire Constabulary,Hertfordshire Constabulary,-0.004361,51.767711,On or near ALDER CLOSE,E01023331,Broxbourne 002E,Unable to prosecute suspect
39f2e8707fe89d36ed0d44f2e67f1829459bf3235f9db70c0d9ab8e20883a174,2018-08,Hertfordshire Constabulary,Hertfordshire Constabulary,-0.438555,51.779810,On or near DARWIN CLOSE,E01023437,Dacorum 005D,Unable to prosecute suspect
c4be7c421add712099309e7adb077559b4134cc1748d5be2222dc2a0f78c6f82,2018-08,Hertfordshire Constabulary,Hertfordshire Constabulary,-0.391272,51.670775,On or near REGAL WAY,E01023895,Watford 005A,Investigation complete; no suspect identified
54d8314aef9fece0fafcd9c33dd994c1291d23a4f127d12f93176236a2c2a928,2018-08,Hertfordshire Constabulary,Hertfordshire Constabulary,-0.201562,51.900459,On or near THE QUADRANT,E01023758,Stevenage 008D,Investigation complete; no suspect identified
d47e5458aec5c54a0afcaa9147bd71eafd6ac3dee6d94e3ebaa962643b347cb8,2018-08,Hertfordshire Constabulary,Hertfordshire Constabulary,-0.286847,51.718611,On or near COLNBROOK CLOSE,E01023704,St Albans 018A,Investigation complete; no suspect identified
467fad8713d2e378a3c63465004112b6111df8ac49f18371f0f1a60bd746db3f,2018-08,Hertfordshire Constabulary,Hertfordshire Constabulary,-0.276743,51.655716,On or near Shopping Area,E01023530,Hertsmere 007B,Investigation complete; no suspect identified
c14c7a830b5bc1f8372bb00bfacc8559399c00b0d356cffec42abaac0c6b9985,2018-08,Hertfordshire Constabulary,Hertfordshire Constabulary,-0.439997,51.778769,On or near BURNS DRIVE,E01023435,Dacorum 005B,Investigation complete; no suspect identified
feaf0e37bdcaa3991def12a38e8ce90d5fae4b9fbeb1d0d5ae88a5a9f3cb3d3b,2018-08,Hertfordshire Constabulary,Hertfordshire Constabulary,-0.389951,51.679470,On or near Supermarket,E01023896,Watford 005B,Investigation complete; no suspect identified
f563761b22f886d4855c1fa28132c3b18bdc4629626ab4e4802755afa2410bb6,2018-08,Hertfordshire Constabulary,Hertfordshire Constabulary,-0.439997,51.778769,On or near BURNS DRIVE,E01023435,Dacorum 005B,Investigation complete; no suspect identified
37183e9246ef92e0effcb8c125f7fd088203a5c881a997cdad6c094aeb5e6273,2018-08,Hertfordshire Constabulary,Hertfordshire Constabulary,-0.230362,51.762977,On or near Further/Higher Educational Building,E01023920,Welwyn Hatfield 012A,Investigation complete; no suspect identified
dedaea7af68650f99767495acf73fcec6d4a2a555aef1be3f83c846241d3cfac,2018-08,Hertfordshire Constabulary,Hertfordshire Constabulary,-0.194897,51.792885,On or near LONGLANDS ROAD,E01023957,Welwyn Hatfield 007D,Unable to prosecute suspect
fcf5a86b2cf0442776a7bb122da17c8c4d0e64d6029f71217303c3da3594bcdf,2018-08,Hertfordshire Constabulary,Hertfordshire Constabulary,-0.195684,51.886818,On or near Shopping Area,E01023786,Stevenage 011D,Investigation complete; no suspect identified
1f6b640d35a9d8d63e52c574b0d75c9ff6105f90fbafafc48b3a5b37fd91c2cb,2018-08,Hertfordshire Constabulary,Hertfordshire Constabulary,-0.407508,51.719940,On or near BELL LANE,E01023807,Three Rivers 001D,Unable to prosecute suspect
298040f836638da27ecc6131926af2994b26cd0ca37c0171b9a2b7a41148f84f,2018-08,Hertfordshire Constabulary,Hertfordshire Constabulary,-0.167277,51.922482,On or near BIRDWING WALK,E01023789,Stevenage 001C,Unable to prosecute suspect
76f9b7b94194d8ee042bfbccc986f105b7e123b78bf9812eef04664c79749fa0,2018-08,Hertfordshire Constabulary,Hertfordshire Constabulary,-0.393132,51.648437,On or near CANNON ROAD,E01023862,Watford 009D,Investigation complete; no suspect identified
7151ecf0c1f60b1c8037ba1a8f17316e71fe8a01700f4159ca2799250cc87eb2,2018-08,Hertfordshire Constabulary,Hertfordshire Constabulary,-0.203522,51.905624,On or near Parking Area,E01023775,Stevenage 006A,Investigation complete; no suspect identified
b9a8072227e3834a1d142cfedf1fd9fb5948ab14b3e54b8b40c176c95c96f375,2018-08,Hertfordshire Constabulary,Hertfordshire Constabulary,-0.029905,51.808796,On or near AMWELL END,E01023511,East Hertfordshire 013B,Unable to prosecute suspect
38da47f0b108fbe05ae095536f31dbc47cab85cc023502ea75c4ef31a62271f0,2018-08,Hertfordshire Constabulary,Hertfordshire Constabulary,-0.570140,51.763195,On or near ST JOHN'S WELL COURT,E01023361,Dacorum 009A,Unable to prosecute suspect
63b2f8cfa7523535685bfb400b9d0bc5d6b5eedee88cc55fb10e208326a21bf5,2018-08,Hertfordshire Constabulary,Hertfordshire Constabulary,-0.293178,51.669256,On or near FELTON CLOSE,E01023533,Hertsmere 007E,Unable to prosecute suspect
bfd588c1a9400897a69da61682fcb6fe6fc2d3c3dcdd554f89b0db3596b76576,2018-08,Hertfordshire Constabulary,Hertfordshire Constabulary,-0.321526,51.766877,On or near ST ALBANS ROAD,E01023714,St Albans 010B,Investigation complete; no suspect identified
1c14113c29002f0d301ea38f2cb6cb2f3a246ce5651a70f0300db3f7337baa63,2018-08,Hertfordshire Constabulary,Hertfordshire Constabulary,-0.436249,51.778152,On or near JANE CLOSE,E01023434,Dacorum 005A,Unable to prosecute suspect
d742742ea1d048c45cbfc88d8c00533183f400ddcfd3614542ebbe4d5c9d09e7,2018-08,Hertfordshire Constabulary,Hertfordshire Constabulary,-0.023093,51.722427,On or near TARPAN WAY,E01023342,Broxbourne 005C,Unable to prosecute suspect
b775a7409ac2549e91a156c4d9874621104ebca30e07af39f9c93b164964201e,2018-08,Hertfordshire Constabulary,Hertfordshire Constabulary,-0.029167,51.712926,On or near MILL LANE,E01023304,Broxbourne 008C,Suspect charged
3df4c6b8e32e6518810b0818ed2055207be123a8bfc7c90b85f8c392997ab8ad,2018-08,Hertfordshire Constabulary,Hertfordshire Constabulary,-0.461828,51.761693,On or near THUMPERS,E01023405,Dacorum 008E,Unable to prosecute suspect
637aa685cf5b8e475ee4cd94f8fc11020be84edd2b25041e14b4386320dddb2f,2018-08,Hertfordshire Constabulary,Hertfordshire Constabulary,-0.456439,51.770165,On or near WELWYN COURT,E01023393,Dacorum 007A,Unable to prosecute suspect
4a608a356a4c2f1cdbb45581e8a115c143aaff87bc7d88fcfa69cded4d33ed90,2018-08,Hertfordshire Constabulary,Hertfordshire Constabulary,0.026715,51.824029,On or near SCHOLAR'S HILL,E01023491,East Hertfordshire 009A,Investigation complete; no suspect identified
6717b8e27a6a1b4b31faa299c6d2f4c11e027bd48b88fcc5e177022823fd0b3a,2018-08,Hertfordshire Constabulary,Hertfordshire Constabulary,-0.291658,51.720794,On or near RICHARDSON CLOSE,E01023704,St Albans 018A,Unable to prosecute suspect
d5d15964eee19c14b58811e7528b847bd4e2f8ef5b3cb3b37e4d0b0f0ba30c27,2018-08,Hertfordshire Constabulary,Hertfordshire Constabulary,-0.075353,51.798254,On or near PRIORY STREET,E01023478,East Hertfordshire 017D,Investigation complete; no suspect identified
84696e276c86d88b0b5fe00e0c9fc0c88533e068f399b014e5be0fa9e41de8cb,2018-08,Hertfordshire Constabulary,Hertfordshire Constabulary,-0.473578,51.751029,On or near BRIDGE STREET,E01023398,Dacorum 015D,Unable to prosecute suspect
0889851f16b151b6dca9d287bffb633272f34638a5a1ff6b4a7479012c5d15f9,2018-08,Hertfordshire Constabulary,Hertfordshire Constabulary,0.015959,51.885037,On or near PLASHES CLOSE,E01023498,East Hertfordshire 006A,Investigation complete; no suspect identified
d61545a02755ae96a8d3cb8d859383df129a5806e0af58a304171eac87269ede,2018-08,Hertfordshire Constabulary,Hertfordshire Constabulary,-0.178778,51.795244,On or near GREAT BREAK,E01023944,Welwyn Hatfield 008B,Investigation complete; no suspect identified
f954f2fbb89bf9d4d3e15357253e909a5b6f889c464d18a247d8c031d4c833fa,2018-08,Hertfordshire Constabulary,Hertfordshire Constabulary,-0.364458,51.842070,On or near Park/Open Space,E01017564,Central Bedfordshire 033D,Unable to prosecute suspect
8bba875a1a7f50eb04a15842f28561ee6fca407d14b259563e21d5d1f17f34e1,2018-08,Hertfordshire Constabulary,Hertfordshire Constabulary,-0.291112,51.739499,On or near TYTTENHANGER GREEN,E01023678,St Albans 015B,Investigation complete; no suspect identified
1a10d1cb8159fcffb07091575c62ce0be2ef0de37ab4134a7bca01630539b925,2018-08,Hertfordshire Constabulary,Hertfordshire Constabulary,-0.176966,51.694468,On or near Supermarket,E01023572,Hertsmere 003B,Investigation complete; no suspect identified
f401301e5ac41b98abd8050a67738bff948209405d7a0a22c5c87e978062a684,2018-08,Hertfordshire Constabulary,Hertfordshire Constabulary,-0.385430,51.693948,On or near ST ALBANS ROAD,E01023905,Watford 001B,Investigation complete; no suspect identified
fdceb55b0090c411475275d904e4ada2c8616273a9ad9cd7a1934fa258640abf,2018-08,Hertfordshire Constabulary,Hertfordshire Constabulary,-0.159962,51.800050,On or near SOMERSHAM,E01023950,Welwyn Hatfield 005A,Unable to prosecute suspect
04e83a19b1b47a86a5f9a521b439bcbea6427846d9ca8201a2ea816e00aee2f0,2018-08,Hertfordshire Constabulary,Hertfordshire Constabulary,-0.292481,51.665874,On or near FARRANT WAY,E01023529,Hertsmere 007A,Unable to prosecute suspect
6311e53a7e6dbf747bfdf967c3a9992f2c63c266a6eed80ddf1e2356373150cf,2018-08,Hertfordshire Constabulary,Hertfordshire Constabulary,-0.298947,51.728309,On or near ALEXANDER ROAD,E01023705,St Albans 018B,Investigation complete; no suspect identified
d243a11f40fc72634ec53eba5264756959b64f4cacab9ae80bd52feb9e143a1c,2018-08,Hertfordshire Constabulary,Hertfordshire Constabulary,-0.456151,51.749282,On or near Petrol Station,E01023387,Dacorum 019B,Investigation complete; no suspect identified
4e07aa11856a025013a41dc100e7860a130c6f4403b6f8ada82ef0a722f89baa,2018-08,Hertfordshire Constabulary,Hertfordshire Constabulary,-0.294913,51.668499,On or near FARM CLOSE,E01023533,Hertsmere 007E,Unable to prosecute suspect
7f676d65e4d6a25d6c4eb43bb151de2662504da5be99af4ad87db9dc6f324cdb,2018-08,Hertfordshire Constabulary,Hertfordshire Constabulary,-0.302281,51.672922,On or near Park/Open Space,E01023524,Hertsmere 005B,Investigation complete; no suspect identified
1074a91be5383b800401ab73c57d850db86dd7172cc6c83f9be0a01a22791f49,2018-08,Hertfordshire Constabulary,Hertfordshire Constabulary,-0.431156,51.631444,On or near ASKEW ROAD,E01023841,Three Rivers 011C,Unable to prosecute suspect
ad53516fcbaec8507dd791cb4bf72ce700f72ca4a234e1114ef55236d3f24296,2018-08,Hertfordshire Constabulary,Hertfordshire Constabulary,-0.171417,51.909733,On or near ROSS COURT,E01023769,Stevenage 004C,Unable to prosecute suspect
d1db976f962d468db0ff65e6769aa51f7f676cf168f0e352a3f7c0e8f11218d5,2018-08,Hertfordshire Constabulary,Hertfordshire Constabulary,-0.352579,51.827877,On or near WESTFIELD ROAD,E01023692,St Albans 001C,Unable to prosecute suspect
117e9a05da8ecb26517ee4e4704adf396533b00fa2bff51db61f678f9be4fb2b,2018-08,Hertfordshire Constabulary,Hertfordshire Constabulary,-0.354186,51.815634,On or near VAUGHAN ROAD,E01023701,St Albans 003C,Unable to prosecute suspect
117e9a05da8ecb26517ee4e4704adf396533b00fa2bff51db61f678f9be4fb2b,2018-08,Hertfordshire Constabulary,Hertfordshire Constabulary,-0.354186,51.815634,On or near VAUGHAN ROAD,E01023701,St Albans 003C,Unable to prosecute suspect
946e9d115bbbd1d8a746d48d58702df27480d773222cf4a1db41775cd8c8fca8,2018-08,Hertfordshire Constabulary,Hertfordshire Constabulary,-0.178101,51.686384,On or near BYERS CLOSE,E01023575,Hertsmere 003E,Action to be taken by another organisation
54008d7dd8ab21d901a128ae68f02bf0c0e66b63d5c7e6a7dfcdc6156d830ab3,2018-08,Hertfordshire Constabulary,Hertfordshire Constabulary,-0.405008,51.661782,On or near THE AVENUE,E01023880,Watford 007C,Unable to prosecute suspect
895bdecefc9e8f87647f3034be2d0b24600439db7818076458f205528675b6ba,2018-08,Hertfordshire Constabulary,Hertfordshire Constabulary,-0.393947,51.634394,On or near HIGHLANDS,E01023845,Three Rivers 008C,Investigation complete; no suspect identified
d4ed04247e6189d91cd9956ced01d7cdaec774b515b6cd62074eafe676ad6e0b,2018-08,Hertfordshire Constabulary,Hertfordshire Constabulary,-0.191948,51.699043,On or near Parking Area,E01023578,Hertsmere 001C,Investigation complete; no suspect identified
1421ae526cc24620b3fae4d502d41d0e227e974f0e0806aa63352249c48766d7,2018-08,Hertfordshire Constabulary,Hertfordshire Constabulary,0.165134,51.869860,On or near HOCKERILL STREET,E01023450,East Hertfordshire 004B,Unable to prosecute suspect
e5650114f0f71f39e409ec4753831e5b9d2c4876f55715efb4015689a8d6623b,2018-08,Hertfordshire Constabulary,Hertfordshire Constabulary,-0.364564,51.664669,On or near HARTSWOOD CLOSE,E01023555,Hertsmere 008D,Unable to prosecute suspect
bbc2a2908d07c35219cfd5133948580d9e44e1625a444df9faa7c6ecfe7880fd,2018-08,Hertfordshire Constabulary,Hertfordshire Constabulary,-0.343321,51.807308,On or near Supermarket,E01023703,St Albans 003E,Investigation complete; no suspect identified
5965c612be1aaabba751463354f64a5039215fef3f340093ee7819743c8d99e1,2018-08,Hertfordshire Constabulary,Hertfordshire Constabulary,-0.217721,51.761626,On or near ST ETHELDREDA'S DRIVE,E01023924,Welwyn Hatfield 011A,Investigation complete; no suspect identified
1f60365356a6be4a88ca18ef9dcc5243592da280abb0987f0fc50f524953635a,2018-08,Hertfordshire Constabulary,Hertfordshire Constabulary,-0.034185,51.711049,On or near HIGH STREET,E01023302,Broxbourne 008A,Unable to prosecute suspect
2cb3575b4f6eeab97c5a092ee7c43f1e526c9ba9270cdc44002aeec1f95e62d3,2018-08,Hertfordshire Constabulary,Hertfordshire Constabulary,-0.293751,51.749797,On or near HILL END LANE,E01023664,St Albans 013A,Unable to prosecute suspect
4f4f4d4e849f1e7987055af2d18ab7e2f0079dfe59f1e07db2aede83bcc4bda0,2018-08,Hertfordshire Constabulary,Hertfordshire Constabulary,-0.021712,51.684735,On or near ALEXANDRA WAY,E01023338,Broxbourne 013C,Unable to prosecute suspect
7ebe9a392d92305a57d127919917d8156d06d1b9c3749f9c4f8f8fa05985f779,2018-08,Hertfordshire Constabulary,Hertfordshire Constabulary,-0.414478,51.707760,On or near BREAKSPEAR COURT,E01023802,Three Rivers 001A,Unable to prosecute suspect
f05cf9ee4cb26af484c475b8292382597ee1f127bc1a54facc85c0a715d068ec,2018-08,Hertfordshire Constabulary,Hertfordshire Constabulary,0.160076,51.873451,On or near Parking Area,E01023450,East Hertfordshire 004B,Suspect charged
ca3eb5523e1ec0056f2b4a09f423cd6fbd0ad78f0b9b801bbb0769a557d370d6,2018-08,Hertfordshire Constabulary,Hertfordshire Constabulary,-0.036240,51.703026,On or near Parking Area,E01023297,Broxbourne 010A,Investigation complete; no suspect identified
3410afef0023a38f9c7d276be436e0fe5af4866f765e91d22a92bc1a471c12aa,2018-08,Hertfordshire Constabulary,Hertfordshire Constabulary,-0.414478,51.707760,On or near BREAKSPEAR COURT,E01023802,Three Rivers 001A,Unable to prosecute suspect
a4b21faebe308a6eb12c39c68f084142c77eee416248f75fbac87d36b1944b98,2018-08,Hertfordshire Constabulary,Hertfordshire Constabulary,-0.225667,51.754831,On or near THE PASTURES,E01023923,Welwyn Hatfield 012D,Investigation complete; no suspect identified
c08272b2e53e9e125cc4ab5fa42536f48bacbc32bf5dd9283a0c94d0dc6cfe6a,2018-08,Hertfordshire Constabulary,Hertfordshire Constabulary,-0.227523,51.755156,On or near CEDAR ROAD,E01023923,Welwyn Hatfield 012D,Investigation complete; no suspect identified
181f1d61b5f56e6aa0914c8ba00e2c88df1f2aacbd8021003904459fb9a2da5e,2018-08,Hertfordshire Constabulary,Hertfordshire Constabulary,-0.201612,51.906485,On or near Sports/Recreation Area,E01023779,Stevenage 006B,Unable to prosecute suspect
078dad023bdc3c1d987030d29d432ebeab2b4cf6c56dfa144e44c1d253f6d25c,2018-08,Hertfordshire Constabulary,Hertfordshire Constabulary,-0.016070,51.813014,On or near UPPER CLABDENS,E01023513,East Hertfordshire 012B,Investigation complete; no suspect identified
b7193fd2d3a9f388f9ee30cf0d8e8b2dfb93bfddd4db894aab08d4654b697e93,2018-08,Hertfordshire Constabulary,Hertfordshire Constabulary,-0.376787,51.689225,On or near OSPREY CLOSE,E01023528,Hertsmere 010A,Unable to prosecute suspect
1467fe22206dc4bfd5a08e2af5c46606ec4bcac294db684d13df146237a5f161,2018-08,Hertfordshire Constabulary,Hertfordshire Constabulary,-0.194174,51.987855,On or near Sports/Recreation Area,E01023592,North Hertfordshire 004F,Investigation complete; no suspect identified
38d43fd3f64df6edeb8966d4618624966c52c42a523642e53007f60d13cd8898,2018-08,Hertfordshire Constabulary,Hertfordshire Constabulary,-0.375573,51.623270,On or near OULTON WAY,E01023809,Three Rivers 010B,Unable to prosecute suspect
095f8339d08fcb5b13f3ba516e2615188433d9462d689759f6502248b0925c7f,2018-08,Hertfordshire Constabulary,Hertfordshire Constabulary,-0.012574,51.760890,On or near TAVERNERS WAY,E01023320,Broxbourne 003A,Investigation complete; no suspect identified
6602bd38869caebeef6db360ac086b800a6e43f6e2f239c8b9e38e0bfc59d44b,2018-08,Hertfordshire Constabulary,Hertfordshire Constabulary,-0.490607,51.640784,On or near BERRY LANE,E01023848,Three Rivers 007B,Investigation complete; no suspect identified
69eb9b1cff695a9542ebac5b0ce1a7c547238cef6755942c9c83d6be186e938c,2018-08,Hertfordshire Constabulary,Hertfordshire Constabulary,-0.034571,51.715831,On or near BELTONA GARDENS,E01023305,Broxbourne 008D,Unable to prosecute suspect
1856b17c218680beb81ba867728a437086cf6ee798e397f96bc86ef150bf75de,2018-08,Hertfordshire Constabulary,Hertfordshire Constabulary,-0.659564,51.799856,On or near Supermarket,E01023418,Dacorum 003A,Investigation complete; no suspect identified
a9bd86d37098e444c3357ba75f9b3f5deb2d3cfaabd223f96481b9e2e827d91e,2018-08,Hertfordshire Constabulary,Hertfordshire Constabulary,-0.291112,51.739499,On or near TYTTENHANGER GREEN,E01023678,St Albans 015B,Investigation complete; no suspect identified
cd3fc05dcb863d1bd025c9f656104cf86d1fefcd217853fa402247c6ecf997a1,2018-08,Hertfordshire Constabulary,Hertfordshire Constabulary,-0.449066,51.775112,On or near ST AGNELLS LANE,E01023395,Dacorum 007C,Unable to prosecute suspect
33dc7f5e479119d94c778f1450908b0668b5be915f2feaacb237ac1b8dddb5d2,2018-08,Hertfordshire Constabulary,Hertfordshire Constabulary,-0.471526,51.753008,On or near Parking Area,E01023398,Dacorum 015D,Investigation complete; no suspect identified
316b9031cc0db245079ce3bcf276db26ec9b7b227b37150bc39fe6d569c17f53,2018-08,Hertfordshire Constabulary,Hertfordshire Constabulary,-0.267833,51.952886,On or near DACRE ROAD,E01023601,North Hertfordshire 010A,Investigation complete; no suspect identified
2a047129e72a08edd016a83e2c7b21a2864f46eab70fbf079534d0175edf9672,2018-08,Hertfordshire Constabulary,Hertfordshire Constabulary,-0.034030,51.686569,On or near SWAN ROAD,E01023337,Broxbourne 013B,Investigation complete; no suspect identified
43129121324a77ab002ad9b687695095d6366f4a05164849fc37f72a09ca3802,2018-08,Hertfordshire Constabulary,Hertfordshire Constabulary,-0.311392,51.757290,On or near GLEAVE CLOSE,E01023675,St Albans 011C,Investigation complete; no suspect identified
284d2f8ae48cc622364dcb83cf2aa843520f0b08b718894d3777c1fe09c9dcc7,2018-08,Hertfordshire Constabulary,Hertfordshire Constabulary,-0.228835,51.763107,On or near Supermarket,E01023920,Welwyn Hatfield 012A,Investigation complete; no suspect identified
c249144a2c71a3afc246e3c7e88c461b53a4bd8a4eab4b46f2ce5c7f32770951,2018-08,Hertfordshire Constabulary,Hertfordshire Constabulary,-0.471974,51.757770,On or near QUEENSWAY,E01023400,Dacorum 015E,Investigation complete; no suspect identified
81fffe0f7638167e44ba3059084a51aafbd122879d6d208dc6e4af9bead2a599,2018-08,Hertfordshire Constabulary,Hertfordshire Constabulary,-0.221832,51.912430,On or near BLYTH CLOSE,E01023796,Stevenage 005B,Unable to prosecute suspect
c3459ffcffbe1e5c214c0d1f46b10220c82dc773ac0d87a97027478fd0017e24,2018-08,Hertfordshire Constabulary,Hertfordshire Constabulary,-0.436302,51.753551,On or near A414,E01023411,Dacorum 017C,Investigation complete; no suspect identified
d2aae0d35c50a6c4b981fdb02aae5ad14e65e2a684f85f392ea96a65f7207c5c,2018-08,Hertfordshire Constabulary,Hertfordshire Constabulary,-0.349868,51.756695,On or near VERULAM ROAD,E01023669,St Albans 009A,Investigation complete; no suspect identified
2d6f0fc48f096e8624f55536705917b14e402c2d4e4f263bced86761488d3713,2018-08,Hertfordshire Constabulary,Hertfordshire Constabulary,-0.329827,51.757149,On or near BOWGATE,E01023676,St Albans 011D,Unable to prosecute suspect
fa16e74422446505c158af9f0b6eeedcc146d4d0fef895b2b0749b3bc5caa607,2018-08,Hertfordshire Constabulary,Hertfordshire Constabulary,-0.168950,51.892457,On or near Supermarket,E01023793,Stevenage 010C,Unable to prosecute suspect
5c2284c244f480988e873aacd067ed48fa90056f03a2f1923930661b23b82e13,2018-08,Hertfordshire Constabulary,Hertfordshire Constabulary,-0.202295,51.914498,On or near WALKERN ROAD,E01023777,Stevenage 002B,Investigation complete; no suspect identified
761e17cfeb7d67c464564a9375d3d2bc00dd392078be5c7f69dad47b2bb9ebad,2018-08,Hertfordshire Constabulary,Hertfordshire Constabulary,-0.389951,51.679470,On or near Supermarket,E01023896,Watford 005B,Unable to prosecute suspect
2b1b65b144d7af0b7504d063b048bbe77ec60621d85c5675293979fa3fc3b67a,2018-08,Hertfordshire Constabulary,Hertfordshire Constabulary,-0.363763,51.704961,On or near HAMILTON CLOSE,E01023717,St Albans 020A,Investigation complete; no suspect identified
9643f35cd453e7b2a8f5e096dc48d1468bc1e0f62579435229eaa9b05b826687,2018-08,Hertfordshire Constabulary,Hertfordshire Constabulary,-0.022611,51.721196,On or near FARRIERS END,E01023342,Broxbourne 005C,Unable to prosecute suspect
8422f9bda3357816b83e5c5d667fe51ce01448d3bf92bb69b3de56fb4458d36c,2018-08,Hertfordshire Constabulary,Hertfordshire Constabulary,-0.354621,51.650152,On or near LEA CLOSE,E01023560,Hertsmere 012C,Unable to prosecute suspect
9c20a46aa6520d83c2b6bb1b6288c083401298b540e7b862cd8b915902bfcf16,2018-08,Hertfordshire Constabulary,Hertfordshire Constabulary,-0.200291,51.910079,On or near PRIMROSE HILL ROAD,E01023775,Stevenage 006A,Suspect charged
a06ca64d52c71759c94f7edfef3d4ea10c9e7dc8069d6346c9fefcc7f44335d8,2018-08,Hertfordshire Constabulary,Hertfordshire Constabulary,-0.354621,51.650152,On or near LEA CLOSE,E01023560,Hertsmere 012C,Unable to prosecute suspect
706243999f1d95f93da3e2e08131bd9c33c6fa32aa519382e7648e7e77df4f39,2018-08,Hertfordshire Constabulary,Hertfordshire Constabulary,-0.354621,51.650152,On or near LEA CLOSE,E01023560,Hertsmere 012C,Unable to prosecute suspect
fb78cba81bc8fc573dba81dd95272f158e0c9faea2647aa80a6d68f6f8247a20,2018-08,Hertfordshire Constabulary,Hertfordshire Constabulary,-0.352775,51.826890,On or near MASEFIELD ROAD,E01023692,St Albans 001C,Unable to prosecute suspect
486970480f7e8b5d1392bf315f3ac049c1c5d97d6bb9fdadecbb79f1b0e6d238,2018-08,Hertfordshire Constabulary,Hertfordshire Constabulary,-0.199176,51.901250,On or near Pedestrian Subway,E01023758,Stevenage 008D,Investigation complete; no suspect identified
f21b54d81207ce0f68c6e265db92cbe2f9ab61406b2cb72b0346d6abffc1755f,2018-08,Hertfordshire Constabulary,Hertfordshire Constabulary,-0.347544,51.717934,On or near BURSTON DRIVE,E01023721,St Albans 019D,Unable to prosecute suspect
c252b9df229cd6a53bb5d5b9484872f519f4028b47ecf1b80821a8e1fad05fa4,2018-08,Hertfordshire Constabulary,Hertfordshire Constabulary,-0.300861,51.703915,On or near MEADOW AVENUE,E01023582,Hertsmere 004B,Unable to prosecute suspect
7c0e142c2f86c804107246432429fcc46dc938ceee6a4ecb528cc50617fe9a65,2018-08,Hertfordshire Constabulary,Hertfordshire Constabulary,-0.262180,51.655475,On or near KENILWORTH CLOSE,E01023541,Hertsmere 011C,Investigation complete; no suspect identified
cf29a00a9142d30fe64b33e86e6b03768144082e7439e2798a9f0bd044ea404e,2018-08,Hertfordshire Constabulary,Hertfordshire Constabulary,-0.354155,51.652250,On or near CORNFIELD ROAD,E01023562,Hertsmere 012E,Investigation complete; no suspect identified
08d05f2012a4143ad70c9d7840f216b891a9484a34a89e4fdc4c10000edf90f5,2018-08,Hertfordshire Constabulary,Hertfordshire Constabulary,-0.192567,51.891338,On or near Parking Area,E01023755,Stevenage 008A,Unable to prosecute suspect
ef768a2bb7f249632e8f7cc7e827ffe08b2459f672355627898c12d8688bd0d8,2018-08,Hertfordshire Constabulary,Hertfordshire Constabulary,-0.022611,51.721196,On or near FARRIERS END,E01023342,Broxbourne 005C,Unable to prosecute suspect
ffbbbe5237dc6b97d95d827c7c0ef723069b479aab0878933ea39415dd9ccc8c,2018-08,Hertfordshire Constabulary,Hertfordshire Constabulary,-0.239254,51.974753,On or near WESTBURY PLACE,E01023646,North Hertfordshire 008C,Unable to prosecute suspect
52aa2e647ef6156aed62f003c7c1d35dbb3a03ef6191429260d67b4f536bf275,2018-08,Hertfordshire Constabulary,Hertfordshire Constabulary,-0.460748,51.742320,On or near RISEDALE CLOSE,E01023389,Dacorum 019D,Investigation complete; no suspect identified
d88994c1d65b465444b76615d697b6e8048202fd13c3e629cfec926b2c38ac4f,2018-08,Hertfordshire Constabulary,Hertfordshire Constabulary,-0.219415,51.760923,On or near HOWE DELL,E01023924,Welwyn Hatfield 011A,Offender given a caution
c48dff32e9c9bc79d1e66dd5fd33bb4d352d98b0723313b4c4816b9c47305259,2018-08,Hertfordshire Constabulary,Hertfordshire Constabulary,-0.389951,51.679470,On or near Supermarket,E01023896,Watford 005B,Unable to prosecute suspect
ebc5ec43f57d83a24d697715a5a4bc347b0ca04834ccfa4e2488976dc54cfc0f,2018-08,Hertfordshire Constabulary,Hertfordshire Constabulary,0.177488,51.880521,On or near NORTHOLT AVENUE,E01023439,East Hertfordshire 005B,Unable to prosecute suspect
ed27c04624e7fdd6d09dc8996a7fdd6ad946c4cbd342eb1d7bf103e0abe369f2,2018-08,Hertfordshire Constabulary,Hertfordshire Constabulary,-0.191161,51.696270,On or near Parking Area,E01023577,Hertsmere 001B,Investigation complete; no suspect identified
a7f1e06c815c876c8286b1995c883b665a615cf483f17505423163ca34646d4d,2018-08,Hertfordshire Constabulary,Hertfordshire Constabulary,-0.195748,51.814425,On or near ARCHFIELD,E01023915,Welwyn Hatfield 004D,Unable to prosecute suspect
b81d2001bb798e6943dc16cf13f741bfc45fe17c82e8caeb48da78f5a44fc27f,2018-08,Hertfordshire Constabulary,Hertfordshire Constabulary,-0.035262,51.685529,On or near BERKLEY AVENUE,E01023337,Broxbourne 013B,Investigation complete; no suspect identified
080a1de03ce816ec1ece45a59f028786feeff917b5addcf3eb5427dc89f73955,2018-08,Hertfordshire Constabulary,Hertfordshire Constabulary,-0.465842,51.760433,On or near CLARENDON CLOSE,E01023401,Dacorum 008A,Investigation complete; no suspect identified
e6fcdb54540e6e1b1e246bf0b83deecc923f64a86b3b51e3614e906b5f7442aa,2018-08,Hertfordshire Constabulary,Hertfordshire Constabulary,-0.394857,51.655268,On or near Shopping Area,E01023860,Watford 009B,Investigation complete; no suspect identified
3c2ece36593a90bb2dbcaec370dd972a4a1eadae287b5a264821d59ac6a3fb02,2018-08,Hertfordshire Constabulary,Hertfordshire Constabulary,-0.426299,51.823311,On or near Petrol Station,E01023430,Dacorum 001A,Investigation complete; no suspect identified
ce12e1db0f45f8ffb013b8d21f36d3f94df8c1beefca8f47829a991e005aa4cd,2018-08,Hertfordshire Constabulary,Hertfordshire Constabulary,-0.569861,51.765602,On or near SOUTH PARK GARDENS,E01023364,Dacorum 009D,Unable to prosecute suspect
379db3d7ca3c217e0b35e70e1f5be6bf5b789c10e548816fa798f772f7418f2a,2018-08,Hertfordshire Constabulary,Hertfordshire Constabulary,-0.460091,51.656357,On or near LOUDWATER LANE,E01023820,Three Rivers 006B,Unable to prosecute suspect
67b79793446a1e18cb5841dde02a8c7e4d80f98c10865ff2bc9bd0c873f3408d,2018-08,Hertfordshire Constabulary,Hertfordshire Constabulary,-0.186685,51.839247,On or near LANERCOST CLOSE,E01023965,Welwyn Hatfield 001A,Investigation complete; no suspect identified
56c4b5889e25e94c077f270c4d5e13ede3da482d8a043dedfee99e465a4ba6b6,2018-08,Hertfordshire Constabulary,Hertfordshire Constabulary,-0.361607,51.648442,On or near BOURNE ROAD,E01023562,Hertsmere 012E,Investigation complete; no suspect identified
51263ee96267f15702b8575e09548f822cd0020ee5b67d86e3880b8baab17f5a,2018-08,Hertfordshire Constabulary,Hertfordshire Constabulary,-0.199944,51.900929,On or near EASTGATE,E01023758,Stevenage 008D,Unable to prosecute suspect
9c8e215d2b65ef99ca228f5d309d20f8b79e02be996be0945f371078e262a8ce,2018-08,Hertfordshire Constabulary,Hertfordshire Constabulary,-0.194174,51.987855,On or near Sports/Recreation Area,E01023592,North Hertfordshire 004F,Unable to prosecute suspect
0284df33c911c3d35391055ad9d32d0f87c7499d1cb893ccf8fc15b015d04a47,2018-08,Hertfordshire Constabulary,Hertfordshire Constabulary,-0.336647,51.747409,On or near COTTONMILL CRESCENT,E01023740,St Albans 017D,Investigation complete; no suspect identified
6f3ef708d50d1c0ff3e6daea3f9f3c5d4255f552ef8273c5e7fa0af2c8123dcf,2018-08,Hertfordshire Constabulary,Hertfordshire Constabulary,-0.012033,51.759991,On or near HIGH STREET,E01023320,Broxbourne 003A,Unable to prosecute suspect
c44619db3d0665ad2272ef1c25d30589c8259a46008ebd8ddfcbf25e0c2cde11,2018-08,Hertfordshire Constabulary,Hertfordshire Constabulary,-0.184560,51.884840,On or near LODGE WAY,E01023784,Stevenage 011B,Unable to prosecute suspect
6fe7225668c5aeb5c053ce6e4d36e3440bdcc02a806cb9577e56275343ef4cc6,2018-08,Hertfordshire Constabulary,Hertfordshire Constabulary,-0.238843,51.977786,On or near HORACE GAY GARDENS,E01023649,North Hertfordshire 007A,Investigation complete; no suspect identified
d113a198403d9138513d5eb2ca787e44024f5939a41548a80db4231ad898c18d,2018-08,Hertfordshire Constabulary,Hertfordshire Constabulary,-0.034808,51.703353,On or near Police Station,E01023301,Broxbourne 010E,Suspect charged
6b3609ee75317e25bc2a8c97ea00d160b2c82b5d010db1889c0fef9a981548e7,2018-08,Hertfordshire Constabulary,Hertfordshire Constabulary,-0.012033,51.759991,On or near HIGH STREET,E01023320,Broxbourne 003A,Unable to prosecute suspect
cf953c7238e5840a5726cdf7a9ebde22f61c5bb84ccc26e25bca00b19c4c9e97,2018-08,Hertfordshire Constabulary,Hertfordshire Constabulary,-0.426299,51.823311,On or near Petrol Station,E01023430,Dacorum 001A,Unable to prosecute suspect
c62ad67950bc314e7c3ebfca346b335d4acf72688239a885acaba449e51e7b98,2018-08,Hertfordshire Constabulary,Hertfordshire Constabulary,-0.256742,51.645350,On or near SADDLERS CLOSE,E01023543,Hertsmere 011E,Investigation complete; no suspect identified
dc5912fb4a90903e7039d87311d84a2d5d1595440bb64cd8b3786cd212cdcb81,2018-08,Hertfordshire Constabulary,Hertfordshire Constabulary,-0.367562,51.646844,On or near FALCONER ROAD,E01023563,Hertsmere 012F,Unable to prosecute suspect
236d3287bb708c1f2a53ebfc551b571061f6aac254133f3790d33dd9d817b1dd,2018-08,Hertfordshire Constabulary,Hertfordshire Constabulary,-0.237321,51.743911,On or near REDHALL CLOSE,E01023932,Welwyn Hatfield 013A,Unable to prosecute suspect
18ed146ba26c6b90f1b4032a46ee7f8908a76f08092fe15cb5acf04e1ea0ad2d,2018-08,Hertfordshire Constabulary,Hertfordshire Constabulary,-0.356921,51.817435,On or near THE FORRESTERS,E01023701,St Albans 003C,Suspect charged
18ed146ba26c6b90f1b4032a46ee7f8908a76f08092fe15cb5acf04e1ea0ad2d,2018-08,Hertfordshire Constabulary,Hertfordshire Constabulary,-0.356921,51.817435,On or near THE FORRESTERS,E01023701,St Albans 003C,Suspect charged
3f2932490a8f296736602eead6eea0070a612115c40083ffeafb8e6ad7ddbce2,2018-08,Hertfordshire Constabulary,Hertfordshire Constabulary,-0.168744,51.906805,On or near Sports/Recreation Area,E01023761,Stevenage 007C,Unable to prosecute suspect
fb251c2cbafb9a41a2fe150c14c0391e4f39a17aafad164064b6158c54ac634b,2018-08,Hertfordshire Constabulary,Hertfordshire Constabulary,-0.032921,51.684447,On or near HIGH STREET,E01023337,Broxbourne 013B,Investigation complete; no suspect identified
56ffd35351624bb15623f0a468af2b042436461e59a613167f297b93e70055eb,2018-08,Hertfordshire Constabulary,Hertfordshire Constabulary,0.162431,51.870449,On or near THE CAUSEWAY,E01023450,East Hertfordshire 004B,Unable to prosecute suspect
d8fddcdec307babf333a193efbdc43034b32f5530f4336f50417b2a148518cd0,2018-08,Hertfordshire Constabulary,Hertfordshire Constabulary,0.161039,51.870214,On or near Parking Area,E01023449,East Hertfordshire 004A,Investigation complete; no suspect identified
37fb3ccc0618244ae68dbbca5ac782f1290a0f8517c28dfd65c7d5c8a428f06f,2018-08,Hertfordshire Constabulary,Hertfordshire Constabulary,-0.215849,51.925809,On or near Parking Area,E01023800,Stevenage 002E,Unable to prosecute suspect
2097a1e41635523c8a528fd00e55a6101f22f95bc6db076113fae14df0673157,2018-08,Hertfordshire Constabulary,Hertfordshire Constabulary,-0.204120,51.793602,On or near CHEQUERS,E01023954,Welwyn Hatfield 007A,Unable to prosecute suspect
be757de06c6cf047f776179e54c38fcca8ec7029508ee2d208fc70b20167d6be,2018-08,Hertfordshire Constabulary,Hertfordshire Constabulary,-0.011724,51.766694,On or near Petrol Station,E01023327,Broxbourne 002A,Suspect charged
b9ddaf1e3f08ca272151bb153a1a4791a5b5c4500394a8fada81344157cf0f8e,2018-08,Hertfordshire Constabulary,Hertfordshire Constabulary,-0.208946,51.912162,On or near BELL LANE,E01023775,Stevenage 006A,Investigation complete; no suspect identified
fbda24cf7c5ff35a3e64851dd18dc8c6ac65fd28e62518fb9a31d4a2e738cb9f,2018-08,Hertfordshire Constabulary,Hertfordshire Constabulary,-0.298826,51.750815,On or near LONGACRES,E01023664,St Albans 013A,Investigation complete; no suspect identified
fa4d67b1d07c2449a85b9bf0e39e258e99a359e3ea5062eeafd1a2b51b0bdc25,2018-08,Hertfordshire Constabulary,Hertfordshire Constabulary,-0.302740,51.756177,On or near HAZELWOOD DRIVE,E01023668,St Albans 013D,Investigation complete; no suspect identified
6a94e39298af5f7084ee3d29cf65f972dbcef994e78c8fa69078f653e02df6de,2018-08,Hertfordshire Constabulary,Hertfordshire Constabulary,-0.390464,51.733114,On or near BEDMOND LANE,E01023722,St Albans 006A,Investigation complete; no suspect identified
08ea05cbacdb47e632fb1a5be3d0689f945e386f959709b8d4b2089f43a8d83b,2018-08,Hertfordshire Constabulary,Hertfordshire Constabulary,-0.189987,51.697412,On or near STRAFFORD CLOSE,E01023578,Hertsmere 001C,Investigation complete; no suspect identified
9e375e75cb26a7ac1133618d1939d74a7c843e88586964f29224e806650a334a,2018-08,Hertfordshire Constabulary,Hertfordshire Constabulary,-0.023325,52.047326,On or near JOHN STREET,E01023660,North Hertfordshire 001A,Local resolution
a7e4cf679b0a8e190d577a9828613f2b13ab3654bb4c3b97390d04bb7dd1f2d8,2018-08,Hertfordshire Constabulary,Hertfordshire Constabulary,0.005400,51.788137,On or near Supermarket,E01023505,East Hertfordshire 018F,Investigation complete; no suspect identified
6661ea253d8490a7f28d61991d522d5f2c5ef189342775d2bdc94e9593e47790,2018-08,Hertfordshire Constabulary,Hertfordshire Constabulary,0.135741,51.805948,On or near WYCHFORD DRIVE,E01023500,East Hertfordshire 011B,Investigation complete; no suspect identified
e646ddb7761917ceb5f4b38e69b098640e43779f75d9e7a512ab83b08b3dafd1,2018-08,Hertfordshire Constabulary,Hertfordshire Constabulary,-0.333184,51.738781,On or near ABBOTS AVENUE,E01023738,St Albans 017B,Unable to prosecute suspect
9d52afe3583e483bc6dc7d467b9c40a009ba08af6905ddbd7b6774dfef865fd9,2018-08,Hertfordshire Constabulary,Hertfordshire Constabulary,-0.286857,51.653940,On or near BARHAM AVENUE,E01023565,Hertsmere 010C,Investigation complete; no suspect identified
662e09f795d95832d939a2d85dbea59732c7c2026c5b8e7bf2af63cfa3da3029,2018-08,Hertfordshire Constabulary,Hertfordshire Constabulary,-0.438133,51.708445,On or near Parking Area,E01023808,Three Rivers 001E,Investigation complete; no suspect identified
fe1a2b5167fe256d777e7790831424825cf5751696ea94d510bb6a0ede2733ab,2018-08,Hertfordshire Constabulary,Hertfordshire Constabulary,-0.032211,51.686494,On or near Supermarket,E01023337,Broxbourne 013B,Investigation complete; no suspect identified
11d0727a7c71efb297fc77744ccf08b0f88c6c20786c03e6abf17af8fb9b3efd,2018-08,Hertfordshire Constabulary,Hertfordshire Constabulary,-0.318370,51.737158,On or near NEW BARNES AVENUE,E01023684,St Albans 016D,Unable to prosecute suspect
dc1709cf5f8496c93bc06d89738c5d314eca35c0593161a2b7be52ca70a585f4,2018-08,Hertfordshire Constabulary,Hertfordshire Constabulary,-0.359823,51.819427,On or near Petrol Station,E01023699,St Albans 003A,Investigation complete; no suspect identified
17e0840fb199a8805c5ce361a9ab61c7c9c2a23db510031a46edae1eed426a7a,2018-08,Hertfordshire Constabulary,Hertfordshire Constabulary,-0.204587,51.801198,On or near Shopping Area,E01023918,Welwyn Hatfield 006C,Unable to prosecute suspect
d6dafda7db3c5d5d4afe693cb97cbef6dd10447b2ff43d1e566c1c10acf82f18,2018-08,Hertfordshire Constabulary,Hertfordshire Constabulary,-0.225831,51.760643,On or near WOOD CLOSE,E01023924,Welwyn Hatfield 011A,Unable to prosecute suspect
5dfe7a3e5c82b6f44610524ef70bc193371910738c59b39c74fe940c75f7dc0f,2018-08,Hertfordshire Constabulary,Hertfordshire Constabulary,-0.471424,51.749149,On or near Shopping Area,E01023398,Dacorum 015D,Investigation complete; no suspect identified
fc3f99fa2455759b9364dbbc36ad6f947ad3f90c9c8d6fef22e72c1b52ece26f,2018-08,Hertfordshire Constabulary,Hertfordshire Constabulary,-0.509930,51.609882,On or near OLD UXBRIDGE ROAD,E01023837,Three Rivers 009C,Investigation complete; no suspect identified
470496aa61e566f1fbf1cff5996286e05dfe59d732a0f899ce265160fcdbe3a0,2018-08,Hertfordshire Constabulary,Hertfordshire Constabulary,-0.458440,51.765030,On or near CHILTERNS,E01023402,Dacorum 008B,Unable to prosecute suspect
62a59ebb8fcde755b8db9cf39cff5be7b004e9909b7e837c288be710bb630e17,2018-08,Hertfordshire Constabulary,Hertfordshire Constabulary,-0.456180,51.733133,On or near THE CART TRACK,E01023414,Dacorum 020E,Unable to prosecute suspect
54826cb1653762a04ed8deb3d40dbad266d6dd87ac4b748fccb84ab61f4dcb84,2018-08,Hertfordshire Constabulary,Hertfordshire Constabulary,-0.035223,51.709142,On or near WYCLIFFE CLOSE,E01023298,Broxbourne 010B,Unable to prosecute suspect
4e67c9cae327b839bf30d970a8c93ea664d4477ad0d618a66c925462f90a6c72,2018-08,Hertfordshire Constabulary,Hertfordshire Constabulary,-0.227035,51.763934,On or near ROBIN HOOD LANE,E01023920,Welwyn Hatfield 012A,Investigation complete; no suspect identified
d5cda511bf566aed899863089e54f9cc147bddbba72fed6a430c36fb0f1d7f07,2018-08,Hertfordshire Constabulary,Hertfordshire Constabulary,-0.398009,51.656903,On or near Shopping Area,E01023861,Watford 009C,Unable to prosecute suspect
b42e7a6f9a01ada06f8929e0065b1a277f2f87173105247e1c72032cb1581db1,2018-08,Hertfordshire Constabulary,Hertfordshire Constabulary,-0.340704,51.771097,On or near HIGH OAKS,E01023671,St Albans 009C,Unable to prosecute suspect
524a6f7c35c32fe64fee53880220161eb12c8be9f0f743f4635ca034ed2e680c,2018-08,Hertfordshire Constabulary,Hertfordshire Constabulary,-0.399146,51.660722,On or near ALBERT ROAD NORTH,E01023861,Watford 009C,Unable to prosecute suspect
c00789f0340cd925ea6cf8f2171efd7585ab9208818fed93aa6273c25770807d,2018-08,Hertfordshire Constabulary,Hertfordshire Constabulary,-0.251645,51.934313,On or near A602,E01023622,North Hertfordshire 014B,Unable to prosecute suspect
e23fc6465b44f1a5ded1e1d1ae7f0b3c31228df879dbd1b8c6cf53ae0ad172dc,2018-08,Hertfordshire Constabulary,Hertfordshire Constabulary,-0.184918,51.920310,On or near MARTINS WAY,E01023772,Stevenage 003B,Unable to prosecute suspect
4d397484d145a4936e91de368619a95cca5747bf247191499760353192531de8,2018-08,Hertfordshire Constabulary,Hertfordshire Constabulary,-0.400866,51.658281,On or near Nightclub,E01023861,Watford 009C,Unable to prosecute suspect
e6dfe1c102645ac8cb7f1a3657b1bc358b7a396a6f3e1fb2c1a765ebc39186bd,2018-08,Hertfordshire Constabulary,Hertfordshire Constabulary,-0.251645,51.934313,On or near A602,E01023622,North Hertfordshire 014B,Unable to prosecute suspect
f77700c45220abdc55d3381fc3bc4baf53fdd364e6ecf4bb57bb6a72196defe1,2018-08,Hertfordshire Constabulary,Hertfordshire Constabulary,-0.205363,51.904294,On or near Petrol Station,E01023758,Stevenage 008D,Unable to prosecute suspect
10722ce70bdbe35fa61e88f8e42df463f1a04b27cfe5efbda98df0fc3e444eef,2018-08,Hertfordshire Constabulary,Hertfordshire Constabulary,-0.172740,51.875692,On or near WINDSOR CLOSE,E01023764,Stevenage 012B,Unable to prosecute suspect
fa157eedc48047cc361e11153f380e3097caf9a6ee4c39024061690a837ef9eb,2018-08,Hertfordshire Constabulary,Hertfordshire Constabulary,-0.459401,51.775536,On or near ARGYLL ROAD,E01023394,Dacorum 007B,Unable to prosecute suspect
d0f3fd22016c85ecbb059be7c619f130a31fb9e7b14ced395e1f0b62b324b1bb,2018-08,Hertfordshire Constabulary,Hertfordshire Constabulary,-0.467135,51.736343,On or near Petrol Station,E01033023,Dacorum 018H,Unable to prosecute suspect
7efff3d219c1771546ffc3c0376a1fed86645ca434c5316420f86c016855886a,2018-08,Hertfordshire Constabulary,Hertfordshire Constabulary,0.161030,51.869414,On or near Shopping Area,E01023449,East Hertfordshire 004A,Unable to prosecute suspect
7572166f2416e45b3443ba284d39d303211441303b8534e4f42d2aceee587542,2018-08,Hertfordshire Constabulary,Hertfordshire Constabulary,-0.393668,51.623870,On or near OAKDALE CLOSE,E01023842,Three Rivers 012B,Unable to prosecute suspect
39f33f843a40b92fc2cf128610998f3a61f33a2846b3f470a133e2f60d36ffc9,2018-08,Hertfordshire Constabulary,Hertfordshire Constabulary,-0.068189,51.707261,On or near CATTLINS CLOSE,E01023314,Broxbourne 009A,Unable to prosecute suspect
d97a26a5f2f1e1f6ac5130b277358a011d956a360781142eba964f2493a6ac1d,2018-08,Hertfordshire Constabulary,Hertfordshire Constabulary,-0.458440,51.765030,On or near CHILTERNS,E01023402,Dacorum 008B,Unable to prosecute suspect
c983171ba7998c6c3fe38dcdafbac739e855c46374a0b00f051530bf848ee895,2018-08,Hertfordshire Constabulary,Hertfordshire Constabulary,-0.463607,51.837337,On or near OLD VICARAGE GARDENS,E01023433,Dacorum 001D,Investigation complete; no suspect identified
47ae1e2e5dfece06823af67d01a602f2d492b16f29563e18df10784c17ecf1d5,2018-08,Hertfordshire Constabulary,Hertfordshire Constabulary,-0.073672,51.796527,On or near Pedestrian Subway,E01023478,East Hertfordshire 017D,Suspect charged
7919d407027384596a5c3afa851960d722097cc3cf9f71dcef61165235c0d820,2018-08,Hertfordshire Constabulary,Hertfordshire Constabulary,-0.395474,51.670941,On or near YARMOUTH ROAD,E01023858,Watford 006D,Investigation complete; no suspect identified
0d9c077e41715b80dc5545d7e4dad9dc265e17ac95557d0d5f0d26f7087dde0a,2018-08,Hertfordshire Constabulary,Hertfordshire Constabulary,0.161039,51.870214,On or near Parking Area,E01023449,East Hertfordshire 004A,Investigation complete; no suspect identified
f7e2da853ca0990acb236c6936963b996d5723c4b56efc00e6da4218d0204e91,2018-08,Hertfordshire Constabulary,Hertfordshire Constabulary,-0.576938,51.760850,On or near SHRUBLANDS AVENUE,E01023370,Dacorum 012B,Unable to prosecute suspect
5fb48c50bf03ad6376339c26c7dace9868e329805e1c2b43b476256016ce32fa,2018-08,Hertfordshire Constabulary,Hertfordshire Constabulary,-0.268828,51.650205,On or near FURZEHILL ROAD,E01023540,Hertsmere 011B,Unable to prosecute suspect
2a73889d001c12b8285322dba3b49f7bc44ac5d9ff5a3c6e15e42d457149d803,2018-08,Hertfordshire Constabulary,Hertfordshire Constabulary,-0.030866,51.722468,On or near HURON ROAD,E01023342,Broxbourne 005C,Investigation complete; no suspect identified
690729e859c721fab0b6e3b4ed02cf04bcaea8febb55f66772916c173821c994,2018-08,Hertfordshire Constabulary,Hertfordshire Constabulary,-0.168108,51.895276,On or near HAYLEY COMMON,E01023754,Stevenage 009E,Unable to prosecute suspect
72ee1fb6c39e12dcea1825b3b888fc93ffc9ddd6e8835303baef51426016b9d4,2018-08,Hertfordshire Constabulary,Hertfordshire Constabulary,-0.450037,51.765378,On or near DEIMOS DRIVE,E01023403,Dacorum 008C,Investigation complete; no suspect identified
b1521248f3cc76ff9f27b8703f576ed6a9fca115b01bd246112b2a97a3b1de3c,2018-08,Hertfordshire Constabulary,Hertfordshire Constabulary,-0.033398,51.690480,On or near Supermarket,E01023332,Broxbourne 012A,Investigation complete; no suspect identified
c3b3b60a57d086fad4fdb4494a42eca7a534639d60173fa87e26f16898a35dbe,2018-08,Hertfordshire Constabulary,Hertfordshire Constabulary,-0.219571,51.924373,On or near Petrol Station,E01023800,Stevenage 002E,Unable to prosecute suspect
2a1a55359df40bb219d782cc7133ca7cb0edeabca476bd083d541063f62527a7,2018-08,Hertfordshire Constabulary,Hertfordshire Constabulary,-0.294913,51.668499,On or near FARM CLOSE,E01023533,Hertsmere 007E,Action to be taken by another organisation
514916f5a94af7aca918db00c15b0aee7f7f366aa6ed9de790fb9e4dc0130c65,2018-08,Hertfordshire Constabulary,Hertfordshire Constabulary,-0.004650,51.775269,On or near NURSERY ROAD,E01023318,Broxbourne 001C,Investigation complete; no suspect identified
f9b2e9f2afda3003a78d034d19f7ba71506c64514d977a10220b3105c28ec4fd,2018-08,Hertfordshire Constabulary,Hertfordshire Constabulary,-0.009889,51.770862,On or near TREGELLES ROAD,E01023329,Broxbourne 002C,Unable to prosecute suspect
8c1c96a2dbb3b882902e6a791c92347d9d3a022bee49f1790c5cac2d254e122b,2018-08,Hertfordshire Constabulary,Hertfordshire Constabulary,-0.018794,51.748559,On or near HIGH ROAD,E01023290,Broxbourne 004B,Investigation complete; no suspect identified
229b5e93494c27c1ce7d6106f656cb4fcb8036c0d54ee9c34853ae32a62669d3,2018-08,Hertfordshire Constabulary,Hertfordshire Constabulary,-0.496365,51.761511,On or near GALLEY HILL,E01023427,Dacorum 011B,Investigation complete; no suspect identified
62391890ea23200c67705c3d93b4f05dddbb46de7c232f581a76b125801cd542,2018-08,Hertfordshire Constabulary,Hertfordshire Constabulary,-0.384710,51.676377,On or near TUDOR WALK,E01023897,Watford 005C,Unable to prosecute suspect
60094b5b5170c025d26e1d82389a8c0547ac3e7202e3bf7dd9288ecefba8425c,2018-08,Hertfordshire Constabulary,Hertfordshire Constabulary,-0.341899,51.738491,On or near TAVISTOCK AVENUE,E01023739,St Albans 017C,Investigation complete; no suspect identified
4fff2fc33c72146f835cf0648b91b28197afbc00c150f23580e7de383321fc51,2018-08,Hertfordshire Constabulary,Hertfordshire Constabulary,-0.219817,51.977689,On or near RIDGE AVENUE,E01023631,North Hertfordshire 006B,Unable to prosecute suspect
edc26f5d2d4b072be71007f8921c794bc3d136c55572bba7585783af868a5aa0,2018-08,Hertfordshire Constabulary,Hertfordshire Constabulary,-0.399146,51.660722,On or near ALBERT ROAD NORTH,E01023861,Watford 009C,Unable to prosecute suspect
c4461d41fab32ddc7af3f099dfd699943239204ff2c7d4df183f3673d9309ef5,2018-08,Hertfordshire Constabulary,Hertfordshire Constabulary,-0.183532,51.923660,On or near CANTERBURY WAY,E01023788,Stevenage 001B,Investigation complete; no suspect identified
098692be517a889e4fb508f65784d5ca134f91e7886ce8fd785b5dea36aaa036,2018-08,Hertfordshire Constabulary,Hertfordshire Constabulary,-0.583986,51.763426,On or near BOURNE ROAD,E01023369,Dacorum 012A,Investigation complete; no suspect identified
548eb1a1e00f3502aa968c7e0c78e98e94fece8d69c2823e559acf0567dea5e4,2018-08,Hertfordshire Constabulary,Hertfordshire Constabulary,-0.401950,51.655401,On or near WHIPPENDELL ROAD,E01023861,Watford 009C,Unable to prosecute suspect
fb22511db2911143b0799da4ed6e3bda53b14ed19291ddff83d7412da94bf08d,2018-08,Hertfordshire Constabulary,Hertfordshire Constabulary,-0.189221,51.987896,On or near PARK STREET,E01023589,North Hertfordshire 004C,Unable to prosecute suspect
bf40e8688fd85db313f0833b87b9e88a2f592243c892e0024e95a400efe9b7f0,2018-08,Hertfordshire Constabulary,Hertfordshire Constabulary,-0.176826,51.900016,On or near AYLWARD DRIVE,E01023761,Stevenage 007C,Unable to prosecute suspect
3647ac668faf8875fbcef79f38d77a4b9c302a6a74011eb408abff3174a77c33,2018-08,Hertfordshire Constabulary,Hertfordshire Constabulary,-0.208676,51.899579,On or near KINGS WAY,E01023758,Stevenage 008D,Investigation complete; no suspect identified
01741560fb481adec45b7ad3c0500d38741beabf088c799ff6661399a7f98b58,2018-08,Hertfordshire Constabulary,Hertfordshire Constabulary,-0.176917,51.914989,On or near FAIRLANDS WAY,E01023769,Stevenage 004C,Investigation complete; no suspect identified
32c728432e6c26f8c670c6b9d69b2cd970dd7add09cc8b6a153ac248e5e51bfe,2018-08,Hertfordshire Constabulary,Hertfordshire Constabulary,-0.191783,51.909796,On or near GRACE WAY,E01023782,Stevenage 006E,Unable to prosecute suspect
16a4eda21d2871583db9bf83bec8c6e5922a814789528840bb8cd64d9ce043af,2018-08,Hertfordshire Constabulary,Hertfordshire Constabulary,-0.288534,51.811118,On or near NECTON ROAD,E01023747,St Albans 004B,Unable to prosecute suspect
75a18ac67f92b226fa1b3581f6005c089b67bb247f5658d3ed34077dd55247ab,2018-08,Hertfordshire Constabulary,Hertfordshire Constabulary,-0.318043,51.769750,On or near DEAN'S GARDENS,E01023709,St Albans 008A,Unable to prosecute suspect
06e011b51dfb23cf538eccf4c3c601d5d7c4d1eb70526510b816808bc28d02f2,2018-08,Hertfordshire Constabulary,Hertfordshire Constabulary,-0.234157,51.745194,On or near SHALLCROSS CRESCENT,E01023932,Welwyn Hatfield 013A,Unable to prosecute suspect
8e74ceb69250b99760355273e15d9e42c6b7e4811499bedc9a3b846dee97ea78,2018-08,Hertfordshire Constabulary,Hertfordshire Constabulary,-0.493438,51.634283,On or near COLNE AVENUE,E01023836,Three Rivers 009B,Investigation complete; no suspect identified
bab0c65bc5107f301e61c143cbe0ddb1a898f95ddb9cd116e26105b20ca72871,2018-08,Hertfordshire Constabulary,Hertfordshire Constabulary,-0.057034,51.697365,On or near BURY GREEN ROAD,E01023293,Broxbourne 011A,Unable to prosecute suspect
3f19544bc41666279a70f834a80f15cfd8027f8707cd0dd24baa1bfb6ffe9e5d,2018-08,Hertfordshire Constabulary,Hertfordshire Constabulary,-0.171244,51.795793,On or near FORRESTERS DRIVE,E01023953,Welwyn Hatfield 005D,Unable to prosecute suspect
95e1e273a4a301bfebdc7a6752c8e5eebf9602542ef8c30035b7e3c677408c29,2018-08,Hertfordshire Constabulary,Hertfordshire Constabulary,-0.051273,51.711208,On or near OAKVIEW CLOSE,E01023326,Broxbourne 009D,Investigation complete; no suspect identified
5c848b936ac8e1940406411d2c258aebb1e921745f33fe1085984c1dc6b68b32,2018-08,Hertfordshire Constabulary,Hertfordshire Constabulary,-0.021280,51.818587,On or near LADY MARGARET GARDENS,E01023518,East Hertfordshire 012D,Investigation complete; no suspect identified
379aa97b425b93353ab4442a1e6ba2da3d522957f4d0a5fb9778ec94bd6b5637,2018-08,Hertfordshire Constabulary,Hertfordshire Constabulary,-0.006067,51.771094,On or near STANSTEAD ROAD,E01023329,Broxbourne 002C,Unable to prosecute suspect
4f485f86bc34789e8093bc0e22dde8d9771d35fe5ff37bd5c5d78a763c814f87,2018-08,Hertfordshire Constabulary,Hertfordshire Constabulary,-0.336758,51.752293,On or near Police Station,E01023727,St Albans 012B,Investigation complete; no suspect identified
3974c1607f21b9a290c9afc2e211bd5e8d701818ff0bbe80ffc1cd44b32fb7d9,2018-08,Hertfordshire Constabulary,Hertfordshire Constabulary,-0.021478,51.727571,On or near MULBERRY CLOSE,E01023343,Broxbourne 005D,Investigation complete; no suspect identified
c07c3278290a7e3857695ae5e5889b40c386d59b01b2ac6404b54bfbc97c8c61,2018-08,Hertfordshire Constabulary,Hertfordshire Constabulary,-0.471974,51.757770,On or near QUEENSWAY,E01023400,Dacorum 015E,Unable to prosecute suspect
14e89be9ddeaeb892b9e397c861fae2ead0a674671d7315b5cfe0c47983515e9,2018-08,Hertfordshire Constabulary,Hertfordshire Constabulary,-0.032000,51.699691,On or near KING ARTHUR COURT,E01023300,Broxbourne 010D,Investigation complete; no suspect identified
da94a57418b16113c2922776395ce6d1f57e4393580f0797d71297555336d3f6,2018-08,Hertfordshire Constabulary,Hertfordshire Constabulary,-0.336097,51.754882,On or near ST PETER'S STREET,E01023676,St Albans 011D,Unable to prosecute suspect
b90e8e27cf5e14e8a97d9de499e85443fadc0aa04bd3e96c2f96ad4fbd789cdc,2018-08,Hertfordshire Constabulary,Hertfordshire Constabulary,-0.312788,51.751708,On or near Petrol Station,E01023674,St Albans 011B,Unable to prosecute suspect
61e5799d6ee836aca4edb261197710f4a7502bf7cd5ea3ae42a5c7e2ce847351,2018-08,Hertfordshire Constabulary,Hertfordshire Constabulary,-0.336097,51.754882,On or near ST PETER'S STREET,E01023676,St Albans 011D,Unable to prosecute suspect
bdcf17b791269d4fab8e2c8d60b23be4c75c858fb1e4d4d692c72eb885015195,2018-08,Hertfordshire Constabulary,Hertfordshire Constabulary,-0.260317,51.645592,On or near HUNTER CLOSE,E01023543,Hertsmere 011E,Investigation complete; no suspect identified
e4c2d9127c74748d0cbd22fabbe021f0cf8ffae976a4d64072c0449508ba0d48,2018-08,Hertfordshire Constabulary,Hertfordshire Constabulary,-0.482098,51.757020,On or near WARNERS END ROAD,E01023391,Dacorum 010B,Unable to prosecute suspect
a89cfc40fc87071b641c3a5c87292c83207fe57889f7dc711edb0f442a111c27,2018-08,Hertfordshire Constabulary,Hertfordshire Constabulary,0.160804,51.869238,On or near Shopping Area,E01023450,East Hertfordshire 004B,Investigation complete; no suspect identified
d6536a9d03a44413a69047b04be2a41a0e49dc3880632c547a534894e7b46279,2018-08,Hertfordshire Constabulary,Hertfordshire Constabulary,-0.456151,51.749282,On or near Petrol Station,E01023387,Dacorum 019B,Investigation complete; no suspect identified
37b68d7072872c58600f9589de343af1fe9378b83b1250afe1d2dbae0ad72f29,2018-08,Hertfordshire Constabulary,Hertfordshire Constabulary,-0.049057,51.701136,On or near PENGELLY CLOSE,E01023296,Broxbourne 011D,Unable to prosecute suspect
212ac58720a91682d464a7a1f485e3841538099078a52618dd908c4483556e4a,2018-08,Hertfordshire Constabulary,Hertfordshire Constabulary,-0.181495,51.882293,On or near BROADWATER CRESCENT,E01023783,Stevenage 011A,Unable to prosecute suspect
4645ac66e401d9654518c402eb9d1e38b7778050ed8697565c98328df52d3ab6,2018-08,Hertfordshire Constabulary,Hertfordshire Constabulary,-0.532400,51.723139,On or near HIGH STREET,E01023374,Dacorum 021B,Unable to prosecute suspect
ac645f503a970cebbb7ceac4eba66ddf86c262dd9a881eeb967fd345ef7285d9,2018-08,Hertfordshire Constabulary,Hertfordshire Constabulary,-0.490170,51.764776,On or near THE NOKES,E01023392,Dacorum 011A,Unable to prosecute suspect
ab800f998fd8abe0e0b8e96e3b53d163897365ece8c18f8a9714ab6a89b9571c,2018-08,Hertfordshire Constabulary,Hertfordshire Constabulary,-0.385979,51.671188,On or near HIBBERT AVENUE,E01023898,Watford 005D,Investigation complete; no suspect identified
667d8167d833e371665c06723cc34106d76e7e6352969de4ffd8bff856fdf50e,2018-08,Hertfordshire Constabulary,Hertfordshire Constabulary,-0.078108,51.796915,On or near Nightclub,E01023478,East Hertfordshire 017D,Investigation complete; no suspect identified
c2b44944e10ac92bc482e0edabe39a77b1a85c43a44ba84c93017fa9e6d8dbed,2018-08,Hertfordshire Constabulary,Hertfordshire Constabulary,-0.441455,51.714128,On or near Petrol Station,E01023808,Three Rivers 001E,Unable to prosecute suspect
b01692b0cc283ffb09b1ffa71240cee45a733219ee03141bf7aa8ec53070754d,2018-08,Hertfordshire Constabulary,Hertfordshire Constabulary,-0.174376,51.875825,On or near CARDIFF CLOSE,E01023764,Stevenage 012B,Unable to prosecute suspect
7c87879ccd148e94def4a2d784212ab842839a8747fc558ea1aae3c9e8685237,2018-08,Hertfordshire Constabulary,Hertfordshire Constabulary,-0.244173,51.762573,On or near BISHOP SQUARE,E01033308,Welwyn Hatfield 010E,Investigation complete; no suspect identified
8037d9e57ad8d0d94807dc4fe6322b085be08ca212bee7f02133a2f06aa050ee,2018-08,Hertfordshire Constabulary,Hertfordshire Constabulary,-0.342997,51.757569,On or near CENTURY CLOSE,E01023670,St Albans 009B,Unable to prosecute suspect
892955aef69acd99f8d8190ec01ef3e705d1a728656040ee874273d74f661ca5,2018-08,Hertfordshire Constabulary,Hertfordshire Constabulary,-0.471167,51.639121,On or near HIGH STREET,E01023850,Three Rivers 007C,Investigation complete; no suspect identified
d4d187ad13ddaabd163af2e38ac36ffb47ae32a3a3671f0cee96663659064382,2018-08,Hertfordshire Constabulary,Hertfordshire Constabulary,-0.473058,51.748828,On or near Shopping Area,E01023398,Dacorum 015D,Investigation complete; no suspect identified
9b0d298efe52a8e85beceded4c571999486f82098ffed95534b2f498778c3d70,2018-08,Hertfordshire Constabulary,Hertfordshire Constabulary,-0.471526,51.753008,On or near Parking Area,E01023398,Dacorum 015D,Investigation complete; no suspect identified
7a18464e335257c977ba45da6fd727ebf813cc5b09ab45330cb941045cf4ecd1,2018-08,Hertfordshire Constabulary,Hertfordshire Constabulary,-0.273411,51.651711,On or near CEDARS CLOSE,E01023539,Hertsmere 011A,Investigation complete; no suspect identified
b258795dcc80285753a666f4e80b373f616663465940f958b701b4fcc5862350,2018-08,Hertfordshire Constabulary,Hertfordshire Constabulary,-0.469105,51.737204,On or near AVIA CLOSE,E01033023,Dacorum 018H,Investigation complete; no suspect identified
91b4199a20d0d422b4ab4603117974075443b54346b32d7bfd3d8a126c688dc8,2018-08,Hertfordshire Constabulary,Hertfordshire Constabulary,-0.339900,51.800534,On or near WENSLEY CLOSE,E01023698,St Albans 005D,Investigation complete; no suspect identified
baf451575143ce19f1d9e6dc9bdd3baf6124fbbf834bea3f9263811131578d42,2018-08,Hertfordshire Constabulary,Hertfordshire Constabulary,-0.032214,51.685082,On or near Supermarket,E01023337,Broxbourne 013B,Unable to prosecute suspect
2fc555958c5b423730641fbd74de18bfc9d08b5d085a461c42998d60cc176f36,2018-08,Hertfordshire Constabulary,Hertfordshire Constabulary,-0.404035,51.686604,On or near GULLET WOOD ROAD,E01023891,Watford 002B,Unable to prosecute suspect
c5359646d81ca545fe0a482a3f65d23adac28f217039110685dc65d1c0616fba,2018-08,Hertfordshire Constabulary,Hertfordshire Constabulary,-0.275289,51.951224,On or near Supermarket,E01023601,North Hertfordshire 010A,Investigation complete; no suspect identified
c838d9e0bc778314598da56c6cfcf1cfb9d16639eff6423c544073cd0b13d509,2018-08,Hertfordshire Constabulary,Hertfordshire Constabulary,-0.356921,51.817435,On or near THE FORRESTERS,E01023701,St Albans 003C,Unable to prosecute suspect
c838d9e0bc778314598da56c6cfcf1cfb9d16639eff6423c544073cd0b13d509,2018-08,Hertfordshire Constabulary,Hertfordshire Constabulary,-0.356921,51.817435,On or near THE FORRESTERS,E01023701,St Albans 003C,Unable to prosecute suspect
77edb9a70b700d5ac4df3d4a1285f4ae90b94d261efaf3beafe6a9fd2ad70072,2018-08,Hertfordshire Constabulary,Hertfordshire Constabulary,-0.078124,51.797212,On or near BULL PLAIN,E01023478,East Hertfordshire 017D,Investigation complete; no suspect identified
c54ae1ed4db1902b3d35db2e2fd64f7d3a5ea2e4c037d81dce5ecceb7b2a479d,2018-08,Hertfordshire Constabulary,Hertfordshire Constabulary,0.148155,51.813501,On or near Supermarket,E01023501,East Hertfordshire 011C,Unable to prosecute suspect
c50ba947797b9a73248bb04657e198abba19aa3291240e1d13c7229e4818ee2c,2018-08,Hertfordshire Constabulary,Hertfordshire Constabulary,-0.281319,51.952985,On or near Park/Open Space,E01023616,North Hertfordshire 012F,Investigation complete; no suspect identified
16e813f9e8dbdee96e50557401ac954b838c3a9861b46576a6ab3b8b1f9dbd9d,2018-08,Hertfordshire Constabulary,Hertfordshire Constabulary,-0.340805,51.752161,On or near Parking Area,E01023727,St Albans 012B,Investigation complete; no suspect identified
6cfe3d4b430a9ca503c9e09988639416a8b40b4d78a75a3e663824789d5e5100,2018-08,Hertfordshire Constabulary,Hertfordshire Constabulary,-0.456151,51.749282,On or near Petrol Station,E01023387,Dacorum 019B,Unable to prosecute suspect
f4a3f74739ce125291524a5f2e6fa5d987a86ef3b1dbf2157c9e89d0d2296374,2018-08,Hertfordshire Constabulary,Hertfordshire Constabulary,-0.234274,51.749629,On or near BISHOPS RISE,E01023937,Welwyn Hatfield 013E,Unable to prosecute suspect
3992ef35cfc2104db7a9caf6f35224ecbe92110ed9079a4407ea8174081078c5,2018-08,Hertfordshire Constabulary,Hertfordshire Constabulary,-0.470142,51.639512,On or near Parking Area,E01023850,Three Rivers 007C,Unable to prosecute suspect
1fb6595286ebccb9dbeae998e6ac36a75a1fb04c619624150882438bb10f36e5,2018-08,Hertfordshire Constabulary,Hertfordshire Constabulary,-0.170175,51.803932,On or near HILLY FIELDS,E01023913,Welwyn Hatfield 004B,Unable to prosecute suspect
9bd044f4ea83f2d0fc863eb14f43d15a5130826aea10775074d922c81df8098a,2018-08,Hertfordshire Constabulary,Hertfordshire Constabulary,0.147955,51.813873,On or near Petrol Station,E01023501,East Hertfordshire 011C,Investigation complete; no suspect identified
0c33f804c35e3ae8bd0e0f247a4a2d2b84b1567ccc0a131ce1d29dad5c105084,2018-08,Hertfordshire Constabulary,Hertfordshire Constabulary,-0.403514,51.651223,On or near SOULDERN STREET,E01023901,Watford 010C,Investigation complete; no suspect identified
c19fcc7ba5187021637d155d2771b15c778f30824aaf91865aacb010aa85dea3,2018-08,Hertfordshire Constabulary,Hertfordshire Constabulary,0.161030,51.869414,On or near Shopping Area,E01023449,East Hertfordshire 004A,Investigation complete; no suspect identified
a7e468de712bb19681fac7a0558f99c1ce1009348f77211f45e66cc1dcb0fcb3,2018-08,Hertfordshire Constabulary,Hertfordshire Constabulary,-0.203048,51.904016,On or near Shopping Area,E01023758,Stevenage 008D,Investigation complete; no suspect identified
3f67eefe21e1a2231ceb4fc5f83096de69ababc4a99e1a876490b01645c67517,2018-08,Hertfordshire Constabulary,Hertfordshire Constabulary,-0.216168,51.794388,On or near Sports/Recreation Area,E01023917,Welwyn Hatfield 006B,Unable to prosecute suspect
e0653e5f18f1c68586872e482bdea4616e53c8dca1ae9864823997f06dcc9799,2018-08,Hertfordshire Constabulary,Hertfordshire Constabulary,-0.078124,51.797212,On or near BULL PLAIN,E01023478,East Hertfordshire 017D,Investigation complete; no suspect identified
3a1dd4b1a7ec7f1b85bf0d905e7e33a5737e79008a052f33531887830e5610f7,2018-08,Hertfordshire Constabulary,Hertfordshire Constabulary,-0.471424,51.749149,On or near Shopping Area,E01023398,Dacorum 015D,Investigation complete; no suspect identified
0e74e048208605028d8e314345eaf1fc4e072d7bfc7ea7e80904249feeca1b53,2018-08,Hertfordshire Constabulary,Hertfordshire Constabulary,-0.192346,51.882730,On or near OLD KNEBWORTH LANE,E01023786,Stevenage 011D,Unable to prosecute suspect
a3ad957f1467615c81441a978b4d75bb1c19eeeac4fdd7de4b9a87e3db176cfe,2018-08,Hertfordshire Constabulary,Hertfordshire Constabulary,-0.473723,51.752721,On or near Bus/Coach Station,E01023398,Dacorum 015D,Unable to prosecute suspect
8c41f3eedf43a2023781dd6369cb4fe171a80380e906bc8a1da49e368cb2236e,2018-08,Hertfordshire Constabulary,Hertfordshire Constabulary,0.159718,51.871137,On or near DEVOILS LANE,E01023449,East Hertfordshire 004A,Unable to prosecute suspect
b7d3bab0c1740a6fd8c2e788a9eaeb558ac507a9ea68798fae0243c3cb6cb670,2018-08,Hertfordshire Constabulary,Hertfordshire Constabulary,-0.364564,51.664669,On or near HARTSWOOD CLOSE,E01023555,Hertsmere 008D,Investigation complete; no suspect identified
370c689a4cf450fb6214eab39616016f4e38f0f937f8c3b252ee8d73b0106004,2018-08,Hertfordshire Constabulary,Hertfordshire Constabulary,-0.303082,51.705664,On or near Sports/Recreation Area,E01023720,St Albans 019C,Unable to prosecute suspect
235fc7cb658cac7d25eac3f2b43e58f1c8d05596c72ecad453362986461e535b,2018-08,Hertfordshire Constabulary,Hertfordshire Constabulary,-0.298947,51.728309,On or near ALEXANDER ROAD,E01023705,St Albans 018B,Unable to prosecute suspect
02ddd8f5eb8948ede6a442d7b773e8c323aa6f527b5a26587ae9a16aa7a108e7,2018-08,Hertfordshire Constabulary,Hertfordshire Constabulary,-0.078124,51.797212,On or near BULL PLAIN,E01023478,East Hertfordshire 017D,Investigation complete; no suspect identified
e1ebe3c17f16053768cd752bc3dc71d14f5d5c39ac68166f3d3029f4b6591ce8,2018-08,Hertfordshire Constabulary,Hertfordshire Constabulary,-0.078124,51.797212,On or near BULL PLAIN,E01023478,East Hertfordshire 017D,Investigation complete; no suspect identified
4aa1254e80c311a66c7fea0c2105f45b06211b890a915ff93fb2e9438fb064bc,2018-08,Hertfordshire Constabulary,Hertfordshire Constabulary,-0.078124,51.797212,On or near BULL PLAIN,E01023478,East Hertfordshire 017D,Investigation complete; no suspect identified
fdb1042f183c0c009e0635134d7c0fb39ff92c0d26a3a8253307d58c63e893ae,2018-08,Hertfordshire Constabulary,Hertfordshire Constabulary,-0.169333,51.902336,On or near FRY ROAD,E01023761,Stevenage 007C,Unable to prosecute suspect
c45e6903674c97fd0662a879f032a27cea94d903ae78ecad7ebd810cfd33bd47,2018-08,Hertfordshire Constabulary,Hertfordshire Constabulary,-0.228835,51.763107,On or near Supermarket,E01023920,Welwyn Hatfield 012A,Investigation complete; no suspect identified
5bc42e7f300fb74acd0c21e7f243f14f010fc0935bf688cfb224a1a0cfe75c4e,2018-08,Hertfordshire Constabulary,Hertfordshire Constabulary,-0.192629,51.919862,On or near Pedestrian Subway,E01023777,Stevenage 002B,Unable to prosecute suspect
354a35b50059c08390ddf3a5d21b4e6a6fde6b4e5c632ff96660c84081ffe8b8,2018-08,Hertfordshire Constabulary,Hertfordshire Constabulary,-0.228835,51.763107,On or near Supermarket,E01023920,Welwyn Hatfield 012A,Investigation complete; no suspect identified
0cf40506aa57656cdeef499cb022bc757d5220b545ab84a11fc5eba9ad5c1ea4,2018-08,Hertfordshire Constabulary,Hertfordshire Constabulary,-0.215972,51.981380,On or near ARDEN PRESS WAY,E01023631,North Hertfordshire 006B,Investigation complete; no suspect identified
17fb26d8df45d74597cbf7bc51ab1a0c9e159ad9d81be253ffd9d48c8dab4eb3,2018-08,Hertfordshire Constabulary,Hertfordshire Constabulary,-0.188030,51.884902,On or near Parking Area,E01023783,Stevenage 011A,Suspect charged
176a0d6bf481e6e0d558f1f2c5e5bfeedd446fad7b58361a95d94e9ea7a2ef6b,2018-08,Hertfordshire Constabulary,Hertfordshire Constabulary,-0.603866,51.799657,On or near STONEY CROFT,E01023352,Dacorum 004A,Unable to prosecute suspect
c53022686ee917736f7bf515507ad5cfb23e156ddda57d008edf4bbb2b3d5563,2018-08,Hertfordshire Constabulary,Hertfordshire Constabulary,-0.283615,51.667453,On or near BALDOCK WAY,E01023536,Hertsmere 006C,Unable to prosecute suspect
ddc26270f91e8cc3bb64b74894b8d356e891d30d22376b0558dc9afc19bd67c1,2018-08,Hertfordshire Constabulary,Hertfordshire Constabulary,-0.010250,51.760005,On or near CONDUIT LANE,E01023320,Broxbourne 003A,Investigation complete; no suspect identified
01f56f181d9663b016a9602f038fcf2ad1270847e30a408a5d1cba474538752a,2018-08,Hertfordshire Constabulary,Hertfordshire Constabulary,-0.183538,51.692223,On or near HYDE AVENUE,E01023573,Hertsmere 003C,Investigation complete; no suspect identified
1ed369afdd90f5dd61f92ef19cac0a8ed968fbe6ef863d8ccf66704a3ea8b42f,2018-08,Hertfordshire Constabulary,Hertfordshire Constabulary,-0.036559,51.693985,On or near MONTAYNE ROAD,E01023332,Broxbourne 012A,Investigation complete; no suspect identified
4b29c5c7038f44e4d8f37f1a3adddc750952cb958ecd1929e772647efc7dcf2c,2018-08,Hertfordshire Constabulary,Hertfordshire Constabulary,-0.403619,51.680331,On or near BRUSHRISE,E01023870,Watford 004C,Investigation complete; no suspect identified
ddbd163effa1df07f3475225e9f1d8ca519fe9bb6f6bc184ad5de7ff38683cc3,2018-08,Hertfordshire Constabulary,Hertfordshire Constabulary,-0.285098,51.751038,On or near CHARLOTTE CLOSE,E01023678,St Albans 015B,Investigation complete; no suspect identified
eea8470e955b40c500b647d875041cd22a381bd761f86f4b6fd3af929868022c,2018-08,Hertfordshire Constabulary,Hertfordshire Constabulary,-0.201368,51.898028,On or near Supermarket,E01023786,Stevenage 011D,Unable to prosecute suspect
b6fc4c191a32e68423b45b182286ffbbe801fcf2888629504ccda503b61bbc05,2018-08,Hertfordshire Constabulary,Hertfordshire Constabulary,-0.483285,51.636283,On or near UXBRIDGE ROAD,E01023852,Three Rivers 007D,Unable to prosecute suspect
a7b0bba1ac5057967b494f408021baee53ae58733ad96d8c1aa5619c60e6e09a,2018-08,Hertfordshire Constabulary,Hertfordshire Constabulary,-0.228507,51.978126,On or near EASTCHEAP,E01023644,North Hertfordshire 008A,Investigation complete; no suspect identified
feab14fee1df27826326d67c8c9cdc5ba28bec0b66ac0591398f1584ddd4b02c,2018-08,Hertfordshire Constabulary,Hertfordshire Constabulary,-0.208676,51.899579,On or near KINGS WAY,E01023758,Stevenage 008D,Investigation complete; no suspect identified
3687aa43020950a85ee5c346eca24421c5947da284414bd0e9bc620a1fb08db2,2018-08,Hertfordshire Constabulary,Hertfordshire Constabulary,-0.210940,51.700350,On or near DEEPDENE,E01023570,Hertsmere 002D,Unable to prosecute suspect
16fb9fcd26ea8002c18440c1dd2add3baafd165ee5d2f443170a39958658162d,2018-08,Hertfordshire Constabulary,Hertfordshire Constabulary,-0.363724,51.710058,On or near MEADOW CLOSE,E01023732,St Albans 020D,Unable to prosecute suspect
a8a76413775beb64642f5e8ca22e954988c01ce7999f9394c93154a98fc8721f,2018-08,Hertfordshire Constabulary,Hertfordshire Constabulary,-0.442457,51.750261,On or near RITCROFT STREET,E01023411,Dacorum 017C,Unable to prosecute suspect
d3c40a914369c2425337655bcde1c04af48724463d6f6f00c72cb04aa4652594,2018-08,Hertfordshire Constabulary,Hertfordshire Constabulary,-0.449158,51.742401,On or near KIMPS WAY,E01023358,Dacorum 020B,Investigation complete; no suspect identified
3a512b9334376eee44334aceafe148e58347f4031a64dd3af99c384e20d27510,2018-08,Hertfordshire Constabulary,Hertfordshire Constabulary,-0.292083,51.958860,On or near JOHN BARKER PLACE,E01023613,North Hertfordshire 012C,Unable to prosecute suspect
47a2b93a855aec78c3fcd6c151e0de625ac2fa0a96adf223d1f8c37ce73f8f48,2018-08,Hertfordshire Constabulary,Hertfordshire Constabulary,-0.473364,51.744912,On or near TWO WATERS ROAD,E01023388,Dacorum 019C,Unable to prosecute suspect
27764c57b86f4cebb60932183eae7640b41fbcca5e3abcba6d38e621cf2342bb,2018-08,Hertfordshire Constabulary,Hertfordshire Constabulary,-0.233101,51.792647,On or near Sports/Recreation Area,E01033313,Welwyn Hatfield 002F,Unable to prosecute suspect
152dff7fddc03e99ed4b5c15097524331fd859bebf32f5efbdb53e4a6903ccd2,2018-08,Hertfordshire Constabulary,Hertfordshire Constabulary,-0.442094,51.776387,On or near SHENLEY ROAD,E01023436,Dacorum 005C,Unable to prosecute suspect
415a9d4518278ea2bd05375e20a268df439694b099f68f667f5c06bc42200429,2018-08,Hertfordshire Constabulary,Hertfordshire Constabulary,-0.443857,51.651683,On or near WINCHESTER WAY,E01023822,Three Rivers 006D,Investigation complete; no suspect identified
f011464ceeeca245537e8f48cb18d6b27d2d3c1f8bf08589987c7e97b3e7f7ae,2018-08,Hertfordshire Constabulary,Hertfordshire Constabulary,-0.473364,51.744912,On or near TWO WATERS ROAD,E01023388,Dacorum 019C,Unable to prosecute suspect
14fa3e3814375f78573b93ebca63042e7d90714f4c7f484da74a99cbcbc63308,2018-08,Hertfordshire Constabulary,Hertfordshire Constabulary,-0.498936,51.642824,On or near ALDBURY ROAD,E01023848,Three Rivers 007B,Unable to prosecute suspect
24216c93cc1e0ad22e732c223abb65097900b3fe38dc3d07a04ad11fb1716525,2018-08,Hertfordshire Constabulary,Hertfordshire Constabulary,-0.456264,51.650291,On or near OLD BARN LANE,E01023820,Three Rivers 006B,Unable to prosecute suspect
80a8bcbfe0953fce3f77abfa1137b2b96286b4ce1a25445039937ea68da40fbb,2018-08,Hertfordshire Constabulary,Hertfordshire Constabulary,-0.410911,51.655064,On or near HARWOODS ROAD,E01023888,Watford 008C,Unable to prosecute suspect
35d5ce39d4f257baadf4c88cb1c181bc399e570025ad85151aeed6c3813192d2,2018-08,Hertfordshire Constabulary,Hertfordshire Constabulary,-0.025398,51.730334,On or near Petrol Station,E01023342,Broxbourne 005C,Investigation complete; no suspect identified
c35e195914370bd65198687b1238e04996d59e06d47ab8671fee9c8e6102bba9,2018-08,Hertfordshire Constabulary,Hertfordshire Constabulary,-0.025398,51.730334,On or near Petrol Station,E01023342,Broxbourne 005C,Investigation complete; no suspect identified
d874abdd9883f680e760c5bbd5c9a0f781400da3d8377185fee6d93dec80a33d,2018-08,Hertfordshire Constabulary,Hertfordshire Constabulary,-0.025398,51.730334,On or near Petrol Station,E01023342,Broxbourne 005C,Investigation complete; no suspect identified
639a5d0f5098046aaf93e90e0528a7744954be83e71c32886b0a3a55487440b5,2018-08,Hertfordshire Constabulary,Hertfordshire Constabulary,-0.176361,51.898929,On or near STEPHENSON MEWS,E01023761,Stevenage 007C,Unable to prosecute suspect
e913f5959eb2c6eda881d37344226b06a9c6aab2ecc8d2981165ede4c3656c3a,2018-08,Hertfordshire Constabulary,Hertfordshire Constabulary,-0.403619,51.680331,On or near BRUSHRISE,E01023870,Watford 004C,Investigation complete; no suspect identified
5bead8745529a2ba79552df2e227a60e86705fd8a1f3054fb7770babb01ec908,2018-08,Hertfordshire Constabulary,Hertfordshire Constabulary,-0.032977,51.811554,On or near WEST STREET,E01023514,East Hertfordshire 012C,Unable to prosecute suspect
e1ab9eced87516686ec07c86b5823b31b50a3067ba55da5647f1d498c34fbda0,2018-08,Hertfordshire Constabulary,Hertfordshire Constabulary,-0.270082,51.953810,On or near NIGHTINGALE ROAD,E01023601,North Hertfordshire 010A,Investigation complete; no suspect identified
5b0a2739cb106de680203dc208e86c118bfcaa9592b24b3bc272cf2d4e9baba3,2018-08,Hertfordshire Constabulary,Hertfordshire Constabulary,-0.040375,51.710155,On or near Petrol Station,E01023303,Broxbourne 008B,Investigation complete; no suspect identified
46d08a0e5e0b1b3309a840dc6c8fccdf91cacf2acb4cbecc8118ebed7c41b485,2018-08,Hertfordshire Constabulary,Hertfordshire Constabulary,-0.208676,51.899579,On or near KINGS WAY,E01023758,Stevenage 008D,Investigation complete; no suspect identified
4467771fa133ffaa17fd76b24c502cbe5db2569fc85de941f875b2e14c74e17a,2018-08,Hertfordshire Constabulary,Hertfordshire Constabulary,-0.203522,51.905624,On or near Parking Area,E01023775,Stevenage 006A,Suspect charged
91e2fa9d14c9dc6a02b19f9d429a17ef049ddd0fb1e94db892330566a2b6d838,2018-08,Hertfordshire Constabulary,Hertfordshire Constabulary,-0.354796,51.913563,On or near LILLEY BOTTOM,E01023624,North Hertfordshire 014D,Investigation complete; no suspect identified
c3beae27302c3a6c8d1c9f86c336e819687bcdf11eb09a015428b4f8f3ce3313,2018-08,Hertfordshire Constabulary,Hertfordshire Constabulary,-0.471974,51.757770,On or near QUEENSWAY,E01023400,Dacorum 015E,Unable to prosecute suspect
f81e032ef1691ac1a8aada4432eb354fac8c7874ae435bc0d1e957a542c18e83,2018-08,Hertfordshire Constabulary,Hertfordshire Constabulary,-0.260317,51.645592,On or near HUNTER CLOSE,E01023543,Hertsmere 011E,Unable to prosecute suspect
b9ea98d7664b40b34266c22a53fd49cfd2820a0afb2c7bdd5d6c957bdbf9274a,2018-08,Hertfordshire Constabulary,Hertfordshire Constabulary,-0.337328,51.753722,On or near ST PETER'S STREET,E01023727,St Albans 012B,Investigation complete; no suspect identified
f3a3d366480510d28415ada4be3ff482abcc71d2eb2298209766dc7604a715ba,2018-08,Hertfordshire Constabulary,Hertfordshire Constabulary,-0.193341,51.982870,On or near THE GLADE,E01023592,North Hertfordshire 004F,Unable to prosecute suspect
51a69ccb9343008121e4e9a28a676a27a8db48a56db42b7f526c4743703d5a55,2018-08,Hertfordshire Constabulary,Hertfordshire Constabulary,-0.563047,51.765698,On or near CASTLE HILL AVENUE,E01023364,Dacorum 009D,Unable to prosecute suspect
2bc7ddbf0ac7bc2beb88c7bc34f1c1b427b2f6610705dcfc206660fa641d7232,2018-08,Hertfordshire Constabulary,Hertfordshire Constabulary,-0.178267,51.688733,On or near BARNET ROAD,E01023575,Hertsmere 003E,Investigation complete; no suspect identified
a7c095d2b9447b82dc0977d1e9deb10499169b8bc03d141519992fb308de5c51,2018-08,Hertfordshire Constabulary,Hertfordshire Constabulary,-0.291006,51.696209,On or near HALLIDAY CLOSE,E01023582,Hertsmere 004B,Investigation complete; no suspect identified
e37d4eb5efc76e05a90179bf1d9083591dc854cc0ba893c383070a96dd6032b1,2018-08,Hertfordshire Constabulary,Hertfordshire Constabulary,-0.076937,51.799207,On or near FRAMPTON STREET,E01023470,East Hertfordshire 014A,Investigation complete; no suspect identified
c771850854191772699d7df8671059165376a2f14f782cff0f240c2a14bda38b,2018-08,Hertfordshire Constabulary,Hertfordshire Constabulary,-0.260182,51.657055,On or near DURHAM ROAD,E01023546,Hertsmere 009C,Unable to prosecute suspect
c7123a962d5575420baef0f8f4bcea6275c09e10d71d8f04985259420ce22908,2018-08,Hertfordshire Constabulary,Hertfordshire Constabulary,-0.067359,51.720286,On or near HILLTOP CLOSE,E01023308,Broxbourne 006B,Investigation complete; no suspect identified
0afbee9e2845eba83b7d893837b51287b224b6c158ea2a83986945db86a67aff,2018-08,Hertfordshire Constabulary,Hertfordshire Constabulary,-0.419402,51.617906,On or near EASTGLADE,E01023839,Three Rivers 011A,Unable to prosecute suspect
794140481c364b15b9bdeb06cb453c6896a2f578457fe41ab33aab727be310d7,2018-08,Hertfordshire Constabulary,Hertfordshire Constabulary,-0.222284,51.988921,On or near EASTHOLM,E01023636,North Hertfordshire 003B,Unable to prosecute suspect
350770c09abac7316161a8dabb0ba8d815d5d942eec169dec6d07f9fa9174918,2018-08,Hertfordshire Constabulary,Hertfordshire Constabulary,-0.400166,51.656797,On or near WILMINGTON CLOSE,E01023861,Watford 009C,Unable to prosecute suspect
52505cce84a921949fa437ff46704a89e52e5d6837cd9c65f0a08336490eae21,2018-08,Hertfordshire Constabulary,Hertfordshire Constabulary,-0.427348,51.755644,On or near Petrol Station,E01023409,Dacorum 017A,Investigation complete; no suspect identified
86e170c7e4d7a59255b132d4bd33194d762c3de710dcaaa726dea94b3b5d0178,2018-08,Hertfordshire Constabulary,Hertfordshire Constabulary,-0.058626,51.712571,On or near LEAFORIS ROAD,E01023325,Broxbourne 009C,Local resolution
4780fcd824ea6180195ce023d5e7d3d045a446004e71d1fa25c27be9fe78a02d,2018-08,Hertfordshire Constabulary,Hertfordshire Constabulary,-0.236296,51.749407,On or near HAWTHORNES,E01023937,Welwyn Hatfield 013E,Investigation complete; no suspect identified
ba9b30d5a6eb5892e2d3d228e9595792241b07480d3afafe9549d4f64b8a215a,2018-08,Hertfordshire Constabulary,Hertfordshire Constabulary,-0.394857,51.655268,On or near Shopping Area,E01023860,Watford 009B,Investigation complete; no suspect identified
b1f5343fb1b6b1b50ecfe37b506075db06252d29c38ced2b4e22e207425cb49f,2018-08,Hertfordshire Constabulary,Hertfordshire Constabulary,-0.183081,51.928347,On or near OLD BOURNE WAY,E01023801,Stevenage 002F,Investigation complete; no suspect identified
0b33c5fd543af4ec7c118f2c6c661adbba36a075bb7187e11976bdcc007c6fb5,2018-08,Hertfordshire Constabulary,Hertfordshire Constabulary,-0.038711,51.815148,On or near WATTON ROAD,E01023517,East Hertfordshire 013E,Investigation complete; no suspect identified
b07ca1713e53d698841641a9df3d5e458b596463919dbb3deaf450fe6c4ca4e0,2018-08,Hertfordshire Constabulary,Hertfordshire Constabulary,-0.052659,51.700161,On or near GREENWOOD CLOSE,E01023296,Broxbourne 011D,Investigation complete; no suspect identified
5190d7166c7d1a93a7daeb0777258e430e34699c05c9af3ddfdadeb952ec7abd,2018-08,Hertfordshire Constabulary,Hertfordshire Constabulary,-0.038711,51.815148,On or near WATTON ROAD,E01023517,East Hertfordshire 013E,Investigation complete; no suspect identified
d1feb26381ae4de215ffc151e097e2ce4e6b9ec6d0ac900972d95e875872ae97,2018-08,Hertfordshire Constabulary,Hertfordshire Constabulary,-0.045364,51.710948,On or near THE GREEN,E01023310,Broxbourne 006D,Unable to prosecute suspect
665c1b168e804f40ed35c0bc6a0ecdf57a67027c7f4dad72043d8ba775449b52,2018-08,Hertfordshire Constabulary,Hertfordshire Constabulary,-0.229428,51.979506,On or near STATION PLACE,E01023644,North Hertfordshire 008A,Unable to prosecute suspect
f658dcc498f71abcf82620e91954de71749484b586fecfa0954f0060a5dd242b,2018-08,Hertfordshire Constabulary,Hertfordshire Constabulary,-0.436010,51.774993,On or near HALF MOON MEADOW,E01023434,Dacorum 005A,Unable to prosecute suspect
d72568f87462eb8c160a972de46b54f4dea387d121fd25c2b889a87e6dcac6f8,2018-08,Hertfordshire Constabulary,Hertfordshire Constabulary,-0.171364,51.883476,On or near OAKS CROSS,E01023765,Stevenage 012C,Suspect charged
8ac580b74e606f4eb8ae168d12d0959e807e40a3734760df2c41f9ad57a669e4,2018-08,Hertfordshire Constabulary,Hertfordshire Constabulary,-0.473344,51.736055,On or near GADE VIEW ROAD,E01023354,Dacorum 018B,Unable to prosecute suspect
f9ac2f5946ac739e3666086ca4f1706ebd6f44e274e2d7410338e8d6c52c36a3,2018-08,Hertfordshire Constabulary,Hertfordshire Constabulary,-0.436010,51.774993,On or near HALF MOON MEADOW,E01023434,Dacorum 005A,Unable to prosecute suspect
05fac166a6237250d75164c66ae6ce6785cd6ba32580802be4eb9b125e696acc,2018-08,Hertfordshire Constabulary,Hertfordshire Constabulary,-0.426299,51.823311,On or near Petrol Station,E01023430,Dacorum 001A,Investigation complete; no suspect identified
818b728b0b0991b37586c6b5bcdb94a24a9cc932b42670e1c04d4f43e5a64f9c,2018-08,Hertfordshire Constabulary,Hertfordshire Constabulary,-0.254782,51.652712,On or near BALMORAL DRIVE,E01023546,Hertsmere 009C,Unable to prosecute suspect
96dc60498d48528ed00dafd5a9c1cb6d321bfdaf4a27d59b0bbd9a25eac4fcc9,2018-08,Hertfordshire Constabulary,Hertfordshire Constabulary,-0.438248,51.771066,On or near Parking Area,E01023346,Dacorum 013B,Investigation complete; no suspect identified
e24ecc9745aa0e3c1ff081c5eaed25249bfc154b29d03a17b2bdd341b5dabd3c,2018-08,Hertfordshire Constabulary,Hertfordshire Constabulary,-0.420895,51.643158,On or near KIMBLE CLOSE,E01023864,Watford 011B,Unable to prosecute suspect
5eaf673c67563fb10e2f1b5cd4d5ce75dfe4f1a2b2e5eb9ba18a4d4cbaa69022,2018-08,Hertfordshire Constabulary,Hertfordshire Constabulary,-0.033990,51.701856,On or near Supermarket,E01023301,Broxbourne 010E,Unable to prosecute suspect
ed28bb305bf2cee0d8c6292560bde3551795cbc04211bd511a5ffa2ac9fbc4d3,2018-08,Hertfordshire Constabulary,Hertfordshire Constabulary,-0.502266,51.651427,On or near SOUTH COTTAGE DRIVE,E01023814,Three Rivers 004C,Investigation complete; no suspect identified
14c49e155e9bb412d39822a40da4705b968d512702a1abb3e5cee61457ee26a2,2018-08,Hertfordshire Constabulary,Hertfordshire Constabulary,-0.224813,51.991621,On or near MIDDLEFIELDS,E01023636,North Hertfordshire 003B,Unable to prosecute suspect
e2c7563218c419eda9d4c688b0022b8dc36a5b417d9b6130cbe0202a51690ff5,2018-08,Hertfordshire Constabulary,Hertfordshire Constabulary,-0.306636,51.739553,On or near HILL END LANE,E01023678,St Albans 015B,Unable to prosecute suspect
1cc248655c6d9c15b9bb1e6924cc0c206f4fceb6b13aa600e46fc71abbdc6cfc,2018-08,Hertfordshire Constabulary,Hertfordshire Constabulary,-0.473723,51.752721,On or near Bus/Coach Station,E01023398,Dacorum 015D,Unable to prosecute suspect
5b04fbf0d9d8b11048eac39b2cf5ef1eddddc19534859756aba9725520fbbb33,2018-08,Hertfordshire Constabulary,Hertfordshire Constabulary,-0.067228,51.797321,On or near NEWLAND GARDENS,E01023477,East Hertfordshire 017C,Investigation complete; no suspect identified
e92079b1da6fa2ef21508f2cd1b46585ef7b6822690db031c07ab73676e16992,2018-08,Hertfordshire Constabulary,Hertfordshire Constabulary,-0.514458,51.746661,On or near POUCHEN END LANE,E01023378,Dacorum 021F,Unable to prosecute suspect
eef1ae98e1cc3726183169cbbfb87a35303ede5c5f1f9bea7f702a1fae6f2627,2018-08,Hertfordshire Constabulary,Hertfordshire Constabulary,-0.012181,51.794551,On or near ST JOHNS LANE,E01023468,East Hertfordshire 018A,Unable to prosecute suspect
6ea8af4ed8c6e2f03b028a3ce4d746e24bee1a0f7ccd1ca4923c69c90f802ebf,2018-08,Hertfordshire Constabulary,Hertfordshire Constabulary,-0.192356,51.904571,On or near THE DELL,E01023757,Stevenage 008C,Unable to prosecute suspect
03b90e788b14d4bedd1e6e89efe980c60abd0d2b106119a3206def67d0744625,2018-08,Hertfordshire Constabulary,Hertfordshire Constabulary,-0.002490,51.788748,On or near FOLLY VIEW,E01023469,East Hertfordshire 018B,Investigation complete; no suspect identified
799ef679f448c1a4a41b728bc07abc080c8c2085852186a1fa6ade495f3ae3ea,2018-08,Hertfordshire Constabulary,Hertfordshire Constabulary,-0.421038,51.702264,On or near POPE'S ROAD,E01023803,Three Rivers 001B,Unable to prosecute suspect
895d50005696ef27ddd8da14f821d485603bae1f7a983699d028d45d3c58db2a,2018-08,Hertfordshire Constabulary,Hertfordshire Constabulary,-0.388848,51.692620,On or near LOWESWATER CLOSE,E01023905,Watford 001B,Investigation complete; no suspect identified
c5730a04783e3fe8d29539865689de2a6f452f2399291ccc425c5b24e34b35da,2018-08,Hertfordshire Constabulary,Hertfordshire Constabulary,-0.174796,51.899166,On or near SIX HILLS WAY,E01023761,Stevenage 007C,Unable to prosecute suspect
70faea66074fdf11f841dbaec69e95e12e6e9c132adb2890d2075e9a6df67f04,2018-08,Hertfordshire Constabulary,Hertfordshire Constabulary,-0.161458,51.889786,On or near KESTREL CLOSE,E01023750,Stevenage 009A,Unable to prosecute suspect
19b51ca7957bd15196b3379cc76c4c674166d8a4e615dd46f654e9af2eadf3b8,2018-08,Hertfordshire Constabulary,Hertfordshire Constabulary,-0.169359,51.799369,On or near DOUGLAS WAY,E01023952,Welwyn Hatfield 005C,Unable to prosecute suspect
1685be4bf4454ba948f75ed8b46fdd46e5bda513a0de9c4b115fe017c658ada4,2018-08,Hertfordshire Constabulary,Hertfordshire Constabulary,-0.460305,51.715311,On or near LOVE LANE,E01023408,Dacorum 022C,Unable to prosecute suspect
1dada5ef5d7c858f142ea10a2c347ca082ae19793e45b18a691e23db02006e57,2018-08,Hertfordshire Constabulary,Hertfordshire Constabulary,-0.016861,51.945212,On or near Supermarket,E01023466,East Hertfordshire 001D,Investigation complete; no suspect identified
e8558b77b0d068b2500db25bd3aca58864162118b42545314915fba58ca001f9,2018-08,Hertfordshire Constabulary,Hertfordshire Constabulary,0.144819,51.821160,On or near Sports/Recreation Area,E01023499,East Hertfordshire 011A,Unable to prosecute suspect
669f558da2314295c9ac84d9b67067311036862a34a581ae559ddad12e39a629,2018-08,Hertfordshire Constabulary,Hertfordshire Constabulary,-0.189031,51.884234,On or near ROEBUCK GATE,E01023783,Stevenage 011A,Investigation complete; no suspect identified
2ea42e87c6d175529248847cca13710b264cd28990140b4ab98a71868c888c89,2018-08,Hertfordshire Constabulary,Hertfordshire Constabulary,-0.352973,51.814304,On or near ARDEN GROVE,E01023701,St Albans 003C,Investigation complete; no suspect identified
8ac0063abd2481497df95693aa7c1bd4a30fdd03685a1300eb4dc9fba86d2950,2018-08,Hertfordshire Constabulary,Hertfordshire Constabulary,-0.237491,51.757779,On or near HILL LEY,E01023923,Welwyn Hatfield 012D,Unable to prosecute suspect
cc5581cb78fbc2f0b0ad11344518681fe82d0f6f65fc7feef4f448d680a74eb0,2018-08,Hertfordshire Constabulary,Hertfordshire Constabulary,-0.033231,51.699343,On or near Parking Area,E01023300,Broxbourne 010D,Unable to prosecute suspect
9c869d0c86a9cc97f5a374c22fed41985faac2ad7b36d8f9c665e9e9e72076ed,2018-08,Hertfordshire Constabulary,Hertfordshire Constabulary,-0.033231,51.699343,On or near Parking Area,E01023300,Broxbourne 010D,Unable to prosecute suspect
617e5e6c8a3f780edc368b96d3313a39c07185df23b1e7bb10ab9b41c3615e78,2018-08,Hertfordshire Constabulary,Hertfordshire Constabulary,-0.087539,51.799541,On or near MILLMEAD WAY,E01023470,East Hertfordshire 014A,Unable to prosecute suspect
802916628b55bc7a86349281f39cd0af03f55823f37440ed2a0cc76d7ace601b,2018-08,Hertfordshire Constabulary,Hertfordshire Constabulary,-0.193341,51.982870,On or near THE GLADE,E01023592,North Hertfordshire 004F,Unable to prosecute suspect
eb309ef61a47d85440bbd3438dbafd41773878353d49064b648700f0452e48e4,2018-08,Hertfordshire Constabulary,Hertfordshire Constabulary,-0.170330,51.802253,On or near LITTLE HARDINGS,E01023951,Welwyn Hatfield 005B,Unable to prosecute suspect
35340f5e6c452000fa134b722d254a4a833785a134ff4fb065d977742f3199fa,2018-08,Hertfordshire Constabulary,Hertfordshire Constabulary,-0.387511,51.682188,On or near CEZANNE ROAD,E01023875,Watford 003C,Unable to prosecute suspect
565e7a7089be199b7ad55a009efad95387de6faa53bd21f98a6ef706ebd1b4fb,2018-08,Hertfordshire Constabulary,Hertfordshire Constabulary,-0.237491,51.757779,On or near HILL LEY,E01023923,Welwyn Hatfield 012D,Unable to prosecute suspect
0dd5d6811dfc17c7a88506365ccd5fae1f383a7c32381ae51e51019fa126770f,2018-08,Hertfordshire Constabulary,Hertfordshire Constabulary,-0.481537,51.750844,On or near THE CORNFIELDS,E01023380,Dacorum 018D,Unable to prosecute suspect
069a5460b953a1096daf0b3abc7a08dcab2697ac2f64bea9dbdc40d84e656511,2018-08,Hertfordshire Constabulary,Hertfordshire Constabulary,-0.323187,51.746687,On or near ASPASIA CLOSE,E01023666,St Albans 011A,Investigation complete; no suspect identified
356ba8cda00334a7eb4207a198338b1cc2c6a773e7136f4def325917bd4eb9f3,2018-08,Hertfordshire Constabulary,Hertfordshire Constabulary,-0.191783,51.909796,On or near GRACE WAY,E01023782,Stevenage 006E,Unable to prosecute suspect
4d65e4897079b8a72fdf19103e84274700ae6192b7e8a7c0429b609dba079436,2018-08,Hertfordshire Constabulary,Hertfordshire Constabulary,-0.452812,51.777041,On or near CLYDE SQUARE,E01023394,Dacorum 007B,Unable to prosecute suspect
59a8f739f7a1eb077a8babd28487783774b5d78c030ea5cb45984b5a9f14a493,2018-08,Hertfordshire Constabulary,Hertfordshire Constabulary,-0.253503,51.645751,On or near STIRLING WAY,E01023543,Hertsmere 011E,Investigation complete; no suspect identified
f2a9228b119ec132fcb19c9a46c1baa2950afea27e421b10b91f37a92966759c,2018-08,Hertfordshire Constabulary,Hertfordshire Constabulary,-0.663302,51.797992,On or near EIGHT ACRES,E01023418,Dacorum 003A,Investigation complete; no suspect identified
1f04da2928b01da1897f56c998a68907bb42763bdd183b1a25268a9fb5937137,2018-08,Hertfordshire Constabulary,Hertfordshire Constabulary,-0.020400,52.062024,On or near YEATS CLOSE,E01023662,North Hertfordshire 001C,Unable to prosecute suspect
4c2a54c57c2424cbbfcf425d735c2ac8ba14e8f7e293e35241fe4eb11c125432,2018-08,Hertfordshire Constabulary,Hertfordshire Constabulary,-0.058626,51.712571,On or near LEAFORIS ROAD,E01023325,Broxbourne 009C,Investigation complete; no suspect identified
a822a565132ff66c7a3e97074838a600b8996e29dc489ae9dee7e78f77da9a7e,2018-08,Hertfordshire Constabulary,Hertfordshire Constabulary,-0.466500,51.758103,On or near GILROY ROAD,E01023401,Dacorum 008A,Investigation complete; no suspect identified
3dc9a1a665dc46424c40110a49d60e541531f568684444c37bbe3368029057c8,2018-08,Hertfordshire Constabulary,Hertfordshire Constabulary,-0.023265,51.813028,On or near POPIS GARDENS,E01023518,East Hertfordshire 012D,Unable to prosecute suspect
115a67b533a03b4fe6e61ad9b9feeb0a076ac2c010acae684df5b836ef7ee248,2018-08,Hertfordshire Constabulary,Hertfordshire Constabulary,-0.439967,51.756522,On or near ARUNDEL CLOSE,E01023345,Dacorum 013A,Unable to prosecute suspect
83c4c4ee9ff6f13d0f6ceaae0358dc2d9f9fbb160ec99d2050e29b3e0c26ace3,2018-08,Hertfordshire Constabulary,Hertfordshire Constabulary,-0.023265,51.813028,On or near POPIS GARDENS,E01023518,East Hertfordshire 012D,Unable to prosecute suspect
2cf44c3d6c9c5a720779a17a0c3417a5b3fced3d51793748b245eec6f50dfe9a,2018-08,Hertfordshire Constabulary,Hertfordshire Constabulary,-0.239078,51.776209,On or near MULBERRY MEAD,E01033313,Welwyn Hatfield 002F,Unable to prosecute suspect
287b22e4a0a46ea5e8c20334cffe88c77adee4877ae4173b8fd89546d1935b41,2018-08,Hertfordshire Constabulary,Hertfordshire Constabulary,-0.239078,51.776209,On or near MULBERRY MEAD,E01033313,Welwyn Hatfield 002F,Unable to prosecute suspect
c36104263db65da4724d9b83c4962868860b7039cee90a133da597259ed9bf6b,2018-08,Hertfordshire Constabulary,Hertfordshire Constabulary,-0.183486,51.924082,On or near Pedestrian Subway,E01023787,Stevenage 001A,Suspect charged
dbaa036e6571ad65e4f3351aad7ec4984005be0e342e43c102e8491c60b24a9a,2018-08,Hertfordshire Constabulary,Hertfordshire Constabulary,-0.169333,51.902336,On or near FRY ROAD,E01023761,Stevenage 007C,Unable to prosecute suspect
3a47fb3a7043342da400532c48a39666dc439f0fe506e403fef806cb3ab21086,2018-08,Hertfordshire Constabulary,Hertfordshire Constabulary,-0.519853,51.653790,On or near Supermarket,E01023817,Three Rivers 005C,Unable to prosecute suspect
676c8fb7e5beada9f992d2306689f60baeed83bf85aebd5cc4f1659eb3bb8c04,2018-08,Hertfordshire Constabulary,Hertfordshire Constabulary,-0.209513,51.914716,On or near BOWLING GREEN,E01023776,Stevenage 002A,Investigation complete; no suspect identified
1a5af6e2084611c4a450d590b484318ce690e04ce88bbe5478900c20e65b2774,2018-08,Hertfordshire Constabulary,Hertfordshire Constabulary,-0.002730,51.763942,On or near NEW RIVER CLOSE,E01023331,Broxbourne 002E,Investigation complete; no suspect identified
17b1b9b4608b033f66eae8c46b543723a47b2c1a451f20aee3b9b7f0feaf3a0a,2018-08,Hertfordshire Constabulary,Hertfordshire Constabulary,-0.469184,51.749003,On or near PARADISE,E01023398,Dacorum 015D,Investigation complete; no suspect identified
0271a79fcad95639724558dcc5093c0195361fcdba10e6d6b8ba19ce0179a476,2018-08,Hertfordshire Constabulary,Hertfordshire Constabulary,-0.450037,51.765378,On or near DEIMOS DRIVE,E01023403,Dacorum 008C,Action to be taken by another organisation
bac48dc654da0b03c9e4d825a8ffe106a440f6c1c57aab68cdbc5de607d3aaed,2018-08,Hertfordshire Constabulary,Hertfordshire Constabulary,-0.024222,51.708157,On or near FIELDINGS ROAD,E01023299,Broxbourne 010C,Unable to prosecute suspect
1d43b3a3a1d4a66e36953503c6c6a0fa99f20e1be58a792ffbdda7106e900cf3,2018-08,Hertfordshire Constabulary,Hertfordshire Constabulary,-0.021763,51.730327,On or near FAIRFIELD DRIVE,E01023341,Broxbourne 005B,Investigation complete; no suspect identified
6daed6af4fb527b2ddc095e07845768dc0b48d10566f7c28e6349e43e941e6bb,2018-08,Hertfordshire Constabulary,Hertfordshire Constabulary,-0.419805,51.645418,On or near CROXLEY VIEW,E01023866,Watford 011D,Unable to prosecute suspect
cffb7de3b7d707f76aa2004b4b0caea7e3f40bbdefee82f90a78512fb21e642d,2018-08,Hertfordshire Constabulary,Hertfordshire Constabulary,-0.228835,51.763107,On or near Supermarket,E01023920,Welwyn Hatfield 012A,Investigation complete; no suspect identified
b0886036b59a2990adeda9469ee5801ded1f1df6037bbedb7ef41aa27e84c3c9,2018-08,Hertfordshire Constabulary,Hertfordshire Constabulary,-0.491871,51.755923,On or near Petrol Station,E01023429,Dacorum 011D,Investigation complete; no suspect identified
23f7c5eb4c539a0c6731cdf1d0f034a1782228d9817e1abe9d8591a9740fdb45,2018-08,Hertfordshire Constabulary,Hertfordshire Constabulary,0.148155,51.813501,On or near Supermarket,E01023501,East Hertfordshire 011C,Unable to prosecute suspect
fe46786a40ea2c3cc3581775a3f24704219692d3e9497c1d4f6a513149acf40b,2018-08,Hertfordshire Constabulary,Hertfordshire Constabulary,-0.184985,51.785853,On or near MOOREND,E01023946,Welwyn Hatfield 008D,Action to be taken by another organisation
c1edc4a73c573bd2a92c6196c75c6cf67cc49b50fb792bd60eab2a99527375bf,2018-08,Hertfordshire Constabulary,Hertfordshire Constabulary,-0.339291,51.751564,On or near CHEQUER STREET,E01023727,St Albans 012B,Unable to prosecute suspect
15d30124017457d7c7edc1c72500e6af3e7be7576f73b509d8134ffb33b7ed3f,2018-08,Hertfordshire Constabulary,Hertfordshire Constabulary,-0.303045,51.740697,On or near HOUSEFIELD WAY,E01023678,St Albans 015B,Investigation complete; no suspect identified
51cc60f2c6e591f7d6709af47637ce091c2a8dd2d306f36e1787c160ab3963d2,2018-08,Hertfordshire Constabulary,Hertfordshire Constabulary,-0.186880,51.888212,On or near Petrol Station,E01023786,Stevenage 011D,Investigation complete; no suspect identified
31edbf30de1de431f3b3ec18c0781c881e0db889bbac672991955fd8fe1aee7e,2018-08,Hertfordshire Constabulary,Hertfordshire Constabulary,-0.211270,51.799079,On or near PARKWAY CLOSE,E01023917,Welwyn Hatfield 006B,Investigation complete; no suspect identified
769cd6290e37794150d6d2cdcc2333efbc932f00767bec39931752cf6435b625,2018-08,Hertfordshire Constabulary,Hertfordshire Constabulary,-0.449647,51.772953,On or near DAWLEY COURT,E01023395,Dacorum 007C,Unable to prosecute suspect
1c1bdba48ca922e19c54043e880098061c6fc0d338711e7b9588b02a3bfc4c55,2018-08,Hertfordshire Constabulary,Hertfordshire Constabulary,-0.178713,51.692400,On or near SOUTHGATE ROAD,E01023580,Hertsmere 001E,Unable to prosecute suspect
16294206c606b9c2838faf77961339e47c108743f172bae868db2e65326986c5,2018-08,Hertfordshire Constabulary,Hertfordshire Constabulary,-0.458509,51.766415,On or near CAMBRIAN WAY,E01023402,Dacorum 008B,Offender given a caution
67538475bd7faf156fcd88f4e467603b5b718c538b84b63056d3b7b24331a32d,2018-08,Hertfordshire Constabulary,Hertfordshire Constabulary,-0.023569,51.950505,On or near AYLOTTS CLOSE,E01023465,East Hertfordshire 001C,Investigation complete; no suspect identified
3c28cb061954e49aa4b17e3ed685195df1c5118add88871b3f2a9cf40b40f1ab,2018-08,Hertfordshire Constabulary,Hertfordshire Constabulary,-0.408422,51.694325,On or near HILL FARM AVENUE,E01023907,Watford 001D,Investigation complete; no suspect identified
ed1783b518c91704360ed5831f21024ae9f00450f9a84c07022e74eb4d904c7c,2018-08,Hertfordshire Constabulary,Hertfordshire Constabulary,-0.232602,51.767210,On or near JASMINE GARDENS,E01023921,Welwyn Hatfield 012B,Unable to prosecute suspect
bdd517e43d6da8103182f4dd0dd7d6609dc6bebac5837a33f8a1a6e392a325cc,2018-08,Hertfordshire Constabulary,Hertfordshire Constabulary,-0.563100,51.763118,On or near GREENES COURT,E01023361,Dacorum 009A,Unable to prosecute suspect
70c784646a1f4fab7ef2f24f683bb535b5b239a2088297b9efc248459d1fe156,2018-08,Hertfordshire Constabulary,Hertfordshire Constabulary,-0.171610,51.933250,On or near MERRICK CLOSE,E01033026,North Hertfordshire 005J,Unable to prosecute suspect
f8d5736afbfc9353ee79a0c4086ac184be72056b75a27ed6f842915f45da328b,2018-08,Hertfordshire Constabulary,Hertfordshire Constabulary,-0.226248,51.820968,On or near WHITE HILL,E01023969,Welwyn Hatfield 002C,Unable to prosecute suspect
b6cba198b24ddab8be2551250070280d3055e9147f3733ab517be19592e58eed,2018-08,Hertfordshire Constabulary,Hertfordshire Constabulary,-0.205948,51.802352,On or near Shopping Area,E01023918,Welwyn Hatfield 006C,Suspect charged
010224746fd59ae5a9e6f9f0a9d8a534a895942c35916ab0092e9f57eaa01cf4,2018-08,Hertfordshire Constabulary,Hertfordshire Constabulary,-0.020607,51.948036,On or near Supermarket,E01023466,East Hertfordshire 001D,Unable to prosecute suspect
1e54d2786a8ba32cd9283f3676bb5fde2c46634fe7be7d85848242d017e9b649,2018-08,Hertfordshire Constabulary,Hertfordshire Constabulary,-0.021280,51.818587,On or near LADY MARGARET GARDENS,E01023518,East Hertfordshire 012D,Investigation complete; no suspect identified
a52e2fce65595271ddd5236b7a69c62eec89fb612f2d02dd01114e76f8c3b4a7,2018-08,Hertfordshire Constabulary,Hertfordshire Constabulary,-0.398560,51.662602,On or near WESTLAND ROAD,E01023861,Watford 009C,Investigation complete; no suspect identified
f7de35f404aa9b637f5540512ae828864921efd1e075da13d8ccb5c63a5451c1,2018-08,Hertfordshire Constabulary,Hertfordshire Constabulary,-0.073426,51.799581,On or near MILL ROAD,E01023478,East Hertfordshire 017D,Unable to prosecute suspect
29acdac26c88f908e23d72659688580a2134447d9bfc5d4ce49902612c984778,2018-08,Hertfordshire Constabulary,Hertfordshire Constabulary,0.132699,51.861334,On or near TAILORS,E01023448,East Hertfordshire 007F,Investigation complete; no suspect identified
5c0e4267cfa4a4f98c5c8558b63f8515f13774a9e954de4cecccd233e75c1388,2018-08,Hertfordshire Constabulary,Hertfordshire Constabulary,-0.456151,51.749282,On or near Petrol Station,E01023387,Dacorum 019B,Investigation complete; no suspect identified
a5c585464b5cc2dc779567fcb4748ccd2fd192e064b4cc298d27ebff45a614d8,2018-08,Hertfordshire Constabulary,Hertfordshire Constabulary,-0.345059,51.636476,On or near Supermarket,E01023549,Hertsmere 013B,Investigation complete; no suspect identified
602e78323c85fa2c3dc7b72c3a32bd5c54ec479279d5f04d8e74583e03250580,2018-08,Hertfordshire Constabulary,Hertfordshire Constabulary,-0.163840,51.923687,On or near GREAT ASHBY WAY,E01023789,Stevenage 001C,Unable to prosecute suspect
05059a1b396232a9537a94364bb8444a50c30660f166868fffca34504d6f08cf,2018-08,Hertfordshire Constabulary,Hertfordshire Constabulary,-0.470828,51.753952,On or near Supermarket,E01023398,Dacorum 015D,Investigation complete; no suspect identified
72cc0925c785e23836ce02f4417c8e5c23d56519b68c491a658b62e9a48114ff,2018-08,Hertfordshire Constabulary,Hertfordshire Constabulary,-0.209431,51.907647,On or near Petrol Station,E01023776,Stevenage 002A,Investigation complete; no suspect identified
fc7c404bd145a2074cdd0d6c8f0b2d7ab6c46d99fd5348712db75228f36bcd92,2018-08,Hertfordshire Constabulary,Hertfordshire Constabulary,-0.512692,51.623900,On or near OAKHILL ROAD,E01023838,Three Rivers 009D,Unable to prosecute suspect
addff20442f9dc3c2912c8336b807a7c9db5e3ea0c07102ca8f9986fac54db90,2018-08,Hertfordshire Constabulary,Hertfordshire Constabulary,-0.563289,51.760378,On or near Supermarket,E01023361,Dacorum 009A,Investigation complete; no suspect identified
50352e3c29b4e76b06db3144080fec2d4f8dd34f2f705ae61f453ef61f7bc56c,2018-08,Hertfordshire Constabulary,Hertfordshire Constabulary,-0.203048,51.904016,On or near Shopping Area,E01023758,Stevenage 008D,Investigation complete; no suspect identified
bf4138cdd5999ceff635fe3b738211d657f9dfb0a739350673daf099775b385a,2018-08,Hertfordshire Constabulary,Hertfordshire Constabulary,-0.237419,51.763344,On or near Parking Area,E01023921,Welwyn Hatfield 012B,Investigation complete; no suspect identified
157ee43e8e2e107f89992bb0b4fbfe29b0f1ff3f89b280eaae9dd692bb860835,2018-08,Hertfordshire Constabulary,Hertfordshire Constabulary,-0.342046,51.751495,On or near GEORGE STREET,E01023743,St Albans 014B,Investigation complete; no suspect identified
30a7fb5c73d56808198b2d452623b089563573fa29a5de5d59cc032ee2aea3ef,2018-08,Hertfordshire Constabulary,Hertfordshire Constabulary,-0.026137,51.694072,On or near EASTFIELD ROAD,E01023335,Broxbourne 012D,Investigation complete; no suspect identified
4822d31c622246597632a118abd17c760db0550197637a3614b57f6653daeb3a,2018-08,Hertfordshire Constabulary,Hertfordshire Constabulary,-0.078285,51.799229,On or near HARTHAM LANE,E01023470,East Hertfordshire 014A,Investigation complete; no suspect identified
0cb46d293ede61f85cdd5bea180dc24dffb438ef618d08610c280ac757bd0150,2018-08,Hertfordshire Constabulary,Hertfordshire Constabulary,-0.489481,51.634223,On or near Petrol Station,E01023836,Three Rivers 009B,Investigation complete; no suspect identified
bfdffef3bd1b94317dcb0e673462af3fb740c2de4c949d5142eb7e7bad26b0b8,2018-08,Hertfordshire Constabulary,Hertfordshire Constabulary,-0.015720,51.808746,On or near WIDBURY HILL,E01023513,East Hertfordshire 012B,Investigation complete; no suspect identified
49a4479464b31b8dd636e74f0169de85009df3991ea801fa95dcb5b83c15deb2,2018-08,Hertfordshire Constabulary,Hertfordshire Constabulary,-0.481537,51.750844,On or near THE CORNFIELDS,E01023380,Dacorum 018D,Unable to prosecute suspect
720a19218432ef959fb5e1358dab51118adff9be4c1ba0955d2fc395baab7b4d,2018-08,Hertfordshire Constabulary,Hertfordshire Constabulary,0.002733,51.767860,On or near CECIL ROAD,E01023330,Broxbourne 002D,Investigation complete; no suspect identified
46181b4796597c5760bf0aa9edf61934ef65799d39a6f07a8867fcab623e2937,2018-08,Hertfordshire Constabulary,Hertfordshire Constabulary,-0.015720,51.808746,On or near WIDBURY HILL,E01023513,East Hertfordshire 012B,Investigation complete; no suspect identified
9247fa58fe37c0634e149f48fe82900ce0b00d476e04b734767170d0fc405b1f,2018-08,Hertfordshire Constabulary,Hertfordshire Constabulary,-0.250702,51.953694,On or near MAYLIN CLOSE,E01023620,North Hertfordshire 011D,Unable to prosecute suspect
0be4dc74447627931694e9ec18f0fbfdd26ab8b6b3f2e12bcdd76ee3b622bb2e,2018-08,Hertfordshire Constabulary,Hertfordshire Constabulary,-0.019138,52.044396,On or near TURPIN'S RIDE,E01023654,North Hertfordshire 002A,Investigation complete; no suspect identified
e5bfddcfa64eba808463dd521f82d64121f620801aa2ae409dccd86e6b4e718c,2018-08,Hertfordshire Constabulary,Hertfordshire Constabulary,-0.015720,51.808746,On or near WIDBURY HILL,E01023513,East Hertfordshire 012B,Investigation complete; no suspect identified
a95438e20dbe1e3dae74c8a9cac27d1e95ce621beff2421beb7be1b3e6dd1e70,2018-08,Hertfordshire Constabulary,Hertfordshire Constabulary,-0.250702,51.953694,On or near MAYLIN CLOSE,E01023620,North Hertfordshire 011D,Unable to prosecute suspect
ee3f5942cbe371d7ed95a4506eb07909f5f5d76aaf475cdfe1c47788737803e1,2018-08,Hertfordshire Constabulary,Hertfordshire Constabulary,-0.019138,52.044396,On or near TURPIN'S RIDE,E01023654,North Hertfordshire 002A,Investigation complete; no suspect identified
49fffe8d2929be7993302e4a010f08f83d9641e1f3987f8ed7f57a7258bf33d2,2018-08,Hertfordshire Constabulary,Hertfordshire Constabulary,-0.181601,51.693991,On or near Supermarket,E01023580,Hertsmere 001E,Offender given a caution
faad9b5fa89ae0b91553fc0ff53cf8cf98491f855509c1bca888cd4d0c8cd917,2018-08,Hertfordshire Constabulary,Hertfordshire Constabulary,-0.389088,51.616541,On or near BELFAIRS GREEN,E01023806,Three Rivers 012A,Unable to prosecute suspect
417443d3202845b96205f9773b2a5fb38bcc0f23091f09d87ba7c7bb6e84e2e5,2018-08,Hertfordshire Constabulary,Hertfordshire Constabulary,-0.354155,51.652250,On or near CORNFIELD ROAD,E01023562,Hertsmere 012E,Unable to prosecute suspect
6cf72f8f3f4cbd86aa997ad45e6e3ed68f24214c4bf1394bdfa7a0a133bff79b,2018-08,Hertfordshire Constabulary,Hertfordshire Constabulary,-0.306225,51.741246,On or near HOWARD CLOSE,E01023681,St Albans 016A,Investigation complete; no suspect identified
d7d6b67f637cde7774223ba3309f1b6a3d755d6fbb0029bc00fc1b49f7996e0d,2018-08,Hertfordshire Constabulary,Hertfordshire Constabulary,-0.580188,51.756537,On or near MARLIN COPSE,E01023372,Dacorum 012D,Unable to prosecute suspect
72f34a8a727a142f4c18a890f80c19e6795bdf2ebd9de8465c0be8dc99ca1ee1,2018-08,Hertfordshire Constabulary,Hertfordshire Constabulary,-0.393525,51.683925,On or near HOLLAND GARDENS,E01023890,Watford 002A,Unable to prosecute suspect
d2160125ac4eee95026837cffc8d76d992a29a96a7728914f928d8469e340bfe,2018-08,Hertfordshire Constabulary,Hertfordshire Constabulary,-0.224813,51.991621,On or near MIDDLEFIELDS,E01023636,North Hertfordshire 003B,Unable to prosecute suspect
e5e9a7aed1dd8d0ebcdcda6231d4c7a23b8d21a41967e4c3f72c269dfa4b88f5,2018-08,Hertfordshire Constabulary,Hertfordshire Constabulary,-0.339818,51.742724,On or near Supermarket,E01023737,St Albans 017A,Investigation complete; no suspect identified
410bf40001490a0d2c69eeb613541398e9d5f1b71adde5ef9b0c9576d24dfbb6,2018-08,Hertfordshire Constabulary,Hertfordshire Constabulary,-0.275915,51.663806,On or near SPRING CLOSE,E01023538,Hertsmere 006E,Unable to prosecute suspect
ec068b32070404747fd67478f1ee54a2b8fe5f3ad45e58b7e32c3218deca7bc4,2018-08,Hertfordshire Constabulary,Hertfordshire Constabulary,-0.022849,51.721713,On or near SHIRE CLOSE,E01023342,Broxbourne 005C,Unable to prosecute suspect
28248f4891c669e1272ca2d6d7bb5cb0b88872eecbd276434c61acc59d2f60c8,2018-08,Hertfordshire Constabulary,Hertfordshire Constabulary,-0.021444,51.737642,On or near CHILWORTH GATE,E01023340,Broxbourne 005A,Unable to prosecute suspect
5380512caa0ad93ca0070c4986b893176bc087470c6da207b203a421be4c8c49,2018-08,Hertfordshire Constabulary,Hertfordshire Constabulary,-0.053882,51.706063,On or near Sports/Recreation Area,E01023295,Broxbourne 011C,Investigation complete; no suspect identified
d385f85b446415b000c1193f1d4f6973ee070ef95d2840bb390ce413bbbdece3,2018-08,Hertfordshire Constabulary,Hertfordshire Constabulary,-0.407805,51.684704,On or near CLARKE WAY,E01023891,Watford 002B,Unable to prosecute suspect
02e14375ebacc03007f3d87ef2ae25656c8c9fc04a269e3c0b3fe73b98c20b84,2018-08,Hertfordshire Constabulary,Hertfordshire Constabulary,-0.179316,51.918236,On or near Supermarket,E01023774,Stevenage 003D,Suspect charged as part of another case
7d3b7809e71fccc55e92b127d8596d590f7a638bd6eff68dbf3e06a420a30482,2018-08,Hertfordshire Constabulary,Hertfordshire Constabulary,-0.407128,51.685864,On or near HEMMING WAY,E01023891,Watford 002B,Unable to prosecute suspect
bc0a3ff985dc70fae03f99418887d99f9180e097f89e0667235994459a5c1e90,2018-08,Hertfordshire Constabulary,Hertfordshire Constabulary,-0.225667,51.754831,On or near THE PASTURES,E01023923,Welwyn Hatfield 012D,Unable to prosecute suspect
f5b47e9a9324fd29be652a22904e57a8de653a0692cec5a9351879cbeb365977,2018-08,Hertfordshire Constabulary,Hertfordshire Constabulary,-0.224636,51.973643,On or near PADDOCK CLOSE,E01023644,North Hertfordshire 008A,Suspect charged
d5d152d12fda1ccab131f50612954fd8dd3787484804a7e9854b2d2d56236a6f,2018-08,Hertfordshire Constabulary,Hertfordshire Constabulary,-0.022849,51.721713,On or near SHIRE CLOSE,E01023342,Broxbourne 005C,Unable to prosecute suspect
ce94a2af378e72c7fd39c11bedb3fe373f0579bcb64ccfade7a345297bf394f5,2018-08,Hertfordshire Constabulary,Hertfordshire Constabulary,-0.472781,51.619044,On or near HAREFIELD ROAD,E01002438,Hillingdon 003A,Investigation complete; no suspect identified
a0841c3803b7a91642445be1a230e0e2430276c19a9f6ca820debc7f93d4a5f6,2018-08,Hertfordshire Constabulary,Hertfordshire Constabulary,-0.089207,51.725751,On or near STARKEY CLOSE,E01023307,Broxbourne 006A,Investigation complete; no suspect identified
1e022852727863712306eb37fe95f9dd515f5af33099ef843eed80b1fc29b2e8,2018-08,Hertfordshire Constabulary,Hertfordshire Constabulary,-0.207970,51.819018,On or near Sports/Recreation Area,E01023962,Welwyn Hatfield 003D,Unable to prosecute suspect
2744b2943fb7bb689831110a68921c99c2f34daa1fb446e83b4905f165c69434,2018-08,Hertfordshire Constabulary,Hertfordshire Constabulary,-0.020557,51.946866,On or near MEETING HOUSE LANE,E01023466,East Hertfordshire 001D,Unable to prosecute suspect
0b26c3caf0ed0e04de4e78db9a4404dc2315899ff73857fc8cdfeb70e526f178,2018-08,Hertfordshire Constabulary,Hertfordshire Constabulary,-0.345720,51.827358,On or near COLDHARBOUR LANE,E01023693,St Albans 001D,Investigation complete; no suspect identified
1c2866a0f04a701938e2ed79fbaf54b18ae1253641455f97ecc8cc9e7beff981,2018-08,Hertfordshire Constabulary,Hertfordshire Constabulary,-0.017302,51.813683,On or near CROMWELL ROAD,E01023513,East Hertfordshire 012B,Unable to prosecute suspect
0c4b527bae20a034f03a049265d414a5758682c8a95ad42eb4bf13e83b49df65,2018-08,Hertfordshire Constabulary,Hertfordshire Constabulary,-0.238400,51.775759,On or near Sports/Recreation Area,E01033310,Welwyn Hatfield 002E,Unable to prosecute suspect
32240b5ac54e76591be9a1bd544a33f8f4c1e13eb2e8d78dd15be39cda1fd51b,2018-08,Hertfordshire Constabulary,Hertfordshire Constabulary,-0.238400,51.775759,On or near Sports/Recreation Area,E01033310,Welwyn Hatfield 002E,Unable to prosecute suspect
458fd26e35f9d5ca736d256e9b637ce93cce7799889737c332a3ca7a5a92ea3e,2018-08,Hertfordshire Constabulary,Hertfordshire Constabulary,-0.191161,51.696270,On or near Parking Area,E01023577,Hertsmere 001B,Unable to prosecute suspect
2d420dba1742b007346796491e20637354d58f4425a591600b7985940000fde4,2018-08,Hertfordshire Constabulary,Hertfordshire Constabulary,-0.173644,51.799211,On or near BALDWINS,E01023952,Welwyn Hatfield 005C,Unable to prosecute suspect
0e06a3bbdb47bbf101ee0adc85d521cd22cf3431a344dd1abf8633d8cb1a4235,2018-08,Hertfordshire Constabulary,Hertfordshire Constabulary,-0.179316,51.918236,On or near Supermarket,E01023774,Stevenage 003D,Unable to prosecute suspect
1d3c249efc5551dc3ad308c66d2eb30476b937fe4e6050ea4a49610354805577,2018-08,Hertfordshire Constabulary,Hertfordshire Constabulary,-0.179316,51.918236,On or near Supermarket,E01023774,Stevenage 003D,Suspect charged
c206d007dc5b07e0ffe5976052b5260414baa0e9c783b1a9de3cc0d8bee0b150,2018-08,Hertfordshire Constabulary,Hertfordshire Constabulary,-0.399444,51.640791,On or near THE WILLOWS,E01023845,Three Rivers 008C,Unable to prosecute suspect
0114f093422d5c64690aa3af219af2d2339aae7ff3792b3aade0286ce6e3a11e,2018-08,Hertfordshire Constabulary,Hertfordshire Constabulary,-0.457768,51.767736,On or near WENSLEYDALE,E01023402,Dacorum 008B,Unable to prosecute suspect
72ced77f3099839f98e19a38c1f9b66d2921e4febf49a7add97c94273236e295,2018-08,Hertfordshire Constabulary,Hertfordshire Constabulary,-0.365140,51.644652,On or near HIGH STREET,E01023563,Hertsmere 012F,Investigation complete; no suspect identified
79363782e35550fd08000c8ab7cbd40998f5c3fb2b2592353a1146e709b663d8,2018-08,Hertfordshire Constabulary,Hertfordshire Constabulary,-0.398844,51.665618,On or near Pedestrian Subway,E01023861,Watford 009C,Unable to prosecute suspect
7525c3b2008fe51959fb30da566cff986582c0241f1632cb90612204319a001d,2018-08,Hertfordshire Constabulary,Hertfordshire Constabulary,-0.298737,51.748574,On or near ST EDMUNDS WALK,E01023677,St Albans 015A,Unable to prosecute suspect
88fd187246e79a806860a130ddb3eeb6d65920cc21d57046639c70e35af77b99,2018-08,Hertfordshire Constabulary,Hertfordshire Constabulary,-0.247071,51.768578,On or near FILLINGHAM WAY,E01033314,Welwyn Hatfield 010G,Investigation complete; no suspect identified
78744e19fad12907375309ca4a68cc18ffb6483ca36fe5e0061d731fae28c2c1,2018-08,Hertfordshire Constabulary,Hertfordshire Constabulary,-0.174732,51.896099,On or near THE PADDOCKS,E01023792,Stevenage 010B,Unable to prosecute suspect
a694a700d4ca6840f7285c637e7aaa3f55dfd62b8d554cbf3597d90424fe28ac,2018-08,Hertfordshire Constabulary,Hertfordshire Constabulary,-0.200675,51.901929,On or near MARKET SQUARE,E01023758,Stevenage 008D,Investigation complete; no suspect identified
3a39300dd88abe066fb126f419cfe1cd76e2f2a429ac2b582b12b40762c5cf4d,2018-08,Hertfordshire Constabulary,Hertfordshire Constabulary,-0.502862,51.763563,On or near ELM GREEN,E01023427,Dacorum 011B,Investigation complete; no suspect identified
065ffa9277a32dbf7ede00acd71e2ea6ae98b7cc755738e7e8790b81680ecf07,2018-08,Hertfordshire Constabulary,Hertfordshire Constabulary,-0.484725,51.753421,On or near GLENDALE,E01023380,Dacorum 018D,Unable to prosecute suspect
2e58fd3cd75d4809fb1a6760967605698ea6d62b5a780980fb5f337ef373c35a,2018-08,Hertfordshire Constabulary,Hertfordshire Constabulary,-0.211912,51.924230,On or near Hospital,E01023800,Stevenage 002E,Investigation complete; no suspect identified
b08413036630678a530878c01bc5331bdb353dd920532549e9b46e3c44643c06,2018-08,Hertfordshire Constabulary,Hertfordshire Constabulary,-0.397609,51.668245,On or near Supermarket,E01023855,Watford 006A,Investigation complete; no suspect identified
2132a118000d638a7fa19e437956289c83f24b00ca5ee2b8a20eb1051eede9df,2018-08,Hertfordshire Constabulary,Hertfordshire Constabulary,-0.397609,51.668245,On or near Supermarket,E01023855,Watford 006A,Investigation complete; no suspect identified
7b4574c85b1458eeeaa651881a3378ae122f39f96d63f66d5ee6a30994babd20,2018-08,Hertfordshire Constabulary,Hertfordshire Constabulary,-0.208263,51.801029,On or near Supermarket,E01023918,Welwyn Hatfield 006C,Investigation complete; no suspect identified
7580be9f4bb93861629e2ce291d6e94a6d3e5333a942c1a49a85cccda34aa752,2018-08,Hertfordshire Constabulary,Hertfordshire Constabulary,-0.203002,51.904797,On or near Shopping Area,E01023758,Stevenage 008D,Investigation complete; no suspect identified
ee527060cded4ff0db7a8d30ca3a46fcd2144d45145587115628eeea937ac79c,2018-08,Hertfordshire Constabulary,Hertfordshire Constabulary,-0.397609,51.668245,On or near Supermarket,E01023855,Watford 006A,Investigation complete; no suspect identified
46f3d8a7aa626f7076d656b027b808fa3f6a36cf8724589247f72d8ec6f4e5da,2018-08,Hertfordshire Constabulary,Hertfordshire Constabulary,-0.399725,51.658248,On or near Nightclub,E01023861,Watford 009C,Investigation complete; no suspect identified
0213b3f241d3dab31d9a9060f2ba0388f7137f23fd5a7f51ac2bfb39180661a8,2018-08,Hertfordshire Constabulary,Hertfordshire Constabulary,-0.228835,51.763107,On or near Supermarket,E01023920,Welwyn Hatfield 012A,Investigation complete; no suspect identified
ae2bf4a606e3049c4c1edda57c3d14d2fedf0f53d32cc4b731ddb124a68399c0,2018-08,Hertfordshire Constabulary,Hertfordshire Constabulary,-0.210634,51.697099,On or near OULTON CRESCENT,E01023567,Hertsmere 002A,Unable to prosecute suspect
d8f00677af014b899c9dea950c22e81305d9e8bac98f19c688ae96492e4c44b1,2018-08,Hertfordshire Constabulary,Hertfordshire Constabulary,-0.228835,51.763107,On or near Supermarket,E01023920,Welwyn Hatfield 012A,Investigation complete; no suspect identified
d527c96afa289603f28b376714cfaef6e41e5c9282d94fff22c7754b3a5729d2,2018-08,Hertfordshire Constabulary,Hertfordshire Constabulary,-0.016861,51.945212,On or near Supermarket,E01023466,East Hertfordshire 001D,Investigation complete; no suspect identified
aea05ef025671ad5e2aefe8b421f81833a56a0799379004b7f5d69a647100f47,2018-08,Hertfordshire Constabulary,Hertfordshire Constabulary,-0.573807,51.763186,On or near Petrol Station,E01023370,Dacorum 012B,Investigation complete; no suspect identified
7a6f877c253da24b32562bac4ad4e5ce7a59fb38eb33db41b9aed1708624173e,2018-08,Hertfordshire Constabulary,Hertfordshire Constabulary,-0.282907,51.668576,On or near AYCLIFFE ROAD,E01023536,Hertsmere 006C,Investigation complete; no suspect identified
653574249f0db69735a422465a254da900fd614ca5112b22e9ef92a5aca67d36,2018-08,Hertfordshire Constabulary,Hertfordshire Constabulary,-0.400520,51.659491,On or near Nightclub,E01023861,Watford 009C,Investigation complete; no suspect identified
16ac67e14e0f3fbe311d6a5fa031bec2f168e5db65d513081ecdae3186414cdc,2018-08,Hertfordshire Constabulary,Hertfordshire Constabulary,-0.286632,51.717772,On or near ALSOP CLOSE,E01023704,St Albans 018A,Investigation complete; no suspect identified
a7c33a67b4dec4b872aca6f60714a44c40565e7d49a5a4b25d99204ac78d1a0a,2018-08,Hertfordshire Constabulary,Hertfordshire Constabulary,-0.249644,51.762762,On or near ALBATROSS WAY,E01033314,Welwyn Hatfield 010G,Unable to prosecute suspect
e15298f574a4969292f86ab4a33167ddabc9bbd944ef4c7095e520cf7a2fae86,2018-08,Hertfordshire Constabulary,Hertfordshire Constabulary,-0.404472,51.649051,On or near Hospital,E01023902,Watford 010D,Investigation complete; no suspect identified
b89489fbb8b5bed7d022f3f6d015be3508ed5b5b2bf83c22bf3aee2a038e5ad1,2018-08,Hertfordshire Constabulary,Hertfordshire Constabulary,-0.275853,51.949416,On or near HERMITAGE ROAD,E01023616,North Hertfordshire 012F,Local resolution
4007c80e9009ef6bf6477326119175248ab35926b9bc43d42a5a816cfe5ebb4a,2018-08,Hertfordshire Constabulary,Hertfordshire Constabulary,-0.582377,51.765762,On or near COOMBE GARDENS,E01023369,Dacorum 012A,Unable to prosecute suspect
a643de460b57a726c3db923091b6edd6358db19f4a8f9db74ee419ada964d15e,2018-08,Hertfordshire Constabulary,Hertfordshire Constabulary,-0.278841,51.949280,On or near Parking Area,E01023616,North Hertfordshire 012F,Investigation complete; no suspect identified
c41ceb97bb99f241bf6c4d4edfe7329c8c0ee18415e86fa7e5eb0d4e2a79333d,2018-08,Hertfordshire Constabulary,Hertfordshire Constabulary,-0.304488,51.637057,On or near A41,E01023564,Hertsmere 010B,Investigation complete; no suspect identified
54f90e61bc63d8fa62b39895500fbc0add70bb327acb8653daf37f89822747a3,2018-08,Hertfordshire Constabulary,Hertfordshire Constabulary,-0.181601,51.693991,On or near Supermarket,E01023580,Hertsmere 001E,Investigation complete; no suspect identified
982bd407c94c575f7bb03c112d20ecda2544144d88c4fac24c67a7d6a6d98726,2018-08,Hertfordshire Constabulary,Hertfordshire Constabulary,-0.340320,51.752334,On or near UPPER DAGNALL STREET,E01023727,St Albans 012B,Unable to prosecute suspect
d7cc25c0c35a85e4cff781adef0b2491419af5002307db0bbac3f014101176c7,2018-08,Hertfordshire Constabulary,Hertfordshire Constabulary,-0.426299,51.823311,On or near Petrol Station,E01023430,Dacorum 001A,Unable to prosecute suspect
b2027b491452a013d2760db364cb8ae2eeef0a1180f982f6f1848ee1a7ac28d5,2018-08,Hertfordshire Constabulary,Hertfordshire Constabulary,-0.179316,51.918236,On or near Supermarket,E01023774,Stevenage 003D,Unable to prosecute suspect
dc121c620a65e3cbd017eff84370c7fbcc2ab0ffe5338ff87ce271bab02af47f,2018-08,Hertfordshire Constabulary,Hertfordshire Constabulary,-0.181774,51.892674,On or near WILLIAM PLACE,E01023794,Stevenage 010D,Unable to prosecute suspect
a8fbdaabcbf8f01060b1f8b2c6f951c379555369be276329b76fd152c7d6d5d3,2018-08,Hertfordshire Constabulary,Hertfordshire Constabulary,-0.297270,51.772157,On or near CHANCERY CLOSE,E01023734,St Albans 007B,Investigation complete; no suspect identified
2559bf9adfecc357351702ae1edd12e328de6fe33501069e58c2c97b4a8e46bf,2018-08,Hertfordshire Constabulary,Hertfordshire Constabulary,-0.032104,51.723640,On or near VANCOUVER ROAD,E01023310,Broxbourne 006D,Unable to prosecute suspect
e8e3b30f08a97925f3acc6294ef77ad6591811a30d4d32f9e03ae8ad8405441e,2018-08,Hertfordshire Constabulary,Hertfordshire Constabulary,-0.228835,51.763107,On or near Supermarket,E01023920,Welwyn Hatfield 012A,Investigation complete; no suspect identified
93cb791a502bb6820863ec81721d5919d9912c072116c236bcec1aec8c80870d,2018-08,Hertfordshire Constabulary,Hertfordshire Constabulary,-0.032104,51.723640,On or near VANCOUVER ROAD,E01023310,Broxbourne 006D,Unable to prosecute suspect
1637fedebf2e953c82077c3559d66178d6f8160b49b0f3381714e6322dd9699d,2018-08,Hertfordshire Constabulary,Hertfordshire Constabulary,-0.282629,51.949560,On or near CRABBES CLOSE,E01023616,North Hertfordshire 012F,Investigation complete; no suspect identified
d77e05065708d3766e01270bfe122785b36a0e92e6488ef3dc13315d3f4b4869,2018-08,Hertfordshire Constabulary,Hertfordshire Constabulary,0.135197,51.802109,On or near OAK DRIVE,E01023500,East Hertfordshire 011B,Investigation complete; no suspect identified
aa686cf785947b1a8ff6f928c28ceaefea88233617d0509b7ff716d3d086c178,2018-08,Hertfordshire Constabulary,Hertfordshire Constabulary,-0.398649,51.698598,On or near POPLARS CLOSE,E01023904,Watford 001A,Unable to prosecute suspect
0c55851772a848b60300a2bbda8b109eaaf7efb6d088d1a6ce7e19c46ca17983,2018-08,Hertfordshire Constabulary,Hertfordshire Constabulary,-0.273411,51.651711,On or near CEDARS CLOSE,E01023539,Hertsmere 011A,Unable to prosecute suspect
c543f971fca4951ff004ebf7c78f12d7acb55df5bdd978539e46a5dede0cc47e,2018-08,Hertfordshire Constabulary,Hertfordshire Constabulary,-0.182663,51.850812,On or near TWIN FOXES,E01023967,Welwyn Hatfield 001C,Unable to prosecute suspect
11be2128cd802a667890afc1b83151b14a0f3aedad4ce01d5eb0544244daac11,2018-08,Hertfordshire Constabulary,Hertfordshire Constabulary,-0.194828,51.815652,On or near VIADUCT WAY,E01023915,Welwyn Hatfield 004D,Investigation complete; no suspect identified
a02b2bba3c08d566c4df30db3066be45b82978881be996880f2680c69c5fe643,2018-08,Hertfordshire Constabulary,Hertfordshire Constabulary,-0.170901,51.801039,On or near THE MEADOW,E01023951,Welwyn Hatfield 005B,Investigation complete; no suspect identified
17d25f108a4a02a96c6be83fe41416d497215d078fd11d69310471b8a3a5ff31,2018-08,Hertfordshire Constabulary,Hertfordshire Constabulary,,,No location,,,Suspect charged
17d25f108a4a02a96c6be83fe41416d497215d078fd11d69310471b8a3a5ff31,2018-08,Hertfordshire Constabulary,Hertfordshire Constabulary,,,No location,,,Suspect charged
7c86e35b0577f0526547c31b8f03b80bdb335da26f56da36b9f2774732333e34,2018-08,Hertfordshire Constabulary,Hertfordshire Constabulary,-0.460911,51.748616,On or near CAISTER CLOSE,E01023387,Dacorum 019B,Unable to prosecute suspect
1464337516c64216efb034a0f8c86143d1ead89df8f287eec94ac7cc4c121769,2018-08,Hertfordshire Constabulary,Hertfordshire Constabulary,-0.451274,51.755485,On or near Supermarket,E01023348,Dacorum 013D,Investigation complete; no suspect identified
ac1382026d161cf9f64ccb9d0de397ed3390e53dde263906286681ece3160fe7,2018-08,Hertfordshire Constabulary,Hertfordshire Constabulary,-0.205344,51.802208,On or near STONEHILLS,E01023918,Welwyn Hatfield 006C,Investigation complete; no suspect identified
8adc98aaa019300b6ba2a8913cc92b04d70e13a043bf47b8186f6c40d3b771a7,2018-08,Hertfordshire Constabulary,Hertfordshire Constabulary,-0.244173,51.762573,On or near BISHOP SQUARE,E01033308,Welwyn Hatfield 010E,Investigation complete; no suspect identified
139bf7420ce5656ad0928dd55f2696eed51ba3b1f85ad540b3529869a84f7a96,2018-08,Hertfordshire Constabulary,Hertfordshire Constabulary,-0.181912,51.690930,On or near BEECHWOOD AVENUE,E01023573,Hertsmere 003C,Unable to prosecute suspect
310187051af675112c9248a8e28ae3caefc3159869a1365377ca70129a9235c8,2018-08,Hertfordshire Constabulary,Hertfordshire Constabulary,-0.658299,51.805812,On or near SUTTON CLOSE,E01023419,Dacorum 003B,Investigation complete; no suspect identified
c4b12ac4c854a2ec37eb6fdb2f644a59e6b322e5baa50aa74c668bcb026342d5,2018-08,Hertfordshire Constabulary,Hertfordshire Constabulary,-0.033398,51.690480,On or near Supermarket,E01023332,Broxbourne 012A,Unable to prosecute suspect
238ff8dd5d926eb3fadca81c792767d07eeba47e2fe4c15b81133fcd4e8fa01d,2018-08,Hertfordshire Constabulary,Hertfordshire Constabulary,-0.213159,51.765594,On or near PARK MEADOW,E01023926,Welwyn Hatfield 011C,Investigation complete; no suspect identified
cbad053a7f51868be96165b5ded594e6eb368b7fd2a7765b371e78a6a6f0397b,2018-08,Hertfordshire Constabulary,Hertfordshire Constabulary,-0.252990,51.651966,On or near HOWARD DRIVE,E01023547,Hertsmere 009D,Investigation complete; no suspect identified
ee625d57be908fb93a3ac8ac0e453559f00e5f2749a887b5fc992422fff2c295,2018-08,Hertfordshire Constabulary,Hertfordshire Constabulary,-0.021222,51.811644,On or near BELLEVUE ROAD,E01023512,East Hertfordshire 012A,Investigation complete; no suspect identified
caf67a4ed3b9622e31229e05b146f2643cfc86e19ea5c52f96f0e387d88db47a,2018-08,Hertfordshire Constabulary,Hertfordshire Constabulary,-0.033156,51.710412,On or near LAWRANCE GARDENS,E01023302,Broxbourne 008A,Investigation complete; no suspect identified
231798574528391c8605d92e5e0d334b70bcf21f76523b1cbbe704de72c74747,2018-08,Hertfordshire Constabulary,Hertfordshire Constabulary,-0.205214,51.901468,On or near Theatre/Concert Hall,E01023758,Stevenage 008D,Investigation complete; no suspect identified
0194e39f51e7242f5414cfc9f30f06eba893116558ad35b60253ae2d124178f0,2018-08,Hertfordshire Constabulary,Hertfordshire Constabulary,-0.073672,51.796527,On or near Pedestrian Subway,E01023478,East Hertfordshire 017D,Suspect charged
422f97c581808be7f6654e799b9ac0b9b89531c30b70487a3a292303881b7945,2018-08,Hertfordshire Constabulary,Hertfordshire Constabulary,-0.453613,51.727299,On or near NASH MILLS LANE,E01023407,Dacorum 022B,Unable to prosecute suspect
892fafb88ddf779fa2e650295e7b93cb1ddde5fba6be157fa86c2539951e120e,2018-08,Hertfordshire Constabulary,Hertfordshire Constabulary,-0.337202,51.754385,On or near Parking Area,E01023727,St Albans 012B,Investigation complete; no suspect identified
806e2a4dc0b0d4f431841e02b9790e4c72070bc122d9fb08f4c7c0f541f13144,2018-08,Hertfordshire Constabulary,Hertfordshire Constabulary,-0.183703,51.985689,On or near PINNOCKS CLOSE,E01023589,North Hertfordshire 004C,Investigation complete; no suspect identified
ffbbe1fa62e75525e0bd4189f7ad567092786fcaa113d1b66850e9482edb68dd,2018-08,Hertfordshire Constabulary,Hertfordshire Constabulary,-0.165228,51.900690,On or near CROMWELL ROAD,E01023760,Stevenage 007B,Unable to prosecute suspect
bc098ac99287ce4822a4afd9695f91c461efdfea7cd6b0f977bc37a5855a8c5d,2018-08,Hertfordshire Constabulary,Hertfordshire Constabulary,-0.400364,51.628592,On or near HAMILTON ROAD,E01023828,Three Rivers 008B,Unable to prosecute suspect
97ff486ff429dcb5748a50cc111cfdcc82c3aa0c371e46747006a72d3554bfb4,2018-08,Hertfordshire Constabulary,Hertfordshire Constabulary,-0.448286,51.648136,On or near Supermarket,E01023819,Three Rivers 006A,Investigation complete; no suspect identified
48988a51be47369b0abc39cf6adba15f0ae75b348ddeda9905b011b658c375de,2018-08,Hertfordshire Constabulary,Hertfordshire Constabulary,-0.031814,51.694302,On or near SPRINGFIELD ROAD,E01023333,Broxbourne 012B,Unable to prosecute suspect
8e802fb83c59a3ac7467ea91378b51e32324b088d0ef97aef8b2400f5b8c0ad7,2018-08,Hertfordshire Constabulary,Hertfordshire Constabulary,-0.194578,51.896998,On or near WHOMERLEY ROAD,E01023755,Stevenage 008A,Unable to prosecute suspect
64125ff2390951604f5336a36161dc01dd82a4e2f6f2453485cbfdfe1f6898e8,2018-08,Hertfordshire Constabulary,Hertfordshire Constabulary,-0.239023,51.763458,On or near HARPSFIELD BROADWAY,E01033308,Welwyn Hatfield 010E,Unable to prosecute suspect
6065fdb3c70e2b01dc05ef9bbe2ab475d3d469606ab917cc2455fe4f5eb34b8f,2018-08,Hertfordshire Constabulary,Hertfordshire Constabulary,-0.206640,51.803549,On or near Shopping Area,E01023918,Welwyn Hatfield 006C,Investigation complete; no suspect identified
382329ca4745fc64c15ad20d30e98be6bf6777a1acecd3e6a7d2f114bbc1eb34,2018-08,Hertfordshire Constabulary,Hertfordshire Constabulary,-0.240381,51.761347,On or near Shopping Area,E01023921,Welwyn Hatfield 012B,Unable to prosecute suspect
d0528b8ba9cd5368c3f88c40f4bde73fe37ca97607ee0dc4926042e7cd01006a,2018-08,Hertfordshire Constabulary,Hertfordshire Constabulary,-0.289938,51.962066,On or near TRUEMANS ROAD,E01023611,North Hertfordshire 012A,Unable to prosecute suspect
46f9e0614729505ff3a09bcd1a732151bc137ebd06f26b7c745612e55f0db86b,2018-08,Hertfordshire Constabulary,Hertfordshire Constabulary,-0.187912,51.813387,On or near FLEXLEY WOOD,E01023914,Welwyn Hatfield 004C,Unable to prosecute suspect
9e482cc49d686a789beaa1b2e9fb79ba137d2c463a7ae12538eb1146e0582ad5,2018-08,Hertfordshire Constabulary,Hertfordshire Constabulary,-0.228835,51.763107,On or near Supermarket,E01023920,Welwyn Hatfield 012A,Suspect charged
9e482cc49d686a789beaa1b2e9fb79ba137d2c463a7ae12538eb1146e0582ad5,2018-08,Hertfordshire Constabulary,Hertfordshire Constabulary,-0.228835,51.763107,On or near Supermarket,E01023920,Welwyn Hatfield 012A,Suspect charged
4b62cbae77ca4a3e195ecadececfb32fc738ee5e7115ac45fe53fdf7f4b26687,2018-08,Hertfordshire Constabulary,Hertfordshire Constabulary,-0.185733,51.884229,On or near SHEPHALL LANE,E01023786,Stevenage 011D,Investigation complete; no suspect identified
8c61cfcb423a506bf11c683b47e400b43fd6f48cdd980cb8b9cc326dd3560640,2018-08,Hertfordshire Constabulary,Hertfordshire Constabulary,-0.422735,51.657174,On or near OAKVIEW,E01023886,Watford 008A,Unable to prosecute suspect
c542fe3e0deedc6ac5e859344a7ba11555881a5420cf7f318462482eee316c07,2018-08,Hertfordshire Constabulary,Hertfordshire Constabulary,-0.205363,51.904294,On or near Petrol Station,E01023758,Stevenage 008D,Investigation complete; no suspect identified
98905346d39d0b1f78d3c3a07b821fc8d25965ecd2d4a2e758c4da169e5f82be,2018-08,Hertfordshire Constabulary,Hertfordshire Constabulary,-0.421990,51.659493,On or near Parking Area,E01023886,Watford 008A,Unable to prosecute suspect
361a7c32780e9986804d52efc15eca8f33b1a4a8f21cabcd094553301f93fc83,2018-08,Hertfordshire Constabulary,Hertfordshire Constabulary,-0.364021,51.645617,On or near PARK ROAD,E01023563,Hertsmere 012F,Unable to prosecute suspect
6252864ff78897f25bd3a76be48f3b0ba08a655a68c875a42b297da1fe489826,2018-08,Hertfordshire Constabulary,Hertfordshire Constabulary,-0.264341,51.953231,On or near STATION APPROACH,E01023610,North Hertfordshire 013E,Investigation complete; no suspect identified
16455818e0737af8feec8900b3485988ece1d96f87f80b3d172e77dbbabe5100,2018-08,Hertfordshire Constabulary,Hertfordshire Constabulary,-0.256742,51.645350,On or near SADDLERS CLOSE,E01023543,Hertsmere 011E,Investigation complete; no suspect identified
d8daa63a2af07fbf81bac9cbff4d95b08742b5fe4d4a478c771f00333af0fc77,2018-08,Hertfordshire Constabulary,Hertfordshire Constabulary,-0.172798,51.922262,On or near ELY CLOSE,E01023789,Stevenage 001C,Unable to prosecute suspect
f0a5a3f7152e1c9ea3dc6442129b705ce8153c911845fc2823e41abbc2262d0c,2018-08,Hertfordshire Constabulary,Hertfordshire Constabulary,-0.470828,51.753952,On or near Supermarket,E01023398,Dacorum 015D,Investigation complete; no suspect identified
32da18c127f1395c81846652961d427ee35850d2f14f1e6e2e90d3601c4863f7,2018-08,Hertfordshire Constabulary,Hertfordshire Constabulary,-0.262276,51.663902,On or near GREGSON CLOSE,E01023545,Hertsmere 009B,Unable to prosecute suspect
d9414095ea474dc98f2be7118f5f2be15c88f1dda0e6d4777b2384c695d173d6,2018-08,Hertfordshire Constabulary,Hertfordshire Constabulary,-0.048287,51.683714,On or near Pedestrian Subway,E01001551,Enfield 002E,Investigation complete; no suspect identified
2ef36b4746da4699cc1dccb4b0f4eb0a07285788239bbcb138f73e7de8e2a4ca,2018-08,Hertfordshire Constabulary,Hertfordshire Constabulary,-0.398289,51.655926,On or near WELLSTONES,E01023861,Watford 009C,Investigation complete; no suspect identified
7b71a971cbbf1fd95e2cbaa64dddf0be82bde0454e10f61fc43312466a84a7e9,2018-08,Hertfordshire Constabulary,Hertfordshire Constabulary,-0.048287,51.683714,On or near Pedestrian Subway,E01001551,Enfield 002E,Investigation complete; no suspect identified
37b7563bbe3a4939c925d9da72b87ccbc9d8d73064f431e9dc27f424f62fef13,2018-08,Hertfordshire Constabulary,Hertfordshire Constabulary,-0.582116,51.761155,On or near COBB ROAD,E01023371,Dacorum 012C,Unable to prosecute suspect
4773068e4575758290fd81fd7d4ee5bb414213b84d90fe1c79b4c206f541ee7a,2018-08,Hertfordshire Constabulary,Hertfordshire Constabulary,-0.414784,51.651366,On or near HAGDEN LANE,E01023863,Watford 011A,Unable to prosecute suspect
69e6c74be7ea84f528a37296cf070d63cab0c0cdf6a97a6ebbe15a4b4c368e7e,2018-08,Hertfordshire Constabulary,Hertfordshire Constabulary,-0.164736,51.915258,On or near FORTUNA CLOSE,E01023773,Stevenage 003C,Unable to prosecute suspect
d3b5b230c1243da6fb1b9fa68afdf9d7a28c71856765e13a216124202f9da03c,2018-08,Hertfordshire Constabulary,Hertfordshire Constabulary,-0.451793,51.714030,On or near THE GLEBE,E01023408,Dacorum 022C,Unable to prosecute suspect
aa8ded1013e3875eb234292f04900c1fc1151de0f8a54081e0f5cc489b26ceb5,2018-08,Hertfordshire Constabulary,Hertfordshire Constabulary,-0.220578,51.687062,On or near WASH LANE,E01023567,Hertsmere 002A,Investigation complete; no suspect identified
b80cb2b1a9f6b8e51f2876c50dac4200bb21962835845941a19e9b5dd79ad55a,2018-08,Hertfordshire Constabulary,Hertfordshire Constabulary,-0.210672,51.793297,On or near Petrol Station,E01023917,Welwyn Hatfield 006B,Investigation complete; no suspect identified
487321d1e8cad651d9fec5a4200365a1b6022f5dbe0407239a7a0e59503b474b,2018-08,Hertfordshire Constabulary,Hertfordshire Constabulary,-0.331129,51.757590,On or near ELM LAWN CLOSE,E01023676,St Albans 011D,Unable to prosecute suspect
4ae36bfa927ff8338a4c954c1f2bb5ae6028e9a6f8c1ca52d0d9c5ae938a5d94,2018-08,Hertfordshire Constabulary,Hertfordshire Constabulary,0.160076,51.873451,On or near Parking Area,E01023450,East Hertfordshire 004B,Investigation complete; no suspect identified
f17a519968256e6e459ce7cc0b34e21d4a811a66187a2a6431a6d4427d8e5b53,2018-08,Hertfordshire Constabulary,Hertfordshire Constabulary,-0.228835,51.763107,On or near Supermarket,E01023920,Welwyn Hatfield 012A,Unable to prosecute suspect
e7d67c488720420eb003683c182f6b98f295ef658a463d62a214a0c4be5aa061,2018-08,Hertfordshire Constabulary,Hertfordshire Constabulary,-0.245254,51.751897,On or near A1001,E01023937,Welwyn Hatfield 013E,Unable to prosecute suspect
a2ab5be3d36ed9ab498a30fe58488964365a9a42be49458a70ef476417282aba,2018-08,Hertfordshire Constabulary,Hertfordshire Constabulary,-0.186088,51.924104,On or near Pedestrian Subway,E01023788,Stevenage 001B,Investigation complete; no suspect identified
484abf7ae2debad165a292582ce1d8cb4440f4200d5ad857b57818f011892c29,2018-08,Hertfordshire Constabulary,Hertfordshire Constabulary,-0.008208,51.760645,On or near Supermarket,E01023320,Broxbourne 003A,Investigation complete; no suspect identified
6e8034b4abfaf7493f32e63a121fcf3f988b032bec2f1bdc0b840b1fde987ebc,2018-08,Hertfordshire Constabulary,Hertfordshire Constabulary,-0.182719,51.908874,On or near Pedestrian Subway,E01023781,Stevenage 006D,Investigation complete; no suspect identified
80f209891a312dae4e00b908cc367f626b7e4b461675eb7757d7e0654ef33a76,2018-08,Hertfordshire Constabulary,Hertfordshire Constabulary,-0.051817,51.706973,On or near EDENVALE,E01023295,Broxbourne 011C,Investigation complete; no suspect identified
eb99208ae9a581c756d15cdf3bdb27a71effa788a96eff8bdfcc6d765969479a,2018-08,Hertfordshire Constabulary,Hertfordshire Constabulary,-0.385267,51.690799,On or near Bus/Coach Station,E01023877,Watford 003E,Unable to prosecute suspect
42e97e629251cd07d1c964571c60d4b5648397046d69fe591ebe8960f1555e18,2018-08,Hertfordshire Constabulary,Hertfordshire Constabulary,-0.414784,51.651366,On or near HAGDEN LANE,E01023863,Watford 011A,Unable to prosecute suspect
a6c7ebd7191b10c33285a40915dc1ef5fe78678a1f6fe8800504e44358aabc2e,2018-08,Hertfordshire Constabulary,Hertfordshire Constabulary,-0.072935,51.798835,On or near RAILWAY STREET,E01023478,East Hertfordshire 017D,Investigation complete; no suspect identified
96d36b3b1008beaf87ac1fc797be1e55f5b989ae39d430124ddddcfe357baf12,2018-08,Hertfordshire Constabulary,Hertfordshire Constabulary,-0.087803,51.710289,On or near Petrol Station,E01023311,Broxbourne 007A,Unable to prosecute suspect
dc4dc45348d3d2de71ea88614dc7becda6c8034d3926b8556ab5ca2b7f9d9240,2018-08,Hertfordshire Constabulary,Hertfordshire Constabulary,-0.486993,51.648183,On or near VALLEY ROAD,E01023813,Three Rivers 004B,Investigation complete; no suspect identified
a5dd761b9d0e1351141d9c279da56e66a0391fd442443a05ca3c4326c646851c,2018-08,Hertfordshire Constabulary,Hertfordshire Constabulary,-0.431156,51.631444,On or near ASKEW ROAD,E01023841,Three Rivers 011C,Investigation complete; no suspect identified
dd830598a7f1afdfdde976ba39cdf73d05484257189dc0cbba3839d8afb54316,2018-08,Hertfordshire Constabulary,Hertfordshire Constabulary,-0.245254,51.751897,On or near A1001,E01023937,Welwyn Hatfield 013E,Investigation complete; no suspect identified
62fc45ca767e4beab455e6fd2b401f14c04c992870654cd0c3ad62dc4bb52c5d,2018-08,Hertfordshire Constabulary,Hertfordshire Constabulary,-0.227296,51.762068,On or near QUEENSWAY,E01023920,Welwyn Hatfield 012A,Investigation complete; no suspect identified
c3797764e3d6879fcf8253582f82a9abbe3578035183f3085473cb7e1c70f143,2018-08,Hertfordshire Constabulary,Hertfordshire Constabulary,-0.008208,51.760645,On or near Supermarket,E01023320,Broxbourne 003A,Investigation complete; no suspect identified
a4b4a0af4aa4e5b1422c39e8281d399e15454acba26371855ff1acbc4796f87d,2018-08,Hertfordshire Constabulary,Hertfordshire Constabulary,-0.208026,51.806637,On or near SCHOLARS MEWS,E01023959,Welwyn Hatfield 003A,Investigation complete; no suspect identified
6667a5db80a0e30ec7e9765413b1c11d5dac1284e5aa130285ae30cb5ef97f29,2018-08,Hertfordshire Constabulary,Hertfordshire Constabulary,-0.214864,51.823745,On or near Petrol Station,E01023970,Welwyn Hatfield 002D,Investigation complete; no suspect identified
c93516d196755621c30c5f4874c856c82ec2fee7cd46adcbbcd218ad8eb35e17,2018-08,Hertfordshire Constabulary,Hertfordshire Constabulary,-0.208868,51.991172,On or near CADE CLOSE,E01023632,North Hertfordshire 006C,Investigation complete; no suspect identified
57d99072b60ac463f7114b2bc1c3070a20611929bc4afc70b7cc5d8a79e9fc70,2018-08,Hertfordshire Constabulary,Hertfordshire Constabulary,-0.326312,51.747577,On or near Parking Area,E01023729,St Albans 012D,Unable to prosecute suspect
a940fda5a1ddebc166029ff4027e76820f0d20bfb4055de562af8d69ab29158b,2018-08,Hertfordshire Constabulary,Hertfordshire Constabulary,-0.451318,51.742780,On or near LEYS ROAD,E01023357,Dacorum 020A,Unable to prosecute suspect
94901682e6d88fd0f31d4ee369d6d8f5cecb15e8c3d83ca17eb50aec7ce893e3,2018-08,Hertfordshire Constabulary,Hertfordshire Constabulary,-0.077499,51.796572,On or near SALISBURY SQUARE,E01023478,East Hertfordshire 017D,Unable to prosecute suspect
f366d7821199fdb7ec82c82ef74f158ea767b6f801c6af50fed22bb96f759466,2018-08,Hertfordshire Constabulary,Hertfordshire Constabulary,-0.065749,51.875555,On or near EASINGTON ROAD,E01023495,East Hertfordshire 002C,Investigation complete; no suspect identified
ac90e06ce9fb32611c5c64279281c09316e9247b44c2f70ea67b5f3cfe6df7e8,2018-08,Hertfordshire Constabulary,Hertfordshire Constabulary,-0.196967,51.909579,On or near GREYDELLS ROAD,E01023778,Stevenage 002C,Unable to prosecute suspect
d8b1991d04d6b0df9826f584c5476b41addbaccd361b832441451a75c27fcb57,2018-08,Hertfordshire Constabulary,Hertfordshire Constabulary,-0.099948,51.802098,On or near HAWTHORN CLOSE,E01023487,East Hertfordshire 015A,Unable to prosecute suspect
40dd1ecdc3358d433ab6321f9c68c092aab18b04db88dd92cf7a380554e44737,2018-08,Hertfordshire Constabulary,Hertfordshire Constabulary,-0.170153,51.885723,On or near GREEN ACRES,E01023765,Stevenage 012C,Unable to prosecute suspect
f7ae291bc50c88c9409377ab27c0f6b8295b879a100a4ae481d0aad64228d4f4,2018-08,Hertfordshire Constabulary,Hertfordshire Constabulary,-0.338894,51.748160,On or near BARDWELL ROAD,E01023727,St Albans 012B,Unable to prosecute suspect
3c6f82b256fc685abfdad83e163629a956f9140299aca24873c390b91097e700,2018-08,Hertfordshire Constabulary,Hertfordshire Constabulary,-0.023698,51.721835,On or near GROOM ROAD,E01023342,Broxbourne 005C,Unable to prosecute suspect
1324a6d82afabbd18b69b498cbe456d59e55a0eae14ef76981706ed4450462e1,2018-08,Hertfordshire Constabulary,Hertfordshire Constabulary,-0.468113,51.752819,On or near HILLFIELD ROAD,E01023398,Dacorum 015D,Investigation complete; no suspect identified
94f85bdbcba24f1b8acc0d39c241eda12da853807ab70cd94febb2ea2c6ab5a0,2018-08,Hertfordshire Constabulary,Hertfordshire Constabulary,-0.407059,51.802299,On or near HILLTOP,E01023723,St Albans 006B,Investigation complete; no suspect identified
4277d5c882ff62259a4416f651ffa6a8508f196aabaf7852bdc7e5b55a8ca432,2018-08,Hertfordshire Constabulary,Hertfordshire Constabulary,-0.451081,51.748847,On or near GAMMON CLOSE,E01023357,Dacorum 020A,Unable to prosecute suspect
081b66a52f539cad0bc81420dab291e6cead1a75d4a1740fda8df017bdb1fdd2,2018-08,Hertfordshire Constabulary,Hertfordshire Constabulary,-0.312404,51.896337,On or near Park/Open Space,E01023625,North Hertfordshire 014E,Investigation complete; no suspect identified
c6be1ea7571a6b89e9c437bc6ef15d2950cda32f3eecd54df1802a87a85b01f9,2018-08,Hertfordshire Constabulary,Hertfordshire Constabulary,-0.456228,51.713037,On or near FIVE ACRES,E01023408,Dacorum 022C,Investigation complete; no suspect identified
615886501d63c63ce36877f988ccc351bdd143823d3a6ab7b923f2fbfaef6b14,2018-08,Hertfordshire Constabulary,Hertfordshire Constabulary,-0.493438,51.634283,On or near COLNE AVENUE,E01023836,Three Rivers 009B,Unable to prosecute suspect
db1dd570434753299739400e556b011e7a2d7b90c068c9243b5e8d824edb893f,2018-08,Hertfordshire Constabulary,Hertfordshire Constabulary,-0.076937,51.799207,On or near FRAMPTON STREET,E01023470,East Hertfordshire 014A,Investigation complete; no suspect identified
23aa6d8cfb62888f6f8cda0c832833ca2abe48683e8b83f0a8a3e4aeb880af04,2018-08,Hertfordshire Constabulary,Hertfordshire Constabulary,-0.186334,51.925232,On or near Pedestrian Subway,E01023788,Stevenage 001B,Investigation complete; no suspect identified
98e5212e5730851ab2b1f2b7dec53a11c5e40adffd26ea9b642eade28e4ae735,2018-08,Hertfordshire Constabulary,Hertfordshire Constabulary,-0.084717,51.725435,On or near DAHLIA CLOSE,E01023307,Broxbourne 006A,Investigation complete; no suspect identified
93d873b1fcac844fe0a72c919b793bccfe617d54d2a660ee0c91dd6f90d7d9a9,2018-08,Hertfordshire Constabulary,Hertfordshire Constabulary,-0.541368,51.724753,On or near Prison,E01023373,Dacorum 021A,Investigation complete; no suspect identified
3822de248e7ba985f8c522d098d6d326cfc1e20577eede4a2d0bfdb4e3bd1dca,2018-08,Hertfordshire Constabulary,Hertfordshire Constabulary,-0.186334,51.925232,On or near Pedestrian Subway,E01023788,Stevenage 001B,Unable to prosecute suspect
c69d1fe5848dd4645b3de4abea8a7142d5373dcd7578bc770eea13aff8695b5e,2018-08,Hertfordshire Constabulary,Hertfordshire Constabulary,-0.667245,51.817719,On or near Parking Area,E01017651,Aylesbury Vale 009A,Investigation complete; no suspect identified
fcba4e5106a9de465a388acb76027a69d97a1a4e00bfeffa1478626921df523a,2018-08,Hertfordshire Constabulary,Hertfordshire Constabulary,-0.432386,51.752852,On or near TEWIN ROAD,E01023409,Dacorum 017A,Investigation complete; no suspect identified
f3ee86f6a595f48db74a58e547ff8a81c551c494192cadc4576c76206a1f6867,2018-08,Hertfordshire Constabulary,Hertfordshire Constabulary,-0.436302,51.753551,On or near A414,E01023411,Dacorum 017C,Investigation complete; no suspect identified
9f44313f4cd5765124e09abd7cbc26f4345d566435e392b66ff72e648e41f09d,2018-08,Hertfordshire Constabulary,Hertfordshire Constabulary,-0.541368,51.724753,On or near Prison,E01023373,Dacorum 021A,Investigation complete; no suspect identified
79b0a857d37f2146788ae0e16ed198c1d29667eaa3e4481837752f8ea8c24380,2018-08,Hertfordshire Constabulary,Hertfordshire Constabulary,-0.292378,51.692444,On or near THE LAWNS,E01023581,Hertsmere 004A,Investigation complete; no suspect identified
5f99e1b1a628456bc10c61c009d00b590a6d79932c66d52e8bf2185bf7edc48b,2018-08,Hertfordshire Constabulary,Hertfordshire Constabulary,-0.426299,51.823311,On or near Petrol Station,E01023430,Dacorum 001A,Investigation complete; no suspect identified
4820a6fd66d6eefe70602e88989c800a8df7e193b51d515a99afe6e23368a71d,2018-08,Hertfordshire Constabulary,Hertfordshire Constabulary,-0.157518,51.815523,On or near SCHOOL LANE,E01023486,East Hertfordshire 010B,Investigation complete; no suspect identified
3d47ceb7d1e6d10f099d638a35a0a3ad0f0f686079919f75f0febfae4f3d6b49,2018-08,Hertfordshire Constabulary,Hertfordshire Constabulary,-0.541368,51.724753,On or near Prison,E01023373,Dacorum 021A,Investigation complete; no suspect identified
9ff91180678ab91cc5b72cb2e1eadc69ac7648aa32945cc829744832500cb1d8,2018-08,Hertfordshire Constabulary,Hertfordshire Constabulary,-0.032214,51.685082,On or near Supermarket,E01023337,Broxbourne 013B,Investigation complete; no suspect identified
49201d0c4d38f2daf4072859989011f331de5e2d815dbba2b3c06bd46963af22,2018-08,Hertfordshire Constabulary,Hertfordshire Constabulary,-0.541368,51.724753,On or near Prison,E01023373,Dacorum 021A,Investigation complete; no suspect identified
ffde595eb5bcbb61078936bb18648a7faa3656bff7985662d6f77145b984fed7,2018-08,Hertfordshire Constabulary,Hertfordshire Constabulary,-0.185692,51.792797,On or near WELLCROFT ROAD,E01023955,Welwyn Hatfield 007B,Unable to prosecute suspect
c39226107119ec47a12c45053063a06f5c22680cf55e22c7b0e0c39ee7c490cc,2018-08,Hertfordshire Constabulary,Hertfordshire Constabulary,-0.225427,51.687369,On or near BIGNELLS CORNER,E01023584,Hertsmere 004D,Investigation complete; no suspect identified
cdf36cabf57fd32d5245c03b80773ec9a146ffdaec20740932ac89eec7ac9679,2018-08,Hertfordshire Constabulary,Hertfordshire Constabulary,-0.175780,51.899631,On or near BRITTAIN WAY,E01023761,Stevenage 007C,Action to be taken by another organisation
7ef872180bd808309ff776edb7f973528f8783a510050a1bd774ed92177489e4,2018-08,Hertfordshire Constabulary,Hertfordshire Constabulary,-0.180572,51.803266,On or near WREN WOOD,E01023912,Welwyn Hatfield 004A,Unable to prosecute suspect
e90171de93c753578923460ec0b65857bc9bdc70f8d8c5c47ec59c19e19ac4c9,2018-08,Hertfordshire Constabulary,Hertfordshire Constabulary,-0.281730,51.664521,On or near CATTERICK WAY,E01023531,Hertsmere 007C,Investigation complete; no suspect identified
7ee5d88040dcf29b5ba29c0d438f18cf146a1116d582033fb5e4e28e0f51b9ee,2018-08,Hertfordshire Constabulary,Hertfordshire Constabulary,-0.034418,51.813430,On or near BALDOCK STREET,E01023514,East Hertfordshire 012C,Suspect charged
a08a22d656b4cc1462caafead49333bbd7a49eefc3bf035f224d8ba577b80494,2018-08,Hertfordshire Constabulary,Hertfordshire Constabulary,-0.209278,51.908202,On or near Pedestrian Subway,E01023776,Stevenage 002A,Unable to prosecute suspect
1a68b002ac3f15bd9c66410d0d7b0bd1fa1f7d5de4d9cb7b59a78d2458444171,2018-08,Hertfordshire Constabulary,Hertfordshire Constabulary,-0.326753,51.760351,On or near UPPER HEATH ROAD,E01023716,St Albans 010D,Investigation complete; no suspect identified
c5bac938204ab55d77b99ed586a8969d87df395b6934fab42f250dfc612b27b7,2018-08,Hertfordshire Constabulary,Hertfordshire Constabulary,-0.055521,51.714093,On or near BETJEMAN CLOSE,E01023326,Broxbourne 009D,Investigation complete; no suspect identified
03eaec1a6f1abaabb142d5ddcab1fbc2c302d12a6d963df1924a0f9b5c859ac8,2018-08,Hertfordshire Constabulary,Hertfordshire Constabulary,-0.402653,51.678178,On or near BEECH ROAD,E01023870,Watford 004C,Unable to prosecute suspect
0ad3ed2d56e7ddea33d3dcdd3602288884a1754367ee6c249eb40752448b815a,2018-08,Hertfordshire Constabulary,Hertfordshire Constabulary,-0.282697,51.668024,On or near Supermarket,E01023536,Hertsmere 006C,Investigation complete; no suspect identified
a1e36cdff66e18876439a760c4859d7d2b176483c90bfac056a970e201abfb70,2018-08,Hertfordshire Constabulary,Hertfordshire Constabulary,-0.290758,51.663618,On or near TUDOR COURT,E01023529,Hertsmere 007A,Action to be taken by another organisation
6e91cf2d058762e0e38a95a7298f9f6a64ae2c13bcf1cf869322ff4d8fc460e6,2018-08,Hertfordshire Constabulary,Hertfordshire Constabulary,-0.044224,51.800070,On or near Petrol Station,E01023484,East Hertfordshire 016C,Unable to prosecute suspect
16787c8de9dbcf5ec239d4defa296606f69f67675282a762fde84a11ad75fac8,2018-08,Hertfordshire Constabulary,Hertfordshire Constabulary,-0.249492,51.768551,On or near RICHARDS STREET,E01033314,Welwyn Hatfield 010G,Unable to prosecute suspect
fc9868ee60ee41bfe747141688c6f5178ac1670a95451570de1bef0172904ad2,2018-08,Hertfordshire Constabulary,Hertfordshire Constabulary,-0.028491,51.700846,On or near STEWARD CLOSE,E01023299,Broxbourne 010C,Unable to prosecute suspect
49b4bf31144c148400e7fe12474907787c3abbf1730ee563e20a4bad0fff5a44,2018-08,Hertfordshire Constabulary,Hertfordshire Constabulary,-0.451045,51.832011,On or near OLD WATLING STREET,E01023430,Dacorum 001A,Investigation complete; no suspect identified
6d1f389e6b1d81ac9bf9b5d7170af15d9b65d246640c26a2eaf9dd5d9e818345,2018-08,Hertfordshire Constabulary,Hertfordshire Constabulary,-0.180722,51.799554,On or near HALL BARNS,E01023944,Welwyn Hatfield 008B,Investigation complete; no suspect identified
a8484e660b3ed16d67f30fda9caf7e8da267ca4d09591db789a2aaf42996463c,2018-08,Hertfordshire Constabulary,Hertfordshire Constabulary,-0.034356,51.688068,On or near STURLAS WAY,E01023336,Broxbourne 013A,Investigation complete; no suspect identified
8f5a31cc6ab33707471d0229b84612bcdba8158ef5d2339f1db2976a9723a096,2018-08,Hertfordshire Constabulary,Hertfordshire Constabulary,-0.211912,51.924230,On or near Hospital,E01023800,Stevenage 002E,Unable to prosecute suspect
0119821a8fd012bdda6793d2c32bcc0ae376ec88083dde6ce7650bb725687316,2018-08,Hertfordshire Constabulary,Hertfordshire Constabulary,-0.397146,51.678067,On or near LONGSPRING,E01023872,Watford 004E,Investigation complete; no suspect identified
5a86711e5805441a6d05d94d08d8a1f94be40ef5bdfdb3a10b6774e07ee547ca,2018-08,Hertfordshire Constabulary,Hertfordshire Constabulary,-0.394857,51.655268,On or near Shopping Area,E01023860,Watford 009B,Investigation complete; no suspect identified
6218c8fdfabddbd6a23b28a42f1a06efa3853b567614e6235d8f5208b73b7c37,2018-08,Hertfordshire Constabulary,Hertfordshire Constabulary,-0.532400,51.723139,On or near HIGH STREET,E01023374,Dacorum 021B,Investigation complete; no suspect identified
61ffa4303fc1d6ecb504832a69f54ef1ed3400aa451b9ae1246918266b3b695d,2018-08,Hertfordshire Constabulary,Hertfordshire Constabulary,-0.448843,51.779506,On or near YEOMANS RIDE,E01023395,Dacorum 007C,Unable to prosecute suspect
ebbcb1acdcc70aca8b190f1f62e7a797efab4c40d13cbc5c9df3039baf465299,2018-08,Hertfordshire Constabulary,Hertfordshire Constabulary,-0.224954,51.758606,On or near Pedestrian Subway,E01023924,Welwyn Hatfield 011A,Unable to prosecute suspect
a507f525da613066017432cdf228a576e1203396a6af05a2e7e6ddc5a275bfcd,2018-08,Hertfordshire Constabulary,Hertfordshire Constabulary,-0.569778,51.762750,On or near ST JOHN'S WELL LANE,E01023361,Dacorum 009A,Investigation complete; no suspect identified
e63466a5ea78529880596e12e0fbe2076253369f7841f22cf6b00c572e1addcd,2018-08,Hertfordshire Constabulary,Hertfordshire Constabulary,-0.399926,51.657468,On or near Nightclub,E01023861,Watford 009C,Investigation complete; no suspect identified
dbccfc7ecd34554ed0bd7d17852c497d6bc769586c7afbc9560ae5e6d2d0af23,2018-08,Hertfordshire Constabulary,Hertfordshire Constabulary,-0.353603,51.812524,On or near BULL ROAD,E01023701,St Albans 003C,Investigation complete; no suspect identified
1d7d50fefde0ef3483a4ce5fcbb8b0387b8b6a0330b800ddc4077b9177fdbcae,2018-08,Hertfordshire Constabulary,Hertfordshire Constabulary,-0.200468,51.856175,On or near SPINNEY LANE,E01023965,Welwyn Hatfield 001A,Investigation complete; no suspect identified
ba29220fcb2751b4d7ab3eff81889557448e1c40a9e6c6ff6f5c6ade854ac0ab,2018-08,Hertfordshire Constabulary,Hertfordshire Constabulary,-0.437416,51.775857,On or near KIMPTON CLOSE,E01023434,Dacorum 005A,Investigation complete; no suspect identified
a06d75d5dcd12a235bd58243a19b98f9f4e918c5b3ec2e36563c6cbe756d36f3,2018-08,Hertfordshire Constabulary,Hertfordshire Constabulary,-0.237265,51.972367,On or near UNWIN CLOSE,E01023645,North Hertfordshire 008B,Unable to prosecute suspect
f1baa55bf46b5ab99d98b142f18a7d97cf4d4aa70a9e9145db71cd2c627436ac,2018-08,Hertfordshire Constabulary,Hertfordshire Constabulary,-0.387679,51.651411,On or near Supermarket,E01023860,Watford 009B,Investigation complete; no suspect identified
6c69d1b4b9d31069e4b99f0494b97176ffae8e5471799881aa4334344148b9f7,2018-08,Hertfordshire Constabulary,Hertfordshire Constabulary,0.072028,51.855512,On or near THE SQUARE,E01023497,East Hertfordshire 009D,Investigation complete; no suspect identified
8b69c3d65013e080b0dcfe0e77602a6745bdd1948904e3b706848e7f585f082f,2018-08,Hertfordshire Constabulary,Hertfordshire Constabulary,-0.292057,51.668691,On or near MICKLEFIELD WAY,E01023533,Hertsmere 007E,Investigation complete; no suspect identified
f7535fe779ee88a23b57bb7d5ee269f518b521f7495bf415f776d7df72ba26e1,2018-08,Hertfordshire Constabulary,Hertfordshire Constabulary,-0.223681,51.764090,On or near Pedestrian Subway,E01023924,Welwyn Hatfield 011A,Investigation complete; no suspect identified
7525ebed563e9c449c98b7a40faf74d753c2b5063e80bcb7a7d8c27bc71a73a4,2018-08,Hertfordshire Constabulary,Hertfordshire Constabulary,0.018022,51.889884,On or near GATESBURY WAY,E01023498,East Hertfordshire 006A,Unable to prosecute suspect
4a08badd01e9253c4c0ab6fec3623afe1a2f11790c5a67acc401b385acd50ffe,2018-08,Hertfordshire Constabulary,Hertfordshire Constabulary,-0.208253,51.804212,On or near BRIDGE ROAD,E01023918,Welwyn Hatfield 006C,Investigation complete; no suspect identified
c360c7ce2c7504423c839f118f3a9580b61138019514cd5a48e7619c4936ec2f,2018-08,Hertfordshire Constabulary,Hertfordshire Constabulary,-0.392859,51.654117,On or near Shopping Area,E01023860,Watford 009B,Investigation complete; no suspect identified
d7eaf8f639dc2c4fc53f5b32b2f70603b3c52e4d0534a8f7840622ddfde804bf,2018-08,Hertfordshire Constabulary,Hertfordshire Constabulary,-0.032211,51.686494,On or near Supermarket,E01023337,Broxbourne 013B,Investigation complete; no suspect identified
94960ba1ac758bae71fce70e1e8481d677f28020854616fb77ba1c31fe14bf64,2018-08,Hertfordshire Constabulary,Hertfordshire Constabulary,-0.205214,51.901468,On or near Theatre/Concert Hall,E01023758,Stevenage 008D,Investigation complete; no suspect identified
4dfa00b09cc09cb327a9badf621dca3ffd21106336ff629d5cf922aa0e9440c9,2018-08,Hertfordshire Constabulary,Hertfordshire Constabulary,-0.034030,51.686569,On or near SWAN ROAD,E01023337,Broxbourne 013B,Suspect charged
e9cf0e4b0cb851a8b68de5ab8417298a6788630233b998c3fd5576211a659009,2018-08,Hertfordshire Constabulary,Hertfordshire Constabulary,-0.028744,52.046788,On or near HEATH AVENUE,E01023655,North Hertfordshire 002B,Action to be taken by another organisation
7e05cb504d010ec06eb5ce0946375058a2949b06f57c7f1cda4cca2d5787eb69,2018-08,Hertfordshire Constabulary,Hertfordshire Constabulary,-0.029253,51.724266,On or near YUKON ROAD,E01023342,Broxbourne 005C,Unable to prosecute suspect
84b7b991989522c669ed1cc180f1d864ebf27fb615b264136e8757a5d7a92347,2018-08,Hertfordshire Constabulary,Hertfordshire Constabulary,-0.581087,51.762986,On or near CHILTERN CLOSE,E01023371,Dacorum 012C,Unable to prosecute suspect
43bf51a08a0fb4f6860bdf0626b4654f1dd4baad687bf1c8a83b979d0ba60e06,2018-08,Hertfordshire Constabulary,Hertfordshire Constabulary,-0.222209,51.996338,On or near GAUNTS WAY,E01023635,North Hertfordshire 003A,Unable to prosecute suspect
07eb5dc2c3fa1ed88747b26f4c1859f826dc3e6c4dd8f5f6ed3641746bae05fb,2018-08,Hertfordshire Constabulary,Hertfordshire Constabulary,-0.305501,51.755965,On or near CENTRAL DRIVE,E01023673,St Albans 010A,Investigation complete; no suspect identified
f13f62e6713ebe3e95f3c435879153e40b99c3c3d3c338ece6e9385e36e31358,2018-08,Hertfordshire Constabulary,Hertfordshire Constabulary,-0.387271,51.627064,On or near Supermarket,E01023844,Three Rivers 012D,Unable to prosecute suspect
a02e847d2b85e211d5af522424643beb9785ee489ebf53994e1baff4ed1aa49f,2018-08,Hertfordshire Constabulary,Hertfordshire Constabulary,-0.162324,51.918080,On or near MINERVA CLOSE,E01023768,Stevenage 004B,Unable to prosecute suspect
bd3a4b24a46313dd0d89ffea26527c90ec4d4ada3cd5ddd8e7d8d7453db83e0c,2018-08,Hertfordshire Constabulary,Hertfordshire Constabulary,-0.670241,51.795805,On or near OSMINGTON PLACE,E01023425,Dacorum 002C,Unable to prosecute suspect
e8d4e24b5bbe0a9ea10dd54421a4bd5af57b99d3947df3e951e554d4b73202c0,2018-08,Hertfordshire Constabulary,Hertfordshire Constabulary,-0.177070,51.701978,On or near BLACKBURY CLOSE,E01023580,Hertsmere 001E,Investigation complete; no suspect identified
8bd8e6966f25acb60b34841fbb9d6faf040977a120c9a0f0e0e5465e9588ef87,2018-08,Hertfordshire Constabulary,Hertfordshire Constabulary,-0.183024,51.796029,On or near POUNDWELL,E01023944,Welwyn Hatfield 008B,Investigation complete; no suspect identified
c3374dd96e2b849252616a61b190dfbb2fc28be3749f6e46c2dcc4164e8eaf9d,2018-08,Hertfordshire Constabulary,Hertfordshire Constabulary,-0.408096,51.697018,On or near HURRICANE WAY,E01023833,Three Rivers 002D,Unable to prosecute suspect
7a4c0061204c51781a48ceaaa1273addc1dcbde82ade8bb9b2c646be0ce7f9a6,2018-08,Hertfordshire Constabulary,Hertfordshire Constabulary,-0.176966,51.694468,On or near Supermarket,E01023572,Hertsmere 003B,Investigation complete; no suspect identified
1f097d63951fa755b0d9726e98176578dc5c91907928699682fe44befb401d2c,2018-08,Hertfordshire Constabulary,Hertfordshire Constabulary,-0.017167,51.815784,On or near JUBILEE AVENUE,E01023518,East Hertfordshire 012D,Investigation complete; no suspect identified
50bbbbe05b0ca46aa28f32c420754212b7d5273d24955b3829d208612c2fc05e,2018-08,Hertfordshire Constabulary,Hertfordshire Constabulary,-0.220962,51.768365,On or near CLARKE'S ROAD,E01023930,Welwyn Hatfield 010B,Unable to prosecute suspect
38e7b6523d63cad621ee68b0cf3b7d969845276f3f27ed81cac3883e2e2cd527,2018-08,Hertfordshire Constabulary,Hertfordshire Constabulary,-0.451081,51.748847,On or near GAMMON CLOSE,E01023357,Dacorum 020A,Unable to prosecute suspect
eea962819d48feddb19291d37c5a9f53c2a9ed67b9b7f503763090c777792084,2018-08,Hertfordshire Constabulary,Hertfordshire Constabulary,-0.277854,51.653485,On or near WHITEHALL CLOSE,E01023539,Hertsmere 011A,Unable to prosecute suspect
cff4a360cb6a5bbd4527ef3b485d0034ece9f7f5d65381a5d268d66d21dcbce9,2018-08,Hertfordshire Constabulary,Hertfordshire Constabulary,-0.453316,51.730488,On or near KINGFISHER DRIVE,E01023414,Dacorum 020E,Unable to prosecute suspect
186f6f96c87761569a2ca4d1605778b0e21fadf22d0885d70c8ca446e7e2b15f,2018-08,Hertfordshire Constabulary,Hertfordshire Constabulary,-0.533634,51.721267,On or near HYDE MEADOWS,E01023376,Dacorum 021D,Investigation complete; no suspect identified
8d9c4d80bc178720bebbb546d36433ebc436f1ff2f64dfd137164c6e6bd9a82f,2018-08,Hertfordshire Constabulary,Hertfordshire Constabulary,-0.304488,51.637057,On or near A41,E01023564,Hertsmere 010B,Investigation complete; no suspect identified
ef16044fc1bd82f7050f455462ee4dbcfe50fef2fabbd6768734c8899167a6d2,2018-08,Hertfordshire Constabulary,Hertfordshire Constabulary,-0.195684,51.886818,On or near Shopping Area,E01023786,Stevenage 011D,Investigation complete; no suspect identified
9ee4bc0154ad9167d356f11fc66fc139df6d3982191517facbadb8e05ecdd5c1,2018-08,Hertfordshire Constabulary,Hertfordshire Constabulary,-0.342604,51.761170,On or near WAVERLEY ROAD,E01023670,St Albans 009B,Unable to prosecute suspect
fc9ce3fa9e8d554d7c67eb312478244e125450b3ca12dea3f91ee2d2f81db7d6,2018-08,Hertfordshire Constabulary,Hertfordshire Constabulary,-0.051760,51.797848,On or near THE COPSE,E01023482,East Hertfordshire 016A,Unable to prosecute suspect
67dda767865d97ecdc6fec90d95e77cb89891a37708f1297aab5947d06faf541,2018-08,Hertfordshire Constabulary,Hertfordshire Constabulary,-0.333009,51.713223,On or near HAMPDEN PLACE,E01023720,St Albans 019C,Investigation complete; no suspect identified
da88903385c9757802a2d7d9efe98d602184f9b92fd44717288ae80151a06988,2018-08,Hertfordshire Constabulary,Hertfordshire Constabulary,-0.198810,51.812943,On or near BURYCROFT,E01023961,Welwyn Hatfield 003C,Unable to prosecute suspect
52ca7a7d731f78980ba8fbf10cf52b86a1448b39a4964203fa564b377d044e22,2018-08,Hertfordshire Constabulary,Hertfordshire Constabulary,-0.486469,51.746745,On or near THORNE CLOSE,E01023379,Dacorum 018C,Unable to prosecute suspect
e42a22d7247b9bc3c8442998d886b6b7175e6c227fbfccbfae3e9c40dde3b183,2018-08,Hertfordshire Constabulary,Hertfordshire Constabulary,-0.404472,51.649051,On or near Hospital,E01023902,Watford 010D,Suspect charged
e42a22d7247b9bc3c8442998d886b6b7175e6c227fbfccbfae3e9c40dde3b183,2018-08,Hertfordshire Constabulary,Hertfordshire Constabulary,-0.404472,51.649051,On or near Hospital,E01023902,Watford 010D,Suspect charged
7ff6714479afda27127b70206127e96cfb587ab703bb2d8c05afb5e36c2370ca,2018-08,Hertfordshire Constabulary,Hertfordshire Constabulary,-0.017167,51.815784,On or near JUBILEE AVENUE,E01023518,East Hertfordshire 012D,Unable to prosecute suspect
5905faa9e7b46935ea6111a79488f78425069c54e1fbeb82d1a55fb0d4f28fc9,2018-08,Hertfordshire Constabulary,Hertfordshire Constabulary,-0.282907,51.668576,On or near AYCLIFFE ROAD,E01023536,Hertsmere 006C,Investigation complete; no suspect identified
fedfeaf8d95b1bc31d1ff7a108d23fc661856a4239f0bb1cb74a06ee80a7ec1d,2018-08,Hertfordshire Constabulary,Hertfordshire Constabulary,0.161030,51.869414,On or near Shopping Area,E01023449,East Hertfordshire 004A,Investigation complete; no suspect identified
ad8d53c96c93461a1c8fe7520cc425ec3cc1a2aa7ed65a7d32c79945d48f86db,2018-08,Hertfordshire Constabulary,Hertfordshire Constabulary,-0.220590,51.984633,On or near FURMSTON COURT,E01023633,North Hertfordshire 006D,Investigation complete; no suspect identified
1ca3a870300efff77660ead7dce3f41f58a885a9257a442e46c4539691b2a749,2018-08,Hertfordshire Constabulary,Hertfordshire Constabulary,-0.286132,51.660152,On or near BADGERS CLOSE,E01023531,Hertsmere 007C,Unable to prosecute suspect
e535bcc7cf425a6a1785e54d9fb3042cf7f10784fe0667e8698ab0fe2d303770,2018-08,Hertfordshire Constabulary,Hertfordshire Constabulary,-0.388689,51.682834,On or near HERONSLEA,E01023875,Watford 003C,Unable to prosecute suspect
27a617dae8d8701eda4a21afa3fa0f9685ebcdeab59c1e73c6cf66a74fdfad23,2018-08,Hertfordshire Constabulary,Hertfordshire Constabulary,-0.333374,51.758009,On or near AVENUE ROAD,E01023716,St Albans 010D,Unable to prosecute suspect
87e5dd62539e30e314e4bcb782312c28e04b9abafa796e9e5c3ea528aa5f8cae,2018-08,Hertfordshire Constabulary,Hertfordshire Constabulary,-0.237939,51.775302,On or near Sports/Recreation Area,E01033310,Welwyn Hatfield 002E,Unable to prosecute suspect
605c0656a9956e2b3d3b4ecd056391259af935b324e8199165b67930f1fca56f,2018-08,Hertfordshire Constabulary,Hertfordshire Constabulary,-0.207004,51.906531,On or near GATES WAY,E01023775,Stevenage 006A,Unable to prosecute suspect
49e5050a364ed1712755ca44f1766f7f09ebfa370934964936b17ceda88f2be4,2018-08,Hertfordshire Constabulary,Hertfordshire Constabulary,-0.491871,51.755923,On or near Petrol Station,E01023429,Dacorum 011D,Unable to prosecute suspect
cfca1679e98aba68e77adf34ea472baf1da94afcf216dadeff2b65112fa0319a,2018-08,Hertfordshire Constabulary,Hertfordshire Constabulary,-0.228835,51.763107,On or near Supermarket,E01023920,Welwyn Hatfield 012A,Investigation complete; no suspect identified
c1581c393cfe333b8f5d8bf6e04daa9f96677378d132c6e3406b146dd469b9e8,2018-08,Hertfordshire Constabulary,Hertfordshire Constabulary,-0.236154,51.754153,On or near ROE HILL CLOSE,E01023935,Welwyn Hatfield 013C,Investigation complete; no suspect identified
dc8fbe3ec832f13d263183b8bdeccabf800a2a66600e4ffd2bea578d510a3339,2018-08,Hertfordshire Constabulary,Hertfordshire Constabulary,-0.452860,51.744689,On or near LONG JOHN,E01023357,Dacorum 020A,Investigation complete; no suspect identified
fbcbdea078ee6239045c4c8dcbe3ce91f54cb554f8eb51d5b19b0becc0cc4dc7,2018-08,Hertfordshire Constabulary,Hertfordshire Constabulary,-0.431768,51.698730,On or near ROSEHILL GARDENS,E01023831,Three Rivers 003C,Unable to prosecute suspect
001c8ed85b16c429b674efc409e4337171b00102f0d3c5d4aac897b97ef96089,2018-08,Hertfordshire Constabulary,Hertfordshire Constabulary,-0.208088,51.982241,On or near Park/Open Space,E01023633,North Hertfordshire 006D,Investigation complete; no suspect identified
ec80d32f1d443e0cdddafb38024b87d549571da1ab24d1f08c7c6eda9d51ab1d,2018-08,Hertfordshire Constabulary,Hertfordshire Constabulary,-0.038946,51.702703,On or near COLLEGE ROAD,E01023334,Broxbourne 012C,Investigation complete; no suspect identified
fcad9ef754c7a90f5dd2a02bc1e89df3a4231db5d03e9874f82245fea5d185e9,2018-08,Hertfordshire Constabulary,Hertfordshire Constabulary,-0.020018,51.737123,On or near SILVERFIELD,E01023340,Broxbourne 005A,Investigation complete; no suspect identified
127b5a6a5076d51c923c2f23ae0b8186567d6fefb42da3d4573b69d385ef2654,2018-08,Hertfordshire Constabulary,Hertfordshire Constabulary,-0.012292,51.939308,On or near WINDMILL HILL,E01023464,East Hertfordshire 001B,Investigation complete; no suspect identified
2773e9496bffc8336c88d11e4fd0b1df3e808c095387c436267f7a86ebe567a3,2018-08,Hertfordshire Constabulary,Hertfordshire Constabulary,-0.000590,51.788761,On or near THE NOOK,E01023469,East Hertfordshire 018B,Investigation complete; no suspect identified
7b331f600cb65566ad07847a0926886658894f4862be7137d8dff0abec7196a7,2018-08,Hertfordshire Constabulary,Hertfordshire Constabulary,-0.025995,51.815618,On or near SANDEMAN GARDENS,E01023519,East Hertfordshire 012E,Investigation complete; no suspect identified
d1bd169261e5811d26f26de6d6a20229c8409821d08d92a6957e450de00502b4,2018-08,Hertfordshire Constabulary,Hertfordshire Constabulary,-0.334436,51.742944,On or near SADLEIR ROAD,E01023741,St Albans 017E,Investigation complete; no suspect identified
e0b655b5498f706f01ad8a0298fbd016edc262d831a746c463cf39bbcdbf9120,2018-08,Hertfordshire Constabulary,Hertfordshire Constabulary,-0.303096,51.766010,On or near HAZELMERE ROAD,E01023710,St Albans 008B,Suspect charged
36a27b7363db6fb127e66664825126b3e68f9267d1136efd2556b7ca91547e9c,2018-08,Hertfordshire Constabulary,Hertfordshire Constabulary,-0.175578,51.689771,On or near ST LOUIS CLOSE,E01023575,Hertsmere 003E,Unable to prosecute suspect
c04fdcce96106c163e7d4149b1e6bfbdfbcefbc94dcd09c0359a8a9125070569,2018-08,Hertfordshire Constabulary,Hertfordshire Constabulary,-0.343270,51.743779,On or near GRIFFITHS WAY,E01023740,St Albans 017D,Investigation complete; no suspect identified
0e95d81c45f492dda5df0f8a1eb04bea02f7b5fef06c83957a166327d368c367,2018-08,Hertfordshire Constabulary,Hertfordshire Constabulary,-0.175578,51.689771,On or near ST LOUIS CLOSE,E01023575,Hertsmere 003E,Unable to prosecute suspect
736b9a14e7bf5ce43701a22ff049b9d3fe4f47344c77e47e677528cb733575aa,2018-08,Hertfordshire Constabulary,Hertfordshire Constabulary,-0.286459,51.951001,On or near BEDFORD ROAD,E01023616,North Hertfordshire 012F,Action to be taken by another organisation
bc6f78d5e62c41bc4777589e4f2d91bb4a5dbdb7119cde09929cd6fb5febc547,2018-08,Hertfordshire Constabulary,Hertfordshire Constabulary,-0.166919,51.904142,On or near CAVELL WALK,E01023761,Stevenage 007C,Investigation complete; no suspect identified
40fec1730f4b76ecde2041115be0b7906dc6a716652d5c1f23a35d18f6bcddb8,2018-08,Hertfordshire Constabulary,Hertfordshire Constabulary,-0.220417,51.776333,On or near Supermarket,E01033311,Welwyn Hatfield 010F,Investigation complete; no suspect identified
3f00f25ce08fcee1f489e55af80b8747c82cecdb1d9ce8942222964f6770c67f,2018-08,Hertfordshire Constabulary,Hertfordshire Constabulary,-0.079373,51.806395,On or near GOSSELIN ROAD,E01023472,East Hertfordshire 014C,Investigation complete; no suspect identified
8addc715aa547c2a21f64b41ab202f2ff2dd35aa5eef416f3701ebc8dc58f4bf,2018-08,Hertfordshire Constabulary,Hertfordshire Constabulary,-0.175578,51.689771,On or near ST LOUIS CLOSE,E01023575,Hertsmere 003E,Unable to prosecute suspect
d8b72f042f40f8e54ebc9a3a6993b5ec67cc8f9dc6b748451d240ba3c5f3a4b5,2018-08,Hertfordshire Constabulary,Hertfordshire Constabulary,-0.207004,51.906531,On or near GATES WAY,E01023775,Stevenage 006A,Suspect charged
cea78af5f64b8c55a3a46b9047290dfb05453d5a71d5a7804bce91e3b367daf6,2018-08,Hertfordshire Constabulary,Hertfordshire Constabulary,-0.189504,51.792829,On or near COWPER ROAD,E01023955,Welwyn Hatfield 007B,Investigation complete; no suspect identified
ddd797a5c66bbd882ea211bec15dd759644f5de3cc5ca05b3cc786fbd8a1ad9c,2018-08,Hertfordshire Constabulary,Hertfordshire Constabulary,-0.392859,51.654117,On or near Shopping Area,E01023860,Watford 009B,Suspect charged
7ce0034aa3ddb5a9c94082aeaebb204fe93c2c5fe77b38397f99f6ef8eebd4e1,2018-08,Hertfordshire Constabulary,Hertfordshire Constabulary,-0.189302,51.984444,On or near Sports/Recreation Area,E01023591,North Hertfordshire 004E,Investigation complete; no suspect identified
bbc02352425d60dc17dc336dca5da2cb913c999cb8ab1a24b893f82b5cb49251,2018-08,Hertfordshire Constabulary,Hertfordshire Constabulary,-0.079373,51.806395,On or near GOSSELIN ROAD,E01023472,East Hertfordshire 014C,Investigation complete; no suspect identified
80c8ea1a37076342fc1aab7c1154c4971824be36e6861761a29042d7a7f1e56c,2018-08,Hertfordshire Constabulary,Hertfordshire Constabulary,-0.378327,51.626266,On or near LOWER TAIL,E01023810,Three Rivers 010C,Action to be taken by another organisation
3c5ccc77e2885e46cc8e3424e8b8a4912b6f4634866d47028b50448ecea66490,2018-08,Hertfordshire Constabulary,Hertfordshire Constabulary,-0.200675,51.901929,On or near MARKET SQUARE,E01023758,Stevenage 008D,Investigation complete; no suspect identified
5ab563dcd676d370ebbe4b9c95736be4285b75041bb879380f7ae2e5c825decf,2018-08,Hertfordshire Constabulary,Hertfordshire Constabulary,-0.394905,51.678450,On or near BUSHEY MILL CRESCENT,E01023896,Watford 005B,Unable to prosecute suspect
b15ac32581a230a26b356cf8b5f299c774a1ed33540c9e4e28ae5a313c5f27d4,2018-08,Hertfordshire Constabulary,Hertfordshire Constabulary,-0.184692,51.899607,On or near TWINWOODS,E01023756,Stevenage 008B,Unable to prosecute suspect
4d11ad03f054232214adb4b53e87d02acdf46ee57541c26dccf29529c9f5fa14,2018-08,Hertfordshire Constabulary,Hertfordshire Constabulary,-0.378281,51.684246,On or near THE GOSSAMERS,E01023873,Watford 003A,Investigation complete; no suspect identified
2ab44b568efc8eeee8a8264cb007093137b3d85ef64b7430ddc72e5dd00537a3,2018-08,Hertfordshire Constabulary,Hertfordshire Constabulary,-0.451218,51.731296,On or near MILL CLOSE,E01023414,Dacorum 020E,Unable to prosecute suspect
1adec2dab711c1044eae8cae73099737804b3d98dc3c718ad56f61f24c3b2849,2018-08,Hertfordshire Constabulary,Hertfordshire Constabulary,-0.352095,51.814904,On or near STATION APPROACH,E01023701,St Albans 003C,Investigation complete; no suspect identified
092071f807f51f81c50f30fdfa74cbb822e12c57efa7412d2978700578be6c32,2018-08,Hertfordshire Constabulary,Hertfordshire Constabulary,0.170332,51.881283,On or near REDVERS CLOSE,E01023451,East Hertfordshire 004C,Unable to prosecute suspect
a7527b8b30ae78e5a1d3e51dd0f1ceeea297b2e443bfb3ea0a18cedfb6c13aa5,2018-08,Hertfordshire Constabulary,Hertfordshire Constabulary,-0.196718,51.694072,On or near HEATHER WAY,E01023568,Hertsmere 002B,Investigation complete; no suspect identified
6939f4b49ca31085cbc6bf955e421c628c1228dcbd494e9bc175e34185c12c67,2018-08,Hertfordshire Constabulary,Hertfordshire Constabulary,-0.172175,51.802524,On or near HARDINGS,E01023913,Welwyn Hatfield 004B,Unable to prosecute suspect
9f05ce177cab9ebf2e5a4746ae4e24a44e42638201f6a74bc7e5fb3b406bacde,2018-08,Hertfordshire Constabulary,Hertfordshire Constabulary,-0.009094,51.765867,On or near DUKE STREET,E01023322,Broxbourne 003C,Investigation complete; no suspect identified
492d782bcca7c30de0fe7df51fe66fda6c8fab3b9631946b328ab1f9181b1a8c,2018-08,Hertfordshire Constabulary,Hertfordshire Constabulary,-0.227296,51.762068,On or near QUEENSWAY,E01023920,Welwyn Hatfield 012A,Unable to prosecute suspect
5ba4c6e07580da479d5fe2b293da84ea65ec1a18ef29cac49e453d4cccdc7471,2018-08,Hertfordshire Constabulary,Hertfordshire Constabulary,-0.445567,51.740672,On or near RUMBALLS CLOSE,E01023358,Dacorum 020B,Unable to prosecute suspect
d139d2e17d85375d6e1fb8b1482fb9c9a4ff8890d6f3c64c2ec101ebf3f874ba,2018-08,Hertfordshire Constabulary,Hertfordshire Constabulary,-0.409405,51.685697,On or near SUMMERFIELD ROAD,E01023891,Watford 002B,Unable to prosecute suspect
621a3d5087bfaf0017185e32bd905956cac816d4863d5a263e364874ff8fde35,2018-08,Hertfordshire Constabulary,Hertfordshire Constabulary,-0.396177,51.669889,On or near SALISBURY ROAD,E01023855,Watford 006A,Unable to prosecute suspect
43ef128cde13a2e44dce199b165eb06a40e2634fb1fc1c41b262d16963bcf9c0,2018-08,Hertfordshire Constabulary,Hertfordshire Constabulary,-0.404472,51.649051,On or near Hospital,E01023902,Watford 010D,Unable to prosecute suspect
63bf713b39bc606b5790dbfaca85615521c0914cdd3aeb260ff498a4b47e95f6,2018-08,Hertfordshire Constabulary,Hertfordshire Constabulary,-0.219307,51.975496,On or near PIXMORE WAY,E01023630,North Hertfordshire 006A,Investigation complete; no suspect identified
b3a231fe1b0b912e84dabf0a5c9ed87a868e6ca3a60818c0b1c2ea58c9648a46,2018-08,Hertfordshire Constabulary,Hertfordshire Constabulary,-0.389951,51.679470,On or near Supermarket,E01023896,Watford 005B,Investigation complete; no suspect identified
265c98fffd4ec67b04ab7bfa1fd9d3e4aad33c3f15f0aafee2820bcc64c84045,2018-08,Hertfordshire Constabulary,Hertfordshire Constabulary,-0.111233,51.713177,On or near STARLING LANE,E01023949,Welwyn Hatfield 016C,Unable to prosecute suspect
2b6fba7f666fa78e621bd16e13bc4b65bb77458b0f274b7ba16897a529e6ed8a,2018-08,Hertfordshire Constabulary,Hertfordshire Constabulary,-0.392982,51.681283,On or near ST ALBANS ROAD,E01023896,Watford 005B,Investigation complete; no suspect identified
9dc606cb909bc2027d66f6f9634624a03c2a1bc07269fb27cf902dfb21a32a56,2018-08,Hertfordshire Constabulary,Hertfordshire Constabulary,-0.381578,51.648585,On or near WELLSFIELD,E01023553,Hertsmere 008B,Unable to prosecute suspect
303b4132cce99aac1cb5b1e606b553a129f5d52e51b7bf7305924de642d54f07,2018-08,Hertfordshire Constabulary,Hertfordshire Constabulary,-0.498045,51.654916,On or near PARKFIELD,E01023814,Three Rivers 004C,Investigation complete; no suspect identified
0c0aa2b79609aa0adc4f1d232bf1dd94b64b47192f425e764569f274580dce51,2018-08,Hertfordshire Constabulary,Hertfordshire Constabulary,-0.307075,51.763451,On or near THE RIDGEWAY,E01023714,St Albans 010B,Investigation complete; no suspect identified
0c0aa2b79609aa0adc4f1d232bf1dd94b64b47192f425e764569f274580dce51,2018-08,Hertfordshire Constabulary,Hertfordshire Constabulary,-0.307075,51.763451,On or near THE RIDGEWAY,E01023714,St Albans 010B,Investigation complete; no suspect identified
cd0f738330284ed59cb484e8818a9b593aae16227b57f47c6d4ebb0f39a909ea,2018-08,Hertfordshire Constabulary,Hertfordshire Constabulary,-0.277750,51.945497,On or near BRIDGE STREET,E01023616,North Hertfordshire 012F,Investigation complete; no suspect identified
ac74c5ff2f2395be58a36f6c60d482ad6cb111749c18f36dbf2892878f3d57a8,2018-08,Hertfordshire Constabulary,Hertfordshire Constabulary,-0.008607,51.763431,On or near DINANT LINK ROAD,E01023323,Broxbourne 003D,Unable to prosecute suspect
625a9a70b39c4d42cd806e03f7a700b14d6a1a0d7b2dfc9bfe0edb6f9db4ef03,2018-08,Hertfordshire Constabulary,Hertfordshire Constabulary,-0.347418,51.754745,On or near PORTLAND STREET,E01023745,St Albans 014D,Unable to prosecute suspect
08dc6170c60fde8b51aae00cd1e3ac730d93d484582b563de1a3fb0ef116af80,2018-08,Hertfordshire Constabulary,Hertfordshire Constabulary,-0.175387,51.789805,On or near BIRDS CLOSE,E01023943,Welwyn Hatfield 008A,Unable to prosecute suspect
7b56c6f52eb751d641793b1da0ad3bfefa3cd4edd2cd76d5f9a459d03263c349,2018-08,Hertfordshire Constabulary,Hertfordshire Constabulary,-0.176873,51.929726,On or near CHERWELL DRIVE,E01023801,Stevenage 002F,Unable to prosecute suspect
f39bc0ae4cd3f38c6981885c5f1fbcb38b67bcd3eb70b1ac1a94f0a311dfd740,2018-08,Hertfordshire Constabulary,Hertfordshire Constabulary,-0.495284,51.635691,On or near FEARNEY MEAD,E01023836,Three Rivers 009B,Unable to prosecute suspect
0a5604a807d8e9b3117061063beace9143b7d9b76049be7adeb70b1b903ba39f,2018-08,Hertfordshire Constabulary,Hertfordshire Constabulary,-0.461907,51.835256,On or near SEBRIGHT ROAD,E01023433,Dacorum 001D,Investigation complete; no suspect identified
c9652cb4b7253ef7b84f6263cf5980a341dab3159c20084d84e7938a577ead8a,2018-08,Hertfordshire Constabulary,Hertfordshire Constabulary,-0.166684,51.908490,On or near BERNHARDT CRESCENT,E01023759,Stevenage 007A,Unable to prosecute suspect
33674955de6816809004089ae50eae55f1f6423629fc9e063129b2630b8d8223,2018-08,Hertfordshire Constabulary,Hertfordshire Constabulary,-0.449611,51.756236,On or near HILLARY ROAD,E01023348,Dacorum 013D,Unable to prosecute suspect
0f74dca6271a8f691ac3d95f1e8a614b612677a08feff9b39b5b43a476edb492,2018-08,Hertfordshire Constabulary,Hertfordshire Constabulary,-0.023276,51.684680,On or near BROOK ROAD,E01023338,Broxbourne 013C,Investigation complete; no suspect identified
57fbf9c63236b61319eeadae0d55804a42707c06a476dd5866ab8c704a29956f,2018-08,Hertfordshire Constabulary,Hertfordshire Constabulary,-0.366519,51.667817,On or near OTTERSPOOL WAY,E01023555,Hertsmere 008D,Investigation complete; no suspect identified
8019510adb8730f90826102b78151fd5bf1f015e666a8bfcabaf22fa593af14e,2018-08,Hertfordshire Constabulary,Hertfordshire Constabulary,-0.162927,51.910770,On or near CONIFER WALK,E01023767,Stevenage 004A,Unable to prosecute suspect
afd6b5d411c27ea40f316c1fc6ea076a91d9587f652ed4b737644de0082bb521,2018-08,Hertfordshire Constabulary,Hertfordshire Constabulary,-0.403619,51.680331,On or near BRUSHRISE,E01023870,Watford 004C,Unable to prosecute suspect
7871f0cd4e693d461bb0a4297e5478ed755df800bd575860de16f644a955eee8,2018-08,Hertfordshire Constabulary,Hertfordshire Constabulary,-0.400694,51.674258,On or near POPES LANE,E01023857,Watford 006C,Investigation complete; no suspect identified
f8321f7c8a3964eefa6b2389bc30bcf4bdd6e0f340dd28acf7691c5677def956,2018-08,Hertfordshire Constabulary,Hertfordshire Constabulary,-0.401362,51.656508,On or near UPTON ROAD,E01023861,Watford 009C,Unable to prosecute suspect
87a6e9d40eb6f532ca2e89dff14afda594c2f823dbcbb00bb89f8cb243685243,2018-08,Hertfordshire Constabulary,Hertfordshire Constabulary,-0.300837,51.752049,On or near HATFIELD ROAD,E01023665,St Albans 013B,Unable to prosecute suspect
0877b4bd6bc1612125fcb293e6a2e87324d69f1bf7f4de53bb036bf80912f3a4,2018-08,Hertfordshire Constabulary,Hertfordshire Constabulary,-0.380257,51.680785,On or near YORK WAY,E01023876,Watford 003D,Unable to prosecute suspect
3f359bd8bdffccc57d2a4e12d043371aff0f3807fb57bee35ef7050779be6944,2018-08,Hertfordshire Constabulary,Hertfordshire Constabulary,-0.366519,51.667817,On or near OTTERSPOOL WAY,E01023555,Hertsmere 008D,Investigation complete; no suspect identified
a96c13a172ab8ea788cb6e1116960b30829b74cb7527a3e9dd03e7a3cb6a5dc0,2018-08,Hertfordshire Constabulary,Hertfordshire Constabulary,-0.198732,51.910900,On or near HAYCROFT ROAD,E01023778,Stevenage 002C,Investigation complete; no suspect identified
c37df4e4e7689a7ad6b5c789044acf71dbbe4575c4fe93a95c0d29de7e1e436e,2018-08,Hertfordshire Constabulary,Hertfordshire Constabulary,-0.435251,51.776404,On or near ARAGON CLOSE,E01023437,Dacorum 005D,Unable to prosecute suspect
d0d026c24ef132388203047fc86cdd31d15e8d79b7ad69d85088fc9f8e37db2b,2018-08,Hertfordshire Constabulary,Hertfordshire Constabulary,-0.210054,51.807423,On or near SHERRARDSPARK ROAD,E01023959,Welwyn Hatfield 003A,Offender given a caution
2af6af8e395c4a873075bef8164103d70b3f39fcd7d2c8876c241f3d0d5b4956,2018-08,Hertfordshire Constabulary,Hertfordshire Constabulary,-0.097717,51.799626,On or near SADLERS WAY,E01023489,East Hertfordshire 015C,Unable to prosecute suspect
4d174205d22dc963cfe72498e898b074f1ab0f64612353012a844843cafd8932,2018-08,Hertfordshire Constabulary,Hertfordshire Constabulary,-0.392859,51.654117,On or near Shopping Area,E01023860,Watford 009B,Investigation complete; no suspect identified
04fb1020bedc6ce627f63bb0e2a3ffa1abe58a83dcd4291857afc66202b280b5,2018-08,Hertfordshire Constabulary,Hertfordshire Constabulary,-0.474722,51.750603,On or near Parking Area,E01023398,Dacorum 015D,Unable to prosecute suspect
3e9f039e69699065ab6c57de60d9476b9930319d4441ac059788b8e3e5f6d04e,2018-08,Hertfordshire Constabulary,Hertfordshire Constabulary,-0.183486,51.924082,On or near Pedestrian Subway,E01023787,Stevenage 001A,Unable to prosecute suspect
3be340b0b30845eeac02186132d558404be6f6d6b69da9b38b6a0abd9462f027,2018-08,Hertfordshire Constabulary,Hertfordshire Constabulary,-0.431980,51.650689,On or near MAYFARE,E01023825,Three Rivers 006E,Investigation complete; no suspect identified
b8940caa69b44d3501ed1bc1b53217b87a334014593427f9fa258b4830c974e8,2018-08,Hertfordshire Constabulary,Hertfordshire Constabulary,-0.337633,51.743043,On or near LEYLAND AVENUE,E01023741,St Albans 017E,Investigation complete; no suspect identified
b6349fd86f7ee7d3ba245ddd037ffa88df4caa95fbfe02ad071603144fa17d99,2018-08,Hertfordshire Constabulary,Hertfordshire Constabulary,-0.183276,51.863347,On or near LONDON ROAD,E01023628,North Hertfordshire 015E,Unable to prosecute suspect
f32e9d30b6d577c58b9a0856d9a1c2bc0eee106c3bdcfee6a0ba17dec180ea52,2018-08,Hertfordshire Constabulary,Hertfordshire Constabulary,-0.287995,51.667867,On or near SINDERBY CLOSE,E01023529,Hertsmere 007A,Unable to prosecute suspect
d68ca020d9afdb61b32d8e61a607e348d1706b52a52b4c467682a8845660bc82,2018-08,Hertfordshire Constabulary,Hertfordshire Constabulary,0.158757,51.873817,On or near NORTH TERRACE,E01023450,East Hertfordshire 004B,Suspect charged
97cccdf2ee196fe18278912ca97cd2ba13373ed018f08603c4b5b17cfcf8abb6,2018-08,Hertfordshire Constabulary,Hertfordshire Constabulary,-0.174916,51.703356,On or near HERONFIELD,E01023911,Welwyn Hatfield 015D,Investigation complete; no suspect identified
4ace0b47753151e8f4c7a4cf292a3d38a1f84b56bedac444ed4bf57c33535a19,2018-08,Hertfordshire Constabulary,Hertfordshire Constabulary,-0.072935,51.798835,On or near RAILWAY STREET,E01023478,East Hertfordshire 017D,Investigation complete; no suspect identified
c9a472b96f3e47ac93ae0cce9734947f40c7d942863f85f2fffc6539d8df7529,2018-08,Hertfordshire Constabulary,Hertfordshire Constabulary,-0.190754,51.797479,On or near KNELLA ROAD,E01023958,Welwyn Hatfield 007E,Unable to prosecute suspect
6b2b96a21ae478968799b856deeab1123850f0aa392ad240f4aa4b21a1958a9f,2018-08,Hertfordshire Constabulary,Hertfordshire Constabulary,-0.397080,51.657007,On or near Theatre/Concert Hall,E01023861,Watford 009C,Offender given a caution
6b2b96a21ae478968799b856deeab1123850f0aa392ad240f4aa4b21a1958a9f,2018-08,Hertfordshire Constabulary,Hertfordshire Constabulary,-0.397080,51.657007,On or near Theatre/Concert Hall,E01023861,Watford 009C,Offender given a caution
e555cd8aba7771cc477a4c6e442971f3cd17f62b8dc635828f627a9f81027519,2018-08,Hertfordshire Constabulary,Hertfordshire Constabulary,-0.013775,51.761576,On or near WALNUT TREE CLOSE,E01023323,Broxbourne 003D,Investigation complete; no suspect identified
ecdeffe2c01b892e9a87fd7ab2ae81b46a7d8139293a6c6d3471de8ff37dc918,2018-08,Hertfordshire Constabulary,Hertfordshire Constabulary,-0.168151,51.887436,On or near GLENWOOD CLOSE,E01023791,Stevenage 010A,Investigation complete; no suspect identified
f9c3e6e9657a3e58bf56e1d636cd18cfddf98ab0308d398e56e635762f57df43,2018-08,Hertfordshire Constabulary,Hertfordshire Constabulary,-0.209409,51.797351,On or near BIRDCROFT ROAD,E01023917,Welwyn Hatfield 006B,Unable to prosecute suspect
845f147d30d2dceff265a6b22314ed639e8bdd998af319bfe94a64b9e41e5329,2018-08,Hertfordshire Constabulary,Hertfordshire Constabulary,-0.088879,51.797000,On or near FLORENCE COURT,E01023479,East Hertfordshire 017E,Unable to prosecute suspect
1de14129a0f02286e6f89d390763753fdba5cb5a829eb2a5316c8ad737ea211a,2018-08,Hertfordshire Constabulary,Hertfordshire Constabulary,-0.465842,51.760433,On or near CLARENDON CLOSE,E01023401,Dacorum 008A,Unable to prosecute suspect
f4b0cc5ec9a473ea4ccbdfd1a371be98be78ea62506007fbd44e34c9e733a07f,2018-08,Hertfordshire Constabulary,Hertfordshire Constabulary,-0.586544,51.767377,On or near STONEY CLOSE,E01023369,Dacorum 012A,Unable to prosecute suspect
5e3507f3aa5968c5835c1bc4355c39fa4328547e4039bbc53f49ef12ccb3b20d,2018-08,Hertfordshire Constabulary,Hertfordshire Constabulary,0.160339,51.870451,On or near Shopping Area,E01023449,East Hertfordshire 004A,Unable to prosecute suspect
89d8ae71b0ec2018d6140dfa71a3428956bebee9525d8336ddcd5604c6b2a28e,2018-08,Hertfordshire Constabulary,Hertfordshire Constabulary,-0.586544,51.767377,On or near STONEY CLOSE,E01023369,Dacorum 012A,Unable to prosecute suspect
81de6274b56b3234ee6ba5e45bb7a705526d087ccccb0ef7a5e1fdfabad3deb4,2018-08,Hertfordshire Constabulary,Hertfordshire Constabulary,-0.505919,51.807014,On or near BRADDEN LANE,E01023431,Dacorum 001B,Unable to prosecute suspect
52f25c1a4f28c3d4355e17d718efe2cb378a9457728392c99a63903a037e20b8,2018-08,Hertfordshire Constabulary,Hertfordshire Constabulary,-0.494150,51.755799,On or near Supermarket,E01023429,Dacorum 011D,Unable to prosecute suspect
f9e1e9d7d90a0c6fb00492068d3e7132cd8e940f3acbe9c24093e990a05a4e3b,2018-08,Hertfordshire Constabulary,Hertfordshire Constabulary,-0.494150,51.755799,On or near Supermarket,E01023429,Dacorum 011D,Unable to prosecute suspect
b97257798d2d9566c66faa941bad8bfdb1cfe6a06f01afcd2e61e3a5f12ac622,2018-08,Hertfordshire Constabulary,Hertfordshire Constabulary,-0.234411,51.771742,On or near MANOR CLOSE,E01033311,Welwyn Hatfield 010F,Investigation complete; no suspect identified
6d11c0d3324c44d61c73cd066b9955790bc6bc7cd212b41759e097a6e2fc4729,2018-08,Hertfordshire Constabulary,Hertfordshire Constabulary,-0.407163,51.684021,On or near LEGGATTS RISE,E01023891,Watford 002B,Investigation complete; no suspect identified
27727296afd5e06e7a2c87982eb218d3e7fef6af7e9c092c1808a74a1be0d038,2018-08,Hertfordshire Constabulary,Hertfordshire Constabulary,-0.277400,51.947011,On or near Supermarket,E01023616,North Hertfordshire 012F,Offender given a caution
f92c4acccd7ce1a08f81a5dd73f06693959cfba32b814c3e69bbbf57f321d597,2018-08,Hertfordshire Constabulary,Hertfordshire Constabulary,-0.067822,51.785128,On or near MANGROVE LANE,E01023476,East Hertfordshire 017B,Unable to prosecute suspect
dd653973eacd8489cdc5890b37bb08229f3d1769a05743d3f5a15a11f6200f5e,2018-08,Hertfordshire Constabulary,Hertfordshire Constabulary,-0.339761,51.722131,On or near FAIRHAVEN,E01023720,St Albans 019C,Unable to prosecute suspect
56fbc5edff5e23899daf7efa569f31edcc8d08ad03a4f788f6cd8be74711a9d1,2018-08,Hertfordshire Constabulary,Hertfordshire Constabulary,-0.026882,51.722185,On or near ROCHFORD CLOSE,E01023342,Broxbourne 005C,Unable to prosecute suspect
089ad8a2f167866bb7baad1b78bc6750c5be4c6c524367ab96d90bd98ab1bb31,2018-08,Hertfordshire Constabulary,Hertfordshire Constabulary,-0.392692,51.964269,On or near Sports/Recreation Area,E01023624,North Hertfordshire 014D,Unable to prosecute suspect
8c1611b0dd756cdb54956afe604c7efe3bb10bcaef7b59874967e3c8b1008ff5,2018-08,Hertfordshire Constabulary,Hertfordshire Constabulary,-0.438133,51.827281,On or near OLD WATLING STREET,E01023430,Dacorum 001A,Investigation complete; no suspect identified
be531218c3bc59dc7b36b0a6a128ac05a75b89c53fab251258542c4e9368f3c4,2018-08,Hertfordshire Constabulary,Hertfordshire Constabulary,-0.208946,51.912162,On or near BELL LANE,E01023775,Stevenage 006A,Unable to prosecute suspect
419f400d52b07473c7bc5580a6052ee2d71f42541d6db6ea697dedf19274a555,2018-08,Hertfordshire Constabulary,Hertfordshire Constabulary,-0.395311,51.619081,On or near KENILWORTH GARDENS,E01023806,Three Rivers 012A,Unable to prosecute suspect
a820280f91b0d650cd39518a809e0a18742156e608c57c63433e71482a808897,2018-08,Hertfordshire Constabulary,Hertfordshire Constabulary,-0.277603,51.947428,On or near Shopping Area,E01023616,North Hertfordshire 012F,Investigation complete; no suspect identified
b940f6fb592535092cf6125477ccd1e09490f8cbf32ac6fbd7f97ea6593aee2c,2018-08,Hertfordshire Constabulary,Hertfordshire Constabulary,-0.587945,51.768464,On or near THE MEADS,E01023417,Dacorum 006D,Investigation complete; no suspect identified
f77598e2620e67d0bf7a3ae134214f30737b7aaa204e6d76a4ba698773838167,2018-08,Hertfordshire Constabulary,Hertfordshire Constabulary,-0.274374,51.656815,On or near Supermarket,E01023530,Hertsmere 007B,Unable to prosecute suspect
41175c1d1f8ffd9889209db8884903e21609db9d96c70d91cec75737d7487ca8,2018-08,Hertfordshire Constabulary,Hertfordshire Constabulary,-0.044653,51.696890,On or near GREAT CAMBRIDGE ROAD,E01023334,Broxbourne 012C,Unable to prosecute suspect
27ba123cd118bca58024d6214f43798d024ee1d7b491139eda64004795ccb01a,2018-08,Hertfordshire Constabulary,Hertfordshire Constabulary,-0.192160,51.902932,On or near BEDWELL RISE,E01023757,Stevenage 008C,Unable to prosecute suspect
8abf11e3b139a2f6ace9057333df59d651d5810b434dacefb6d37e37bf38d65f,2018-08,Hertfordshire Constabulary,Hertfordshire Constabulary,-0.400520,51.659491,On or near Nightclub,E01023861,Watford 009C,Unable to prosecute suspect
0eb817408bec1f654e8c0494e0e93146ee63f1ffd2e2132f5023266f79547d6c,2018-08,Hertfordshire Constabulary,Hertfordshire Constabulary,-0.014424,51.767594,On or near WEST CLOSE,E01023319,Broxbourne 001D,Investigation complete; no suspect identified
cf53a84892815127e5019a4fc83770f1b44726ca7517f9230f8ee27e32c264d7,2018-08,Hertfordshire Constabulary,Hertfordshire Constabulary,-0.013343,51.766128,On or near CHERRY TREE ROAD,E01023319,Broxbourne 001D,Investigation complete; no suspect identified
0a3a473c8cb7537c75a8b44d7077cc623cc9fa9a26ddc67a5541a69b1641256f,2018-08,Hertfordshire Constabulary,Hertfordshire Constabulary,-0.013343,51.766128,On or near CHERRY TREE ROAD,E01023319,Broxbourne 001D,Investigation complete; no suspect identified
386fb7b536c982f365b29c533fe30a4515072abb40a358109498ccf88fa9942b,2018-08,Hertfordshire Constabulary,Hertfordshire Constabulary,-0.280618,51.812522,On or near SHEEPCOTE LANE,E01023748,St Albans 004C,Unable to prosecute suspect
cea06cf579f3634b61aaa8ba7ae53f17e79dd023b5f295ccbf32ff8437eab0f1,2018-08,Hertfordshire Constabulary,Hertfordshire Constabulary,-0.013343,51.766128,On or near CHERRY TREE ROAD,E01023319,Broxbourne 001D,Investigation complete; no suspect identified
31dd9ce83983fae859f61637c6b37ec345decf130adf754192caf903b21c1fe9,2018-08,Hertfordshire Constabulary,Hertfordshire Constabulary,-0.347304,51.807454,On or near HEATH CLOSE,E01023701,St Albans 003C,Unable to prosecute suspect
8eafc68a88c78fa6cca73d125a619c8f34b077d7db489fae63ff8740904091f7,2018-08,Hertfordshire Constabulary,Hertfordshire Constabulary,-0.012491,51.759792,On or near Supermarket,E01023320,Broxbourne 003A,Investigation complete; no suspect identified
c9d44df7d29c183a903c5ce280462b8338a08067683322dc2e963b33b7219a64,2018-08,Hertfordshire Constabulary,Hertfordshire Constabulary,-0.408987,51.629491,On or near ASHBURNHAM DRIVE,E01023827,Three Rivers 008A,Investigation complete; no suspect identified
18d603b42567cf40c9d897817a4a594b3bf5bd63fbb45686807acc0ca88bb7c1,2018-08,Hertfordshire Constabulary,Hertfordshire Constabulary,0.090817,51.831656,On or near CENTENARY CLOSE,E01023496,East Hertfordshire 009C,Unable to prosecute suspect
3c7b034ce754e2a6a3b5274b6f283ee53a61fb6226b5d3fd94ab9aa8eed06bb6,2018-08,Hertfordshire Constabulary,Hertfordshire Constabulary,-0.387751,51.685231,On or near FIRST AVENUE,E01023875,Watford 003C,Investigation complete; no suspect identified
a486b0b0010a8497efd898fc1699a36f6baa96fe54c7b0818fe235ff84ab0a30,2018-08,Hertfordshire Constabulary,Hertfordshire Constabulary,-0.033990,51.701856,On or near Supermarket,E01023301,Broxbourne 010E,Investigation complete; no suspect identified
3574684b7f710160cf65cffa4e6a36f184a51e69f5e33b89b820633ea920d457,2018-08,Hertfordshire Constabulary,Hertfordshire Constabulary,-0.414533,51.664356,On or near CASSIOBURY DRIVE,E01023889,Watford 008D,Unable to prosecute suspect
086df1ac8385b73c2ac3098236dc84ecadf3aee8ff73aaa5d2b9bdda88277f2c,2018-08,Hertfordshire Constabulary,Hertfordshire Constabulary,-0.038676,51.688544,On or near LEVEN DRIVE,E01023336,Broxbourne 013A,Unable to prosecute suspect
11b129ddef5340136e76768fbec593b84137f3ece1d75ce6ffacde6864f9f115,2018-08,Hertfordshire Constabulary,Hertfordshire Constabulary,-0.228835,51.763107,On or near Supermarket,E01023920,Welwyn Hatfield 012A,Investigation complete; no suspect identified
f0cfdb975631258db28b5bdc12d1a8da437aa52ab0351c1fc0d65cd6418c7261,2018-08,Hertfordshire Constabulary,Hertfordshire Constabulary,-0.393525,51.683925,On or near HOLLAND GARDENS,E01023890,Watford 002A,Unable to prosecute suspect
f2d32ad2264f42a617a7351f8fd03f89ec05bfb355684bf063c9586215bd1418,2018-08,Hertfordshire Constabulary,Hertfordshire Constabulary,-0.314043,51.684907,On or near Sports/Recreation Area,E01023523,Hertsmere 005A,Unable to prosecute suspect
4d4f9913450c9c259b260add5a7c31f1138eda9693e8c50075184ff97cfd3238,2018-08,Hertfordshire Constabulary,Hertfordshire Constabulary,-0.274374,51.656815,On or near Supermarket,E01023530,Hertsmere 007B,Unable to prosecute suspect
c9630a3528744de23b0f0525f6b6ef33d673a33c8d264d89412bcea631c28d7e,2018-08,Hertfordshire Constabulary,Hertfordshire Constabulary,-0.451459,51.774226,On or near WAVENEY,E01023393,Dacorum 007A,Investigation complete; no suspect identified
b90780b5ca8778a96c216fa0a85f1abcb0d2956a37cbe1e93f885e08fd412a20,2018-08,Hertfordshire Constabulary,Hertfordshire Constabulary,-0.035960,51.719514,On or near FAIRWAYS,E01023305,Broxbourne 008D,Investigation complete; no suspect identified
17258ef4d82ee8f82453e0475d36f136a59f77bf8b2a16e52faafa6c15171127,2018-08,Hertfordshire Constabulary,Hertfordshire Constabulary,-0.651326,51.803745,On or near NETHERBY CLOSE,E01023421,Dacorum 004B,Unable to prosecute suspect
0645f18385c0c75b2319b12d699bc715e8a9d7d1a4e8993f54ffe87ce1190890,2018-08,Hertfordshire Constabulary,Hertfordshire Constabulary,-0.662846,51.793815,On or near PARSONAGE PLACE,E01023420,Dacorum 003C,Investigation complete; no suspect identified
98f9fa4626f4dedb8dc17168f490a190ef7c22fcb3cb8f7e3aea098b45e70068,2018-08,Hertfordshire Constabulary,Hertfordshire Constabulary,-0.228751,51.753412,On or near KESTREL GREEN,E01023936,Welwyn Hatfield 013D,Unable to prosecute suspect
000aa98091f5907624833471028558af65a4ad3adc4fda04dc31a02fc08ed5a0,2018-08,Hertfordshire Constabulary,Hertfordshire Constabulary,-0.173405,51.877923,On or near ASHDOWN ROAD,E01023785,Stevenage 011C,Investigation complete; no suspect identified
b2da2d9630f8a6a16b581509b43d411c025f07dcfdbbbbfbefac9a6ac17d7b8c,2018-08,Hertfordshire Constabulary,Hertfordshire Constabulary,-0.224752,51.691324,On or near SWANLAND ROAD,E01023584,Hertsmere 004D,Investigation complete; no suspect identified
3b3b2f744d167e197cb4aa76261f049e3152f00c71f28f649f88b6cff61a4d56,2018-08,Hertfordshire Constabulary,Hertfordshire Constabulary,-0.032298,51.712169,On or near KENNEDY CLOSE,E01023302,Broxbourne 008A,Unable to prosecute suspect
4e83d26464d6ee0bf55b847e1875f93aeee9e68f0e755af5e5741edd7dd32903,2018-08,Hertfordshire Constabulary,Hertfordshire Constabulary,-0.130042,51.917715,On or near AUBRIES,E01023509,East Hertfordshire 002E,Unable to prosecute suspect
0b16232d2f3bc3bf87c94a5200224fb14ae04ba3114b71d2f00a126823dca46e,2018-08,Hertfordshire Constabulary,Hertfordshire Constabulary,-0.464126,51.760590,On or near BAYLIE COURT,E01023401,Dacorum 008A,Suspect charged
a8f33ac93fc733a6e722ccf45c475d0b97e81adf22507f1bb6b1644d60d9c0b1,2018-08,Hertfordshire Constabulary,Hertfordshire Constabulary,-0.022297,52.056067,On or near STUART DRIVE,E01023660,North Hertfordshire 001A,Investigation complete; no suspect identified
4bff58014f659cc1ffea16d398a76ba6e33a5de683d205fad33ee993d904fae5,2018-08,Hertfordshire Constabulary,Hertfordshire Constabulary,-0.359816,51.728464,On or near WATFORD ROAD,E01023730,St Albans 020B,Investigation complete; no suspect identified
cae83200872dc5473a837205de5371cecbc626aa6ca472171c49feac94f5e5a7,2018-08,Hertfordshire Constabulary,Hertfordshire Constabulary,-0.021763,51.730327,On or near FAIRFIELD DRIVE,E01023341,Broxbourne 005B,Unable to prosecute suspect
b6a28118098d1ba0ee24079f574af891858eaa5ac507ebb630d0ede1c966b91d,2018-08,Hertfordshire Constabulary,Hertfordshire Constabulary,-0.438974,51.759665,On or near MAYLANDS AVENUE,E01023345,Dacorum 013A,Investigation complete; no suspect identified
d8f88f66ed8f247b6487ab66b42919e796d5465647c87e4eb06db94e558435a6,2018-08,Hertfordshire Constabulary,Hertfordshire Constabulary,-0.472359,51.759654,On or near HIGH STREET,E01023399,Dacorum 010C,Suspect charged
847f78b7adfc1cc7dd7682b4c8235ddd225f1a130ed1867c179a49f4f897ae9d,2018-08,Hertfordshire Constabulary,Hertfordshire Constabulary,-0.205363,51.904294,On or near Petrol Station,E01023758,Stevenage 008D,Unable to prosecute suspect
8cdcdab9d3d281af5d4855a7c306f4e2db04a1a8aae38bba7f893e7ba18e8038,2018-08,Hertfordshire Constabulary,Hertfordshire Constabulary,-0.288316,51.964147,On or near Sports/Recreation Area,E01023611,North Hertfordshire 012A,Unable to prosecute suspect
00466dd7326348f574973999a12c37f8a1594df710d3b1def03dd0d707252275,2018-08,Hertfordshire Constabulary,Hertfordshire Constabulary,-0.179316,51.918236,On or near Supermarket,E01023774,Stevenage 003D,Suspect charged
22af35092c130afb67ad8bd0c11ad90133e0749692aadfecd73c2bcfb0604eff,2018-08,Hertfordshire Constabulary,Hertfordshire Constabulary,-0.050960,51.698632,On or near TUDOR CLOSE,E01023296,Broxbourne 011D,Unable to prosecute suspect
7efa40ff4a45065e307df1f7c531e025e470f03c9826e41ba6483a1d39e06eca,2018-08,Hertfordshire Constabulary,Hertfordshire Constabulary,-0.163840,51.923687,On or near GREAT ASHBY WAY,E01023789,Stevenage 001C,Unable to prosecute suspect
7a626a3b462ae6f8098e996491aaef0c38212a192fa4c1bd016b517ac1484237,2018-08,Hertfordshire Constabulary,Hertfordshire Constabulary,-0.471010,51.749413,On or near WOLSEY ROAD,E01023398,Dacorum 015D,Investigation complete; no suspect identified
30f0fa5da87e00a89442c39d1e942999c845a70bdbfd59cfd21cea729f0a438c,2018-08,Hertfordshire Constabulary,Hertfordshire Constabulary,-0.204587,51.801198,On or near Shopping Area,E01023918,Welwyn Hatfield 006C,Investigation complete; no suspect identified
09ff20f850b3cba125a3b06e3e44ec976b8f147107b5cb8da3ebd9e7de7a4377,2018-08,Hertfordshire Constabulary,Hertfordshire Constabulary,-0.449611,51.756236,On or near HILLARY ROAD,E01023348,Dacorum 013D,Unable to prosecute suspect
dac25109e39af2c8bf3cc721ee780b0c78a98a67478d1ed8f01cad675d1aa0df,2018-08,Hertfordshire Constabulary,Hertfordshire Constabulary,-0.179611,51.794007,On or near HERONSWOOD ROAD,E01023944,Welwyn Hatfield 008B,Unable to prosecute suspect
91cbbd5d9cdb6ade3cef44e3b95ac6cae8949e608f907b5ac620eb868f90848c,2018-08,Hertfordshire Constabulary,Hertfordshire Constabulary,-0.081163,51.797028,On or near Parking Area,E01023470,East Hertfordshire 014A,Investigation complete; no suspect identified
3ce6532149b058d79db48f9f716b32dfe4e49dc508afa619c0e281732a0acfcd,2018-08,Hertfordshire Constabulary,Hertfordshire Constabulary,-0.449611,51.756236,On or near HILLARY ROAD,E01023348,Dacorum 013D,Unable to prosecute suspect
0f2ade7f49eb9d334723393440137117272c6c446ff6a76a17e36f6d46feb51e,2018-08,Hertfordshire Constabulary,Hertfordshire Constabulary,-0.029016,51.692762,On or near SOUTHFIELD ROAD,E01023335,Broxbourne 012D,Unable to prosecute suspect
9e2ed3869d434130967ad8b17c7aeefcb898e99af3320a645929c570f10bc57f,2018-08,Hertfordshire Constabulary,Hertfordshire Constabulary,-0.399713,51.698379,On or near LOUVAIN WAY,E01023904,Watford 001A,Unable to prosecute suspect
81998cc07dfb80acae1bc42a2049503e25bf306b79bb6e6e54dd71f77742043b,2018-08,Hertfordshire Constabulary,Hertfordshire Constabulary,-0.235450,51.763305,On or near DE HAVILLAND CLOSE,E01023921,Welwyn Hatfield 012B,Unable to prosecute suspect
1cc24299dfa816a0abc4d446c02602e4515bdb41e99d358f5009d67d4d2054b9,2018-08,Hertfordshire Constabulary,Hertfordshire Constabulary,-0.269328,51.655688,On or near Supermarket,E01023541,Hertsmere 011C,Unable to prosecute suspect
aae562888c73d06de83e663faf585ac4de5f7d54ce6d57d4c1c4a70f9d7db646,2018-08,Hertfordshire Constabulary,Hertfordshire Constabulary,-0.021444,51.737642,On or near CHILWORTH GATE,E01023340,Broxbourne 005A,Unable to prosecute suspect
b844f076d70948a22433ea17724aeac8cb766cac08a084e1e8dc4662441a1e40,2018-08,Hertfordshire Constabulary,Hertfordshire Constabulary,-0.175846,51.915601,On or near Pedestrian Subway,E01023780,Stevenage 006C,Unable to prosecute suspect
afae5261cef23b149b9c3ad087ec14b4fd91285e2d13c69147a2e585c494a102,2018-08,Hertfordshire Constabulary,Hertfordshire Constabulary,-0.073426,51.799581,On or near MILL ROAD,E01023478,East Hertfordshire 017D,Investigation complete; no suspect identified
29a2c960c04c952779002c30773e261c323d5886d211fdd002dbdd6a9f820319,2018-08,Hertfordshire Constabulary,Hertfordshire Constabulary,-0.169607,51.909192,On or near Parking Area,E01023759,Stevenage 007A,Unable to prosecute suspect
5753245da4d5adb9de360e3bc2df4b4dd4bda8daedf040dbd886a69de2afbd65,2018-08,Hertfordshire Constabulary,Hertfordshire Constabulary,-0.334602,51.804577,On or near OAKLEY ROAD,E01023695,St Albans 005A,Investigation complete; no suspect identified
4dd5adfa9ab4b1db50bc8d2845b0718ecb98c6569bca4a96caebb22f768da27c,2018-08,Hertfordshire Constabulary,Hertfordshire Constabulary,-0.451274,51.755485,On or near Supermarket,E01023348,Dacorum 013D,Suspect charged
0f607654c4aa380590efae86c02fcf8a2e11b65199c2c75f335158395be9b539,2018-08,Hertfordshire Constabulary,Hertfordshire Constabulary,-0.228835,51.763107,On or near Supermarket,E01023920,Welwyn Hatfield 012A,Investigation complete; no suspect identified
0aae8cdc60209526ad616f8542b8964c1af9779bb721a599613c307b486f4aee,2018-08,Hertfordshire Constabulary,Hertfordshire Constabulary,-0.315960,51.680798,On or near ATHLONE CLOSE,E01023525,Hertsmere 005C,Investigation complete; no suspect identified
552f5e39ea649a2e4cebaa8d22381c2a8b92d5ed98a9844af744dfa13f08349f,2018-08,Hertfordshire Constabulary,Hertfordshire Constabulary,-0.488246,51.742982,On or near Petrol Station,E01023354,Dacorum 018B,Investigation complete; no suspect identified
c296f1c314aea5b6b4b51b80e25a0de53162348beb86af8804d1de5bc7c4e6c1,2018-08,Hertfordshire Constabulary,Hertfordshire Constabulary,-0.175065,51.899710,On or near KELLER CLOSE,E01023761,Stevenage 007C,Unable to prosecute suspect
878b39b405411a623b48169999bb4c74b4954aa48e3b431a06901a307522cd2d,2018-08,Hertfordshire Constabulary,Hertfordshire Constabulary,-0.460112,51.768280,On or near WHARFEDALE,E01023402,Dacorum 008B,Unable to prosecute suspect
b14ff405fe5ba8531c4e818326d5baccfb05a2724f48d5e0174204bff014b714,2018-08,Hertfordshire Constabulary,Hertfordshire Constabulary,-0.494150,51.755799,On or near Supermarket,E01023429,Dacorum 011D,Investigation complete; no suspect identified
db7861fada9d45715393034be28e95a270f71660a07949434df49a65d6b036e2,2018-08,Hertfordshire Constabulary,Hertfordshire Constabulary,-0.470828,51.753952,On or near Supermarket,E01023398,Dacorum 015D,Investigation complete; no suspect identified
a85730e0e69f5c34aed16a8474500f521d5381d2bf77931e4e5297fac1e1d836,2018-08,Hertfordshire Constabulary,Hertfordshire Constabulary,-0.470828,51.753952,On or near Supermarket,E01023398,Dacorum 015D,Investigation complete; no suspect identified
6b632e42e598093778c692e0224e4d1db29e7897a5c8e765ff5b379dfb98981c,2018-08,Hertfordshire Constabulary,Hertfordshire Constabulary,-0.172077,51.913511,On or near HUDSON ROAD,E01023769,Stevenage 004C,Unable to prosecute suspect
5d2948777fa5f8c25fe604f5e63143966119241d8fcf462ec989b5b94e9bafa4,2018-08,Hertfordshire Constabulary,Hertfordshire Constabulary,0.003301,51.756799,On or near Parking Area,E01023321,Broxbourne 003B,Unable to prosecute suspect
fe2183dadc5ba07946f8ada4d15896d66ea5c8101cdb18e16ad6cee853587562,2018-08,Hertfordshire Constabulary,Hertfordshire Constabulary,0.003301,51.756799,On or near Parking Area,E01023321,Broxbourne 003B,Unable to prosecute suspect
ddef4f684804abd00de5d9624e3d6b1d37be78dde8d3e4d95f5c0d1701c6a709,2018-08,Hertfordshire Constabulary,Hertfordshire Constabulary,-0.494150,51.755799,On or near Supermarket,E01023429,Dacorum 011D,Investigation complete; no suspect identified
3dae0aa212d411a9057a829f15bdc409a70c2712c389830b18f062fe671c977d,2018-08,Hertfordshire Constabulary,Hertfordshire Constabulary,-0.432386,51.752852,On or near TEWIN ROAD,E01023409,Dacorum 017A,Unable to prosecute suspect
e6ef9cc956b92f2402ac5a04e3c0ed2acf4bffe31b0a212ccba06a28cff6a19a,2018-08,Hertfordshire Constabulary,Hertfordshire Constabulary,-0.046810,51.800634,On or near THE KNOLL,E01023484,East Hertfordshire 016C,Suspect charged
a928cac15651523f6a5360983e3559b1d7b293eb12c916e4b480b9dc0d350586,2018-08,Hertfordshire Constabulary,Hertfordshire Constabulary,-0.176773,51.890187,On or near SHEPHALL GREEN,E01023791,Stevenage 010A,Investigation complete; no suspect identified
70e71fd999d0d2175018696742214a6df24ccffe27e519a57ee91ef8373320a6,2018-08,Hertfordshire Constabulary,Hertfordshire Constabulary,-0.494150,51.755799,On or near Supermarket,E01023429,Dacorum 011D,Investigation complete; no suspect identified
748b95a80bfb8256355ac2576b6bd09e921a2f6ed84953711ebf607edc0fbe3d,2018-08,Hertfordshire Constabulary,Hertfordshire Constabulary,-0.126156,51.785326,On or near FOXDELLS,E01023486,East Hertfordshire 010B,Unable to prosecute suspect
fd10cf98bb09bce649030dac3b9bfa9de4e468845ca053598725eb4291dde7e8,2018-08,Hertfordshire Constabulary,Hertfordshire Constabulary,-0.126156,51.785326,On or near FOXDELLS,E01023486,East Hertfordshire 010B,Unable to prosecute suspect
adb821dd32cf4d3c1aa1e6b24d199e0e0d4b2603f4334c02083daea8de50e6f7,2018-08,Hertfordshire Constabulary,Hertfordshire Constabulary,-0.377741,51.631357,On or near THE COURTWAY,E01023810,Three Rivers 010C,Unable to prosecute suspect
9ca91b77372232e4b989bb1015ef02ab01a4650b1765b14ed5f1732a4fd4babb,2018-08,Hertfordshire Constabulary,Hertfordshire Constabulary,-0.494150,51.755799,On or near Supermarket,E01023429,Dacorum 011D,Investigation complete; no suspect identified
296b5702fcba0504f2441535cde7d8adfc4ac1eff4ec61220c541d626f13be14,2018-08,Hertfordshire Constabulary,Hertfordshire Constabulary,-0.471526,51.753008,On or near Parking Area,E01023398,Dacorum 015D,Unable to prosecute suspect
33dd6273528b968a331c70d7433825c17f5a1b53c574221e4b37d10c7e5dd9e3,2018-08,Hertfordshire Constabulary,Hertfordshire Constabulary,-0.499355,51.742135,On or near ASPENS PLACE,E01023378,Dacorum 021F,Unable to prosecute suspect
76de2ecd6bfa96ce062c24525d5b64121133d0f4e91cbe6c45c0e4e43dbc980e,2018-08,Hertfordshire Constabulary,Hertfordshire Constabulary,-0.377881,51.681696,On or near BUTTERWICK,E01023874,Watford 003B,Unable to prosecute suspect
f5010d49a952abf090c10566d2c6b511a455d22499a43b69c659da7fbf665244,2018-08,Hertfordshire Constabulary,Hertfordshire Constabulary,-0.499355,51.742135,On or near ASPENS PLACE,E01023378,Dacorum 021F,Unable to prosecute suspect
0b0d4b106166fe6095e3def84ad974c8be5275f66dedf4496e9afbb31c4ef753,2018-08,Hertfordshire Constabulary,Hertfordshire Constabulary,-0.242620,51.984730,On or near CHASTEN HILL,E01023652,North Hertfordshire 007D,Unable to prosecute suspect
a2085bcd8a979561a1a769cc4febfca71eee16938f460b464160e33dd429d9ca,2018-08,Hertfordshire Constabulary,Hertfordshire Constabulary,-0.034245,51.700970,On or near LYNTON PARADE,E01023300,Broxbourne 010D,Investigation complete; no suspect identified
826a8ed3a9db8b29071717feaf58fc532a567e5a747c6855d73c431270cdc6d7,2018-08,Hertfordshire Constabulary,Hertfordshire Constabulary,-0.414750,51.653173,On or near QUEENS AVENUE,E01023888,Watford 008C,Unable to prosecute suspect
3c55aa9bb395b0f6ed923b087b3480760a02dee7d846dbc2050cca4824b71a0c,2018-08,Hertfordshire Constabulary,Hertfordshire Constabulary,-0.121846,51.694256,On or near CATTLEGATE ROAD,E01023947,Welwyn Hatfield 016A,Investigation complete; no suspect identified
59903cc9228d858d9a481f694df61c5d0e0b098c0314b17db379a2625e2533de,2018-08,Hertfordshire Constabulary,Hertfordshire Constabulary,0.000177,51.769369,On or near HAWARD ROAD,E01023330,Broxbourne 002D,Unable to prosecute suspect
2ac8b9cdbe976b2589988366a842e058a6f828915bd924b9de004804f889b29a,2018-08,Hertfordshire Constabulary,Hertfordshire Constabulary,-0.493438,51.634283,On or near COLNE AVENUE,E01023836,Three Rivers 009B,Unable to prosecute suspect
d51aade316ce76a78f95e9b61c56bffada134af7a17730ba699e52d9afff6937,2018-08,Hertfordshire Constabulary,Hertfordshire Constabulary,-0.186063,51.984943,On or near Supermarket,E01023592,North Hertfordshire 004F,Investigation complete; no suspect identified
04e0d69e78fceb8f0a3df493b12b6911e489ead5d1735af32e43b812e5140f06,2018-08,Hertfordshire Constabulary,Hertfordshire Constabulary,-0.560436,51.758033,On or near THREE CLOSE LANE,E01023365,Dacorum 014A,Investigation complete; no suspect identified
5190e990b39966a909aee878730d969b7413f7e89d4e8342c13d8eb7d1ed81fa,2018-08,Hertfordshire Constabulary,Hertfordshire Constabulary,-0.472093,51.758950,On or near Theatre/Concert Hall,E01023399,Dacorum 010C,Unable to prosecute suspect
4a638dbf5a2a67c057e6ac6abb4077b5774d5d2741804200a302162e0d6debc7,2018-08,Hertfordshire Constabulary,Hertfordshire Constabulary,-0.386596,51.688821,On or near WILCON WAY,E01023877,Watford 003E,Unable to prosecute suspect
6a5b9ccd8324bcfe7bd402f800737ce29f2a32394e6373006f0812038b426679,2018-08,Hertfordshire Constabulary,Hertfordshire Constabulary,-0.205363,51.904294,On or near Petrol Station,E01023758,Stevenage 008D,Investigation complete; no suspect identified
18533fd84a323c85984ae7aa172c76cef62da57f2fd5bb5205ba411571779165,2018-08,Hertfordshire Constabulary,Hertfordshire Constabulary,-0.471974,51.757770,On or near QUEENSWAY,E01023400,Dacorum 015E,Unable to prosecute suspect
9a8c037804ff90f9d3aba740760f0b4039391a14b8528e04ef01a7fb110e4d81,2018-08,Hertfordshire Constabulary,Hertfordshire Constabulary,-0.419805,51.645418,On or near CROXLEY VIEW,E01023866,Watford 011D,Unable to prosecute suspect
bdc5a963eac615228bb98076dc29e1efe75678955195725db0dde9c17386173a,2018-08,Hertfordshire Constabulary,Hertfordshire Constabulary,-0.099948,51.802098,On or near HAWTHORN CLOSE,E01023487,East Hertfordshire 015A,Unable to prosecute suspect
4766bb038cc50edb6329306dfc481629791f4c4cd6ed8abec92eabd79b97a27f,2018-08,Hertfordshire Constabulary,Hertfordshire Constabulary,-0.387369,51.625096,On or near CLITHEROE GARDENS,E01023843,Three Rivers 012C,Unable to prosecute suspect
a92c788abd00b9009f870e6d50deee46e89a15ab002cecba17fee08256bac2a8,2018-08,Hertfordshire Constabulary,Hertfordshire Constabulary,-0.494584,51.635880,On or near BARN LEA,E01023836,Three Rivers 009B,Unable to prosecute suspect
14d7147f35b0239a604a0be931485a89cbc943740cdc76c1631634bb87fc6005,2018-08,Hertfordshire Constabulary,Hertfordshire Constabulary,-0.030669,51.698671,On or near HOLME CLOSE,E01023300,Broxbourne 010D,Unable to prosecute suspect
7784c6ff3c3df7079c82b83bd837fc9d875a1576c4b341192cb9630d663f5094,2018-08,Hertfordshire Constabulary,Hertfordshire Constabulary,-0.562880,51.760014,On or near CHURCH LANE,E01023361,Dacorum 009A,Investigation complete; no suspect identified
e9e1e95d397669cac00cb2430cea973168ddbdef9b3fb049e0a62e3ad4685e39,2018-08,Hertfordshire Constabulary,Hertfordshire Constabulary,-0.077698,51.798697,On or near THORNTON STREET,E01023470,East Hertfordshire 014A,Investigation complete; no suspect identified
c2716c25cf87c81e24eb6694e9b270230d2a45a2508df29d2a6a0bdf88e073b3,2018-08,Hertfordshire Constabulary,Hertfordshire Constabulary,-0.334404,51.826083,On or near MILFORD HILL,E01023687,St Albans 002C,Investigation complete; no suspect identified
df6918ff8c1c494f5962cd51473fbc5f95f6c912f30a50ae38822655a6b4d918,2018-08,Hertfordshire Constabulary,Hertfordshire Constabulary,-0.213075,51.983539,On or near MEREDEWS,E01023633,North Hertfordshire 006D,Investigation complete; no suspect identified
15088ddef8c943a374b9b9d5eb2dd2a7eba7793f7dccf644a30b0d35ed0ece61,2018-08,Hertfordshire Constabulary,Hertfordshire Constabulary,-0.198732,51.910900,On or near HAYCROFT ROAD,E01023778,Stevenage 002C,Investigation complete; no suspect identified
3c38589980ae147c4b757c9b3fe68f05dfbcdfaaed4096b71f5b7fb17c3d91be,2018-08,Hertfordshire Constabulary,Hertfordshire Constabulary,-0.473034,51.747821,On or near Shopping Area,E01023398,Dacorum 015D,Investigation complete; no suspect identified
7c61b7a28198edd31340ddd4ea2cbc688e1d76df7099ca754f9a42b7af638cf9,2018-08,Hertfordshire Constabulary,Hertfordshire Constabulary,-0.208946,51.912162,On or near BELL LANE,E01023775,Stevenage 006A,Suspect charged
227ce7075cf788d66663ba160566e0b8e636bd21d73f41687ca7187114fe2471,2018-08,Hertfordshire Constabulary,Hertfordshire Constabulary,-0.421442,51.676076,On or near COURTLANDS DRIVE,E01023887,Watford 008B,Unable to prosecute suspect
99fd1809ed2bd1b1db7615b1cc308ed692ffc0c5bfa3a0f05b8978bdd0ccba53,2018-08,Hertfordshire Constabulary,Hertfordshire Constabulary,-0.400207,51.658506,On or near Nightclub,E01023861,Watford 009C,Suspect charged
ddadb5a3d6ab4530909c87d6832b3ad26aa171219c037fbe220e95d45853c3e3,2018-08,Hertfordshire Constabulary,Hertfordshire Constabulary,-0.198732,51.910900,On or near HAYCROFT ROAD,E01023778,Stevenage 002C,Investigation complete; no suspect identified
55a264a106aaef9e00e34af7b5033e8d2eeee0241cac7570dc5eac98cafa6697,2018-08,Hertfordshire Constabulary,Hertfordshire Constabulary,-0.227748,51.992915,On or near ORDELMERE,E01023635,North Hertfordshire 003A,Unable to prosecute suspect
d58530d23010b6ca7085cd1def4f4aabdb3816ded3d33222dc0c5f1a29e904c4,2018-08,Hertfordshire Constabulary,Hertfordshire Constabulary,-0.041675,51.690789,On or near Park/Open Space,E01023332,Broxbourne 012A,Suspect charged
1c68060541c584434e334dad558d4160dfee52f04d4fa463a63fb9fea8cc0244,2018-08,Hertfordshire Constabulary,Hertfordshire Constabulary,-0.008208,51.760645,On or near Supermarket,E01023320,Broxbourne 003A,Investigation complete; no suspect identified
b539fb226b078f1ce265456b878f7ebe5f32d26dca9f032d99c478c6c225224a,2018-08,Hertfordshire Constabulary,Hertfordshire Constabulary,-0.400866,51.658281,On or near Nightclub,E01023861,Watford 009C,Unable to prosecute suspect
2b2c025cdb601ec5de7bbc9059e81c0983a093aa86a9b9eca6b8bbb42e5acfe0,2018-08,Hertfordshire Constabulary,Hertfordshire Constabulary,-0.586544,51.767377,On or near STONEY CLOSE,E01023369,Dacorum 012A,Unable to prosecute suspect
7ee249838857c4d1ab5db465c289b0bf51237c3cb3e693efccf343687da54b33,2018-08,Hertfordshire Constabulary,Hertfordshire Constabulary,-0.018978,51.761574,On or near BURNSIDE,E01023323,Broxbourne 003D,Investigation complete; no suspect identified
0f0c841cae5a6be96bc2ff13c7c0d5a0e0687376e43e215af070541d1aaa1125,2018-08,Hertfordshire Constabulary,Hertfordshire Constabulary,-0.415817,51.631688,On or near Petrol Station,E01023827,Three Rivers 008A,Investigation complete; no suspect identified
c8a5508cd3fca36c56f0ac211aa4b33f23e3907b04edcd34ff14fd57d64d991f,2018-08,Hertfordshire Constabulary,Hertfordshire Constabulary,-0.022849,51.721713,On or near SHIRE CLOSE,E01023342,Broxbourne 005C,Unable to prosecute suspect
9373cd63627e7a048eaaa53fab08a2eccd8ae742e5fb367f2632bfb37cc26404,2018-08,Hertfordshire Constabulary,Hertfordshire Constabulary,-0.400727,51.695911,On or near ALBANS VIEW,E01023904,Watford 001A,Unable to prosecute suspect
dd056304d54939eeeec89eeccf4f99e175d42566fcda48e2dee094c69ddda5c3,2018-08,Hertfordshire Constabulary,Hertfordshire Constabulary,-0.245536,51.980530,On or near MONKLANDS,E01023650,North Hertfordshire 007B,Unable to prosecute suspect
9f83ca2b4fa2c7d560e9e45a3cfb671473c5cf7b77c8e86d8f9e4d60f276dfa3,2018-08,Hertfordshire Constabulary,Hertfordshire Constabulary,-0.256464,51.659365,On or near ELSTREE WAY,E01023545,Hertsmere 009B,Unable to prosecute suspect
0ffe11e029ad5dd345af080c1448101a58480db1d98376687daece053c1de191,2018-08,Hertfordshire Constabulary,Hertfordshire Constabulary,-0.294275,51.959773,On or near HINE WAY,E01023613,North Hertfordshire 012C,Unable to prosecute suspect
060c219893f080c8050035389a9119933da0b34d0bf2bf2cf22d95a83cec4971,2018-08,Hertfordshire Constabulary,Hertfordshire Constabulary,0.169742,51.876267,On or near LEGIONS WAY,E01023451,East Hertfordshire 004C,Unable to prosecute suspect
0a2ccf85b4d36be8f92f9982fc2c1ac1fda5a79208d73dd5bf1846a054ffa6be,2018-08,Hertfordshire Constabulary,Hertfordshire Constabulary,-0.033271,51.683059,On or near HIGH STREET,E01023337,Broxbourne 013B,Unable to prosecute suspect
e15e996ca0fa12796c0b256437445202731411366f472acc2de34f01cedfc650,2018-08,Hertfordshire Constabulary,Hertfordshire Constabulary,-0.208868,51.991172,On or near CADE CLOSE,E01023632,North Hertfordshire 006C,Unable to prosecute suspect
342f64723ace8f9b213c4d50befd5d31e4785351cc4feb6aaa95be3a690496a5,2018-08,Hertfordshire Constabulary,Hertfordshire Constabulary,-0.451218,51.731296,On or near MILL CLOSE,E01023414,Dacorum 020E,Unable to prosecute suspect
ac58dcfe8581ed17a29670ac6f86a01522d78ad293c22dd17c48f8e5a7838e80,2018-08,Hertfordshire Constabulary,Hertfordshire Constabulary,-0.171300,51.891486,On or near WORTHAM WAY,E01023793,Stevenage 010C,Unable to prosecute suspect
a3ce6142bfff2272332ecf0d060fb4adef41582aa5b1ee181f624d262d90308a,2018-08,Hertfordshire Constabulary,Hertfordshire Constabulary,-0.211258,51.736323,On or near Parking Area,E01023963,Welwyn Hatfield 014B,Unable to prosecute suspect
ce2edcbf8383a63980bb9f764c0d6dc0f650b3c301b7a11c6bf2b00a7178eabe,2018-08,Hertfordshire Constabulary,Hertfordshire Constabulary,-0.292801,51.751537,On or near SOUTH DRIVE,E01023664,St Albans 013A,Suspect charged
c98d51ea61c8e2fedda948aff52e7d4d0998a5f4439019703b1353053496ac6f,2018-08,Hertfordshire Constabulary,Hertfordshire Constabulary,-0.114463,51.713831,On or near TOLMERS ROAD,E01023948,Welwyn Hatfield 016B,Investigation complete; no suspect identified
d35b544fad71cb32877640ed8f4390cdaf61106f94dde3b2c29c3ac8b1e36e47,2018-08,Hertfordshire Constabulary,Hertfordshire Constabulary,-0.044224,51.800070,On or near Petrol Station,E01023484,East Hertfordshire 016C,Investigation complete; no suspect identified
513eaaa558968cb56713f2021aec0aafad2cdce3ba7b1cd9ac1055ad19a33ffa,2018-08,Hertfordshire Constabulary,Hertfordshire Constabulary,-0.232607,51.698034,On or near BROOKSIDE,E01023584,Hertsmere 004D,Unable to prosecute suspect
67f5b1d0cfb44a65b281da524886f1717603049e13537ac83eb374a94ea22d59,2018-08,Hertfordshire Constabulary,Hertfordshire Constabulary,-0.446171,51.738261,On or near HILL COMMON,E01023415,Dacorum 020F,Suspect charged
93db00996853edffcd2d6c2c400d2435952ab6f611cfb45935e0b72700aadf14,2018-08,Hertfordshire Constabulary,Hertfordshire Constabulary,-0.349919,51.658638,On or near SANDY LANE,E01023555,Hertsmere 008D,Unable to prosecute suspect
4798080b8b40cb25c49afbca1b58812c2b214f43ce9be5c5fc958ee1d00ccda3,2018-08,Hertfordshire Constabulary,Hertfordshire Constabulary,-0.433269,51.693796,On or near Pedestrian Subway,E01023831,Three Rivers 003C,Investigation complete; no suspect identified
c12f1e1f3bc96b4b41792ce57e127139f0959f6988deb431807b7be30b82ec9a,2018-08,Hertfordshire Constabulary,Hertfordshire Constabulary,-0.198022,51.793778,On or near HOLWELL ROAD,E01023956,Welwyn Hatfield 007C,Investigation complete; no suspect identified
d40a23b4253b0c57bc7967f0db69915776004311d4ba1799c6caffdde4350a37,2018-08,Hertfordshire Constabulary,Hertfordshire Constabulary,-0.356590,51.726369,On or near CARISBROOK ROAD,E01023731,St Albans 020C,Investigation complete; no suspect identified
0b84946da73c4a64fea1cbbb31a8f608971fdf47ee1dd874b50237547b62e748,2018-08,Hertfordshire Constabulary,Hertfordshire Constabulary,-0.443218,51.647152,On or near Parking Area,E01023819,Three Rivers 006A,Unable to prosecute suspect
b885f6e01bfdf00ecd247b2a2a253ded74241d399938e19bc2ecc6f700b9e396,2018-08,Hertfordshire Constabulary,Hertfordshire Constabulary,-0.278158,51.669873,On or near GREENSIDE,E01023535,Hertsmere 006B,Unable to prosecute suspect
e3dcbd776f2f8d128e7040adce9c3e912aa4e9e5ebe281d4bd5e24a371f798cc,2018-08,Hertfordshire Constabulary,Hertfordshire Constabulary,0.022665,51.880345,On or near PAPER MILL LANE,E01023507,East Hertfordshire 006C,Investigation complete; no suspect identified
4d07d4abadfa58783607995bfd4339554e331a1078695920258dd75a2816f057,2018-08,Hertfordshire Constabulary,Hertfordshire Constabulary,-0.457735,51.765722,On or near PENTLAND,E01023402,Dacorum 008B,Unable to prosecute suspect
d58709c7dc6833c9488575f98554856ac7973ed0b59f6919a751cf11c2f26443,2018-08,Hertfordshire Constabulary,Hertfordshire Constabulary,-0.094473,51.713113,On or near WOODLAND WAY,E01023313,Broxbourne 007C,Unable to prosecute suspect
c75432db7153081b306135d7872a2431e6445aa22ca4b8bcb8d39bf3b370e594,2018-08,Hertfordshire Constabulary,Hertfordshire Constabulary,-0.021763,51.730327,On or near FAIRFIELD DRIVE,E01023341,Broxbourne 005B,Investigation complete; no suspect identified
2a50828f2d57a90fe66cd6529bdc28e6bebf85ade29a0b52c89a8d3249878cf3,2018-08,Hertfordshire Constabulary,Hertfordshire Constabulary,-0.472827,51.631850,On or near HERON CLOSE,E01023849,Three Rivers 011D,Unable to prosecute suspect
230ca15658d550614582f0995a5d4907860c02952e5d35d91f267b8523e589f2,2018-08,Hertfordshire Constabulary,Hertfordshire Constabulary,-0.028463,52.055829,On or near PHILLIPS AVENUE,E01023656,North Hertfordshire 002C,Unable to prosecute suspect
bd03a612414768d31fe23719f096fbac9da0a08fb3752f1646e4705effe01899,2018-08,Hertfordshire Constabulary,Hertfordshire Constabulary,-0.339818,51.742724,On or near Supermarket,E01023737,St Albans 017A,Investigation complete; no suspect identified
e17a4f53abf80e949d372281ae1d9c2b6c20d7926a03c9766669c99c17a60ce8,2018-08,Hertfordshire Constabulary,Hertfordshire Constabulary,-0.215849,51.925809,On or near Parking Area,E01023800,Stevenage 002E,Unable to prosecute suspect
0b0697b58116bc83751a65cd36e0aae948453447ac93e579df848787cd196afd,2018-08,Hertfordshire Constabulary,Hertfordshire Constabulary,-0.183486,51.924082,On or near Pedestrian Subway,E01023787,Stevenage 001A,Investigation complete; no suspect identified
130a7f5426574bf611d9694843b1acdbe6231dad35a73b8d71b79d3cb43e2490,2018-08,Hertfordshire Constabulary,Hertfordshire Constabulary,-0.229428,51.979506,On or near STATION PLACE,E01023644,North Hertfordshire 008A,Unable to prosecute suspect
3142a95be67532d222a8e5dc5251d29a92ab2cd99015025974bab370f1614778,2018-08,Hertfordshire Constabulary,Hertfordshire Constabulary,-0.401871,51.677376,On or near MIDDLE WAY,E01023869,Watford 004B,Unable to prosecute suspect
df88bcb8b11e391a13f5ef25b2f94fdba21b8687e663aa212509d6d00e41f957,2018-08,Hertfordshire Constabulary,Hertfordshire Constabulary,-0.034245,51.700970,On or near LYNTON PARADE,E01023300,Broxbourne 010D,Investigation complete; no suspect identified
2d09968694e7939603b36198bd87c8ff76689605335c3d9705849d486c7a1d60,2018-08,Hertfordshire Constabulary,Hertfordshire Constabulary,-0.417610,51.650334,On or near SYDNEY ROAD,E01023867,Watford 011E,Investigation complete; no suspect identified
b319e7179b8e5aae41f1f6537bed41cd78f6fd09bed4005aa9e5fb0322cf3788,2018-08,Hertfordshire Constabulary,Hertfordshire Constabulary,-0.304488,51.637057,On or near A41,E01023564,Hertsmere 010B,Investigation complete; no suspect identified
425a7086d60c42a2b50f3c774bac3b14dc429a9ad7fea3ea9ddac4d023edc20b,2018-08,Hertfordshire Constabulary,Hertfordshire Constabulary,-0.184900,51.796283,On or near HAYNES CLOSE,E01023944,Welwyn Hatfield 008B,Unable to prosecute suspect
32ad6071a2dd8b982fc58b6458e840a1a10095c701f1d8e41711defcea0145ea,2018-08,Hertfordshire Constabulary,Hertfordshire Constabulary,-0.460219,51.774063,On or near CLAYMORE,E01023396,Dacorum 007D,Unable to prosecute suspect
b7ee40ad623d8a5c07a2a1f7213399bef73254e23dd9e49154d8ad9abf66915f,2018-08,Hertfordshire Constabulary,Hertfordshire Constabulary,-0.040375,51.710155,On or near Petrol Station,E01023303,Broxbourne 008B,Suspect charged
e6a5b0783a5f84d1146dddc4820046a0b827dc206ec7084bf8608f2b4dec2078,2018-08,Hertfordshire Constabulary,Hertfordshire Constabulary,-0.303528,51.722765,On or near MANOR ROAD,E01033029,St Albans 018G,Investigation complete; no suspect identified
824f79ec03a9e17e50266563b24a2904a587028b5082db55bdde8a6d0e056423,2018-08,Hertfordshire Constabulary,Hertfordshire Constabulary,-0.477709,51.757854,On or near WARNERS END ROAD,E01023400,Dacorum 015E,Unable to prosecute suspect
2cb1f9cd872fb039e28dc3818842d656e93214bad5ae0eb5a1f0312e4a4f5d2e,2018-08,Hertfordshire Constabulary,Hertfordshire Constabulary,-0.383370,51.693273,On or near COATES WAY,E01023877,Watford 003E,Investigation complete; no suspect identified
d24ac72a45a47f746fa6e47c64116addf47f28bb710c3ae60fbcb41650c2ce3f,2018-08,Hertfordshire Constabulary,Hertfordshire Constabulary,-0.073525,51.807459,On or near Sports/Recreation Area,E01023471,East Hertfordshire 014B,Investigation complete; no suspect identified
aed2f335ae6dfb380c5892cc45a2aa858ca8dae80b0137db1587508cbe0d33df,2018-08,Hertfordshire Constabulary,Hertfordshire Constabulary,-0.227296,51.762068,On or near QUEENSWAY,E01023920,Welwyn Hatfield 012A,Unable to prosecute suspect
12ee6405bd58a90abd061bc2f739cab1c1bc78d776541357355d242b14e7f79d,2018-08,Hertfordshire Constabulary,Hertfordshire Constabulary,-0.563100,51.763118,On or near GREENES COURT,E01023361,Dacorum 009A,Unable to prosecute suspect
39ed8aa4e21ae304517ff43e8234cdc0fb6ad9fea3176f976a18ae180b0840ac,2018-08,Hertfordshire Constabulary,Hertfordshire Constabulary,-0.180756,51.895194,On or near HADWELL CLOSE,E01023794,Stevenage 010D,Unable to prosecute suspect
77ea71be8acebef70faf912a5c71020e06143c974b0b89c0a14b7339b5a50a9f,2018-08,Hertfordshire Constabulary,Hertfordshire Constabulary,-0.211912,51.924230,On or near Hospital,E01023800,Stevenage 002E,Unable to prosecute suspect
845311ffb555928f18dd1a01f4f57bbd09a9abd7efa3ef521e012061440d9f52,2018-08,Hertfordshire Constabulary,Hertfordshire Constabulary,-0.333692,51.765135,On or near SHEPPARDS CLOSE,E01023716,St Albans 010D,Unable to prosecute suspect
2bb4ae55c606e0ee23e68ab36ead437999d526b595281e5316442a2402ad8133,2018-08,Hertfordshire Constabulary,Hertfordshire Constabulary,-0.225117,51.729690,On or near DIXONS HILL CLOSE,E01023964,Welwyn Hatfield 014C,Investigation complete; no suspect identified
b4ede23a021b9ee7e8bb3c0a6f4155d9679c333873ee14ccdd52874ddee4e42a,2018-08,Hertfordshire Constabulary,Hertfordshire Constabulary,-0.206640,51.803549,On or near Shopping Area,E01023918,Welwyn Hatfield 006C,Investigation complete; no suspect identified
ef76e354670e2222a9fb8906ebbf2a8b8b2646c2cc27675e955fbb40a1670fb9,2018-08,Hertfordshire Constabulary,Hertfordshire Constabulary,-0.016567,51.750769,On or near WESTCROFT COURT,E01023291,Broxbourne 004C,Unable to prosecute suspect
b97ba2afd34c27072a099bb9197246edaf1d298398b2223124a99399114228ea,2018-08,Hertfordshire Constabulary,Hertfordshire Constabulary,-0.331409,51.736238,On or near CLOISTER GARTH,E01023738,St Albans 017B,Investigation complete; no suspect identified
7bdd519d3a32c4a5e8078293ad604b60793da919a540066c315bef4a876a660c,2018-08,Hertfordshire Constabulary,Hertfordshire Constabulary,-0.428074,51.697584,On or near HIGH ACRES,E01023829,Three Rivers 002A,Unable to prosecute suspect
4cb176171a2300365f64703a4109bb6fec93584266b0cf327c59c6b0b29ade04,2018-08,Hertfordshire Constabulary,Hertfordshire Constabulary,-0.418396,51.644788,On or near TOLPITS LANE,E01023864,Watford 011B,Investigation complete; no suspect identified
e60acd8a6a167feae130cd5bf6062da8b0782376fb39f8551e48199b5cbac65a,2018-08,Hertfordshire Constabulary,Hertfordshire Constabulary,0.148155,51.813501,On or near Supermarket,E01023501,East Hertfordshire 011C,Investigation complete; no suspect identified
e15ea03f7ab6f86217c4ab5030e57adcb9943dc4bd9214491a0bddefef4e2e98,2018-08,Hertfordshire Constabulary,Hertfordshire Constabulary,-0.180722,51.799554,On or near HALL BARNS,E01023944,Welwyn Hatfield 008B,Investigation complete; no suspect identified
df1acb59c3f52925a944d02324440e334d7952d537ae4598f498184d08115bd8,2018-08,Hertfordshire Constabulary,Hertfordshire Constabulary,-0.362118,51.824548,On or near LAMBOURN GARDENS,E01023692,St Albans 001C,Unable to prosecute suspect
00ff8287540790e84bff8c06bfa05a018da7bee4033bcafb1f25b6913178ce75,2018-08,Hertfordshire Constabulary,Hertfordshire Constabulary,-0.427348,51.755644,On or near Petrol Station,E01023409,Dacorum 017A,Investigation complete; no suspect identified
4b77b49e0ad1b34ccca0aef91a79480034b67bf44c315d1baefa57f365ebae10,2018-08,Hertfordshire Constabulary,Hertfordshire Constabulary,-0.269992,51.963340,On or near BILTON ROAD,E01023605,North Hertfordshire 010E,Investigation complete; no suspect identified
4663ebc5d0903cf974129d7553a844d8fcc0e1b9b50025acd7cb3ea188944a9c,2018-08,Hertfordshire Constabulary,Hertfordshire Constabulary,-0.167945,51.697493,On or near PENSHURST ROAD,E01023571,Hertsmere 003A,Investigation complete; no suspect identified
83768a3ff25974d48bf0932c65fe57c8d8143aa8faa77d367d0648278978a401,2018-08,Hertfordshire Constabulary,Hertfordshire Constabulary,-0.697956,51.831928,On or near TRING ROAD,E01023424,Dacorum 002B,Investigation complete; no suspect identified
d030c81417b51d4db76365ad1f02d9a608f0b57581cde4725b514944172dc993,2018-08,Hertfordshire Constabulary,Hertfordshire Constabulary,-0.352474,51.740015,On or near ST STEPHEN'S CLOSE,E01023744,St Albans 014C,Investigation complete; no suspect identified
2803141b80790a24473362da1770a05a2be10d0707c2b6946984c1f49a7934af,2018-08,Hertfordshire Constabulary,Hertfordshire Constabulary,-0.032214,51.685082,On or near Supermarket,E01023337,Broxbourne 013B,Investigation complete; no suspect identified
c8cf9285365e1fccbc683dc15cfbd8be49c5d0d7d741e7a4d947d7e51904d702,2018-08,Hertfordshire Constabulary,Hertfordshire Constabulary,-0.280573,51.654217,On or near Parking Area,E01023532,Hertsmere 007D,Investigation complete; no suspect identified
6fe892fa9b6d9c82c20546e4e55e5e8c529d89b155747b3b73c6ca82da7abe13,2018-08,Hertfordshire Constabulary,Hertfordshire Constabulary,-0.215995,51.987018,On or near GLEBE ROAD,E01023632,North Hertfordshire 006C,Investigation complete; no suspect identified
e3412d76b4de33b336376845554eab43885746a90d218a355bbec2eea9822340,2018-08,Hertfordshire Constabulary,Hertfordshire Constabulary,-0.175856,51.795415,On or near BLACK FAN ROAD,E01023944,Welwyn Hatfield 008B,Unable to prosecute suspect
391dca5c6f65af5c5092a2b70e99f7572fa0363f0a9e3790b4ace7dd8620f37a,2018-08,Hertfordshire Constabulary,Hertfordshire Constabulary,-0.456228,51.713037,On or near FIVE ACRES,E01023408,Dacorum 022C,Investigation complete; no suspect identified
742fea5eb126772ac04070d1419e0a1937caecfcc4068992570ec877bd1b4cd8,2018-08,Hertfordshire Constabulary,Hertfordshire Constabulary,-0.237491,51.757779,On or near HILL LEY,E01023923,Welwyn Hatfield 012D,Investigation complete; no suspect identified
85c7060ef604f3399e0dea1cee6ec2b722ce1332f44bdc44e77b91f22cbf9ab7,2018-08,Hertfordshire Constabulary,Hertfordshire Constabulary,-0.080773,51.796634,On or near MILLBRIDGE MEWS,E01023470,East Hertfordshire 014A,Investigation complete; no suspect identified
99c4321dec746c321a4c439ec3c96bff8cd74a49afd0a5aabf3ec94e99b1816d,2018-08,Hertfordshire Constabulary,Hertfordshire Constabulary,-0.280573,51.654217,On or near Parking Area,E01023532,Hertsmere 007D,Investigation complete; no suspect identified
0c34f9acf7a7b03b701e39f4c76bb39b2cf1f3e09cd9d264664539ec4af90aed,2018-08,Hertfordshire Constabulary,Hertfordshire Constabulary,-0.421631,51.650685,On or near THE GATEWAY,E01023867,Watford 011E,Investigation complete; no suspect identified
cbdeaadb8defdcca1edca44fe5af766725efd417aaf1a387c616e1511721d97e,2018-08,Hertfordshire Constabulary,Hertfordshire Constabulary,-0.404336,51.701068,On or near KATHERINE PLACE,E01023833,Three Rivers 002D,Suspect charged
312a76ae064ad4374fa33da1f5f96c432ef8f406145e9a4f81deb292e9a9a2b1,2018-08,Hertfordshire Constabulary,Hertfordshire Constabulary,-0.077499,51.796572,On or near SALISBURY SQUARE,E01023478,East Hertfordshire 017D,Investigation complete; no suspect identified
e0d85a8affe95e99ff829b0127e09c1580f1e81e79c6e2f6b6513d72004e8fd3,2018-08,Hertfordshire Constabulary,Hertfordshire Constabulary,-0.349919,51.658638,On or near SANDY LANE,E01023555,Hertsmere 008D,Investigation complete; no suspect identified
991da48d620f8421bed73707648b5c627687e87b6c78ec564316784046d9a8f2,2018-08,Hertfordshire Constabulary,Hertfordshire Constabulary,-0.398272,51.663785,On or near STATION ROAD,E01023861,Watford 009C,Investigation complete; no suspect identified
bec45e25c1cd6bf31e7d719b6dd11052ae8e721976c74621f86a188560e67796,2018-08,Hertfordshire Constabulary,Hertfordshire Constabulary,-0.179819,51.790998,On or near KILWORTH CLOSE,E01023945,Welwyn Hatfield 008C,Unable to prosecute suspect
983634e7f393db1f08ef08036445ed166c96a9c2887b3e6c5425c375771c2ab8,2018-08,Hertfordshire Constabulary,Hertfordshire Constabulary,-0.376787,51.689225,On or near OSPREY CLOSE,E01023528,Hertsmere 010A,Unable to prosecute suspect
7b4d3e71b8139bbe148fc1c49033229959631ece6136b407f98740b461660018,2018-08,Hertfordshire Constabulary,Hertfordshire Constabulary,-0.086527,51.710358,On or near Supermarket,E01023311,Broxbourne 007A,Investigation complete; no suspect identified
94c2ed21f64fbfdf0dbb51e704200dd1ab7db9f40e07410ce07bb80d42542b51,2018-08,Hertfordshire Constabulary,Hertfordshire Constabulary,-0.458565,51.750716,On or near LOWER YOTT,E01023350,Dacorum 015B,Unable to prosecute suspect
7ddddced159f0cf92ad1f7b2bf47c61960f173ed96401b7d70c92b5bd651bf36,2018-08,Hertfordshire Constabulary,Hertfordshire Constabulary,-0.290695,51.958229,On or near FREEMANS CLOSE,E01023611,North Hertfordshire 012A,Unable to prosecute suspect
e72090151044e5ed6c65191ef8cdfbe94eaec2f20e5965288f8e3968d5fb1104,2018-08,Hertfordshire Constabulary,Hertfordshire Constabulary,-0.052420,51.801707,On or near KING'S ROAD,E01023483,East Hertfordshire 016B,Investigation complete; no suspect identified
43d758bd453e6bfabfd721ea78103d6af86ce365ac51bb1e3e36c1865ae592c3,2018-08,Hertfordshire Constabulary,Hertfordshire Constabulary,-0.453613,51.727299,On or near NASH MILLS LANE,E01023407,Dacorum 022B,Unable to prosecute suspect
93cce067c85c2121e21685290329a672fda586aea5b61b681cd26d5f50b67830,2018-08,Hertfordshire Constabulary,Hertfordshire Constabulary,-0.431597,51.693612,On or near HUNTON CLOSE,E01023831,Three Rivers 003C,Investigation complete; no suspect identified
f3324aa94552fe6473e73d6435b4f51d777554687a8fbbc23ee5987bc1ca22e5,2018-08,Hertfordshire Constabulary,Hertfordshire Constabulary,-0.228835,51.763107,On or near Supermarket,E01023920,Welwyn Hatfield 012A,Investigation complete; no suspect identified
2b746039478a221a9767d34df5d70e7c7875b1408f7f0bc6c64cbd30d500aaa4,2018-08,Hertfordshire Constabulary,Hertfordshire Constabulary,-0.170112,51.931806,On or near GRAMPIAN PLACE,E01033026,North Hertfordshire 005J,Unable to prosecute suspect
ffcd2688114c75b7f088fb6de24c3598ec347764c1123c3b19fd48a9d745722d,2018-08,Hertfordshire Constabulary,Hertfordshire Constabulary,-0.411563,51.721568,On or near WOODLAND WAY,E01023807,Three Rivers 001D,Unable to prosecute suspect
d2ab513c710ab6bdda10d26feacedf61e09dbcaa38457361717892f9b98d05cf,2018-08,Hertfordshire Constabulary,Hertfordshire Constabulary,0.149112,51.866538,On or near SUNNINGDALE,E01023455,East Hertfordshire 003D,Suspect charged
510704cb0132a53b1d0b2b70f9cb3050229b3c6c92051de8fb5fdb06bdebd03e,2018-08,Hertfordshire Constabulary,Hertfordshire Constabulary,-0.399146,51.660722,On or near ALBERT ROAD NORTH,E01023861,Watford 009C,Investigation complete; no suspect identified
e05ecf60c7e1fdafda52f55d476fff5bf60be83c36f1944e4f3e9782278640f0,2018-08,Hertfordshire Constabulary,Hertfordshire Constabulary,-0.219276,51.965973,On or near BRANDLES ROAD,E01023639,North Hertfordshire 009A,Unable to prosecute suspect
177e5ea9fc7b096eafc548fa2c5303f5fdac3a0c7b57dd7393b7693cc1361722,2018-08,Hertfordshire Constabulary,Hertfordshire Constabulary,-0.525062,51.748440,On or near SHARPES LANE,E01023362,Dacorum 009B,Investigation complete; no suspect identified
44f37cded6cdbd1dd3ec3323833c5649a2c2a6d4fa694107ba3705df90b5154f,2018-08,Hertfordshire Constabulary,Hertfordshire Constabulary,-0.583986,51.763426,On or near BOURNE ROAD,E01023369,Dacorum 012A,Unable to prosecute suspect
f9a5472d7eee4b1ca0e567e3de13176702790b259975de5fe375ba1a5cc4691a,2018-08,Hertfordshire Constabulary,Hertfordshire Constabulary,-0.013443,51.763198,On or near JERSEY CLOSE,E01023323,Broxbourne 003D,Investigation complete; no suspect identified
328f7cabd0e30331a8c4344c2ebf47dea749f56894c62b25854e12198dc5a02f,2018-08,Hertfordshire Constabulary,Hertfordshire Constabulary,-0.394657,51.653970,On or near ST. MARYS VIEW,E01023862,Watford 009D,Investigation complete; no suspect identified
32c54224b161ce091c543045a6af34f2e5bfac3b1bee134621a642c9b58e083d,2018-08,Hertfordshire Constabulary,Hertfordshire Constabulary,-0.202701,51.817607,On or near KIRKLANDS,E01023960,Welwyn Hatfield 003B,Unable to prosecute suspect
238a3243cccaba4d9dcd8dbd9d70df3cfdef09f20c6e65fb9ad15b3a51f931a4,2018-08,Hertfordshire Constabulary,Hertfordshire Constabulary,-0.202701,51.817607,On or near KIRKLANDS,E01023960,Welwyn Hatfield 003B,Action to be taken by another organisation
a50f2d46e012bd49a244ce64cdf16e66ee7b18268a33eb57d18cc672873c5830,2018-08,Hertfordshire Constabulary,Hertfordshire Constabulary,-0.392859,51.654117,On or near Shopping Area,E01023860,Watford 009B,Investigation complete; no suspect identified
334e936f4dc295c699cc4a058880ac907e2a0e197ea82c47345c70d37e5dc894,2018-08,Hertfordshire Constabulary,Hertfordshire Constabulary,-0.489481,51.634223,On or near Petrol Station,E01023836,Three Rivers 009B,Suspect charged
626e1248b27b92190a963df848bd2d1ad59ed7e3ccbb2a3ab5a46432043fad23,2018-08,Hertfordshire Constabulary,Hertfordshire Constabulary,-0.209431,51.907647,On or near Petrol Station,E01023776,Stevenage 002A,Investigation complete; no suspect identified
78496382158fde88926c3ccea20f362689ed9f95fcfc7b5b01f8674d901f8763,2018-08,Hertfordshire Constabulary,Hertfordshire Constabulary,0.168336,51.864252,On or near PRYORS CLOSE,E01023442,East Hertfordshire 005E,Investigation complete; no suspect identified
76cac0883a68a42e6fbe597f0e618d9b6663133006a8eb412acf34d5b61f80ab,2018-08,Hertfordshire Constabulary,Hertfordshire Constabulary,-0.483285,51.636283,On or near UXBRIDGE ROAD,E01023852,Three Rivers 007D,Investigation complete; no suspect identified
732fab316988bb9d38643a4b4bbd07fb957636fdb5290a234b5fc9018d3f0d56,2018-08,Hertfordshire Constabulary,Hertfordshire Constabulary,-0.304488,51.637057,On or near A41,E01023564,Hertsmere 010B,Investigation complete; no suspect identified
db6a6d9e1559c30eb213eb1acb59a40e5b019fe348f4e764995799a75f5207a0,2018-08,Hertfordshire Constabulary,Hertfordshire Constabulary,0.164738,51.860713,On or near Petrol Station,E01023444,East Hertfordshire 007B,Investigation complete; no suspect identified
7c2b0f7d986c19502e64e1a4ffec895a43813a34e3553d4cf2f3702ce52eb41c,2018-08,Hertfordshire Constabulary,Hertfordshire Constabulary,-0.220417,51.776333,On or near Supermarket,E01033311,Welwyn Hatfield 010F,Unable to prosecute suspect
73b42c93100ef0f74fdc798a196dc72c355d75716dac9f7f3b900574c9ae6a82,2018-08,Hertfordshire Constabulary,Hertfordshire Constabulary,0.022665,51.880345,On or near PAPER MILL LANE,E01023507,East Hertfordshire 006C,Investigation complete; no suspect identified
fa89edbdf4a1e5581decce890530abb181e565661826205a348d69bb178e22e2,2018-08,Hertfordshire Constabulary,Hertfordshire Constabulary,-0.416475,51.699910,On or near DE HAVILLAND WAY,E01023830,Three Rivers 002B,Unable to prosecute suspect
c025e6ac0f9f7466ed4e733780992664a477242e6ec7ae2a3412d928c5e3d17d,2018-08,Hertfordshire Constabulary,Hertfordshire Constabulary,-0.435625,51.780257,On or near Supermarket,E01023435,Dacorum 005B,Investigation complete; no suspect identified
7304e3809e8a3cbb45e306c726db460b75544959fa47ef6704c1ac337f406d29,2018-08,Hertfordshire Constabulary,Hertfordshire Constabulary,-0.526341,51.769659,On or near SCHOOL GARDENS,E01023355,Dacorum 006A,Investigation complete; no suspect identified
0f45cdd07f1bf38b9707758a1b7293069c8772249fd640bbc1f236fab66dc3c7,2018-08,Hertfordshire Constabulary,Hertfordshire Constabulary,-0.011368,51.774808,On or near Pedestrian Subway,E01023317,Broxbourne 001B,Investigation complete; no suspect identified
65de62c62dffd19446585d3f1870af9e859a1a907566a041955e223e902b2882,2018-08,Hertfordshire Constabulary,Hertfordshire Constabulary,-0.299573,51.781839,On or near LANGLEY GROVE,E01023736,St Albans 007D,Unable to prosecute suspect
5f942ab950569a702bcf4534c30e4326ab551a9a28914839e8a1e38ad84808e4,2018-08,Hertfordshire Constabulary,Hertfordshire Constabulary,-0.490170,51.764776,On or near THE NOKES,E01023392,Dacorum 011A,Unable to prosecute suspect
d9343c97617e42950b8d3b78cdd37fcf92307d4bc795cafb67014629197bdeb2,2018-08,Hertfordshire Constabulary,Hertfordshire Constabulary,-0.206893,51.700603,On or near MUTTON LANE,E01023570,Hertsmere 002D,Investigation complete; no suspect identified
ca0a3804136f91d80a7ab44878faa8b63c425aaabdfb0311801fe87d82306f6e,2018-08,Hertfordshire Constabulary,Hertfordshire Constabulary,-0.254782,51.652712,On or near BALMORAL DRIVE,E01023546,Hertsmere 009C,Suspect charged
caf44c40fdb39851369fb74abf81f4829660864c115704546ffb7aa04226be23,2018-08,Hertfordshire Constabulary,Hertfordshire Constabulary,-0.324852,51.769442,On or near MELBOURNE CLOSE,E01023713,St Albans 007A,Investigation complete; no suspect identified
7eeb6401477bde53f41b523b995ddc7b555fd59e115a3fee86ef6f085e120ab3,2018-08,Hertfordshire Constabulary,Hertfordshire Constabulary,-0.456151,51.749282,On or near Petrol Station,E01023387,Dacorum 019B,Unable to prosecute suspect
cfaeca00e70b2770d5e78ebc76bb19e90bbda83fbf7ef3752cd6e6f4d329f900,2018-08,Hertfordshire Constabulary,Hertfordshire Constabulary,-0.404035,51.686604,On or near GULLET WOOD ROAD,E01023891,Watford 002B,Unable to prosecute suspect
3f46399fe5fc1d83798799b6541404563bc0613107088f71465564139ebb88e3,2018-08,Hertfordshire Constabulary,Hertfordshire Constabulary,-0.565187,51.762658,On or near BROADWATER,E01023361,Dacorum 009A,Unable to prosecute suspect
8b4bb5220c5e307ee7bbf3c1dd0a0b782a3bc902103a062a009857859f0bf817,2018-08,Hertfordshire Constabulary,Hertfordshire Constabulary,-0.357691,51.813804,On or near HAY LANE,E01023701,St Albans 003C,Investigation complete; no suspect identified
24e4c66545310730ad8286bfe821c431806edc3f9cd00a47be2a6a31ba35a057,2018-08,Hertfordshire Constabulary,Hertfordshire Constabulary,-0.490170,51.764776,On or near THE NOKES,E01023392,Dacorum 011A,Unable to prosecute suspect
bc6663f31b07f74b105bda1b3522ba9982a8639d78785d1b6e6927b44ef3a101,2018-08,Hertfordshire Constabulary,Hertfordshire Constabulary,-0.030124,51.815094,On or near GOLDSTONE CLOSE,E01023519,East Hertfordshire 012E,Unable to prosecute suspect
c9e1432a52f7eec66e2aa436b74b14d5bc30a80eff5681e8333f49fb4120452c,2018-08,Hertfordshire Constabulary,Hertfordshire Constabulary,-0.471526,51.753008,On or near Parking Area,E01023398,Dacorum 015D,Unable to prosecute suspect
a6115f08b9d1a65862a36c639c71bb18b4fa4779a9d3ee75521985846df8fbed,2018-08,Hertfordshire Constabulary,Hertfordshire Constabulary,-0.314972,51.753349,On or near HARLESDEN ROAD,E01023674,St Albans 011B,Investigation complete; no suspect identified
2cc6a6c3bec9c10f8f0c95d2df8533ca0e1f80616ab68ae6fb18029f5679eafe,2018-08,Hertfordshire Constabulary,Hertfordshire Constabulary,-0.206256,51.966144,On or near CREAMERY COURT,E01023639,North Hertfordshire 009A,Unable to prosecute suspect
377b13e25463ab08160cbd3760fae7f6bcc1e7505568232f1bf3914c12b6deac,2018-08,Hertfordshire Constabulary,Hertfordshire Constabulary,-0.039689,51.780238,On or near THE HARLINGS,E01023481,East Hertfordshire 018D,Investigation complete; no suspect identified
eea2b3c093882813b27965e0d9a9627983b59ff5bcbc36a5855715bf0e75a834,2018-08,Hertfordshire Constabulary,Hertfordshire Constabulary,-0.469690,51.742598,On or near LAWN LANE,E01023388,Dacorum 019C,Investigation complete; no suspect identified
3630295029423b51c7d16d9c28f5427b760721ada85f114c4b3e0f465a6b1339,2018-08,Hertfordshire Constabulary,Hertfordshire Constabulary,-0.038501,51.683209,On or near CAMERON DRIVE,E01023337,Broxbourne 013B,Offender given a drugs possession warning
9b314f70133693ce2f8918a418751c6c4be259beca8b7ea516f7695f78ba4115,2018-08,Hertfordshire Constabulary,Hertfordshire Constabulary,-0.229428,51.979506,On or near STATION PLACE,E01023644,North Hertfordshire 008A,Investigation complete; no suspect identified
56d6cd40c1dfc90f92ffe1ade0ad94f29c94c347d09a66dd582c7936dcc425f0,2018-08,Hertfordshire Constabulary,Hertfordshire Constabulary,-0.468953,51.637077,On or near Parking Area,E01023850,Three Rivers 007C,Investigation complete; no suspect identified
42bd1920004844d7e0cac1589cec2e9ab37804aaa1cc754f9ef95b4123276092,2018-08,Hertfordshire Constabulary,Hertfordshire Constabulary,-0.300292,51.754622,On or near OAKWOOD DRIVE,E01023668,St Albans 013D,Investigation complete; no suspect identified
784924ac8e300890ba12a275a48942b4ad0e94ec51efdf4f129bc1799e4caa5d,2018-08,Hertfordshire Constabulary,Hertfordshire Constabulary,-0.169670,51.912637,On or near MOBBSBURY WAY,E01023769,Stevenage 004C,Investigation complete; no suspect identified
967685e7f1efa1184362e323809e3356572d27ce01690c8be9867bf03f0dd0fc,2018-08,Hertfordshire Constabulary,Hertfordshire Constabulary,-0.191554,51.801772,On or near MARTINFIELD,E01023954,Welwyn Hatfield 007A,Investigation complete; no suspect identified
fae4aa9c1faeb2473b48b8dba5f0690fc1dd1c326bec8654e70c155b10a6056b,2018-08,Hertfordshire Constabulary,Hertfordshire Constabulary,-0.461501,51.751276,On or near WOOD FARM ROAD,E01023350,Dacorum 015B,Investigation complete; no suspect identified
260705df41b78514a1e13837ac668d0eeac4f7a11920bec7bb821c6a4d3adea1,2018-08,Hertfordshire Constabulary,Hertfordshire Constabulary,-0.484714,51.764130,On or near SLEETS END,E01023391,Dacorum 010B,Unable to prosecute suspect
c7eb80cd77ba1ce6fa33a077043569759e185b5db29911f40215ebd5b85a4ae5,2018-08,Hertfordshire Constabulary,Hertfordshire Constabulary,-0.569778,51.762750,On or near ST JOHN'S WELL LANE,E01023361,Dacorum 009A,Unable to prosecute suspect
5b05f6c99e99fd1bf0c29321ae0e986f55c0696e18587192a0bbbd70b66cb73e,2018-08,Hertfordshire Constabulary,Hertfordshire Constabulary,-0.228986,51.977773,On or near Supermarket,E01023644,North Hertfordshire 008A,Investigation complete; no suspect identified
92c119afffe4a4c067da4190bfbec407549e3dc7b541c0932bd68b4642bfd2a4,2018-08,Hertfordshire Constabulary,Hertfordshire Constabulary,-0.195684,51.886818,On or near Shopping Area,E01023786,Stevenage 011D,Investigation complete; no suspect identified
0aea93d2ebc2c59b6c6859850beafa9e1b6205d5b638b1a667910a13ea72cd1d,2018-08,Hertfordshire Constabulary,Hertfordshire Constabulary,-0.581128,51.764461,On or near DOUGLAS GARDENS,E01023369,Dacorum 012A,Suspect charged
b1af2c5865355f78636d1566f6c656a45c54fb9a4214ddc742d67d51d54013a1,2018-08,Hertfordshire Constabulary,Hertfordshire Constabulary,-0.183081,51.928347,On or near OLD BOURNE WAY,E01023801,Stevenage 002F,Investigation complete; no suspect identified
dd830433c3aa34dffdcdae2cbcf1e9aa75c1bb89866f6e33411541da9f493797,2018-08,Hertfordshire Constabulary,Hertfordshire Constabulary,-0.172077,51.913511,On or near HUDSON ROAD,E01023769,Stevenage 004C,Unable to prosecute suspect
62b99c8d698a46fe9322cb2cfe457a3e00823384ce97012a2107c27028eb1d29,2018-08,Hertfordshire Constabulary,Hertfordshire Constabulary,-0.468953,51.637077,On or near Parking Area,E01023850,Three Rivers 007C,Investigation complete; no suspect identified
4ea652a73d35e2a0095dcb0894295764b45bb3fe1c2573da8257ad2b4d2076c9,2018-08,Hertfordshire Constabulary,Hertfordshire Constabulary,-0.488210,51.830813,On or near ROE END LANE,E01023430,Dacorum 001A,Investigation complete; no suspect identified
9aea5daacb81877688fa1f6a683b6997591d8c50dc846d949580bf7736a2e974,2018-08,Hertfordshire Constabulary,Hertfordshire Constabulary,-0.206798,51.918999,On or near BURYMEAD,E01023800,Stevenage 002E,Investigation complete; no suspect identified
f0321ad7c6264e5b1cb00cbd9e4c09f5fab30e39fff0da1fcd967cf4a5cee486,2018-08,Hertfordshire Constabulary,Hertfordshire Constabulary,-0.255373,51.644107,On or near Shopping Area,E01023543,Hertsmere 011E,Investigation complete; no suspect identified
bdfcb7eca63691c6722e64e1ec7d5feed21c842087f48c5df6fcc12fdf65bb02,2018-08,Hertfordshire Constabulary,Hertfordshire Constabulary,-0.291704,51.956958,On or near MATTOCKE ROAD,E01023613,North Hertfordshire 012C,Unable to prosecute suspect
62fdd8e0d83285e4b0ac1fed01600a830817bb90ad5b85c7721ab227371d00a4,2018-08,Hertfordshire Constabulary,Hertfordshire Constabulary,-0.253503,51.645751,On or near STIRLING WAY,E01023543,Hertsmere 011E,Unable to prosecute suspect
f935ea99e412e972b5de4b569ec5166506977fa4a5d9f4c536e366cbfbd0157f,2018-08,Hertfordshire Constabulary,Hertfordshire Constabulary,-0.189269,51.799435,On or near WOODFIELD ROAD,E01023958,Welwyn Hatfield 007E,Investigation complete; no suspect identified
2b4c47466943dfe37ad5b3dc0c5154192ad8c5ea25ae75d48a62f43036c0acb2,2018-08,Hertfordshire Constabulary,Hertfordshire Constabulary,-0.073672,51.796527,On or near Pedestrian Subway,E01023478,East Hertfordshire 017D,Suspect charged
44d66aef40215db5814461d41f9ca5586b95fdd90c3f65bae5fca196b97d8f78,2018-08,Hertfordshire Constabulary,Hertfordshire Constabulary,-0.376047,51.654515,On or near BRAMBLING CLOSE,E01023553,Hertsmere 008B,Investigation complete; no suspect identified
33b624884b91f76597560e2e0ea4dec428bac2d51a4d75777c103dc455dd5c8e,2018-08,Hertfordshire Constabulary,Hertfordshire Constabulary,-0.015614,51.683913,On or near Sports/Recreation Area,E01023338,Broxbourne 013C,Investigation complete; no suspect identified
2c4583c22c22eceff4306f180ee467fff6ce8dcdd2ccb4d4f5b54a2fc957b51a,2018-08,Hertfordshire Constabulary,Hertfordshire Constabulary,-0.495365,51.752362,On or near RIDGE LEA,E01023385,Dacorum 016C,Investigation complete; no suspect identified
c4d0e51593068a190c2554daa020ea2d928d8d7d3170f4eaf2b89d5616616b8c,2018-08,Hertfordshire Constabulary,Hertfordshire Constabulary,-0.014917,51.686293,On or near STATION ROAD,E01023338,Broxbourne 013C,Unable to prosecute suspect
90563a86b7c47b1b74991024f4805a76e95d713bea629593034835f6d5714b7e,2018-08,Hertfordshire Constabulary,Hertfordshire Constabulary,-0.036153,51.705381,On or near CLARENDON ROAD,E01023301,Broxbourne 010E,Unable to prosecute suspect
a6fa0977ca5c95b83b334232558a0ed88cd2f9c9463c8dd8714d774b2c25ba68,2018-08,Hertfordshire Constabulary,Hertfordshire Constabulary,-0.399725,51.658248,On or near Nightclub,E01023861,Watford 009C,Investigation complete; no suspect identified
b8ba7da8decd82ad882cc40e822a8b2338877a2df3a3a4da4a74843bc2b7491d,2018-08,Hertfordshire Constabulary,Hertfordshire Constabulary,-0.429682,51.752681,On or near DATCHWORTH TURN,E01023409,Dacorum 017A,Unable to prosecute suspect
28a33794f900482841914ef3b44d2824dd4486a0e0d01995da4547250b1727d8,2018-08,Hertfordshire Constabulary,Hertfordshire Constabulary,-0.273353,51.956546,On or near PERIWINKLE LANE,E01023604,North Hertfordshire 010D,Unable to prosecute suspect
713a54e655f873c972de826d547c286fe61415b9b4ca464c0eeefbfa8be0d8b1,2018-08,Hertfordshire Constabulary,Hertfordshire Constabulary,-0.433269,51.693796,On or near Pedestrian Subway,E01023831,Three Rivers 003C,Investigation complete; no suspect identified
cff10830abf1ca8d0a01de5285774a86d8f31cd52f5fac94593bc585c73cf5f0,2018-08,Hertfordshire Constabulary,Hertfordshire Constabulary,-0.036275,51.716920,On or near Parking Area,E01023305,Broxbourne 008D,Investigation complete; no suspect identified
c6b06da4e14efafc39db053ca376d78b8c8cb8817fbc94dbde52b8684d3f742e,2018-08,Hertfordshire Constabulary,Hertfordshire Constabulary,-0.228835,51.763107,On or near Supermarket,E01023920,Welwyn Hatfield 012A,Unable to prosecute suspect
8fb4f2366981d17aeeb9a3645878d07ad0831dbfdc5ba5dd2b15043ef6cbbb78,2018-08,Hertfordshire Constabulary,Hertfordshire Constabulary,-0.179819,51.790998,On or near KILWORTH CLOSE,E01023945,Welwyn Hatfield 008C,Investigation complete; no suspect identified
eae5ebd329b06799bf3d6f9944d1d3ab65185dc1dbd0ba8675513126db32792b,2018-08,Hertfordshire Constabulary,Hertfordshire Constabulary,-0.269328,51.655688,On or near Supermarket,E01023541,Hertsmere 011C,Investigation complete; no suspect identified
869db352513fdaf71521edd5d9ca5347de707446da52333f03ac84a92ba8b72e,2018-08,Hertfordshire Constabulary,Hertfordshire Constabulary,-0.709542,51.835805,On or near POTASH LANE,E01023424,Dacorum 002B,Investigation complete; no suspect identified
81a20b388e1b6b089f1344510a3a4e026dee3c102305e6ff0a7182b31def9c15,2018-08,Hertfordshire Constabulary,Hertfordshire Constabulary,-0.039017,51.684665,On or near HURST DRIVE,E01023339,Broxbourne 013D,Unable to prosecute suspect
4e320cca04bd7368819d7533536ebd31ccdc3069af3ad866694a91d3ba47a6bf,2018-08,Hertfordshire Constabulary,Hertfordshire Constabulary,-0.455071,51.755454,On or near OLD HOUSE ROAD,E01023349,Dacorum 015A,Unable to prosecute suspect
72c72cecfcc3a4f756c9bdc0afc0004236a6b1ea7bfe29eb1c30c3fffc516205,2018-08,Hertfordshire Constabulary,Hertfordshire Constabulary,0.147955,51.813873,On or near Petrol Station,E01023501,East Hertfordshire 011C,Unable to prosecute suspect
2252ba74ea768e58c6107701e350d162327ffd34b3663f44642b1f7859074c0c,2018-08,Hertfordshire Constabulary,Hertfordshire Constabulary,-0.034030,51.686569,On or near SWAN ROAD,E01023337,Broxbourne 013B,Investigation complete; no suspect identified
7f5b0ec3a042cab82bed116e5bf4d434887053095f9e4820ea87b97bc26b0f46,2018-08,Hertfordshire Constabulary,Hertfordshire Constabulary,-0.200675,51.901929,On or near MARKET SQUARE,E01023758,Stevenage 008D,Investigation complete; no suspect identified
ca8c6e3d151b9137f348c24a23418c60df7db23c4f839f11e5fbcbde15146f8a,2018-08,Hertfordshire Constabulary,Hertfordshire Constabulary,-0.291704,51.956958,On or near MATTOCKE ROAD,E01023613,North Hertfordshire 012C,Unable to prosecute suspect
b891ad27bf98a25d0cb6de9fe499aad7458b1af3b4f89a02487d8361622a7d21,2018-08,Hertfordshire Constabulary,Hertfordshire Constabulary,-0.463740,51.734833,On or near Shopping Area,E01033023,Dacorum 018H,Investigation complete; no suspect identified
ab8c80702fdcfd60c07f0765c0e6adfe642a9ab40b25f696feb8231d99596fad,2018-08,Hertfordshire Constabulary,Hertfordshire Constabulary,-0.175945,51.891981,On or near HYDEAN WAY,E01023791,Stevenage 010A,Investigation complete; no suspect identified
23c5d9c3f9eaed6aa030b5f085c52f09b2d3a652ed774692ac9dffd218fbea4e,2018-08,Hertfordshire Constabulary,Hertfordshire Constabulary,-0.048465,51.801273,On or near HAMELS DRIVE,E01023484,East Hertfordshire 016C,Unable to prosecute suspect
3935ab571f0d68a13dac9cd202cc8d0abb9194c6a86e0499724219d85e59ff8f,2018-08,Hertfordshire Constabulary,Hertfordshire Constabulary,-0.402653,51.678178,On or near BEECH ROAD,E01023870,Watford 004C,Investigation complete; no suspect identified
4baedb95d3b533f82870b4a157a63d29739fb7f76d49dc0e19d2284546d7659d,2018-08,Hertfordshire Constabulary,Hertfordshire Constabulary,0.174521,51.863302,On or near DIMSDALE CRESCENT,E01023442,East Hertfordshire 005E,Unable to prosecute suspect
a5635eada20be39ee432dde591f1acf9ad60b849415c187f1b1a8af739a588d8,2018-08,Hertfordshire Constabulary,Hertfordshire Constabulary,-0.173555,51.891432,On or near RUDD CLOSE,E01023793,Stevenage 010C,Unable to prosecute suspect
c37c6c980e1930a2e2ac4857333e6795f22ab7e74887c7a61ea0e99b0051a65e,2018-08,Hertfordshire Constabulary,Hertfordshire Constabulary,-0.473723,51.752721,On or near Bus/Coach Station,E01023398,Dacorum 015D,Investigation complete; no suspect identified
f84d615cfa5ecf6cc935bb15f9cd0c336a0faaa0cdbd6e10b5528a543c8d7556,2018-08,Hertfordshire Constabulary,Hertfordshire Constabulary,-0.239023,51.763458,On or near HARPSFIELD BROADWAY,E01033308,Welwyn Hatfield 010E,Investigation complete; no suspect identified
3f9323d88ad32c387503447bc5d9d779e1bb203e3dd4035175d2125ec9990f10,2018-08,Hertfordshire Constabulary,Hertfordshire Constabulary,-0.435696,51.777794,On or near PARR CRESCENT,E01023434,Dacorum 005A,Investigation complete; no suspect identified
f2788bf4b2f779cd88234efb709f781e5b8d29a97deadfd57e47369a0ba52d93,2018-08,Hertfordshire Constabulary,Hertfordshire Constabulary,-0.393132,51.648437,On or near CANNON ROAD,E01023862,Watford 009D,Unable to prosecute suspect
57caa03b2d1ddda3ba2aaa3df5d9c44beaa1178c2170d38a08cf0cd785c74a77,2018-08,Hertfordshire Constabulary,Hertfordshire Constabulary,-0.182856,51.805639,On or near WINDHILL,E01023912,Welwyn Hatfield 004A,Investigation complete; no suspect identified
f016e6587f9271fe62255f44f30560ba042db8ec57fdbdd5fb541eae106810a8,2018-08,Hertfordshire Constabulary,Hertfordshire Constabulary,-0.407111,51.653340,On or near WHIPPENDELL ROAD,E01023899,Watford 010A,Investigation complete; no suspect identified
bf3d950a897d8512595a6276e84a7071234a57c7946292928a5c544fae95fdf1,2018-08,Hertfordshire Constabulary,Hertfordshire Constabulary,-0.399980,51.672773,On or near GAMMONS LANE,E01023856,Watford 006B,Investigation complete; no suspect identified
a8c3f4a69061987065557cdc274c8bd5c83ed6d4a21a568665c1369f000373ff,2018-08,Hertfordshire Constabulary,Hertfordshire Constabulary,-0.311359,51.723983,On or near NORRIS CLOSE,E01033029,St Albans 018G,Unable to prosecute suspect
df6d7034783801f21bdcdba82ed0b3e45daefa2a1542c5542e8b3a2ee4a988dd,2018-08,Hertfordshire Constabulary,Hertfordshire Constabulary,-0.208473,51.911247,On or near Supermarket,E01023775,Stevenage 006A,Suspect charged
95d11919708a08fbdf4d63247f3469986464a9dd37da972dba3c16c7a53cbb12,2018-08,Hertfordshire Constabulary,Hertfordshire Constabulary,-0.373427,51.664298,On or near WALNUT GREEN,E01023555,Hertsmere 008D,Unable to prosecute suspect
5e240425f7645b5ab9bcab3923d8f86eb2198c38f654fe3fcd7d998fab48af1a,2018-08,Hertfordshire Constabulary,Hertfordshire Constabulary,-0.178082,51.931830,On or near CHEVIOT WAY,E01033027,North Hertfordshire 005K,Unable to prosecute suspect
7578e4074b54e2f27e31c5a5d58ce932cd130e104f7cbe6abea33db1b265c843,2018-08,Hertfordshire Constabulary,Hertfordshire Constabulary,-0.407059,51.802299,On or near HILLTOP,E01023723,St Albans 006B,Investigation complete; no suspect identified
0b282c0f5012151be5f8f9531915e345dbdb2d1ce0132c8fb967e48579786c14,2018-08,Hertfordshire Constabulary,Hertfordshire Constabulary,-0.202790,51.901746,On or near Bus/Coach Station,E01023758,Stevenage 008D,Unable to prosecute suspect
80d2486871f0a58e4bd38d409c99b6069a314400f3f74bd36a5d8f34cc651c82,2018-08,Hertfordshire Constabulary,Hertfordshire Constabulary,-0.271229,51.657380,On or near Petrol Station,E01023539,Hertsmere 011A,Investigation complete; no suspect identified
8860e97ad3989bf8bae82e49fb6dc060142d03e294b5ae65271c3e207e12fef8,2018-08,Hertfordshire Constabulary,Hertfordshire Constabulary,-0.178460,51.920336,On or near Petrol Station,E01023774,Stevenage 003D,Suspect charged
5a07a7c6b4d6ae72cca2a427ea57e76f9bb4d3e511d90cd4f6d67533e157a223,2018-08,Hertfordshire Constabulary,Hertfordshire Constabulary,-0.473102,51.750106,On or near Nightclub,E01023398,Dacorum 015D,Suspect charged
ec27a16d1d27a6be58e6f8bd769d3c44d6be2e7c96d8ff6485f1903501ce7ab5,2018-08,Hertfordshire Constabulary,Hertfordshire Constabulary,-0.237300,51.747795,On or near NEWSTEAD,E01023934,Welwyn Hatfield 013B,Unable to prosecute suspect
2052f90234b54e9184d18b96d4c8dac5794acf056a045579fa9e81ad8e893697,2018-08,Hertfordshire Constabulary,Hertfordshire Constabulary,-0.201129,51.904760,On or near Parking Area,E01023758,Stevenage 008D,Suspect charged
c70e78101448edda1f50dd63f7bef767c3ebcac4ecbd0bc35e53359c6612d169,2018-08,Hertfordshire Constabulary,Hertfordshire Constabulary,-0.033096,51.813822,On or near CORONATION ROAD,E01023514,East Hertfordshire 012C,Unable to prosecute suspect
1f0fb4fb85364752a9587d2b05ebbb2c9550d87898ed51af903de98b5323ff33,2018-08,Hertfordshire Constabulary,Hertfordshire Constabulary,-0.235897,51.746254,On or near ROBINS WAY,E01023934,Welwyn Hatfield 013B,Investigation complete; no suspect identified
baed3abf7fc1e51a9985a209f12e8ecb066f6321344125be4d7cbd40d3591908,2018-08,Hertfordshire Constabulary,Hertfordshire Constabulary,-0.227296,51.762068,On or near QUEENSWAY,E01023920,Welwyn Hatfield 012A,Unable to prosecute suspect
358485567e7600adf82c4868f5fcd416ff68b125921b3e812619aa8da9d656af,2018-08,Hertfordshire Constabulary,Hertfordshire Constabulary,-0.228835,51.763107,On or near Supermarket,E01023920,Welwyn Hatfield 012A,Investigation complete; no suspect identified
1b8c8808d56b0ab4084d1286110651c7f66cc8787553245c0d54f308f89d8b5f,2018-08,Hertfordshire Constabulary,Hertfordshire Constabulary,-0.462445,51.837762,On or near HIGH STREET,E01023432,Dacorum 001C,Unable to prosecute suspect
3e51e5fbc52439a267079d46279221f4f9ecb75176086bb162c72daff31a307b,2018-08,Hertfordshire Constabulary,Hertfordshire Constabulary,-0.277508,51.659936,On or near BADMINTON CLOSE,E01023532,Hertsmere 007D,Investigation complete; no suspect identified
c93803827bd919caed2a591cdbc5bbe9dd370048787f04258a0b4630d4248840,2018-08,Hertfordshire Constabulary,Hertfordshire Constabulary,-0.342142,51.742154,On or near Shopping Area,E01023737,St Albans 017A,Suspect charged
96d9507acc7f3719168c42e3f14ca20e5b62e32eb32c5b74947272806a1e8567,2018-08,Hertfordshire Constabulary,Hertfordshire Constabulary,0.000330,51.906777,On or near HAMELS LANE,E01023463,East Hertfordshire 003E,Investigation complete; no suspect identified
4cb9614622840f15c5369b5e96ab505b068dfe3c35f4c46127d275f040cf36e3,2018-08,Hertfordshire Constabulary,Hertfordshire Constabulary,-0.457668,51.772806,On or near Parking Area,E01023393,Dacorum 007A,Investigation complete; no suspect identified
dc6c7fb587eba08527bd3602546d802ff261feb900b9ea9525e848b5a6735ac5,2018-08,Hertfordshire Constabulary,Hertfordshire Constabulary,-0.407269,51.654205,On or near BURTON AVENUE,E01023899,Watford 010A,Suspect charged
371101132191eb860b5b243c39a7549e5298f9b0e03e15d155fefb5cc2cd906a,2018-08,Hertfordshire Constabulary,Hertfordshire Constabulary,-0.239023,51.763458,On or near HARPSFIELD BROADWAY,E01033308,Welwyn Hatfield 010E,Investigation complete; no suspect identified
d3821b5f79a9eded7a79aefea8b1828dce84749cc28f565bccf1a3ba54ef2d83,2018-08,Hertfordshire Constabulary,Hertfordshire Constabulary,-0.400331,51.681671,On or near BERRY AVENUE,E01023872,Watford 004E,Investigation complete; no suspect identified
2b6c7fcd1eb94e320ff03dc2c60fab1d6c01cb71a13c894e301fb8d907b5c1e0,2018-08,Hertfordshire Constabulary,Hertfordshire Constabulary,-0.172866,51.891223,On or near BARNWELL,E01023793,Stevenage 010C,Investigation complete; no suspect identified
29121c1e5d7542ffc1a333034bad2bc79298ba78494d309924b3a6245fc1661b,2018-08,Hertfordshire Constabulary,Hertfordshire Constabulary,-0.393011,51.658831,On or near PRINCE STREET,E01023859,Watford 009A,Investigation complete; no suspect identified
19c9a1d3a77a0100d7eac8a7792038f6629da2863330029c887bd91fa1311e2e,2018-08,Hertfordshire Constabulary,Hertfordshire Constabulary,-0.474584,51.739227,On or near RIVERSEND ROAD,E01023354,Dacorum 018B,Investigation complete; no suspect identified
e6755add8bbedfee4e0b65d0690c6a7c9bf1dc2243fb3e30e0353e93dd0ef397,2018-08,Hertfordshire Constabulary,Hertfordshire Constabulary,-0.474584,51.739227,On or near RIVERSEND ROAD,E01023354,Dacorum 018B,Investigation complete; no suspect identified
f573c19fb2b9f79a55fa3de71e63bbe6383bc55a766a41d357cfe82fb91b7917,2018-08,Hertfordshire Constabulary,Hertfordshire Constabulary,-0.030056,52.048473,On or near COPPERFIELDS,E01023655,North Hertfordshire 002B,Investigation complete; no suspect identified
9196d263f6682885552cc749e8096381fc7b130402690b7f4b0e6e5d25ad7e16,2018-08,Hertfordshire Constabulary,Hertfordshire Constabulary,-0.247430,51.764905,On or near ERRINGTON CLOSE,E01033308,Welwyn Hatfield 010E,Unable to prosecute suspect
dd57c0aa49b34eff2ccfae12a5aa25ed5e729ce279f416ffc84fb8faa1018169,2018-08,Hertfordshire Constabulary,Hertfordshire Constabulary,-0.209431,51.907647,On or near Petrol Station,E01023776,Stevenage 002A,Investigation complete; no suspect identified
43e0eb5179992069f0d2eb1dfb1c22854a73e936fd71018cd7cf98a5815c4b9c,2018-08,Hertfordshire Constabulary,Hertfordshire Constabulary,-0.282907,51.668576,On or near AYCLIFFE ROAD,E01023536,Hertsmere 006C,Unable to prosecute suspect
70577f97f8c07a424569bc64baeabf1fce42e9be3470b294fb665de9e8a8c001,2018-08,Hertfordshire Constabulary,Hertfordshire Constabulary,-0.217507,51.736868,On or near PUTTOCKS DRIVE,E01023963,Welwyn Hatfield 014B,Suspect charged
60ea0ef2077c6b6d4600aa52f077aa81a4e06b24a84e026c2799cfa617121d97,2018-08,Hertfordshire Constabulary,Hertfordshire Constabulary,-0.297452,51.719161,On or near ST ANNES ROAD,E01023708,St Albans 018E,Investigation complete; no suspect identified
3c8799fedc181f82544a15a1bb0a7109ea165d7c916c9f0eecedd6b1d4f784e3,2018-08,Hertfordshire Constabulary,Hertfordshire Constabulary,-0.473102,51.750106,On or near Nightclub,E01023398,Dacorum 015D,Offender given a caution
3c8799fedc181f82544a15a1bb0a7109ea165d7c916c9f0eecedd6b1d4f784e3,2018-08,Hertfordshire Constabulary,Hertfordshire Constabulary,-0.473102,51.750106,On or near Nightclub,E01023398,Dacorum 015D,Offender given a caution
fc289b683f157223bd7e4aaa4ff5ba47711e860b9100dec3471f47b91c93aaae,2018-08,Hertfordshire Constabulary,Hertfordshire Constabulary,-0.393773,51.700231,On or near BOUNDARY WAY,E01023832,Three Rivers 002C,Unable to prosecute suspect
7c70e0afea5a0d32a2388eb52dcf71cfa0cbc69e594c88ca1cd67b87612f7650,2018-08,Hertfordshire Constabulary,Hertfordshire Constabulary,-0.382672,51.655613,On or near WALTON ROAD,E01023554,Hertsmere 008C,Investigation complete; no suspect identified
d97e3e3467762a8fd8cf21a9895cb1034c4e39944ff7af48c056a14174f20b23,2018-08,Hertfordshire Constabulary,Hertfordshire Constabulary,-0.166321,51.694365,On or near MARSHE CLOSE,E01023574,Hertsmere 003D,Unable to prosecute suspect
57db22c7651f9c0f2ec095dbbc14f38cf44936788ee60caafb78b27a0a609445,2018-08,Hertfordshire Constabulary,Hertfordshire Constabulary,-0.200649,51.900023,On or near SOUTHGATE,E01023758,Stevenage 008D,Unable to prosecute suspect
bf2e0939495f29ff67cb6189083e95fc8239940464d1a0143495438eb1977711,2018-08,Hertfordshire Constabulary,Hertfordshire Constabulary,-0.378694,51.680799,On or near THE TURNSTONES,E01023874,Watford 003B,Unable to prosecute suspect
a3672942c415339242c2bbba355ac23f964342ffbe9bdfe8bdb5e2a6c55ccd0e,2018-08,Hertfordshire Constabulary,Hertfordshire Constabulary,-0.308099,51.818217,On or near FOLLY FIELDS,E01023749,St Albans 004D,Unable to prosecute suspect
12acc39a4f3d16dc15cfdb9711c8ecb852e03c9b38ab83f3910250185a8187a7,2018-08,Hertfordshire Constabulary,Hertfordshire Constabulary,-0.456724,51.737582,On or near GUINERY GROVE,E01023360,Dacorum 020D,Unable to prosecute suspect
d27542b32f61c0738a949f14ac8085a6acadc14990c279be029f0af56590b461,2018-08,Hertfordshire Constabulary,Hertfordshire Constabulary,0.177920,51.874138,On or near PLAW HATCH CLOSE,E01023438,East Hertfordshire 005A,Unable to prosecute suspect
c9d65ba46122248c68f978f22ed64c2be9d78b202fb4096cb3f99b28219633aa,2018-08,Hertfordshire Constabulary,Hertfordshire Constabulary,-0.022488,51.737282,On or near HIGH ROAD BROXBOURNE,E01023340,Broxbourne 005A,Investigation complete; no suspect identified
f4698d26f62dab80880f79ae164c012343daca5087ec810e19ea406ebd33c081,2018-08,Hertfordshire Constabulary,Hertfordshire Constabulary,-0.325292,51.754027,On or near Sports/Recreation Area,E01023676,St Albans 011D,Unable to prosecute suspect
787aff1f5c33281fdb41067ba05919617b2588fdc251497f8b69bb93c0f295ba,2018-08,Hertfordshire Constabulary,Hertfordshire Constabulary,0.110279,51.939270,On or near Sports/Recreation Area,E01023493,East Hertfordshire 003F,Unable to prosecute suspect
c4ef0bba95f0ab1185d574c859cba791243bdb6b8b262ba30ed6c7602e0525d5,2018-08,Hertfordshire Constabulary,Hertfordshire Constabulary,-0.206640,51.803549,On or near Shopping Area,E01023918,Welwyn Hatfield 006C,Investigation complete; no suspect identified
3db7f5d05cc6bde976432702bc331359d1392c99b026acea65da96eb03259b84,2018-08,Hertfordshire Constabulary,Hertfordshire Constabulary,-0.199558,51.896778,On or near Further/Higher Educational Building,E01023786,Stevenage 011D,Investigation complete; no suspect identified
1026b8ab9ac007dc13fd2e6d29279574be19a334e209722317783085ed8f496b,2018-08,Hertfordshire Constabulary,Hertfordshire Constabulary,-0.201368,51.898028,On or near Supermarket,E01023786,Stevenage 011D,Suspect charged
682f6ed4a374f43136e4ed209e12319172497f12735ace8352b23861ebb5dda5,2018-08,Hertfordshire Constabulary,Hertfordshire Constabulary,-0.124436,51.825736,On or near WELL GREEN,E01023485,East Hertfordshire 010A,Investigation complete; no suspect identified
4be0ecd3c493f3eb6f10253e4ca9d0691178fab2defbbaea96b4f9ea548c60e3,2018-08,Hertfordshire Constabulary,Hertfordshire Constabulary,-0.228986,51.977773,On or near Supermarket,E01023644,North Hertfordshire 008A,Suspect charged
dc787a212e710cdccf08cf955a35bbd55afc48d92ee353a06e8d497836c245cf,2018-08,Hertfordshire Constabulary,Hertfordshire Constabulary,-0.354674,51.825748,On or near STONEMASON CLOSE,E01023692,St Albans 001C,Investigation complete; no suspect identified
0351108fc56da5ebb099a5d344d2b73d35acdff2d2bfaba270191b4a7f928dbe,2018-08,Hertfordshire Constabulary,Hertfordshire Constabulary,-0.202790,51.901746,On or near Bus/Coach Station,E01023758,Stevenage 008D,Investigation complete; no suspect identified
20c1570b08d69366aa5746cf6d148d0685c1cb0d8f8310f35568a50bd5c4f58d,2018-08,Hertfordshire Constabulary,Hertfordshire Constabulary,-0.445336,51.764722,On or near AVEBURY COURT,E01023346,Dacorum 013B,Unable to prosecute suspect
7629a403769914324abaaa32eaad570f995e7591be45083c6904ea9f841596c0,2018-08,Hertfordshire Constabulary,Hertfordshire Constabulary,-0.013151,51.684321,On or near GORDON ROAD,E01023338,Broxbourne 013C,Investigation complete; no suspect identified
7ec4a2e01f8395a7e15ee50816815146ef7a0d0d347fcdccd9355665f2be8ba3,2018-08,Hertfordshire Constabulary,Hertfordshire Constabulary,-0.195608,51.901771,On or near CUTTYS LANE,E01023757,Stevenage 008C,Unable to prosecute suspect
5971f56fb7215662db034f2ee833751849b09b458a3b40debec28cdc622f79a9,2018-08,Hertfordshire Constabulary,Hertfordshire Constabulary,-0.203706,51.810572,On or near Pedestrian Subway,E01023961,Welwyn Hatfield 003C,Unable to prosecute suspect
4567bedcdaa6351ec811581b310dc3b2f855da7ad6e1d5068cfb640a778c1702,2018-08,Hertfordshire Constabulary,Hertfordshire Constabulary,-0.015614,51.683913,On or near Sports/Recreation Area,E01023338,Broxbourne 013C,Investigation complete; no suspect identified
447f2fbc56bea5ba6a6f3a64bba5e3c630bffd526e8bedb4a7504526edfd76fe,2018-08,Hertfordshire Constabulary,Hertfordshire Constabulary,-0.014917,51.686293,On or near STATION ROAD,E01023338,Broxbourne 013C,Investigation complete; no suspect identified
67deaef72348a3b0678da9428a746f01738c8343c0dbd5a8fadf3e37065d0e4e,2018-08,Hertfordshire Constabulary,Hertfordshire Constabulary,-0.014917,51.686293,On or near STATION ROAD,E01023338,Broxbourne 013C,Investigation complete; no suspect identified
b0177641a2c05b499b20dcd4dae38d97dac667c07c35500556e98ba79bb4db83,2018-08,Hertfordshire Constabulary,Hertfordshire Constabulary,-0.032214,51.685082,On or near Supermarket,E01023337,Broxbourne 013B,Suspect charged
f1789a7805c2665adc064b2cc06227b72d8dbf2d2a95b5f3bd7e20ae2dff744d,2018-08,Hertfordshire Constabulary,Hertfordshire Constabulary,-0.431046,51.685287,On or near A41,E01023831,Three Rivers 003C,Suspect charged
095d13146accff5d4dc5c6731db9cdfd5f500714f9e5d3a91fa1ea66d8908dd2,2018-08,Hertfordshire Constabulary,Hertfordshire Constabulary,-0.320587,51.755093,On or near CLARENCE ROAD,E01023675,St Albans 011C,Offender given a caution
58b16e6220aa3b8f36f5da4e128e64089fd748f6fff35b74fb9162fb39149d79,2018-08,Hertfordshire Constabulary,Hertfordshire Constabulary,-0.319550,51.685417,On or near STATION ROAD,E01023526,Hertsmere 005D,Suspect charged
b6423c0dd39d94d39730a4aa441c6f9fe0950f44801ba28cbed2d9e120845fc3,2018-08,Hertfordshire Constabulary,Hertfordshire Constabulary,-0.202881,51.796316,On or near EDGARS COURT,E01023954,Welwyn Hatfield 007A,Investigation complete; no suspect identified
4441ef366080f051850c4a7c1120e75bb30978be18e0de17e83dced2c0347ef3,2018-08,Hertfordshire Constabulary,Hertfordshire Constabulary,-0.603866,51.799657,On or near STONEY CROFT,E01023352,Dacorum 004A,Unable to prosecute suspect
49e2be431b832640914cbc904e904a1418a2465fe03fc2fcca5d8486728c3e64,2018-08,Hertfordshire Constabulary,Hertfordshire Constabulary,-0.353859,51.766480,On or near Nightclub,E01023722,St Albans 006A,Local resolution
c69f2b381628916fd226fda9d47ef8e6514345bea60d6f3d57a4471a0767817a,2018-08,Hertfordshire Constabulary,Hertfordshire Constabulary,-0.177313,51.879000,On or near THE GLYNDE,E01023785,Stevenage 011C,Suspect charged
a6f6b27b44cf244e7e1a6c1a2a28a96811cfd19abf52e1b1c53c8c715edb5f32,2018-08,Hertfordshire Constabulary,Hertfordshire Constabulary,-0.034185,51.711049,On or near HIGH STREET,E01023302,Broxbourne 008A,Unable to prosecute suspect
cc4362730d44af5a5a01492b09626b627ea781fbddf7c6536c44bbb2625db955,2018-08,Hertfordshire Constabulary,Hertfordshire Constabulary,-0.198092,51.814209,On or near BYFIELD,E01023960,Welwyn Hatfield 003B,Unable to prosecute suspect
61ba1db9e43cd40b5d3b65f0c144454083500199c0841e2ae086946694e11850,2018-08,Hertfordshire Constabulary,Hertfordshire Constabulary,-0.040375,51.705470,On or near PROSPECT ROAD,E01023297,Broxbourne 010A,Unable to prosecute suspect
29482ad640f95756caceef4e9db7e6cba3e76d26d372cf9c34cdd5ec4b63d407,2018-08,Hertfordshire Constabulary,Hertfordshire Constabulary,-0.300861,51.703915,On or near MEADOW AVENUE,E01023582,Hertsmere 004B,Formal action is not in the public interest
467e945bddeaf95e6c2b1358a09dc0eeb5b0c6ed2ef21f12b1917d5707b62620,2018-08,Hertfordshire Constabulary,Hertfordshire Constabulary,0.002733,51.767860,On or near CECIL ROAD,E01023330,Broxbourne 002D,Unable to prosecute suspect
ed24e3a57b6e2fc99c23a0dcf4180d04ee39a3718b1edbd2a46f5cdc43dd01e2,2018-08,Hertfordshire Constabulary,Hertfordshire Constabulary,-0.279664,51.656829,On or near Shopping Area,E01023532,Hertsmere 007D,Unable to prosecute suspect
598b1298e49a729e13197316ed15362acd0d658a682679f0a7eebb07bc9a1621,2018-08,Hertfordshire Constabulary,Hertfordshire Constabulary,-0.183093,51.881589,On or near MARYMEAD COURT,E01023784,Stevenage 011B,Unable to prosecute suspect
9d4a35979d33d7e55bbf55b4787152e6a67b43e19b555359922c9f076ae04e50,2018-08,Hertfordshire Constabulary,Hertfordshire Constabulary,-0.212539,51.972489,On or near DENBY,E01023643,North Hertfordshire 009E,Unable to prosecute suspect
1416f3a348789eb630a1278d726a6c922606c24f473ec3bcb37c77854cad2f8a,2018-08,Hertfordshire Constabulary,Hertfordshire Constabulary,-0.183093,51.881589,On or near MARYMEAD COURT,E01023784,Stevenage 011B,Unable to prosecute suspect
b253240e2c1cdaade3608fd37b4e283c6680d02067f60014a811e95bf7f88927,2018-08,Hertfordshire Constabulary,Hertfordshire Constabulary,-0.275182,51.661403,On or near CANTERBURY ROAD,E01023530,Hertsmere 007B,Unable to prosecute suspect
fadb9448e93b23b198f6804db20f3d6ef579642207d3aafe2b73bf1b8891ab9a,2018-08,Hertfordshire Constabulary,Hertfordshire Constabulary,-0.387511,51.682188,On or near CEZANNE ROAD,E01023875,Watford 003C,Unable to prosecute suspect
0f58e25e565857cda703ccebe2832b32bb31c6d3dbb96e1b05a7ed5403701825,2018-08,Hertfordshire Constabulary,Hertfordshire Constabulary,-0.228835,51.763107,On or near Supermarket,E01023920,Welwyn Hatfield 012A,Unable to prosecute suspect
50584051997093fa362f1d48702ff8b9f1082d59153992e0e8591c3f76557c6d,2018-08,Hertfordshire Constabulary,Hertfordshire Constabulary,-0.275853,51.949416,On or near HERMITAGE ROAD,E01023616,North Hertfordshire 012F,Suspect charged
670cf6ba2ec30e8546181ba167ce4ce4ebfe52666df5d7c22129dd5def3725a7,2018-08,Hertfordshire Constabulary,Hertfordshire Constabulary,-0.208473,51.911247,On or near Supermarket,E01023775,Stevenage 006A,Unable to prosecute suspect
f4d58f8432937f55ab58166014b8971b2d4b467838efdaf02a83cef77a4ca8e7,2018-08,Hertfordshire Constabulary,Hertfordshire Constabulary,-0.237095,51.853466,On or near TOWER ROAD,E01023596,North Hertfordshire 015B,Unable to prosecute suspect
2bf068c1d5828318fcadc276290812b34a8f9591a49620b4d2067e51f9709274,2018-08,Hertfordshire Constabulary,Hertfordshire Constabulary,-0.394857,51.655268,On or near Shopping Area,E01023860,Watford 009B,Local resolution
09154abf5a2777ffb7359f3faf94539f736fd5b99c37f6d9d2a91bd3b1d0d85d,2018-08,Hertfordshire Constabulary,Hertfordshire Constabulary,-0.100273,51.795737,On or near HALLEYS RIDGE,E01023489,East Hertfordshire 015C,Unable to prosecute suspect
fad4aaea5ae7a1cbc5d20c135834b8efaf6d2828452193092a814396436d08b2,2018-08,Hertfordshire Constabulary,Hertfordshire Constabulary,-0.566948,51.761970,On or near Supermarket,E01023361,Dacorum 009A,Investigation complete; no suspect identified
e2bee37ab0caa75a17f67ed9ea11be7ef71751f4204ed6d88d67fe0c31a516ca,2018-08,Hertfordshire Constabulary,Hertfordshire Constabulary,-0.205983,51.970420,On or near RADBURN WAY,E01023640,North Hertfordshire 009B,Formal action is not in the public interest
a78ae398593a741ddb4072a1f58c0e418a50a2358cff6753fef31076c96ab626,2018-08,Hertfordshire Constabulary,Hertfordshire Constabulary,0.151473,51.862134,On or near BRITANNIA PLACE,E01023445,East Hertfordshire 007C,Unable to prosecute suspect
8728e9181f27c837259a743e6bfa86e56e113cbbec465a8361301927f81e34e1,2018-08,Hertfordshire Constabulary,Hertfordshire Constabulary,-0.414503,51.649079,On or near TOLPITS CLOSE,E01023867,Watford 011E,Investigation complete; no suspect identified
20d00f9094f470f16099136679082f0f18b1f2f15f6affd147587189712261f0,2018-08,Hertfordshire Constabulary,Hertfordshire Constabulary,-0.189056,51.903846,On or near LINKWAYS EAST,E01023757,Stevenage 008C,Unable to prosecute suspect
f3587b97c7838a8ea92c7f1a4b9ccce81e8f82c4ea855296c07d5a9e27360964,2018-08,Hertfordshire Constabulary,Hertfordshire Constabulary,-0.336097,51.754882,On or near ST PETER'S STREET,E01023676,St Albans 011D,Unable to prosecute suspect
25703bd6a8ae0d7331f397d909cbda152ac422f1a0895e6f7bcd608f9f7e14f2,2018-08,Hertfordshire Constabulary,Hertfordshire Constabulary,-0.294808,51.956472,On or near MOSS WAY,E01023612,North Hertfordshire 012B,Unable to prosecute suspect
d2944d2f638103664189f3961e237bf720e7939b0516004fe750ead9cc1652dc,2018-08,Hertfordshire Constabulary,Hertfordshire Constabulary,0.161493,51.871194,On or near A1250,E01023450,East Hertfordshire 004B,Investigation complete; no suspect identified
f9a57111efd5d4c4491d9973bfea5eac970d51d6feb07a6da6d6b7e48df02f59,2018-08,Hertfordshire Constabulary,Hertfordshire Constabulary,-0.345244,51.721067,On or near BROOMFIELD,E01023718,St Albans 019A,Investigation complete; no suspect identified
2f5815adf4e7bc8873c19fcc92b722d0bdd68317a74249cb7bb57033aba158f0,2018-08,Hertfordshire Constabulary,Hertfordshire Constabulary,-0.459401,51.775536,On or near ARGYLL ROAD,E01023394,Dacorum 007B,Unable to prosecute suspect
3ccf5a834456e57813f3fa0e785b2dd50f425882c1ad995acc047efb25b4b7c9,2018-08,Hertfordshire Constabulary,Hertfordshire Constabulary,-0.292594,51.806573,On or near ALLEN CLOSE,E01023746,St Albans 004A,Action to be taken by another organisation
e9ed0475b02da3c3e618749fdc3b8acae5e0cc0a74911c5f246a3051340bd242,2018-08,Hertfordshire Constabulary,Hertfordshire Constabulary,-0.345404,51.808641,On or near MARLBOROUGH PARK,E01023703,St Albans 003E,Investigation complete; no suspect identified
f0758a195373bb815374704a8a93add1af8e61a6d25ec0f24fe79a855747302b,2018-08,Hertfordshire Constabulary,Hertfordshire Constabulary,-0.267931,51.755192,On or near Petrol Station,E01023680,St Albans 015D,Investigation complete; no suspect identified
9b09db276b77d4bcf984c4d68bf7ccfc6fd288f312ce60b3d7145391258dca79,2018-08,Hertfordshire Constabulary,Hertfordshire Constabulary,-0.576126,51.765021,On or near NASH CLOSE,E01023370,Dacorum 012B,Unable to prosecute suspect
15889531f8945f3f1eb116c53913080ee52006523dce374128b48ad247947dfc,2018-08,Hertfordshire Constabulary,Hertfordshire Constabulary,-0.414478,51.707760,On or near BREAKSPEAR COURT,E01023802,Three Rivers 001A,Unable to prosecute suspect
cd59beb050f5f36616424abf2d8d3ab0921f6f6793a189f6d31b214874fed695,2018-08,Hertfordshire Constabulary,Hertfordshire Constabulary,-0.367459,51.644864,On or near RECTORY LANE,E01023563,Hertsmere 012F,Unable to prosecute suspect
0a0b1ba1a11eb5e5d63243cbee6fb0ee06e82b4e457bd320d4baebf0692a9bec,2018-08,Hertfordshire Constabulary,Hertfordshire Constabulary,-0.404716,51.673395,On or near BRIGHTON ROAD,E01023869,Watford 004B,Unable to prosecute suspect
52f830ba6b5cba6efa48c147de1dfce2d02f78993084ae96036abf1dee4f7050,2018-08,Hertfordshire Constabulary,Hertfordshire Constabulary,-0.253023,51.658612,On or near Petrol Station,E01023546,Hertsmere 009C,Suspect charged
dde1a8b27a265ff7a6c806202055a42fe756a1896c8bf0798e501b156d69ae5f,2018-08,Hertfordshire Constabulary,Hertfordshire Constabulary,-0.279515,51.955638,On or near LANCASTER ROAD,E01023602,North Hertfordshire 010B,Investigation complete; no suspect identified
02589f0520ebb0872628a2113d854f5b06bc0713541f95b38a3260af2aedbc42,2018-08,Hertfordshire Constabulary,Hertfordshire Constabulary,-0.310570,51.751344,On or near SUTTON ROAD,E01023674,St Albans 011B,Investigation complete; no suspect identified
bb0876e513e03371338700c22c5d6b9582327bc6eb2edb1d854029da6e12ea59,2018-08,Hertfordshire Constabulary,Hertfordshire Constabulary,-0.545595,51.728851,On or near Airport/Airfield,E01023377,Dacorum 021E,Investigation complete; no suspect identified
7cba2a0ba547a77ec57a62bc0423ec692aa0f06345910dc22f3f5e73373c3f8c,2018-08,Hertfordshire Constabulary,Hertfordshire Constabulary,-0.079036,51.795887,On or near MILLERS YARD,E01023478,East Hertfordshire 017D,Offender given penalty notice
fb0350bd123e0f6106eb0a3280d73103cdcbfeaf285e8cdedb13199051a23f3b,2018-08,Hertfordshire Constabulary,Hertfordshire Constabulary,-0.427348,51.755644,On or near Petrol Station,E01023409,Dacorum 017A,Investigation complete; no suspect identified
880e4558fa69a52253161b3c422e6ccc5cc1dcd351469b9ab747bce790eaf0ed,2018-08,Hertfordshire Constabulary,Hertfordshire Constabulary,-0.035993,51.710063,On or near WOOLPACK COURT,E01023303,Broxbourne 008B,Unable to prosecute suspect
21276df22389fcce1143f5eee4a045578c93dfec7ada0f4a07d6b6a6b7cb6b15,2018-08,Hertfordshire Constabulary,Hertfordshire Constabulary,-0.034030,51.686569,On or near SWAN ROAD,E01023337,Broxbourne 013B,Investigation complete; no suspect identified
cd54bcacedc1e2c5a5043b284ec74df319c2c85186835198ba6f746a1ac1844e,2018-08,Hertfordshire Constabulary,Hertfordshire Constabulary,-0.195190,51.791712,On or near Supermarket,E01023957,Welwyn Hatfield 007D,Investigation complete; no suspect identified
97006ee7a5d6578a68f28e0dc21e917f24c01b5d852065ba6e00db130518f560,2018-08,Hertfordshire Constabulary,Hertfordshire Constabulary,-0.237721,51.775695,On or near GORSEWAY,E01033310,Welwyn Hatfield 002E,Unable to prosecute suspect
238ca1bcb7729ea94ef58d88fc8b2d2e5f3e42003a4e5c1fb077a6300f21d9c0,2018-08,Hertfordshire Constabulary,Hertfordshire Constabulary,-0.325093,51.820843,On or near VALLEY RISE,E01023749,St Albans 004D,Offender given a drugs possession warning
5b2ed5d4562900936b60380ff3dcfe4671cf574f4b2b46366bbb2383e877fe44,2018-08,Hertfordshire Constabulary,Hertfordshire Constabulary,-0.223389,51.795153,On or near BROADFIELD PLACE,E01023919,Welwyn Hatfield 006D,Action to be taken by another organisation
93a60a85cd229329130f72b9ea3da16704c644f0f44ac5db6e545f5efc1d9dba,2018-08,Hertfordshire Constabulary,Hertfordshire Constabulary,-0.203651,51.705724,On or near CRANBOURNE AVENUE,E01023570,Hertsmere 002D,Investigation complete; no suspect identified
4099cc2b18fa440186fbb4d49527fa082fc76c737abb393772deb788ab543ac2,2018-08,Hertfordshire Constabulary,Hertfordshire Constabulary,-0.302639,51.641688,On or near BEETHOVEN ROAD,E01023564,Hertsmere 010B,Offender given a caution
126b2d7f9ac6531c036658efae3b067f26102f296b6ad70d288289e2797277a2,2018-08,Hertfordshire Constabulary,Hertfordshire Constabulary,-0.189514,51.804186,On or near BROWNFIELDS,E01023912,Welwyn Hatfield 004A,Investigation complete; no suspect identified
1d7a91bda1e18c496078b254450f7737943c13edf8683107f79da725bd3d0196,2018-08,Hertfordshire Constabulary,Hertfordshire Constabulary,-0.263245,51.655967,On or near BULLHEAD ROAD,E01023541,Hertsmere 011C,Unable to prosecute suspect
a92ae41a58cbbbb940c4ff92710fc0b2716ecf54820a261e3b7528e0ff24d28d,2018-08,Hertfordshire Constabulary,Hertfordshire Constabulary,-0.646207,51.782888,On or near UPPER TRING PARK,E01023422,Dacorum 004C,Local resolution
224f5bd20e6f216add7170127208fd545a37bc70013a6f006e092b69db98b957,2018-08,Hertfordshire Constabulary,Hertfordshire Constabulary,-0.181298,51.797486,On or near RIDGEWAY,E01023912,Welwyn Hatfield 004A,Unable to prosecute suspect
02c9cbe2d1fcfd55fb1a9161d7de1e93669783308422e5b2459956d2d7e22c33,2018-08,Hertfordshire Constabulary,Hertfordshire Constabulary,-0.290691,51.955280,On or near REDHILL ROAD,E01023612,North Hertfordshire 012B,Unable to prosecute suspect
dba265edd70f5b172e175b2068e8fc961d1d3e9a6eaa95dc015822991e89e406,2018-08,Hertfordshire Constabulary,Hertfordshire Constabulary,-0.170565,51.795737,On or near YEW GROVE,E01023953,Welwyn Hatfield 005D,Unable to prosecute suspect
99eb70afec9e6dc4a61c911ba4b85526fd8348d694ac0abd980bf8e9397db2a5,2018-08,Hertfordshire Constabulary,Hertfordshire Constabulary,-0.227088,51.763674,On or near Supermarket,E01023920,Welwyn Hatfield 012A,Investigation complete; no suspect identified
0a4a0055534a14277494c6ea4b3579dad4704e5a7ad42bef52f693dfd18a5ff6,2018-08,Hertfordshire Constabulary,Hertfordshire Constabulary,-0.417860,51.667225,On or near LANGLEY WAY,E01023887,Watford 008B,Unable to prosecute suspect
58fd2a5f4a087061a0355126f7b2e599cf2582e50474fae23830272e7a28fc03,2018-08,Hertfordshire Constabulary,Hertfordshire Constabulary,-0.468056,51.639233,On or near Theatre/Concert Hall,E01023851,Three Rivers 004D,Unable to prosecute suspect
743546fbdfab736ade6382514929ba2160fbc902f515ed7db54aa2658a5a828f,2018-08,Hertfordshire Constabulary,Hertfordshire Constabulary,-0.472888,51.640797,On or near Pedestrian Subway,E01023851,Three Rivers 004D,Local resolution
390b77c43d6e650d6378dd26f3a2c42dfdc9204110fda16a76cc15fab20e8892,2018-08,Hertfordshire Constabulary,Hertfordshire Constabulary,-0.194791,51.789358,On or near LEIGH COMMON,E01023939,Welwyn Hatfield 009A,Investigation complete; no suspect identified
9078c6cfd18721890f6da250756e443749105cb5cc3af9542a741863bfb7cbc8,2018-08,Hertfordshire Constabulary,Hertfordshire Constabulary,-0.504641,51.756203,On or near NEWLANDS ROAD,E01023385,Dacorum 016C,Unable to prosecute suspect
c8fc2e599a08f1bb4d4cc00bf41dd49f52c4d542a8d0ed83d73bf417b338a353,2018-08,Hertfordshire Constabulary,Hertfordshire Constabulary,-0.446653,51.737719,On or near MARKET OAK LANE,E01023415,Dacorum 020F,Unable to prosecute suspect
4653ea76413c22141b9128eb118e415a5a0d3a3cbf7447d1c0e0b3a968c16cf2,2018-08,Hertfordshire Constabulary,Hertfordshire Constabulary,-0.407128,51.685864,On or near HEMMING WAY,E01023891,Watford 002B,Unable to prosecute suspect
fc2359caf9eb76250eaf6d6a345c1faba29ae54b1e296ec371589d3371fcf6e9,2018-08,Hertfordshire Constabulary,Hertfordshire Constabulary,-0.402622,51.691378,On or near GREENWOOD DRIVE,E01023906,Watford 001C,Suspect charged
b82922562ce850de11a1f8f68a0d5b169266e4d98fb47120b3c0dfad0fa290e9,2018-08,Hertfordshire Constabulary,Hertfordshire Constabulary,-0.570140,51.763195,On or near ST JOHN'S WELL COURT,E01023361,Dacorum 009A,Unable to prosecute suspect
9144db1cb97c28f935482b9dc7a187cb98092667d3fa67d822ad735ef8b5af6f,2018-08,Hertfordshire Constabulary,Hertfordshire Constabulary,-0.320587,51.755093,On or near CLARENCE ROAD,E01023675,St Albans 011C,Unable to prosecute suspect
61aa12b62123ecb16d61f5de896abf8bb157dcde58f4578be12c5539d70211d4,2018-08,Hertfordshire Constabulary,Hertfordshire Constabulary,-0.331525,51.679986,On or near MARTINS CLOSE,E01023527,Hertsmere 005E,Unable to prosecute suspect
ad988bf19dd161f3c1e085e4886d3efca45f41194b65c74af8241807fb1874b2,2018-08,Hertfordshire Constabulary,Hertfordshire Constabulary,-0.168950,51.892457,On or near Supermarket,E01023793,Stevenage 010C,Unable to prosecute suspect
75bbe12e233b918a2a71eb29f474f2a661496a24ba1e2db3384e3076e3beadb5,2018-08,Hertfordshire Constabulary,Hertfordshire Constabulary,-0.449340,51.748077,On or near KEITHS ROAD,E01023357,Dacorum 020A,Unable to prosecute suspect
5b554e7dcec3fae1b3c0064f8d2ff53a7772579e8f67ce3a4f81b80a9859bedf,2018-08,Hertfordshire Constabulary,Hertfordshire Constabulary,-0.385267,51.690799,On or near Bus/Coach Station,E01023877,Watford 003E,Unable to prosecute suspect
972eb19d6d5d97bc7ad0ad3172bd9b485b96867c5c113e7d1ef78dd76646c040,2018-08,Hertfordshire Constabulary,Hertfordshire Constabulary,0.160076,51.873451,On or near Parking Area,E01023450,East Hertfordshire 004B,Investigation complete; no suspect identified
0cf5916f3aa3e3adaed055bc385c51aca5283caf4abd962eb4cb2a8a90d2b52d,2018-08,Hertfordshire Constabulary,Hertfordshire Constabulary,-0.036124,51.719076,On or near Shopping Area,E01023305,Broxbourne 008D,Investigation complete; no suspect identified
3171c71a68676a74422f5f9f639960fe950082eece267841221edeaae13c833b,2018-08,Hertfordshire Constabulary,Hertfordshire Constabulary,-0.037088,51.815768,On or near CANONS ROAD,E01023517,East Hertfordshire 013E,Unable to prosecute suspect
200bb8af678d677c3e313a452fb162847874fff1c4779776fd0eecce52907641,2018-08,Hertfordshire Constabulary,Hertfordshire Constabulary,-0.541368,51.724753,On or near Prison,E01023373,Dacorum 021A,Investigation complete; no suspect identified
8605ce9bc234422f7ae5574a638c3f994866381aaac33ac01ddc821eae978fbb,2018-08,Hertfordshire Constabulary,Hertfordshire Constabulary,-0.056989,51.953687,On or near COTTERED ROAD,E01023494,East Hertfordshire 002B,Investigation complete; no suspect identified
8828f71354fa3b066190ad44917302f5ef1079b93dbbf37ad2dc40d9586353d1,2018-08,Hertfordshire Constabulary,Hertfordshire Constabulary,-0.403018,51.666152,On or near PARK ROAD,E01023880,Watford 007C,Unable to prosecute suspect
642d4e3cda716b99c009e56cfb3406c51ed7ec65d7cc51b731350dd3371b6cd4,2018-08,Hertfordshire Constabulary,Hertfordshire Constabulary,-0.236296,51.749407,On or near HAWTHORNES,E01023937,Welwyn Hatfield 013E,Investigation complete; no suspect identified
dee3ae5dbb79b06e49cfcecc091daa25d7b7f47bdfdd4b41a9c39e0aff35b514,2018-08,Hertfordshire Constabulary,Hertfordshire Constabulary,-0.013877,51.799849,On or near BLACK SMITHS CLOSE,E01023468,East Hertfordshire 018A,Investigation complete; no suspect identified
c119a24892070812b3215bc2c88559c79b06673301b998e0437b61a9ac4169ee,2018-08,Hertfordshire Constabulary,Hertfordshire Constabulary,-0.267583,51.652542,On or near WOODLANDS CLOSE,E01023540,Hertsmere 011B,Unable to prosecute suspect
abf0c2749a404d3b3ff50b1dd6822d7ceaf101a8e1c4fca4ce40833609488410,2018-08,Hertfordshire Constabulary,Hertfordshire Constabulary,-0.220995,51.981762,On or near BIRDS HILL,E01023634,North Hertfordshire 006E,Action to be taken by another organisation
06840d3e232a48828dcc8c43aa40d0285f3bb3aaa6da58b3f42176ccae0f79a5,2018-08,Hertfordshire Constabulary,Hertfordshire Constabulary,0.166731,51.874389,On or near KINGSBRIDGE ROAD,E01023451,East Hertfordshire 004C,Investigation complete; no suspect identified
30c952cb39be04cbe11fff9e181e21caf30801616476fdfa9728eb868dd8e093,2018-08,Hertfordshire Constabulary,Hertfordshire Constabulary,-0.013120,51.760647,On or near Parking Area,E01023320,Broxbourne 003A,Unable to prosecute suspect
952f6fabda967ddc89b5b1c9959b229051b3beea95e712d026e7ca14cae4426d,2018-08,Hertfordshire Constabulary,Hertfordshire Constabulary,-0.202790,51.901746,On or near Bus/Coach Station,E01023758,Stevenage 008D,Investigation complete; no suspect identified
2aa2d0e4cea10b26d05b87dd47369b0263c4ff7e34297e0b9efc9c47a724e399,2018-08,Hertfordshire Constabulary,Hertfordshire Constabulary,-0.079036,51.795887,On or near MILLERS YARD,E01023478,East Hertfordshire 017D,Unable to prosecute suspect
d0c2f7e058c0056b61887a2929ecc84320c3ea539539756dd00b67c3ecfb4cf1,2018-08,Hertfordshire Constabulary,Hertfordshire Constabulary,0.164871,51.857428,On or near BURLEY ROAD,E01023458,East Hertfordshire 008C,Unable to prosecute suspect
f0db6d5bf3bb89bd80348e11317fe49648a552eaf32954bb3d733707bdd356bb,2018-08,Hertfordshire Constabulary,Hertfordshire Constabulary,0.164871,51.857428,On or near BURLEY ROAD,E01023458,East Hertfordshire 008C,Unable to prosecute suspect
34a2292231c46644c72fc9f001fdbb83a51e730f5b6140b50905da75be12fbb9,2018-08,Hertfordshire Constabulary,Hertfordshire Constabulary,-0.219580,51.703646,On or near WARRENGATE LANE,E01023567,Hertsmere 002A,Unable to prosecute suspect
a8e6dcfa6a90e8b8f1dd40fd3d8c6eecbb6bfa86b138d2d2dec75c8d5ada7e3a,2018-08,Hertfordshire Constabulary,Hertfordshire Constabulary,0.188575,51.873661,On or near WOODSIDE,E01023440,East Hertfordshire 005C,Investigation complete; no suspect identified
83a9160478be8cf52231f2d60c313c8059b15a5cfbd3b37019ec4f0cca53995c,2018-08,Hertfordshire Constabulary,Hertfordshire Constabulary,-0.184692,51.899607,On or near TWINWOODS,E01023756,Stevenage 008B,Unable to prosecute suspect
16e6f0606a6295ffd2545a0914668f23e23a9fe5eb85c953782ede572c1f6f93,2018-08,Hertfordshire Constabulary,Hertfordshire Constabulary,-0.180722,51.799554,On or near HALL BARNS,E01023944,Welwyn Hatfield 008B,Unable to prosecute suspect
237ed0effa82680a46001ba7bda099e63894d39a096fb4319b0aae843ed028b1,2018-08,Hertfordshire Constabulary,Hertfordshire Constabulary,-0.201314,51.701884,On or near CRANBORNE CRESCENT,E01023570,Hertsmere 002D,Unable to prosecute suspect
d90b1f71672d871af674a8e44b2bc1bdbd07c0168833f90b86115f9fb71b0dd5,2018-08,Hertfordshire Constabulary,Hertfordshire Constabulary,-0.079036,51.795887,On or near MILLERS YARD,E01023478,East Hertfordshire 017D,Investigation complete; no suspect identified
d940cf519a26f5749efa5184b853749dcc1cb48e548a31fdeac790166b642dc4,2018-08,Hertfordshire Constabulary,Hertfordshire Constabulary,-0.446630,51.744310,On or near FLATFIELD ROAD,E01023358,Dacorum 020B,Unable to prosecute suspect
e42ce7fb3f0a699aa44b807370e35204d447d0c92d0f0c957c260f53b331484c,2018-08,Hertfordshire Constabulary,Hertfordshire Constabulary,-0.349323,51.741832,On or near ST STEPHEN'S HILL,E01023743,St Albans 014B,Unable to prosecute suspect
2bd98706a131b8df246d9bdd3ca7f4c8b11e25b0f3fc94bafd36c21b83527c2b,2018-08,Hertfordshire Constabulary,Hertfordshire Constabulary,-0.028910,51.685872,On or near Pedestrian Subway,E01023337,Broxbourne 013B,Action to be taken by another organisation
14b50af0198cfdc2e2eb5fc3221a9dfa9484db81612d2d6736b6d5a6876c06bc,2018-08,Hertfordshire Constabulary,Hertfordshire Constabulary,-0.328478,51.685347,On or near ABBEY VIEW,E01023526,Hertsmere 005D,Unable to prosecute suspect
7a12de54fb4032b1408e5da2aa5f4a6762705328b8d1b6f928033c79b69d7f9d,2018-08,Hertfordshire Constabulary,Hertfordshire Constabulary,-0.243235,51.979048,On or near ABBOTTS ROAD,E01023650,North Hertfordshire 007B,Action to be taken by another organisation
d95f5a08b9212d4fc291d471a5200a6142139c6a67035763f670db0f3c33a457,2018-08,Hertfordshire Constabulary,Hertfordshire Constabulary,-0.077499,51.796572,On or near SALISBURY SQUARE,E01023478,East Hertfordshire 017D,Investigation complete; no suspect identified
75c60452c27cc9bc5e084c850d62f62ced6d7dfbad5c5e1dcb144bea34d4eab0,2018-08,Hertfordshire Constabulary,Hertfordshire Constabulary,-0.187813,51.977677,On or near ASHTON'S LANE,E01023593,North Hertfordshire 004G,Unable to prosecute suspect
952c9f9b79bdb712c613cdec788079e8fabb9fc2377f0021b58a659a6f433bf4,2018-08,Hertfordshire Constabulary,Hertfordshire Constabulary,-0.393457,51.656831,On or near LORD STREET,E01023859,Watford 009A,Unable to prosecute suspect
649efb0e9c6b44d323126e88e442dc3e780261b92af8576dce4c3c848ab31b50,2018-08,Hertfordshire Constabulary,Hertfordshire Constabulary,-0.197168,51.797740,On or near PEARTREE CLOSE,E01023954,Welwyn Hatfield 007A,Investigation complete; no suspect identified
dc339e2abda21eab37af7826090ac81e86ee3d9a51debc2782a3de7fdf192442,2018-08,Hertfordshire Constabulary,Hertfordshire Constabulary,-0.177313,51.879000,On or near THE GLYNDE,E01023785,Stevenage 011C,Investigation complete; no suspect identified
ebe7c9d185696a231c29985dddb0fedaae7de0c8e6caf3ab9e4fd37002cd9865,2018-08,Hertfordshire Constabulary,Hertfordshire Constabulary,-0.223681,51.764090,On or near Pedestrian Subway,E01023924,Welwyn Hatfield 011A,Unable to prosecute suspect
de651f6589639401fd0088be013c745045a32db3d3c4a9d85f328732bab5c90f,2018-08,Hertfordshire Constabulary,Hertfordshire Constabulary,-0.516882,51.621669,On or near BEECHEN WOOD,E01023838,Three Rivers 009D,Further investigation is not in the public interest
1932159bd380008f111ba31b2f7b67fc8c85fee25b4740a386aee52d5a3cf10e,2018-08,Hertfordshire Constabulary,Hertfordshire Constabulary,-0.028316,51.684558,On or near Sports/Recreation Area,E01023337,Broxbourne 013B,Investigation complete; no suspect identified
ef1e699018995949743de5374d921fc35741f434e062a724283173930ae0b26a,2018-08,Hertfordshire Constabulary,Hertfordshire Constabulary,-0.190304,51.923441,On or near GUILDFORD CLOSE,E01023799,Stevenage 002D,Unable to prosecute suspect
d7d14c09bd3e45d65ec098aa2bfcbf9e7932d2619f89fe7d92120c055cdd17fe,2018-08,Hertfordshire Constabulary,Hertfordshire Constabulary,-0.296476,51.752453,On or near WYNCHES FARM DRIVE,E01023664,St Albans 013A,Investigation complete; no suspect identified
75561c4030560cb650b13cd147b9ff4c7523fb4ab08f899ca24df663053669c2,2018-08,Hertfordshire Constabulary,Hertfordshire Constabulary,-0.198505,51.800224,On or near HYDE WAY,E01023954,Welwyn Hatfield 007A,Unable to prosecute suspect
8d4adfd33adace3cef229bdb8637231ca66c0c6808979ae1589e85fe8b7dec98,2018-08,Hertfordshire Constabulary,Hertfordshire Constabulary,-0.197256,51.900546,On or near PENN ROAD,E01023758,Stevenage 008D,Offender given a drugs possession warning
fb9f47d8572159510622d1eec395132290481b550d434f6d76036e7d65ff7b4b,2018-08,Hertfordshire Constabulary,Hertfordshire Constabulary,-0.040863,51.814689,On or near FANSHAWE CRESCENT,E01023515,East Hertfordshire 013C,Unable to prosecute suspect
31057b68663078bf26dfd1a78cc337c57c8d27fcfd38a6dc879a8f71f56ae2ae,2018-08,Hertfordshire Constabulary,Hertfordshire Constabulary,-0.470521,51.639409,On or near NORTHWAY,E01023850,Three Rivers 007C,Offender given a caution
afbe4ec2bb3cfc18b2ec13d501ffd14065c70e9b728a49b65e40f802c290c216,2018-08,Hertfordshire Constabulary,Hertfordshire Constabulary,-0.163197,51.874932,On or near STIRLING CLOSE,E01023764,Stevenage 012B,Unable to prosecute suspect
f103a060ddc15ba8d6c91e8b9438493460ac4bad9f0ca1e297f4b14a1f8274d8,2018-08,Hertfordshire Constabulary,Hertfordshire Constabulary,-0.418259,51.651197,On or near WHIPPENDELL ROAD,E01023867,Watford 011E,Unable to prosecute suspect
012a08e43c19c92f5107a3d3ae7766e12d5cbec98b39f15e851d19a497415f9a,2018-08,Hertfordshire Constabulary,Hertfordshire Constabulary,-0.195190,51.791712,On or near Supermarket,E01023957,Welwyn Hatfield 007D,Investigation complete; no suspect identified
ab9d4cee2b88ba6ca9557a53acd2402f61a01eae32215f357d88f578ff280161,2018-08,Hertfordshire Constabulary,Hertfordshire Constabulary,0.154140,51.865961,On or near FIRLANDS,E01023447,East Hertfordshire 007E,Unable to prosecute suspect
1f8b6f97e5ec8b5e7915405026a3bf0a987b65d7fe7aaa8e1ad00e3d4d2de919,2018-08,Hertfordshire Constabulary,Hertfordshire Constabulary,-0.297016,51.751175,On or near CEDARWOOD DRIVE,E01023664,St Albans 013A,Unable to prosecute suspect
5374b0a74705c03f38a18faccd20a24840c5f885134c4282ec915aac09d13561,2018-08,Hertfordshire Constabulary,Hertfordshire Constabulary,-0.395567,51.623284,On or near MOORTOWN ROAD,E01023842,Three Rivers 012B,Unable to prosecute suspect
257ba838ec2ad0ef1e927c0e0d43c9d57cbb65527fcd287b513539dbae1348be,2018-08,Hertfordshire Constabulary,Hertfordshire Constabulary,-0.402622,51.691378,On or near GREENWOOD DRIVE,E01023906,Watford 001C,Suspect charged
15a37fb9a7bed6dd38229638ea917492a7c529b50048218330100ecb95256eb0,2018-08,Hertfordshire Constabulary,Hertfordshire Constabulary,-0.514513,51.649532,On or near CLEMENTS ROAD,E01023816,Three Rivers 005B,Investigation complete; no suspect identified
9d464ca9b0ca61b3ee0fb785a5adc15aefe41a28a09f4dcd6cc61c9304a0d6b1,2018-08,Hertfordshire Constabulary,Hertfordshire Constabulary,-0.290733,51.751057,On or near HATHAWAY COURT,E01023680,St Albans 015D,Investigation complete; no suspect identified
fe8d0b8281240cb09ed574ac2792a0eb5605c3074810f9bfffe998bf5b7d8ea3,2018-08,Hertfordshire Constabulary,Hertfordshire Constabulary,-0.187639,51.922078,On or near YORK ROAD,E01023788,Stevenage 001B,Offender given penalty notice
1dae7b0c09cde935363b06c52c6d9a862eee0c8ac1cc1016da0bc1a1c26ff6e3,2018-08,Hertfordshire Constabulary,Hertfordshire Constabulary,-0.471974,51.757770,On or near QUEENSWAY,E01023400,Dacorum 015E,Unable to prosecute suspect
2ca5879e5f50088be7aa1b28dcf25f92cf250c57de3552af984bb7990cecb4ed,2018-08,Hertfordshire Constabulary,Hertfordshire Constabulary,-0.382035,51.647512,On or near THE LARCHES,E01023884,Watford 012C,Unable to prosecute suspect
b8b8e9ceeb14ce269a884f661413024ce7d44d87de5990f5e72111ffea38b18a,2018-08,Hertfordshire Constabulary,Hertfordshire Constabulary,-0.443857,51.651683,On or near WINCHESTER WAY,E01023822,Three Rivers 006D,Action to be taken by another organisation
b1abc48f59ca72d23a65894e9a13c2d21be93013d3a88fdb14f696ca0a1cd014,2018-08,Hertfordshire Constabulary,Hertfordshire Constabulary,-0.234947,51.748344,On or near Parking Area,E01023937,Welwyn Hatfield 013E,Unable to prosecute suspect
5e588e08f707a3a9562d290ab377a12df1471fd2bc9b91f3899d2dec946a6a49,2018-08,Hertfordshire Constabulary,Hertfordshire Constabulary,-0.235450,51.763305,On or near DE HAVILLAND CLOSE,E01023921,Welwyn Hatfield 012B,Local resolution
da2e1a86ea82bd19de4628240b279e0226681042301487436c881dff4066b913,2018-08,Hertfordshire Constabulary,Hertfordshire Constabulary,-0.323865,51.682179,On or near GILLS HOLLOW,E01023525,Hertsmere 005C,Investigation complete; no suspect identified
a7710a6a02f4bb55d1820b9165157a271c10932f5a9ca8b8a4425b9943cc3ab8,2018-08,Hertfordshire Constabulary,Hertfordshire Constabulary,-0.116023,51.856238,On or near GLEBE CLOSE,E01033609,East Hertfordshire 010E,Offender given a caution
ed5ba27c8684e12f04c7ef65b4e848db5a9351afa83db3a0e087826c1cb03261,2018-08,Hertfordshire Constabulary,Hertfordshire Constabulary,-0.401540,51.704446,On or near WOODSIDE ROAD,E01023832,Three Rivers 002C,Unable to prosecute suspect
f33545bc8e3abf1bcdb5dcb06722b74d14af5fa2c1c68e8e3b1a12ee6df7c315,2018-08,Hertfordshire Constabulary,Hertfordshire Constabulary,-0.030653,51.685713,On or near ELEANOR CROSS ROAD,E01023337,Broxbourne 013B,Investigation complete; no suspect identified
a1abd2aaa9bd02936ffa48e2dd81fbea93161ac60e732bba83827abea8418102,2018-08,Hertfordshire Constabulary,Hertfordshire Constabulary,-0.453778,51.747075,On or near ST ALBANS HILL,E01023357,Dacorum 020A,Unable to prosecute suspect
79e60457c4558cf594de55cafedff4ef9d433591bbafb348cf1d895c187dcf1e,2018-08,Hertfordshire Constabulary,Hertfordshire Constabulary,-0.312520,51.743342,On or near CELL BARNES LANE,E01023683,St Albans 016C,Unable to prosecute suspect
b594e5cf484e7f6a14c9fa9fd794ff7454e31e69746e52d967093ef6d3de1fe8,2018-08,Hertfordshire Constabulary,Hertfordshire Constabulary,-0.337209,51.767999,On or near NICHOLAS CLOSE,E01023672,St Albans 009D,Unable to prosecute suspect
41d5c5422f6c0546e40dcda36eb1eb808752e374453341f3c8fc8d4c86652d1f,2018-08,Hertfordshire Constabulary,Hertfordshire Constabulary,-0.498092,51.741778,On or near BOX LANE,E01023378,Dacorum 021F,Unable to prosecute suspect
fe4359d7aca7d033dcb0e3ac30085996071eba1e7b4ef0e17b3e2038f339f5fa,2018-08,Hertfordshire Constabulary,Hertfordshire Constabulary,-0.259685,51.946454,On or near HENSLEY CLOSE,E01023610,North Hertfordshire 013E,Action to be taken by another organisation
cec8e1b99786bb4870c23d43f731266aa0df10ac318fc7acbb83fc084ce498b3,2018-08,Hertfordshire Constabulary,Hertfordshire Constabulary,-0.404716,51.685337,On or near RUSHTON AVENUE,E01023891,Watford 002B,Unable to prosecute suspect
e96f7dad29c474c4d5b9668084ac6c9e3904d677bf0f0cd976b28ec4c9f72b34,2018-08,Hertfordshire Constabulary,Hertfordshire Constabulary,-0.395722,51.644292,On or near BLACKWELL DRIVE,E01023883,Watford 012B,Unable to prosecute suspect
bb32497efbda04aafc726d6265590d0ae1a85c997656fda9004bb3b73283e32c,2018-08,Hertfordshire Constabulary,Hertfordshire Constabulary,-0.448631,51.643528,On or near FRANKLAND CLOSE,E01023826,Three Rivers 006F,Unable to prosecute suspect
69591d4276c2cca514cdca856b9b3df483ca9c448bf907142dc51f3b4157e17d,2018-08,Hertfordshire Constabulary,Hertfordshire Constabulary,-0.435661,51.694088,On or near WHARF WAY,E01023831,Three Rivers 003C,Investigation complete; no suspect identified
b452b17a7d508aea417f0cc2d7174e74b1b99c81c9ac51555ac227447adbab0f,2018-08,Hertfordshire Constabulary,Hertfordshire Constabulary,-0.375029,51.625178,On or near Park/Open Space,E01023810,Three Rivers 010C,Unable to prosecute suspect
4f7b8a33896b4227bc23be35b3335af6076be5bc38e5d7376e67ffc1861f9605,2018-08,Hertfordshire Constabulary,Hertfordshire Constabulary,-0.209366,51.785256,On or near ST JOSEPHS GREEN,E01023941,Welwyn Hatfield 009C,Unable to prosecute suspect
30451ba004b765c309080abf865507d73aae57cb0b024ac9b645a5a3046ae23f,2018-08,Hertfordshire Constabulary,Hertfordshire Constabulary,-0.323435,51.751348,On or near STANHOPE ROAD,E01023676,St Albans 011D,Unable to prosecute suspect
b5986ce7bbda06724a1185d1ceba970dafe6f342f50ab4ba82286b9f5f157fc3,2018-08,Hertfordshire Constabulary,Hertfordshire Constabulary,-0.061953,51.711610,On or near GRANBY PARK ROAD,E01023314,Broxbourne 009A,Investigation complete; no suspect identified
48a5bfc3d5a1b9c939808795380c9989e552245edbb6305dd8fb2692ac1712c6,2018-08,Hertfordshire Constabulary,Hertfordshire Constabulary,-0.401540,51.704446,On or near WOODSIDE ROAD,E01023832,Three Rivers 002C,Unable to prosecute suspect
452946bd8ea239ac3e49e952c54b2eea6f0e117172cd6a7bb84433ee13d75fd8,2018-08,Hertfordshire Constabulary,Hertfordshire Constabulary,-0.101513,51.800406,On or near Supermarket,E01023487,East Hertfordshire 015A,Suspect charged
f203e2e774d734e3ad71c87586b0ccbf52577e6d6d0e8e847de649958c4bb1c3,2018-08,Hertfordshire Constabulary,Hertfordshire Constabulary,-0.663302,51.797992,On or near EIGHT ACRES,E01023418,Dacorum 003A,Investigation complete; no suspect identified
b530c683b36a0f688b2092fd0e48e627baf6d6026231948991d4752142ca4080,2018-08,Hertfordshire Constabulary,Hertfordshire Constabulary,-0.215849,51.925809,On or near Parking Area,E01023800,Stevenage 002E,Unable to prosecute suspect
326499cbd9644507ce51f21bc79eea13483e9db381e7a32b807670e2b0f52008,2018-08,Hertfordshire Constabulary,Hertfordshire Constabulary,-0.230798,51.849262,On or near THE CLOSE,E01023595,North Hertfordshire 015A,Unable to prosecute suspect
432f7e4b0c1071b92ba21f0c205c8220762bcafc799f592bb52473cfec934967,2018-08,Hertfordshire Constabulary,Hertfordshire Constabulary,-0.344925,51.640943,On or near IVINGHOE ROAD,E01023549,Hertsmere 013B,Unable to prosecute suspect
977fd8c1defce737f6feca3de59102dae164b24407028135951191c651c750d8,2018-08,Hertfordshire Constabulary,Hertfordshire Constabulary,-0.219325,51.765769,On or near ST ALBANS ROAD EAST,E01023926,Welwyn Hatfield 011C,Investigation complete; no suspect identified
f21533e75b54c4c0d152f3344587273a656d2de77a7fd6598d09137211b0a642,2018-08,Hertfordshire Constabulary,Hertfordshire Constabulary,-0.219325,51.765769,On or near ST ALBANS ROAD EAST,E01023926,Welwyn Hatfield 011C,Investigation complete; no suspect identified
67e334c1cb697a8cdc5181e58564f60098ac415b3c574daddd52b791200e3e9f,2018-08,Hertfordshire Constabulary,Hertfordshire Constabulary,-0.566948,51.761970,On or near Supermarket,E01023361,Dacorum 009A,Investigation complete; no suspect identified
255f4fedb9974fc9b190b36119e9f6d8c5653845a3bb7334e3bfecb7a718b6eb,2018-08,Hertfordshire Constabulary,Hertfordshire Constabulary,-0.283501,51.647884,On or near THE RISE,E01023566,Hertsmere 010D,Investigation complete; no suspect identified
0945b8daa59b20f3411623fc5d13eb0c6f3f9d5292b08ba44bcc0a3bec71b9a0,2018-08,Hertfordshire Constabulary,Hertfordshire Constabulary,-0.381633,51.703841,On or near Park/Open Space,E01023834,Three Rivers 002E,Investigation complete; no suspect identified
10cf1600e423ece8f7e13fb467bd48327c83c2b4585f22262efb31d85cc765ee,2018-08,Hertfordshire Constabulary,Hertfordshire Constabulary,-0.300637,51.747730,On or near GREENSLEEVES CLOSE,E01023677,St Albans 015A,Investigation complete; no suspect identified
2e2fb1d33994787e50b4c7b9cb0891a6363ec33790ad92db560421b64a6c36b0,2018-08,Hertfordshire Constabulary,Hertfordshire Constabulary,-0.332975,51.753912,On or near ST PETER'S ROAD,E01023727,St Albans 012B,Unable to prosecute suspect
01e8c48815a288900b7b986acac2ec9726958f6f0dba1db9ab5872d73350613e,2018-08,Hertfordshire Constabulary,Hertfordshire Constabulary,-0.023559,51.741625,On or near SAWELLS,E01023292,Broxbourne 004D,Action to be taken by another organisation
04d53073df5cad8285ecca36dc2a9e1ca25ac49a455b7c0995d5da5cc31ed960,2018-08,Hertfordshire Constabulary,Hertfordshire Constabulary,-0.181048,51.690476,On or near ASHWOOD ROAD,E01023573,Hertsmere 003C,Unable to prosecute suspect
627948bcaab256411c7be8a30579911e75efe94c9a01bd58829142b2ba720707,2018-08,Hertfordshire Constabulary,Hertfordshire Constabulary,-0.366641,51.645105,On or near COW LANE,E01023563,Hertsmere 012F,Unable to prosecute suspect
abe4a94c768fc3dfbf23639f70e627343d117f61ba4adcf6fbe05dcfc0e6d2d0,2018-08,Hertfordshire Constabulary,Hertfordshire Constabulary,-0.012292,51.939308,On or near WINDMILL HILL,E01023464,East Hertfordshire 001B,Unable to prosecute suspect
5d8b531e1d45dcd895f2f78b108e879d1c3b0956477812d2c118b820b29dab59,2018-08,Hertfordshire Constabulary,Hertfordshire Constabulary,-0.396809,51.674088,On or near LEA ROAD,E01023857,Watford 006C,Investigation complete; no suspect identified
0a7b4a2fdf8438a089b229778f85592299aefb87b9ca81bbb0ad5e967f578c15,2018-08,Hertfordshire Constabulary,Hertfordshire Constabulary,-0.015915,51.760371,On or near ROSE VALE,E01023320,Broxbourne 003A,Unable to prosecute suspect
4f80b7c20d082b0e21ddc4c43f497f046a9cc5f1c281941ba305d819190812de,2018-08,Hertfordshire Constabulary,Hertfordshire Constabulary,0.188575,51.873661,On or near WOODSIDE,E01023440,East Hertfordshire 005C,Investigation complete; no suspect identified
135fb6771ef6cccd63b35917f500df4afedb9e627fc2e84d284899a2b6edd367,2018-08,Hertfordshire Constabulary,Hertfordshire Constabulary,-0.071448,51.800726,On or near SPENCER STREET,E01023478,East Hertfordshire 017D,Unable to prosecute suspect
6caff2bbe225423e292056f1922d6fd3cdf002c2d415ec6529d736177acff76d,2018-08,Hertfordshire Constabulary,Hertfordshire Constabulary,-0.303082,51.705664,On or near Sports/Recreation Area,E01023720,St Albans 019C,Unable to prosecute suspect
86d64abe4fdad7323c05f28233760024214540af334cc5e337f4bdeba98c580c,2018-08,Hertfordshire Constabulary,Hertfordshire Constabulary,-0.284400,51.652025,On or near ALLUM LANE,E01023565,Hertsmere 010C,Unable to prosecute suspect
14332f30334bf80e48316e33e985ba8c6e7045ad90d9d79adbf009213b1407ba,2018-08,Hertfordshire Constabulary,Hertfordshire Constabulary,-0.203646,51.813548,On or near WARREN DALE,E01023961,Welwyn Hatfield 003C,Unable to prosecute suspect
be0c25d7fdad225c05a493882bc2df2540111f62853772a4d03e310aef584385,2018-08,Hertfordshire Constabulary,Hertfordshire Constabulary,-0.403233,51.650158,On or near VICARAGE ROAD,E01023902,Watford 010D,Investigation complete; no suspect identified
d26f9bb60393640a1f1b62c8cee936262cc09339c18a9f791505e9615c6a303f,2018-08,Hertfordshire Constabulary,Hertfordshire Constabulary,-0.404472,51.649051,On or near Hospital,E01023902,Watford 010D,Investigation complete; no suspect identified
ddc78664a94bf99b8db0616dce307f6e7071a6f7ec6328ad5f314194f35740eb,2018-08,Hertfordshire Constabulary,Hertfordshire Constabulary,-0.200491,52.014108,On or near Petrol Station,E01023585,North Hertfordshire 005A,Unable to prosecute suspect
0c1a579a603d834175a8bc29cc79ad5e2f8bb723eb24a4f0967e9ef5ee6b5768,2018-08,Hertfordshire Constabulary,Hertfordshire Constabulary,-0.030548,52.058840,On or near THE QUADRANT,E01023656,North Hertfordshire 002C,Investigation complete; no suspect identified
820a5023751f4dfcbc710ce46b599aa8c091ef237227c82c2f6411017ab18228,2018-08,Hertfordshire Constabulary,Hertfordshire Constabulary,-0.172454,51.882027,On or near ELBOW LANE,E01023766,Stevenage 012D,Unable to prosecute suspect
16dd569d192161f56de43a32060f0e2990fc26283a3fa5268a98f2d190599347,2018-08,Hertfordshire Constabulary,Hertfordshire Constabulary,-0.258438,51.645582,On or near FARRIERS WAY,E01023543,Hertsmere 011E,Unable to prosecute suspect
92bf8ddfec76951f7fc9562710c7072627e504d41e9ffac47eaea830aa374ffa,2018-08,Hertfordshire Constabulary,Hertfordshire Constabulary,-0.035217,51.694584,On or near LONGLANDS CLOSE,E01023333,Broxbourne 012B,Unable to prosecute suspect
106496c1b34d099bc5ae25a9133964bd0bebaeaa9495ac2ad2e1b0b163f6db0b,2018-08,Hertfordshire Constabulary,Hertfordshire Constabulary,-0.113963,51.728291,On or near NEWGATE STREET VILLAGE,E01023910,Welwyn Hatfield 015C,Investigation complete; no suspect identified
63f386ab8c50abd4c6e626f1bced829fad318600d1e90b09305840161e1a82e7,2018-08,Hertfordshire Constabulary,Hertfordshire Constabulary,-0.279664,51.656829,On or near Shopping Area,E01023532,Hertsmere 007D,Suspect charged
3bdc69e4679af429576d566843bf98bd04eb1e0b0cc93c77389efc2fdbd1374c,2018-08,Hertfordshire Constabulary,Hertfordshire Constabulary,-0.300861,51.703915,On or near MEADOW AVENUE,E01023582,Hertsmere 004B,Unable to prosecute suspect
b9a6cf197493814a751fee406ccbe4ce7a9bcf2eea9fd8562a9c83d10d319784,2018-08,Hertfordshire Constabulary,Hertfordshire Constabulary,-0.494584,51.635880,On or near BARN LEA,E01023836,Three Rivers 009B,Suspect charged
19f748f4df2a44d6dde585ff9991027d7cfea9421ec2e668400f09e0774690f5,2018-08,Hertfordshire Constabulary,Hertfordshire Constabulary,-0.033271,51.683059,On or near HIGH STREET,E01023337,Broxbourne 013B,Investigation complete; no suspect identified
bec5c85e6d36e4d6f3e7b3fab2411af84ea8dd510ed0cdca31a24288eb9ed91b,2018-08,Hertfordshire Constabulary,Hertfordshire Constabulary,-0.228835,51.763107,On or near Supermarket,E01023920,Welwyn Hatfield 012A,Unable to prosecute suspect
ea4d1441a9f2fd204a8ac5425e0d8ce0accde09c4ec0e00f05d5942a5c68dc52,2018-08,Hertfordshire Constabulary,Hertfordshire Constabulary,-0.195190,51.791712,On or near Supermarket,E01023957,Welwyn Hatfield 007D,Investigation complete; no suspect identified
3b5b4dce1880d0909053d9ea5707748d6226bcefc9d94bdbe0cf5efa1cb5c748,2018-08,Hertfordshire Constabulary,Hertfordshire Constabulary,-0.079643,51.791841,On or near PEG'S LANE,E01023476,East Hertfordshire 017B,Unable to prosecute suspect
020e1f0392c1939d7ea4bfe7c22779736e36a11c35ffb9d0a1807d88bd6650ba,2018-08,Hertfordshire Constabulary,Hertfordshire Constabulary,-0.233674,51.748289,On or near HIGH VIEW,E01023937,Welwyn Hatfield 013E,Investigation complete; no suspect identified
7c2012ee7ea880a7ecc2d864fcbf50a469dc7af821d6472db3c8e99bde1fb541,2018-08,Hertfordshire Constabulary,Hertfordshire Constabulary,-0.395474,51.670941,On or near YARMOUTH ROAD,E01023858,Watford 006D,Investigation complete; no suspect identified
954f65db9d9acaab7825a516f2e947cebe7bdf9e1228c7daf6bca726a0be85ef,2018-08,Hertfordshire Constabulary,Hertfordshire Constabulary,-0.274697,51.949975,On or near WILLIAM RANSOM WAY,E01023601,North Hertfordshire 010A,Unable to prosecute suspect
e77d7c033ee384c2e06b2183808cb8acb4a9968488b0212b8d1bc4bda539ce94,2018-08,Hertfordshire Constabulary,Hertfordshire Constabulary,-0.476646,51.754126,On or near ASTLEY ROAD,E01023400,Dacorum 015E,Unable to prosecute suspect
72c9505f58a7fb1e2b8560715443a96592ddaf40ca7cd620e009b7ea39f8c3a6,2018-08,Hertfordshire Constabulary,Hertfordshire Constabulary,-0.387679,51.651411,On or near Supermarket,E01023860,Watford 009B,Unable to prosecute suspect
7d5ebee75574f60840adb56e52e0e96fac3b6d8066b532d1beb6bba9cdec85ef,2018-08,Hertfordshire Constabulary,Hertfordshire Constabulary,-0.250065,51.951751,On or near PURWELL LANE,E01023620,North Hertfordshire 011D,Unable to prosecute suspect
6ef30184b01cf48aeb15f8338810c4170a29f2c61d80ae211c80f6aa14e4e146,2018-08,Hertfordshire Constabulary,Hertfordshire Constabulary,-0.208516,51.910897,On or near DRAPERS WAY,E01023775,Stevenage 006A,Investigation complete; no suspect identified
ee3f2c199119f36d83251dfd08684b7222856007e3f127cf6395db5292e63e5e,2018-08,Hertfordshire Constabulary,Hertfordshire Constabulary,-0.210647,51.905579,On or near WATSON ROAD,E01023776,Stevenage 002A,Investigation complete; no suspect identified
299f8d7875a8b69bfe2b99d3c746af8c845c5f288600b5a4fbc51cf693be83e6,2018-08,Hertfordshire Constabulary,Hertfordshire Constabulary,-0.256348,51.648824,On or near RIPON WAY,E01023547,Hertsmere 009D,Unable to prosecute suspect
8c1b3a078c3c1f5f79fcebbf7bf0351e509f49eb210d24832e93a4b6018c748e,2018-08,Hertfordshire Constabulary,Hertfordshire Constabulary,-0.200491,52.014108,On or near Petrol Station,E01023585,North Hertfordshire 005A,Investigation complete; no suspect identified
ff9755bbc8ff95f0b5dbe7d16548bea826576d42cb437d76b31808bf50483fbc,2018-08,Hertfordshire Constabulary,Hertfordshire Constabulary,-0.022567,51.717554,On or near PRIORY GATE,E01023344,Broxbourne 005E,Unable to prosecute suspect
cd289cc19021fa738724c6b552e9dbb735d36fd0b3c2f71ff085867e36690d50,2018-08,Hertfordshire Constabulary,Hertfordshire Constabulary,-0.405073,51.652925,On or near PRETORIA ROAD,E01023901,Watford 010C,Investigation complete; no suspect identified
3967015a4c356bdf156cc8098831adca5a2b97d49dae45d677be1389471e14b3,2018-08,Hertfordshire Constabulary,Hertfordshire Constabulary,-0.208676,51.899579,On or near KINGS WAY,E01023758,Stevenage 008D,Suspect charged
bcdfc166f4d5c1b524f0a58c008729bfa9b8fe4b68042a410e065a63296959bd,2018-08,Hertfordshire Constabulary,Hertfordshire Constabulary,-0.168950,51.892457,On or near Supermarket,E01023793,Stevenage 010C,Local resolution
d3eb991028381fa43d8923e320819fe6b9cda5f3b571d974bff38273139d0a22,2018-08,Hertfordshire Constabulary,Hertfordshire Constabulary,-0.478092,51.648113,On or near WOODBANK,E01023812,Three Rivers 004A,Unable to prosecute suspect
431f6948e5233c9dc5de7acfb3d513032fac103fad18c0cdbb2c46a26bebaaf5,2018-08,Hertfordshire Constabulary,Hertfordshire Constabulary,-0.317877,51.650522,On or near DAGGER LANE,E01023528,Hertsmere 010A,Unable to prosecute suspect
06e3794bbe0c0a2f82ce1777b5782411f9ca2d124b07b7e2c3b255785ec41be1,2018-08,Hertfordshire Constabulary,Hertfordshire Constabulary,-0.077293,51.796299,On or near MARKET PLACE,E01023478,East Hertfordshire 017D,Unable to prosecute suspect
ccbba8dd51dd57af9087d3944010cb8049925448890a6de554d7d6e52a220cb7,2018-08,Hertfordshire Constabulary,Hertfordshire Constabulary,-0.229428,51.979506,On or near STATION PLACE,E01023644,North Hertfordshire 008A,Unable to prosecute suspect
e0127f67ea6125b211d3c1e0718b06ce257fb2608e570cd602eb453d47703477,2018-08,Hertfordshire Constabulary,Hertfordshire Constabulary,-0.035217,51.694584,On or near LONGLANDS CLOSE,E01023333,Broxbourne 012B,Unable to prosecute suspect
61327cd5e2aa3c633885d0f168c8bd15ff23978be00a64d9c4d26e2b7bec2226,2018-08,Hertfordshire Constabulary,Hertfordshire Constabulary,-0.164335,51.796665,On or near Parking Area,E01023952,Welwyn Hatfield 005C,Investigation complete; no suspect identified
a3626fd909bdd70ee1d36cb2820a79ab4740e0937048828609475619e8a69c0c,2018-08,Hertfordshire Constabulary,Hertfordshire Constabulary,-0.281231,51.668164,On or near NORTHGATE PATH,E01023536,Hertsmere 006C,Investigation complete; no suspect identified
a388f1117d4c8e9d599eba62e074a5445b3a250d3b56c22cc0811b1d8c84afe9,2018-08,Hertfordshire Constabulary,Hertfordshire Constabulary,-0.575606,51.764026,On or near GLOSSOM END,E01023370,Dacorum 012B,Unable to prosecute suspect
52f18d57bf84732a1f2911314ef92c136f2a22c4dce99c71422a882c7b577782,2018-08,Hertfordshire Constabulary,Hertfordshire Constabulary,-0.211541,51.733909,On or near HOLLOWAYS LANE,E01023964,Welwyn Hatfield 014C,Unable to prosecute suspect
a9aae50d168248a91a5a64e5dc9dc2f091d2fabd73074a72e474cf6d79e428b0,2018-08,Hertfordshire Constabulary,Hertfordshire Constabulary,-0.172798,51.922262,On or near ELY CLOSE,E01023789,Stevenage 001C,Investigation complete; no suspect identified
a9b5e49e64edb80aff99868fe5ad2985475059f74d8fe361e70c00b33184da7b,2018-08,Hertfordshire Constabulary,Hertfordshire Constabulary,-0.170901,51.801039,On or near THE MEADOW,E01023951,Welwyn Hatfield 005B,Unable to prosecute suspect
0c9c4ca8e8356fa7fdc590e738a36f1b07edf9d41883a210fe0be87ef99ccf50,2018-08,Hertfordshire Constabulary,Hertfordshire Constabulary,-0.218871,51.976937,On or near BENNETT COURT,E01023631,North Hertfordshire 006B,Unable to prosecute suspect
62c83e497d1875dd871d759e05da905f45a7172554f0c690514085c7c1d9314b,2018-08,Hertfordshire Constabulary,Hertfordshire Constabulary,-0.422678,51.651329,On or near PRINTERS AVENUE,E01023867,Watford 011E,Unable to prosecute suspect
e2d8ded1e71bb6331898a5321d4faa607f92c72747b71941124a07f5e94a4f0d,2018-08,Hertfordshire Constabulary,Hertfordshire Constabulary,-0.407111,51.653340,On or near WHIPPENDELL ROAD,E01023899,Watford 010A,Unable to prosecute suspect
5aa34ac161328a61b105f983386324f2ce560681875a284277b37a8058bf71ac,2018-08,Hertfordshire Constabulary,Hertfordshire Constabulary,-0.407111,51.653340,On or near WHIPPENDELL ROAD,E01023899,Watford 010A,Unable to prosecute suspect
d79a37e6e9963a6778b1b82968fd1926081d151f20ae84631998d8ab323ee81f,2018-08,Hertfordshire Constabulary,Hertfordshire Constabulary,-0.398272,51.663785,On or near STATION ROAD,E01023861,Watford 009C,Unable to prosecute suspect
58c9d6b5f7c758e9ad158e485aea1d63cad998fcb71ee29cd40bf86851b08e68,2018-08,Hertfordshire Constabulary,Hertfordshire Constabulary,-0.193334,51.798598,On or near LYNMOUTH ROAD,E01023958,Welwyn Hatfield 007E,Unable to prosecute suspect
62d2c543d7c455d449d0e6255ce4d436a8825ba393f9478f277d62907b87caea,2018-08,Hertfordshire Constabulary,Hertfordshire Constabulary,-0.568804,51.755950,On or near ASHLYNS COURT,E01023372,Dacorum 012D,Unable to prosecute suspect
3b6e0e8a1b3e57d0b80130fedea0ff714c0e5ee544297b6a137bdeeddfd4b5f0,2018-08,Hertfordshire Constabulary,Hertfordshire Constabulary,-0.379882,51.706677,On or near BIRCH COPSE,E01023732,St Albans 020D,Unable to prosecute suspect
9cad616bb6fbfd735fac096882f8362dbb093eed97dad5b68a220da468557eee,2018-08,Hertfordshire Constabulary,Hertfordshire Constabulary,-0.289566,51.956144,On or near NORTH PLACE,E01023613,North Hertfordshire 012C,Unable to prosecute suspect
20483871f1401bb4740c7622b9585e75dca8dc1f0fd6ef657c8cecf14ac29a17,2018-08,Hertfordshire Constabulary,Hertfordshire Constabulary,-0.029726,51.707063,On or near LONG MOOR,E01023298,Broxbourne 010B,Unable to prosecute suspect
e03c9ffe9b9f6878b4a315214d09ae92616914301319bc27aa1ade89dba52522,2018-08,Hertfordshire Constabulary,Hertfordshire Constabulary,-0.486766,51.765164,On or near COOKS VENNEL,E01023390,Dacorum 010A,Unable to prosecute suspect
ecf8367eb3823cb86d6c3a71227a148a87ef760f734458e473d7db3be973c852,2018-08,Hertfordshire Constabulary,Hertfordshire Constabulary,-0.404472,51.649051,On or near Hospital,E01023902,Watford 010D,Unable to prosecute suspect
ce3a5fbad889c3bd281eac6944dd052eef7334540d8ae5b20ef3c222adb0840f,2018-08,Hertfordshire Constabulary,Hertfordshire Constabulary,-0.100273,51.795737,On or near HALLEYS RIDGE,E01023489,East Hertfordshire 015C,Unable to prosecute suspect
5b73c77c486816f76a57ae23ab0486371c7a8e2f201840e1875534ad06b027d9,2018-08,Hertfordshire Constabulary,Hertfordshire Constabulary,-0.376506,51.678062,On or near WESTLEA AVENUE,E01023874,Watford 003B,Investigation complete; no suspect identified
60652fd212be87fcac926ed05f83fc9172238e6acd9821d50a71e45f4ab05332,2018-08,Hertfordshire Constabulary,Hertfordshire Constabulary,-0.404472,51.649051,On or near Hospital,E01023902,Watford 010D,Investigation complete; no suspect identified
211e7815dce7eb4a14c653b824036f5b6b99255c9a77536edd51fe6e1c8ad6ea,2018-08,Hertfordshire Constabulary,Hertfordshire Constabulary,-0.405761,51.692652,On or near NOTTINGHAM CLOSE,E01023906,Watford 001C,Unable to prosecute suspect
774a4b13074652f7044c6028bfcba4f9bd7dd5b23e2c81887906e79cde2fd9df,2018-08,Hertfordshire Constabulary,Hertfordshire Constabulary,-0.281231,51.668164,On or near NORTHGATE PATH,E01023536,Hertsmere 006C,Unable to prosecute suspect
3d4388045351b34fd75e097e8bdedf356b5d3073af849d0b7f9b6f9c7aa3763f,2018-08,Hertfordshire Constabulary,Hertfordshire Constabulary,-0.456151,51.749282,On or near Petrol Station,E01023387,Dacorum 019B,Investigation complete; no suspect identified
f81cf3385a2843f2c4bce1902b14743902c14c208a802726944b8b1d7746ea75,2018-08,Hertfordshire Constabulary,Hertfordshire Constabulary,-0.022098,51.718688,On or near HELENS GATE,E01023344,Broxbourne 005E,Unable to prosecute suspect
b5c9f0c183a0157921117a9915745fa0ea07cdaa91da1768468f5d42b2820d58,2018-08,Hertfordshire Constabulary,Hertfordshire Constabulary,-0.200733,51.809835,On or near THE VINEYARD,E01023961,Welwyn Hatfield 003C,Investigation complete; no suspect identified
80f36a87bb86a20004c3589f3e5cb2ab4001b11c8e774b42220158d29f5782e4,2018-08,Hertfordshire Constabulary,Hertfordshire Constabulary,-0.184872,51.791903,On or near WELLCROFT CLOSE,E01023955,Welwyn Hatfield 007B,Unable to prosecute suspect
a8eae170dfb93d742cfb2c1864812f07f66f7d999f3e1b6adc919ada60072315,2018-08,Hertfordshire Constabulary,Hertfordshire Constabulary,-0.571721,51.814566,On or near ALDERTON DRIVE,E01023356,Dacorum 006B,Unable to prosecute suspect
bc0966818167ab065d27f30c9a69d4c4cb7ac5c2756a6aaa28baac4fcaae5f08,2018-08,Hertfordshire Constabulary,Hertfordshire Constabulary,-0.474287,51.653818,On or near CHESS LANE,E01023851,Three Rivers 004D,Unable to prosecute suspect
2d3466e78bc73041fa143622d6dfc9cb542d152c55b98476ccf5b17b5754a6e5,2018-08,Hertfordshire Constabulary,Hertfordshire Constabulary,-0.473073,51.755240,On or near Parking Area,E01023400,Dacorum 015E,Unable to prosecute suspect
734b431d6039eceecd6cf00d03362e37e1b4aeff0b0fe92b8e4c94d0c50fe3e0,2018-08,Hertfordshire Constabulary,Hertfordshire Constabulary,0.161039,51.870214,On or near Parking Area,E01023449,East Hertfordshire 004A,Unable to prosecute suspect
25d0e0bfcb200a2cd4c5c7ff7b99c0df9e7254ba8a27065c26888055ef33b8b6,2018-08,Hertfordshire Constabulary,Hertfordshire Constabulary,-0.210666,51.908754,On or near WOOLNERS WAY,E01023776,Stevenage 002A,Formal action is not in the public interest
4bcf659ce1817c241887a95f0a1a949ca12bf881eebf6f985458365e529b27f6,2018-08,Hertfordshire Constabulary,Hertfordshire Constabulary,-0.479983,51.771676,On or near RIVERBANK,E01023399,Dacorum 010C,Unable to prosecute suspect
27730bde19d6c53d95272bcd4aeae3aabee17648b843a2764f0113c88ae4800f,2018-08,Hertfordshire Constabulary,Hertfordshire Constabulary,-0.031343,51.710813,On or near VINCENT CLOSE,E01023302,Broxbourne 008A,Investigation complete; no suspect identified
73f8e238a27136417cf11031e4a4433abaac5c62ace4011a225327957004a3e7,2018-08,Hertfordshire Constabulary,Hertfordshire Constabulary,-0.327447,51.679973,On or near ELM WALK,E01023527,Hertsmere 005E,Unable to prosecute suspect
d73e97cf39cbfae6dd90ada5144c27d797dadeff2521703bab4e50a76f4e51ce,2018-08,Hertfordshire Constabulary,Hertfordshire Constabulary,-0.032779,51.700082,On or near GUINEVERE GARDENS,E01023300,Broxbourne 010D,Investigation complete; no suspect identified
9fa74b9ceb627511a9a41b5d217598b487ff181357bae7198ad0f867900139d9,2018-08,Hertfordshire Constabulary,Hertfordshire Constabulary,-0.015915,51.760371,On or near ROSE VALE,E01023320,Broxbourne 003A,Unable to prosecute suspect
2478239400b0c053c6b5cd0b665614f9d1a48b248534cfdedac2f3c134a6f45b,2018-08,Hertfordshire Constabulary,Hertfordshire Constabulary,-0.386086,51.645787,On or near ST MATTHEWS CLOSE,E01023885,Watford 012D,Unable to prosecute suspect
e95d3d88a4d329b58f89b8ec30e55971bf457b1779feb7143cad2f43836a625d,2018-08,Hertfordshire Constabulary,Hertfordshire Constabulary,-0.397146,51.678067,On or near LONGSPRING,E01023872,Watford 004E,Unable to prosecute suspect
46ff30acacb7a3c2e9b60564fbe5699ec42333e29fac51c49ff8db28b3988bc7,2018-08,Hertfordshire Constabulary,Hertfordshire Constabulary,-0.057700,51.699031,On or near WARRENFIELD CLOSE,E01023293,Broxbourne 011A,Unable to prosecute suspect
d50f3c71410a54b33fcdcf750e627b665cce5f5597d894e1e33c9a498a63305d,2018-08,Hertfordshire Constabulary,Hertfordshire Constabulary,-0.413469,51.672048,On or near MANDEVILLE CLOSE,E01023878,Watford 007A,Unable to prosecute suspect
f5d0e8210d249651fee996090b6765b44d96e3c7168631456b80094fbec821a7,2018-08,Hertfordshire Constabulary,Hertfordshire Constabulary,-0.030653,51.685713,On or near ELEANOR CROSS ROAD,E01023337,Broxbourne 013B,Unable to prosecute suspect
89c49c869ceba31308af9a5ec817a299eac50bdca5f6c7758eb1d8b262229112,2018-08,Hertfordshire Constabulary,Hertfordshire Constabulary,-0.457140,51.763637,On or near TRITON WAY,E01023403,Dacorum 008C,Unable to prosecute suspect
8eeb15b515263c2727b2c8e2118baa524e6c623421c2d6b07face23dc0f067a7,2018-08,Hertfordshire Constabulary,Hertfordshire Constabulary,-0.457673,51.730131,On or near LONDON ROAD,E01023407,Dacorum 022B,Unable to prosecute suspect
45815a149cc369b70296d9d7cbffc635e665ee9b4da55ab9c8a92ddfd4c1f1ce,2018-08,Hertfordshire Constabulary,Hertfordshire Constabulary,-0.260317,51.645592,On or near HUNTER CLOSE,E01023543,Hertsmere 011E,Unable to prosecute suspect
5d089725bad7bae138a6f2712c64cd61e5e5c0ec728f6e24154c9c7a1ac87e1f,2018-08,Hertfordshire Constabulary,Hertfordshire Constabulary,-0.021478,51.727571,On or near MULBERRY CLOSE,E01023343,Broxbourne 005D,Unable to prosecute suspect
7cf0b0d0e8710b740f5dcc661970e290df417b4874e5f38291beafed902f72c1,2018-08,Hertfordshire Constabulary,Hertfordshire Constabulary,-0.210666,51.908754,On or near WOOLNERS WAY,E01023776,Stevenage 002A,Unable to prosecute suspect
8c1abab20230e7f006ef044ae2b0d899b1823aab17afe6496597635a17c8ddbb,2018-08,Hertfordshire Constabulary,Hertfordshire Constabulary,-0.210666,51.908754,On or near WOOLNERS WAY,E01023776,Stevenage 002A,Unable to prosecute suspect
4e29dd74b7f5fd6d2771bcf1434ea64485adf4e082fcd7464a5c5d925fac6373,2018-08,Hertfordshire Constabulary,Hertfordshire Constabulary,-0.467601,51.748254,On or near WOOD LANE,E01023398,Dacorum 015D,Suspect charged
2831593b900e915790b6bca4779d38874617edcf386ba69981fd8379a09a4c25,2018-08,Hertfordshire Constabulary,Hertfordshire Constabulary,-0.423854,51.618659,On or near ST MARY'S AVENUE,E01023839,Three Rivers 011A,Investigation complete; no suspect identified
89c445314fe8c5b0a38d00fb4731045bd9d9901bb782445b9529fb2cb139c093,2018-08,Hertfordshire Constabulary,Hertfordshire Constabulary,-0.326579,51.749783,On or near GRIMSTON ROAD,E01023729,St Albans 012D,Investigation complete; no suspect identified
76ccf5c7733ba055d4f3e07d0f03698874f97ae6a77b5b2b6b20eca1e788d18e,2018-08,Hertfordshire Constabulary,Hertfordshire Constabulary,-0.268655,51.661586,On or near MEADOW ROAD,E01023537,Hertsmere 006D,Unable to prosecute suspect
747d224f473162aabebfad65d09b8019d1c1109122284aa22e022291b91125a9,2018-08,Hertfordshire Constabulary,Hertfordshire Constabulary,-0.390695,51.653988,On or near LOWER DERBY ROAD,E01023860,Watford 009B,Unable to prosecute suspect
d8eaa699027cc7ddfe9b491a827a6efc7cabd8f5f5e042219cbd743b8c5e958a,2018-08,Hertfordshire Constabulary,Hertfordshire Constabulary,-0.028489,51.743155,On or near BADGERS CROFT,E01023289,Broxbourne 004A,Unable to prosecute suspect
d8eaa699027cc7ddfe9b491a827a6efc7cabd8f5f5e042219cbd743b8c5e958a,2018-08,Hertfordshire Constabulary,Hertfordshire Constabulary,-0.028489,51.743155,On or near BADGERS CROFT,E01023289,Broxbourne 004A,Unable to prosecute suspect
d8eaa699027cc7ddfe9b491a827a6efc7cabd8f5f5e042219cbd743b8c5e958a,2018-08,Hertfordshire Constabulary,Hertfordshire Constabulary,-0.028489,51.743155,On or near BADGERS CROFT,E01023289,Broxbourne 004A,Unable to prosecute suspect
d8eaa699027cc7ddfe9b491a827a6efc7cabd8f5f5e042219cbd743b8c5e958a,2018-08,Hertfordshire Constabulary,Hertfordshire Constabulary,-0.028489,51.743155,On or near BADGERS CROFT,E01023289,Broxbourne 004A,Unable to prosecute suspect
d6b01c12a19076ae7436b4faff70dcb53d1d01e5d396302eb62e89ab430c48f7,2018-08,Hertfordshire Constabulary,Hertfordshire Constabulary,-0.496331,51.741171,On or near LAUREL BANK,E01023378,Dacorum 021F,Investigation complete; no suspect identified
29c3e255cf20e4bc6524e4bb8f5722e48f006c76759bf6fd1f0a40e371f6d0c7,2018-08,Hertfordshire Constabulary,Hertfordshire Constabulary,-0.407564,51.644965,On or near HODGES WAY,E01023865,Watford 011C,Unable to prosecute suspect
699300b2ad7f92e6c72204802faf88bb1de05442d3545cfb06aa1264cb010c1a,2018-08,Hertfordshire Constabulary,Hertfordshire Constabulary,-0.295445,51.724788,On or near MILLFIELD CLOSE,E01023706,St Albans 018C,Unable to prosecute suspect
84a01aaa578215b4f5eccf7b45e7d69cd554a46b05414cec0d7b3d9e93fe2aff,2018-08,Hertfordshire Constabulary,Hertfordshire Constabulary,-0.453048,51.770561,On or near CRAWLEY DRIVE,E01023393,Dacorum 007A,Unable to prosecute suspect
c01afa39acbbce38bc2c473714166adb821034734c80445ef81e958b84197fc7,2018-08,Hertfordshire Constabulary,Hertfordshire Constabulary,-0.332310,51.679889,On or near PHILLIMORE PLACE,E01023527,Hertsmere 005E,Unable to prosecute suspect
9e809100e2f5c654c58c94c0cea7757524d60f248ceb980649740562a28be306,2018-08,Hertfordshire Constabulary,Hertfordshire Constabulary,-0.271229,51.657380,On or near Petrol Station,E01023539,Hertsmere 011A,Formal action is not in the public interest
5dbb1d0d6b566149bf605fa83afd9c72f8a8c4c1c603550924be42fcb1dc160f,2018-08,Hertfordshire Constabulary,Hertfordshire Constabulary,-0.190644,51.793350,On or near UPPERFIELD ROAD,E01023957,Welwyn Hatfield 007D,Unable to prosecute suspect
903f182e1317756c007c2ccac120b4c20f695d0d056d66b5a4ee0809c90330b9,2018-08,Hertfordshire Constabulary,Hertfordshire Constabulary,-0.195190,51.791712,On or near Supermarket,E01023957,Welwyn Hatfield 007D,Unable to prosecute suspect
55a2e001794095cca9f82e956e2c7d2fda4ab5a8f2091cf626316c954ed6ad14,2018-08,Hertfordshire Constabulary,Hertfordshire Constabulary,-0.243019,51.754966,On or near COLLEGE LANE,E01023938,Welwyn Hatfield 010D,Unable to prosecute suspect
fd60420d6f7f40b3347b61e388934d2d30a0a0ff337762385aa71f46452abf77,2018-08,Hertfordshire Constabulary,Hertfordshire Constabulary,-0.414252,51.691859,On or near CURTISS DRIVE,E01023833,Three Rivers 002D,Action to be taken by another organisation
b1a8a2a1d96b6d45a6e3b77a2f95b8b07500bc63b5e01c72b715fb92f1bfe602,2018-08,Hertfordshire Constabulary,Hertfordshire Constabulary,-0.661996,51.794102,On or near Shopping Area,E01023420,Dacorum 003C,Suspect charged
e5edbe6b21cdb7f51e7cee17de23e731dac64e0b27a0db9d3ba0173e34500018,2018-08,Hertfordshire Constabulary,Hertfordshire Constabulary,-0.661996,51.794102,On or near Shopping Area,E01023420,Dacorum 003C,Investigation complete; no suspect identified
87f3886f3b0c9c3a4427748e650cbb60ac46bb33fd75c49de15193787b03c258,2018-08,Hertfordshire Constabulary,Hertfordshire Constabulary,-0.395567,51.623284,On or near MOORTOWN ROAD,E01023842,Three Rivers 012B,Offender given a drugs possession warning
00165211c3a3667f3fe0d620fe76b94e1c7cabed2684662d65da3d1ea286207c,2018-08,Hertfordshire Constabulary,Hertfordshire Constabulary,-0.436010,51.774993,On or near HALF MOON MEADOW,E01023434,Dacorum 005A,Investigation complete; no suspect identified
3dd5bff6c9f14b65cd73cc9b21d158cac608359fd44549832349285086b00ddf,2018-08,Hertfordshire Constabulary,Hertfordshire Constabulary,-0.264341,51.953231,On or near STATION APPROACH,E01023610,North Hertfordshire 013E,Investigation complete; no suspect identified
bd261e80707eb59ed3b176fb2131d373240c7890c0dae60b2b2d61982080f1ad,2018-08,Hertfordshire Constabulary,Hertfordshire Constabulary,-0.394857,51.655268,On or near Shopping Area,E01023860,Watford 009B,Unable to prosecute suspect
6fa6e2000101650b16730b32918b5ec7bf0cd4b84660a36378bab2f8d79f6ddf,2018-08,Hertfordshire Constabulary,Hertfordshire Constabulary,-0.168950,51.892457,On or near Supermarket,E01023793,Stevenage 010C,Unable to prosecute suspect
5495179916442b084d37c5297418292b79191cc17f379d00a284a899045503aa,2018-08,Hertfordshire Constabulary,Hertfordshire Constabulary,-0.503498,51.756153,On or near JUNIPER GREEN,E01023385,Dacorum 016C,Unable to prosecute suspect
aa1a122d6680eb7d62543686d6a54a6bd88a25b1877fff1032563a705a169fd0,2018-08,Hertfordshire Constabulary,Hertfordshire Constabulary,-0.263971,51.660042,On or near Pedestrian Subway,E01023537,Hertsmere 006D,Action to be taken by another organisation
2a540c9f4b10e5bafa782962bd62087a5b0a8d21a7e8fdf1dc518d6347293607,2018-08,Hertfordshire Constabulary,Hertfordshire Constabulary,-0.226880,51.977283,On or near GERNON ROAD,E01023644,North Hertfordshire 008A,Unable to prosecute suspect
999096fc6f3938bc211baa4c45bd21cc4eb6b4a61bf3c3a21f000bed980f2658,2018-08,Hertfordshire Constabulary,Hertfordshire Constabulary,-0.473034,51.747821,On or near Shopping Area,E01023398,Dacorum 015D,Unable to prosecute suspect
5f9fbd4f56a93455b1f31451b048e16b5b6bdfa3feedb9d27ce48594aecbd798,2018-08,Hertfordshire Constabulary,Hertfordshire Constabulary,-0.179760,51.919133,On or near Parking Area,E01023774,Stevenage 003D,Unable to prosecute suspect
5d49552748285eecf9f8c567c45c6f91adb3cb687625b2571d4142ff238ed49a,2018-08,Hertfordshire Constabulary,Hertfordshire Constabulary,-0.473034,51.747821,On or near Shopping Area,E01023398,Dacorum 015D,Unable to prosecute suspect
313410925d98f4701effb4742801faa8ccaba6a3ac4f329c2cbfa6515a3ab07a,2018-08,Hertfordshire Constabulary,Hertfordshire Constabulary,-0.264799,51.659578,On or near Petrol Station,E01023541,Hertsmere 011C,Unable to prosecute suspect
cbc55d8438ba63eba55e3ff277a3cfda636867e06b213c9f73189d713c4b04a9,2018-08,Hertfordshire Constabulary,Hertfordshire Constabulary,-0.027385,51.696997,On or near GARLAND CLOSE,E01023333,Broxbourne 012B,Investigation complete; no suspect identified
a1d0412a96a29775e202396473533ec043641b49f63eac40eaffadc868b50a3c,2018-08,Hertfordshire Constabulary,Hertfordshire Constabulary,-0.198505,51.800224,On or near HYDE WAY,E01023954,Welwyn Hatfield 007A,Investigation complete; no suspect identified
f5debe0d67e07fa12a5ef338b2c02c86c9446425648e447754ff48fcded183ee,2018-08,Hertfordshire Constabulary,Hertfordshire Constabulary,-0.446970,51.647732,On or near CHERRY CROFT,E01023819,Three Rivers 006A,Unable to prosecute suspect
586d7b68d0bcd643d330f4453c0d2ea1d477b6c46a72663d30f568b7f579aaab,2018-08,Hertfordshire Constabulary,Hertfordshire Constabulary,-0.210644,51.973288,On or near CHATTERTON,E01023643,North Hertfordshire 009E,Unable to prosecute suspect
39b4e7a150aedf1b1793c925d76acb5f42ac6e05551bff82e03bf566cc746bcc,2018-08,Hertfordshire Constabulary,Hertfordshire Constabulary,-0.226004,51.753632,On or near LAMB CLOSE,E01023936,Welwyn Hatfield 013D,Investigation complete; no suspect identified
e5b109e06fafd21305235265879c97bd1ef13966bb08cc033b870681e3499498,2018-08,Hertfordshire Constabulary,Hertfordshire Constabulary,-0.048465,51.801273,On or near HAMELS DRIVE,E01023484,East Hertfordshire 016C,Investigation complete; no suspect identified
2569fdcbc08db424284214a1822a6e57952637f4352dd8eba5b3500aa5f98e40,2018-08,Hertfordshire Constabulary,Hertfordshire Constabulary,-0.235270,51.766423,On or near WALSINGHAM CLOSE,E01023921,Welwyn Hatfield 012B,Unable to prosecute suspect
6da2d79db3bfa591e06b0447c49ca4d183e7f92f197946126ef4597cbcc0b467,2018-08,Hertfordshire Constabulary,Hertfordshire Constabulary,0.003581,51.760157,On or near SCOTT CLOSE,E01023330,Broxbourne 002D,Investigation complete; no suspect identified
8c987c4100b3294c32eae82e88ce84d13432091d62d127b85fb5eb60c62b06e5,2018-08,Hertfordshire Constabulary,Hertfordshire Constabulary,-0.709542,51.835805,On or near POTASH LANE,E01023424,Dacorum 002B,Unable to prosecute suspect
4587369fa49138f94ca65b4d4895998cc31a3c11e755688f91f9e5a007f56ace,2018-08,Hertfordshire Constabulary,Hertfordshire Constabulary,-0.709542,51.835805,On or near POTASH LANE,E01023424,Dacorum 002B,Unable to prosecute suspect
241490f4b65859de576f1311b7ae370fba509eb1bccb5adba21006b0545197ed,2018-08,Hertfordshire Constabulary,Hertfordshire Constabulary,-0.164497,51.906145,On or near SIDDONS ROAD,E01023760,Stevenage 007B,Unable to prosecute suspect
fb8caa6875a3ed279a346698466eaae4ef5d37ce3ebb4c789a3380a88986d610,2018-08,Hertfordshire Constabulary,Hertfordshire Constabulary,-0.236916,51.758400,On or near ALDYKES,E01023923,Welwyn Hatfield 012D,Unable to prosecute suspect
9010d199eb464037bd9ffc3dc975c58ec7af8b328f797535924c8880a4e67e81,2018-08,Hertfordshire Constabulary,Hertfordshire Constabulary,-0.198592,51.892951,On or near Shopping Area,E01023786,Stevenage 011D,Investigation complete; no suspect identified
acc735f750eb690beb1ceb9b33b8d0f00be5d22a7c50fc4e02069ef89bdfc5ea,2018-08,Hertfordshire Constabulary,Hertfordshire Constabulary,-0.336576,51.666884,On or near THE GREEN,E01023528,Hertsmere 010A,Unable to prosecute suspect
40a70b5e2a05594a77c40f8e400ac805a9aa5e610a61f91489655b6bf7199895,2018-08,Hertfordshire Constabulary,Hertfordshire Constabulary,-0.483285,51.636283,On or near UXBRIDGE ROAD,E01023852,Three Rivers 007D,Investigation complete; no suspect identified
16ae5d82f80fc59ac2bef7992bf99318681d6247595314f5a7fc6aaae1a1eba5,2018-08,Hertfordshire Constabulary,Hertfordshire Constabulary,-0.018662,52.059774,On or near SCOTT CLOSE,E01023662,North Hertfordshire 001C,Suspect charged
09c10b01c0d1aa90a43bee4eae1677274230ea0e3cb6da85764fcd8489f52670,2018-08,Hertfordshire Constabulary,Hertfordshire Constabulary,-0.216784,51.802292,On or near HIGH GROVE,E01023919,Welwyn Hatfield 006D,Investigation complete; no suspect identified
1c0c4c24b843116aa308f03872ebbeec2b07569471f54d6858b020daa89b1208,2018-08,Hertfordshire Constabulary,Hertfordshire Constabulary,-0.320971,51.748247,On or near LYCASTE CLOSE,E01023666,St Albans 011A,Unable to prosecute suspect
a1a5cc05c867b2d91520a17e106a36a0f55df010371875ae472c6e5937bef470,2018-08,Hertfordshire Constabulary,Hertfordshire Constabulary,-0.390431,51.652465,On or near NEW ROAD,E01023860,Watford 009B,Unable to prosecute suspect
3aadbf667d1d66b615a98604380ed35c9333cc976ceb428bc390f2ef1001bcd7,2018-08,Hertfordshire Constabulary,Hertfordshire Constabulary,-0.193735,51.982120,On or near THE RISE,E01023592,North Hertfordshire 004F,Unable to prosecute suspect
83c27e1cff86190a4b7647daf97bf0b3d0628e2dfbc743b8c1453eff37d7a109,2018-08,Hertfordshire Constabulary,Hertfordshire Constabulary,-0.286845,51.750434,On or near ROWAN CLOSE,E01023678,St Albans 015B,Investigation complete; no suspect identified
da87f24d59c8450000d15489683281e977c361ada7f6ec9d5631aae5a14ce54f,2018-08,Hertfordshire Constabulary,Hertfordshire Constabulary,-0.027356,51.713309,On or near MONTGOMERY DRIVE,E01023304,Broxbourne 008C,Unable to prosecute suspect
794fbfd01ceeca07b7998acfa980b89226b4e29310e21bc1b7c1fd14efa85643,2018-08,Hertfordshire Constabulary,Hertfordshire Constabulary,-0.443619,51.645125,On or near FRANKLAND ROAD,E01023826,Three Rivers 006F,Unable to prosecute suspect
460f8c3a4f523a3bca9ef4866a0ccaf25110f25666453502f7bac8731b4e014c,2018-08,Hertfordshire Constabulary,Hertfordshire Constabulary,-0.451081,51.748847,On or near GAMMON CLOSE,E01023357,Dacorum 020A,Unable to prosecute suspect
4173b98651f404c2b78eb88e679ad9065c43c43a98ab34133e007d502bf37049,2018-08,Hertfordshire Constabulary,Hertfordshire Constabulary,-0.432920,51.777173,On or near BAYFORD CLOSE,E01023437,Dacorum 005D,Unable to prosecute suspect
f770b2c59d545cc41defdc56951039e688c9beeb74dec6ed98abf9172b7ed9f5,2018-08,Hertfordshire Constabulary,Hertfordshire Constabulary,-0.239416,51.774974,On or near LAVENDER CLOSE,E01033310,Welwyn Hatfield 002E,Unable to prosecute suspect
909864b6bd8850b67528f4bf8a4fc710ceb98298b03f974c0578444ee7a4fca2,2018-08,Hertfordshire Constabulary,Hertfordshire Constabulary,-0.313569,51.746675,On or near HAIG CLOSE,E01023681,St Albans 016A,Investigation complete; no suspect identified
bdbe6393bf0b53b876dd8fd2fea20720b8ab7cad4550f7b899d00f0da336c4f5,2018-08,Hertfordshire Constabulary,Hertfordshire Constabulary,-0.178101,51.686384,On or near BYERS CLOSE,E01023575,Hertsmere 003E,Unable to prosecute suspect
fe49b78ff6c75eb841157f0679b4e474373ffebeb5d93f89ed35c3cbaa2d1b6b,2018-08,Hertfordshire Constabulary,Hertfordshire Constabulary,-0.201368,51.898028,On or near Supermarket,E01023786,Stevenage 011D,Unable to prosecute suspect
764ed8697e197e5447222b0305778f31213e6bb3b1326ddf0bbc17b0dc9cf7c0,2018-08,Hertfordshire Constabulary,Hertfordshire Constabulary,-0.184186,51.926197,On or near Pedestrian Subway,E01023788,Stevenage 001B,Unable to prosecute suspect
a7d84ba13949db3a14d562c387d1ec4b3dc4c25bd290031c4ff7efd2b101fa4e,2018-08,Hertfordshire Constabulary,Hertfordshire Constabulary,-0.092062,51.713658,On or near BEEHIVE ROAD,E01023313,Broxbourne 007C,Unable to prosecute suspect
a7d84ba13949db3a14d562c387d1ec4b3dc4c25bd290031c4ff7efd2b101fa4e,2018-08,Hertfordshire Constabulary,Hertfordshire Constabulary,-0.092062,51.713658,On or near BEEHIVE ROAD,E01023313,Broxbourne 007C,Unable to prosecute suspect
13f56fc400faa61b8e3206a25bcd80028cd77ace24f566b7b086aa7e6c7667f6,2018-08,Hertfordshire Constabulary,Hertfordshire Constabulary,-0.278190,51.655675,On or near Supermarket,E01023530,Hertsmere 007B,Unable to prosecute suspect
8ed9d746ee878b5b4e54c2ba0a4f69174cadf4a5e30a919913295e71d7fef189,2018-08,Hertfordshire Constabulary,Hertfordshire Constabulary,-0.417739,51.709701,On or near PARSONAGE CLOSE,E01023804,Three Rivers 001C,Offender given a caution
aa4d91232afa98310bd49bcd2ecddc321ab5b76f7ea3b0af1178073e1fdb86bc,2018-08,Hertfordshire Constabulary,Hertfordshire Constabulary,-0.254712,51.949357,On or near HARDY CLOSE,E01023621,North Hertfordshire 011E,Unable to prosecute suspect
9a50456f9bc53a69e6c1d113155c78c28e05fb71bd65dae08ba312636b181506,2018-08,Hertfordshire Constabulary,Hertfordshire Constabulary,-0.394857,51.655268,On or near Shopping Area,E01023860,Watford 009B,Local resolution
7e22817f7047ad59626e7d5a08f6b3597e7633f8cca0bf323d5152f8a0568b0d,2018-08,Hertfordshire Constabulary,Hertfordshire Constabulary,-0.437416,51.775857,On or near KIMPTON CLOSE,E01023434,Dacorum 005A,Unable to prosecute suspect
69f7fae13bf94f589e19a45991d1c6df4d3c98405f399935ed0e772d38699545,2018-08,Hertfordshire Constabulary,Hertfordshire Constabulary,-0.176366,51.882645,On or near BURYDALE,E01023784,Stevenage 011B,Investigation complete; no suspect identified
f4e1b93781c02f8603480b7819f0f46d7fb9446e554e29210e2ad94c116527d3,2018-08,Hertfordshire Constabulary,Hertfordshire Constabulary,-0.661996,51.794102,On or near Shopping Area,E01023420,Dacorum 003C,Investigation complete; no suspect identified
687e30d116ad3a21410d6606371408357e679d1d97ffd940510e91cbe206540c,2018-08,Hertfordshire Constabulary,Hertfordshire Constabulary,-0.396809,51.674088,On or near LEA ROAD,E01023857,Watford 006C,Investigation complete; no suspect identified
038646e93e976022b1104cd1c3cc5961c91504e4d464a07d2c13d6d46bc6b0cc,2018-08,Hertfordshire Constabulary,Hertfordshire Constabulary,-0.193785,51.784424,On or near THE CROFT,E01023942,Welwyn Hatfield 009D,Further investigation is not in the public interest
a1de781dcfe063d3c9c8f4dd4ee1e914af5b50582c1eca92be339265ad074a7d,2018-08,Hertfordshire Constabulary,Hertfordshire Constabulary,-0.103395,51.760727,On or near WELL-ROW,E01023486,East Hertfordshire 010B,Investigation complete; no suspect identified
2f83efae30e49cc6d969c05e7cd4e5333234a0e13f10a4707cdb3e3ffe604074,2018-08,Hertfordshire Constabulary,Hertfordshire Constabulary,-0.202687,51.691321,On or near SANTERS LANE,E01023569,Hertsmere 002C,Unable to prosecute suspect
2f83efae30e49cc6d969c05e7cd4e5333234a0e13f10a4707cdb3e3ffe604074,2018-08,Hertfordshire Constabulary,Hertfordshire Constabulary,-0.202687,51.691321,On or near SANTERS LANE,E01023569,Hertsmere 002C,Unable to prosecute suspect
5c7e6137f41789477dc645debad81f5314ed6aaaa9e730b8b16b2b20b5fb0a40,2018-08,Hertfordshire Constabulary,Hertfordshire Constabulary,-0.201368,51.898028,On or near Supermarket,E01023786,Stevenage 011D,Investigation complete; no suspect identified
c55957e97886fda3710ec38cb39e520c05d6b5fa67847f647cf6265807d90149,2018-08,Hertfordshire Constabulary,Hertfordshire Constabulary,-0.461157,51.818917,On or near VALLEY LANE,E01023430,Dacorum 001A,Local resolution
588256b9128a2f09cef9f349ff4f74d4e10100e88c563c754c83a218b3cd80c2,2018-08,Hertfordshire Constabulary,Hertfordshire Constabulary,-0.339165,51.753028,On or near WADDINGTON ROAD,E01023727,St Albans 012B,Investigation complete; no suspect identified
0ae177e3f87a7548c4576bf1d15be4d54da9ead2e57b23c69b0ab0c77dd842f5,2018-08,Hertfordshire Constabulary,Hertfordshire Constabulary,-0.184186,51.926197,On or near Pedestrian Subway,E01023788,Stevenage 001B,Investigation complete; no suspect identified
9925832ba5e16061f8599dcde431843f69ac9d06bd5a22bd6ca786d4ed5cc683,2018-08,Hertfordshire Constabulary,Hertfordshire Constabulary,0.003353,51.758947,On or near ST MARTINS ROAD,E01023320,Broxbourne 003A,Local resolution
c8c5631bfffe3a520fcdc2cc2b5de2b5d20322b1673b05f7bc9afb9709913906,2018-08,Hertfordshire Constabulary,Hertfordshire Constabulary,-0.399926,51.657468,On or near Nightclub,E01023861,Watford 009C,Unable to prosecute suspect
b45efac5f9f9b8a526eb06e1fab254753aa9457e495322c8f38c2e79f95f628f,2018-08,Hertfordshire Constabulary,Hertfordshire Constabulary,-0.399926,51.657468,On or near Nightclub,E01023861,Watford 009C,Unable to prosecute suspect
73dbbd4e45eb17a3862144d9421641a6b7d61ce587e8596bb1841ff26283fb5b,2018-08,Hertfordshire Constabulary,Hertfordshire Constabulary,-0.013443,51.763198,On or near JERSEY CLOSE,E01023323,Broxbourne 003D,Unable to prosecute suspect
2bb61cfdf94fe516876a9fd4e412f2dd8c24820d6dc0a9e6762d9af10d171389,2018-08,Hertfordshire Constabulary,Hertfordshire Constabulary,-0.382813,51.830553,On or near THE CLOSE,E01023694,St Albans 001E,Investigation complete; no suspect identified
2874e105819d23b9784d03be255ebbce0e0f4820fc94bccf2123df9f00c6610d,2018-08,Hertfordshire Constabulary,Hertfordshire Constabulary,-0.012558,51.756286,On or near YEWLANDS DRIVE,E01023321,Broxbourne 003B,Unable to prosecute suspect
2c0894baf96d5c115c1da1ef2bf334a188328c9347d3931474d43395680b427c,2018-08,Hertfordshire Constabulary,Hertfordshire Constabulary,-0.275978,51.977275,On or near ABBIS ORCHARD,E01023594,North Hertfordshire 014A,Unable to prosecute suspect
c5d7281da9604573c0ac9d7bc95a7c8df9cce64005455a2a09e5b9058255fb95,2018-08,Hertfordshire Constabulary,Hertfordshire Constabulary,-0.340188,51.757125,On or near Sports/Recreation Area,E01023728,St Albans 012C,Investigation complete; no suspect identified
714ad480964f8e94d54a0d165111303380ebeb2950751f603b7debda54a2270f,2018-08,Hertfordshire Constabulary,Hertfordshire Constabulary,-0.177489,51.885432,On or near Parking Area,E01023784,Stevenage 011B,Investigation complete; no suspect identified
0f0648b258000555fb7eb1df20d5f49cd3ded8ef2991d61db9e94a8b5d2d84de,2018-08,Hertfordshire Constabulary,Hertfordshire Constabulary,-0.012754,51.761720,On or near Parking Area,E01023323,Broxbourne 003D,Investigation complete; no suspect identified
32bf7d37039744b7032cf961ddf060fcb8227d2678ba2d2a838bc6fdcd4415a1,2018-08,Hertfordshire Constabulary,Hertfordshire Constabulary,-0.467624,51.738597,On or near FROGMORE ROAD,E01033023,Dacorum 018H,Unable to prosecute suspect
1e2597dc9c6f65079af3bbb38022e0a22adac92d9d1950ab3d4722281f0e1a9a,2018-08,Hertfordshire Constabulary,Hertfordshire Constabulary,-0.274374,51.656815,On or near Supermarket,E01023530,Hertsmere 007B,Local resolution
6f5559cb26bb21c99dc5bfdb7dc15289e010675fae7b08c3ca83dd774d0b26aa,2018-08,Hertfordshire Constabulary,Hertfordshire Constabulary,-0.225174,51.989864,On or near LAMMAS WAY,E01023638,North Hertfordshire 003D,Unable to prosecute suspect
ac78dfe136231a70a1481cac3c8bc16c8eff930c52aae93ddb19a36f1368e455,2018-08,Hertfordshire Constabulary,Hertfordshire Constabulary,-0.431768,51.698730,On or near ROSEHILL GARDENS,E01023831,Three Rivers 003C,Unable to prosecute suspect
300c8403de1ec0341c537876f8d99b9b1585f825cb7408ee2f47f7902c5b38c8,2018-08,Hertfordshire Constabulary,Hertfordshire Constabulary,-0.431768,51.698730,On or near ROSEHILL GARDENS,E01023831,Three Rivers 003C,Unable to prosecute suspect
c29292c8e7d4932304af0a29a28824ce05cc578f7d490c8929c45067dbe831d2,2018-08,Hertfordshire Constabulary,Hertfordshire Constabulary,-0.204691,52.007483,On or near RADWELL LANE,E01023585,North Hertfordshire 005A,Unable to prosecute suspect
237a5c3290b262fffa8ddd32a957499969229edf3b81a598cd0a50776c6f2c83,2018-08,Hertfordshire Constabulary,Hertfordshire Constabulary,-0.186535,51.900040,On or near POPPY MEAD,E01023756,Stevenage 008B,Unable to prosecute suspect
c97ee8c785cafa4f878ad92c57c1fb2b93b359d66804bce8e46221be13bd2a8f,2018-08,Hertfordshire Constabulary,Hertfordshire Constabulary,-0.270241,51.659038,On or near SHENLEY ROAD,E01023538,Hertsmere 006E,Unable to prosecute suspect
2f3ef01bc43591953abb25ef9a66d748c529c2402d89dcc7f2a1baf3710643ec,2018-08,Hertfordshire Constabulary,Hertfordshire Constabulary,-0.071650,51.720492,On or near SOUTHVIEW CLOSE,E01023308,Broxbourne 006B,Unable to prosecute suspect
93e77d3409b5d58425cd5810915fb1ef7f77d02c7bf63fe0e593451e416135ad,2018-08,Hertfordshire Constabulary,Hertfordshire Constabulary,-0.236781,51.757400,On or near Parking Area,E01023923,Welwyn Hatfield 012D,Unable to prosecute suspect
93e77d3409b5d58425cd5810915fb1ef7f77d02c7bf63fe0e593451e416135ad,2018-08,Hertfordshire Constabulary,Hertfordshire Constabulary,-0.236781,51.757400,On or near Parking Area,E01023923,Welwyn Hatfield 012D,Unable to prosecute suspect
93e77d3409b5d58425cd5810915fb1ef7f77d02c7bf63fe0e593451e416135ad,2018-08,Hertfordshire Constabulary,Hertfordshire Constabulary,-0.236781,51.757400,On or near Parking Area,E01023923,Welwyn Hatfield 012D,Unable to prosecute suspect
fcc9b3244296b4d9ed6197e1191c801b59be88a6cd5e5760e370ab228ef38a59,2018-08,Hertfordshire Constabulary,Hertfordshire Constabulary,-0.356787,51.814735,On or near LEYTON GREEN,E01023701,St Albans 003C,Suspect charged
fcc9b3244296b4d9ed6197e1191c801b59be88a6cd5e5760e370ab228ef38a59,2018-08,Hertfordshire Constabulary,Hertfordshire Constabulary,-0.356787,51.814735,On or near LEYTON GREEN,E01023701,St Albans 003C,Suspect charged
8c931bb78cd2b192f096c071627346275de22710ae9fb76ccf26c9a795bf9146,2018-08,Hertfordshire Constabulary,Hertfordshire Constabulary,-0.181048,51.690476,On or near ASHWOOD ROAD,E01023573,Hertsmere 003C,Unable to prosecute suspect
9635dc078827115a5aae30029608afd9dd29dd23b983bb8edced019778bbfea3,2018-08,Hertfordshire Constabulary,Hertfordshire Constabulary,-0.251367,51.704996,On or near BLACKHORSE LANE,E01023584,Hertsmere 004D,Offender given a caution
2028f9e0438735730a94058e0466844459283438df563544f199ff763263f174,2018-08,Hertfordshire Constabulary,Hertfordshire Constabulary,-0.224813,51.991621,On or near MIDDLEFIELDS,E01023636,North Hertfordshire 003B,Unable to prosecute suspect
2028f9e0438735730a94058e0466844459283438df563544f199ff763263f174,2018-08,Hertfordshire Constabulary,Hertfordshire Constabulary,-0.224813,51.991621,On or near MIDDLEFIELDS,E01023636,North Hertfordshire 003B,Unable to prosecute suspect
1e817fd9065b6a852082beb94e4c8dac9ea7c0356e2fd5bb29b0f1ea5ec22f26,2018-08,Hertfordshire Constabulary,Hertfordshire Constabulary,-0.038711,51.815148,On or near WATTON ROAD,E01023517,East Hertfordshire 013E,Unable to prosecute suspect
5b0b64d58d5fd5f14720cdeffb3cd7269f34f5dc66f6674886efade8665f4211,2018-08,Hertfordshire Constabulary,Hertfordshire Constabulary,-0.023493,51.949271,On or near BOWLING GREEN LANE,E01023465,East Hertfordshire 001C,Local resolution
f441a8dd5fa88e1d575f1957c7a24109e491f426d83c5211152cf54c614c12d6,2018-08,Hertfordshire Constabulary,Hertfordshire Constabulary,-0.241789,51.978037,On or near ICKNIELD WAY,E01023650,North Hertfordshire 007B,Unable to prosecute suspect
2278acab52c3bb67e2c10a4e0d3930b922f67a829290d639ec01ef17580abdab,2018-08,Hertfordshire Constabulary,Hertfordshire Constabulary,-0.017676,51.764150,On or near NORRIS RISE,E01023322,Broxbourne 003C,Investigation complete; no suspect identified
2125b8159b246300b8f193b90a45298621ba4391d366871416d2309c6eb27a2d,2018-08,Hertfordshire Constabulary,Hertfordshire Constabulary,-0.017676,51.764150,On or near NORRIS RISE,E01023322,Broxbourne 003C,Investigation complete; no suspect identified
a94b78842437aeac9061add444489b1f9b7dfe9fb484d2d092d8269db196bff4,2018-08,Hertfordshire Constabulary,Hertfordshire Constabulary,-0.267713,51.737430,On or near Parking Area,E01023584,Hertsmere 004D,Investigation complete; no suspect identified
cfc5099972f16364d293756023ed4ae50d77df6facc31e512a95b73d12b5b6a9,2018-08,Hertfordshire Constabulary,Hertfordshire Constabulary,-0.033398,51.690480,On or near Supermarket,E01023332,Broxbourne 012A,Unable to prosecute suspect
e7da663f5f0cdb15854aa4af22e4326479b8a50ece6fb9c2d7d57405615335ec,2018-08,Hertfordshire Constabulary,Hertfordshire Constabulary,-0.330915,51.678098,On or near ORCHARD CLOSE,E01023527,Hertsmere 005E,Unable to prosecute suspect
98d3b22f3d2cc093b1609e92510e43b38a3686399626afc008c8bd0fe620772d,2018-08,Hertfordshire Constabulary,Hertfordshire Constabulary,-0.201562,51.900459,On or near THE QUADRANT,E01023758,Stevenage 008D,Offender given a caution
094222ce5ce8eb1936964f1f7369f0fce4fa2848e5b11d05adb0f723564bf12a,2018-08,Hertfordshire Constabulary,Hertfordshire Constabulary,-0.339285,51.631943,On or near SHAW CLOSE,E01023548,Hertsmere 013A,Investigation complete; no suspect identified
ac83b57b91077ea431d4efeb22939fb89706c244df9768b4fa94b65220cd1d0e,2018-08,Hertfordshire Constabulary,Hertfordshire Constabulary,-0.213792,51.824430,On or near WELWYN BY PASS ROAD,E01023970,Welwyn Hatfield 002D,Unable to prosecute suspect
58e6f077cdf014cd726d71dfc909bae1f969a309d17f8843ae1c41195fcd26d8,2018-08,Hertfordshire Constabulary,Hertfordshire Constabulary,-0.332155,51.747462,On or near ALMA CUT,E01023726,St Albans 012A,Unable to prosecute suspect
6ed69749544209ddd6c662e3f6f3656acb7858037221b41c80e31761734f3fde,2018-08,Hertfordshire Constabulary,Hertfordshire Constabulary,0.152696,51.862813,On or near BENHOOKS AVENUE,E01023447,East Hertfordshire 007E,Unable to prosecute suspect
53d49581a3ad4b009e675b9a82be8d7917bb3efc7e01e53033c298a36fcc4387,2018-08,Hertfordshire Constabulary,Hertfordshire Constabulary,-0.476646,51.754126,On or near ASTLEY ROAD,E01023400,Dacorum 015E,Unable to prosecute suspect
e6233063cb273aad5258c20e12b4167d93e2393a8e15b09c74824192f8374884,2018-08,Hertfordshire Constabulary,Hertfordshire Constabulary,-0.476061,51.755998,On or near BURY ROAD,E01023400,Dacorum 015E,Investigation complete; no suspect identified
5e6ce3b74113f80b277f884c6a0c9228c34b96423785eb27c0b60e0028f2953e,2018-08,Hertfordshire Constabulary,Hertfordshire Constabulary,-0.281231,51.668164,On or near NORTHGATE PATH,E01023536,Hertsmere 006C,Unable to prosecute suspect
be5a8538c459384c0384456b533dbc3809add0e53b7cc546636f821ce3a74968,2018-08,Hertfordshire Constabulary,Hertfordshire Constabulary,0.161039,51.870214,On or near Parking Area,E01023449,East Hertfordshire 004A,Investigation complete; no suspect identified
9d21e7b80261c49d1b397ecea2f86e43dd39932035a389550540a105c6e2f497,2018-08,Hertfordshire Constabulary,Hertfordshire Constabulary,-0.269805,51.670487,On or near COWLEY HILL,E01023583,Hertsmere 004C,Unable to prosecute suspect
0d56634fa1f1285a0868efe5fef3ef139dcafa6e40bfeee22f5b87dda6562c14,2018-08,Hertfordshire Constabulary,Hertfordshire Constabulary,0.161039,51.870214,On or near Parking Area,E01023449,East Hertfordshire 004A,Investigation complete; no suspect identified
7339fd4cd227f40ff2c68b6cf94853d97795fef292f5775e0569e406fbac5923,2018-08,Hertfordshire Constabulary,Hertfordshire Constabulary,-0.409552,51.648868,On or near KELMSCOTT CRESCENT,E01023863,Watford 011A,Investigation complete; no suspect identified
25a6adbfc9ca07d17de45a1f867d212ef2cee7433d2ca9a460182c879b912c3b,2018-08,Hertfordshire Constabulary,Hertfordshire Constabulary,-0.176750,51.916955,On or near Pedestrian Subway,E01023780,Stevenage 006C,Unable to prosecute suspect
f2dd1958c4eeb008ea5710c7b2160d2a0e243e2adfe4e794db30a56b461038c7,2018-08,Hertfordshire Constabulary,Hertfordshire Constabulary,-0.313569,51.746675,On or near HAIG CLOSE,E01023681,St Albans 016A,Unable to prosecute suspect
3a83f53d9e4b06b898279f4f9096c68b309e02ad787b0530f8a5db7af2687797,2018-08,Hertfordshire Constabulary,Hertfordshire Constabulary,-0.017560,51.762170,On or near WHITEHANDS CLOSE,E01023323,Broxbourne 003D,Unable to prosecute suspect
6fedcc85e4c5da0c8a4132e226b48b4ef92ebc6950b6bedf7ce984d99eb69c27,2018-08,Hertfordshire Constabulary,Hertfordshire Constabulary,-0.206938,51.694696,On or near SHILLITOE AVENUE,E01023569,Hertsmere 002C,Offender given a drugs possession warning
a42cd233847367e8fc9868694c728939ea8e4301d4f19a4aa37496c2653ccf23,2018-08,Hertfordshire Constabulary,Hertfordshire Constabulary,-0.192136,51.697580,On or near Parking Area,E01023579,Hertsmere 001D,Unable to prosecute suspect
8554abfde85dfcc492c743ae006d975b0a189e8149e68db1445c53105e90a4d9,2018-08,Hertfordshire Constabulary,Hertfordshire Constabulary,-0.125027,51.550285,On or near HUNGERFORD ROAD,E01002764,Islington 010A,Investigation complete; no suspect identified
cdfb0c43562016e56adf81daaeee3c5e16b67625d474b6beaf5c1d53db84d2a0,2018-08,Hertfordshire Constabulary,Hertfordshire Constabulary,-0.400866,51.658281,On or near Nightclub,E01023861,Watford 009C,Unable to prosecute suspect
24e0e1e966648876396863a60c72b568158b283144b3dc3e3eb7922e21d1e044,2018-08,Hertfordshire Constabulary,Hertfordshire Constabulary,-0.021188,51.686129,On or near ELEANOR WAY,E01023338,Broxbourne 013C,Investigation complete; no suspect identified
dfc8661d4f6fa9c6a7b2c9fb64c8c21359d6536255cd44cf13e347b03fe129f0,2018-08,Hertfordshire Constabulary,Hertfordshire Constabulary,-0.370756,51.666194,On or near MILLBROOK ROAD,E01023555,Hertsmere 008D,Unable to prosecute suspect
abbc91440aa7d56fcbcb16738e721b4e00ca1f728a1318ef901d2d30c21b445f,2018-08,Hertfordshire Constabulary,Hertfordshire Constabulary,-0.261451,51.960606,On or near TRISTRAM ROAD,E01023618,North Hertfordshire 011B,Unable to prosecute suspect
1ff889ddc9b0918fab5c8809b9677554c99e97299cb5916e86d7a21959c8feef,2018-08,Hertfordshire Constabulary,Hertfordshire Constabulary,-0.174880,51.927573,On or near Parking Area,E01023801,Stevenage 002F,Unable to prosecute suspect
77d13957539f14825313f3c7d9f5766969d968173a2d9610a32fe1f68b30d7d2,2018-08,Hertfordshire Constabulary,Hertfordshire Constabulary,-0.394598,51.671990,On or near BALMORAL ROAD,E01023858,Watford 006D,Unable to prosecute suspect
3af88187fe9e0aad4ae756ea9d28e229110a1f6932ccd3ef4d9aa440dd18fe6a,2018-08,Hertfordshire Constabulary,Hertfordshire Constabulary,-0.312788,51.751708,On or near Petrol Station,E01023674,St Albans 011B,Investigation complete; no suspect identified
c5850244132fad383998b81ae6eec676bce6fd7786ecd2199222c17f834b5c8b,2018-08,Hertfordshire Constabulary,Hertfordshire Constabulary,-0.562880,51.760014,On or near CHURCH LANE,E01023361,Dacorum 009A,Unable to prosecute suspect
ff74f7a476fce5cfaa8988327eef655bf87b5747b7677d7efa066203b3a434b8,2018-08,Hertfordshire Constabulary,Hertfordshire Constabulary,-0.081983,51.804352,On or near Supermarket,E01023471,East Hertfordshire 014B,Suspect charged
307b03f9874c68c53d8c1b2cb64c5bca7d8f0d1ab11b8198cb38525fca921b21,2018-08,Hertfordshire Constabulary,Hertfordshire Constabulary,-0.132839,51.917607,On or near MOORS LEY,E01023509,East Hertfordshire 002E,Investigation complete; no suspect identified
60158615811d333adc115992c9b7557b1fbe0185f3e2e489a9329e8f60726fff,2018-08,Hertfordshire Constabulary,Hertfordshire Constabulary,-0.438248,51.771066,On or near Parking Area,E01023346,Dacorum 013B,Investigation complete; no suspect identified
a6f97b722f3c10a6c7e698a14c5909a516db0c08f3925a4c6e618b9318019283,2018-08,Hertfordshire Constabulary,Hertfordshire Constabulary,-0.172545,51.893043,On or near HYDE GREEN EAST,E01023793,Stevenage 010C,Unable to prosecute suspect
cf68885ed51f4e31e171ffdee4119f75f18d4c94aab9e700b26d9cc1e5522bf9,2018-08,Hertfordshire Constabulary,Hertfordshire Constabulary,-0.386718,51.672772,On or near WESTFIELD AVENUE,E01023898,Watford 005D,Unable to prosecute suspect
eeb0e0af340387b56548139bb03d999e347b036a7f90e907ccb202f9f3372dc1,2018-08,Hertfordshire Constabulary,Hertfordshire Constabulary,0.148823,51.864440,On or near WARD CRESCENT,E01023447,East Hertfordshire 007E,Investigation complete; no suspect identified
4e6d070d20a48ec13cb45378c8151da9eb2be235aa0b9d4db2206e4460d32ab5,2018-08,Hertfordshire Constabulary,Hertfordshire Constabulary,-0.473723,51.752721,On or near Bus/Coach Station,E01023398,Dacorum 015D,Unable to prosecute suspect
ad7b19d869ad027d5acf262403f187a78f382bae7fe16322a041a302205c888f,2018-08,Hertfordshire Constabulary,Hertfordshire Constabulary,-0.156876,51.799273,On or near MARTLESHAM,E01023950,Welwyn Hatfield 005A,Investigation complete; no suspect identified
a854db5e4dcdf2ea5605e6e8739b836309d5a744323dbaabd77f5b71e48ca8f1,2018-08,Hertfordshire Constabulary,Hertfordshire Constabulary,-0.437605,51.649388,On or near Conference/Exhibition Centre,E01023825,Three Rivers 006E,Investigation complete; no suspect identified
0992800b3d5ae673e0b2f976296a9ab38f6acabfc224474f831fec14460a6f20,2018-08,Hertfordshire Constabulary,Hertfordshire Constabulary,-0.274374,51.656815,On or near Supermarket,E01023530,Hertsmere 007B,Unable to prosecute suspect
06895e21d1fb53efb7cb84365f6b84eb107a142988f0eb499a2c5462513eb95a,2018-08,Hertfordshire Constabulary,Hertfordshire Constabulary,-0.022608,51.752768,On or near BENFORD ROAD,E01023321,Broxbourne 003B,Unable to prosecute suspect
9b2ab66bac67ce3249aebb382b244d4320c0bf1d8b128b1ababa9bf142b22f99,2018-08,Hertfordshire Constabulary,Hertfordshire Constabulary,-0.441700,51.717098,On or near Pedestrian Subway,E01023808,Three Rivers 001E,Unable to prosecute suspect
e8e1ce4cc33f0e9b251cd06165b93b1de2653954d78b8b66a83a7bcdef84494c,2018-08,Hertfordshire Constabulary,Hertfordshire Constabulary,-0.249335,51.766984,On or near QUEEN BEE COURT,E01033314,Welwyn Hatfield 010G,Offender given a drugs possession warning
61265856333e2c1bdef7151a314559aa6285f940e90a1e11c09ea93420edf0fe,2018-08,Hertfordshire Constabulary,Hertfordshire Constabulary,-0.366129,51.664988,On or near HARTS CLOSE,E01023555,Hertsmere 008D,Unable to prosecute suspect
7a3f4d61a71e450b6a7e364d1a0d51ac49e4f2d25de96a97ca2cccc7184572ee,2018-08,Hertfordshire Constabulary,Hertfordshire Constabulary,-0.274409,51.959745,On or near HEATHFIELD ROAD,E01023605,North Hertfordshire 010E,Investigation complete; no suspect identified
a70ef0527b5afc2ec0d5aa744967fb79e9193283b74186ffad5598af294d5139,2018-08,Hertfordshire Constabulary,Hertfordshire Constabulary,-0.555184,51.757815,On or near LONDRINA TERRACE,E01023361,Dacorum 009A,Unable to prosecute suspect
e6233f285de0bb65b49c86c38fafdd690095962bcb9a7f77ea836c2246eccde1,2018-08,Hertfordshire Constabulary,Hertfordshire Constabulary,-0.452820,51.736110,On or near ANELLE RISE,E01023359,Dacorum 020C,Unable to prosecute suspect
88f484db6006ed50a959d81946284f9621b6242f0b56c6de1f484c75537d4291,2018-08,Hertfordshire Constabulary,Hertfordshire Constabulary,-0.210308,51.922524,On or near Pedestrian Subway,E01023800,Stevenage 002E,Investigation complete; no suspect identified
b85f42f0ec96fb77a2545e5d9cf665e69d1610671230c479c6f2afc1b0a175e7,2018-08,Hertfordshire Constabulary,Hertfordshire Constabulary,-0.398841,51.669377,On or near LOWESTOFT ROAD,E01023855,Watford 006A,Unable to prosecute suspect
09cfc43bf73e85c2cc922cb30f258ce1b73289b81c4491e7d16ae2b8a6a67725,2018-08,Hertfordshire Constabulary,Hertfordshire Constabulary,-0.233757,51.987916,On or near THE BIRCHES,E01023638,North Hertfordshire 003D,Unable to prosecute suspect
9d832188af57e5a6df9bdc8bcd3536b624a6e9bdca897572414a9d0d2e71f21e,2018-08,Hertfordshire Constabulary,Hertfordshire Constabulary,-0.202041,51.896474,On or near BYRD COURT,E01023786,Stevenage 011D,Unable to prosecute suspect
95cd4d3e952421decf8a25ec07f1bfa1b1d7feda20a2beaa56f1ace89421c72b,2018-08,Hertfordshire Constabulary,Hertfordshire Constabulary,-0.247459,51.767918,On or near SALISBURY HALL DRIVE,E01033314,Welwyn Hatfield 010G,Unable to prosecute suspect
b7becbc6e33fac963aa8d2fc97f39b3d1941e4f7782d19632e5be16e9e2bcad4,2018-08,Hertfordshire Constabulary,Hertfordshire Constabulary,-0.400166,51.656797,On or near WILMINGTON CLOSE,E01023861,Watford 009C,Unable to prosecute suspect
60f2eadff76df072fd1ab946eed822e746988a2416d1c3bba2c70942d6d700da,2018-08,Hertfordshire Constabulary,Hertfordshire Constabulary,-0.306015,51.743761,On or near RICHARD STAGG CLOSE,E01023681,St Albans 016A,Unable to prosecute suspect
277e58d69dc772aca6e899d83e78d7137dc9e856e62c616262067e85619e27f3,2018-08,Hertfordshire Constabulary,Hertfordshire Constabulary,-0.076937,51.799207,On or near FRAMPTON STREET,E01023470,East Hertfordshire 014A,Investigation complete; no suspect identified
851b84d1f6cbd16ecbb1932f3a198ba4a2585a8bff89e924e3a19bb6204c02db,2018-08,Hertfordshire Constabulary,Hertfordshire Constabulary,-0.028653,51.953386,On or near Sports/Recreation Area,E01023465,East Hertfordshire 001C,Unable to prosecute suspect
08f885d58161eb9029c4d3861176fe33c5608b22f713ff51facc487e51b9a10e,2018-08,Hertfordshire Constabulary,Hertfordshire Constabulary,-0.035223,51.709142,On or near WYCLIFFE CLOSE,E01023298,Broxbourne 010B,Action to be taken by another organisation
ba555b21aed60988123f5b3e1eba3dd97be7d0062ae524dfd6a1ee9b625f8039,2018-08,Hertfordshire Constabulary,Hertfordshire Constabulary,-0.035223,51.709142,On or near WYCLIFFE CLOSE,E01023298,Broxbourne 010B,Action to be taken by another organisation
9bfe48325c78b8b6558a7dc8e96ac0af1df6ca5df881508a2a5d17da13c9b0fa,2018-08,Hertfordshire Constabulary,Hertfordshire Constabulary,-0.394905,51.678450,On or near BUSHEY MILL CRESCENT,E01023896,Watford 005B,Investigation complete; no suspect identified
abee4462a4977bbebe540482785aaf408595f4f6d8496581bcc93ea51ae0573e,2018-08,Hertfordshire Constabulary,Hertfordshire Constabulary,-0.332663,51.755688,On or near HALL PLACE GARDENS,E01023676,St Albans 011D,Suspect charged
956d29cf8330763387b24c4e4dee9d3d90456f6e552caaf5260f3ed91c319d41,2018-08,Hertfordshire Constabulary,Hertfordshire Constabulary,-0.227088,51.763674,On or near Supermarket,E01023920,Welwyn Hatfield 012A,Unable to prosecute suspect
8770ac813e2f58377aef96e493eab914f7fe622b31b8783c1e9f154a1da4b983,2018-08,Hertfordshire Constabulary,Hertfordshire Constabulary,-0.411347,51.693025,On or near HUNTER'S LANE,E01023833,Three Rivers 002D,Unable to prosecute suspect
1ac97da10b1fcbe6dc8e6e4db1d32f316f9714d3b18f81eeeee8f510e6d3dd1a,2018-08,Hertfordshire Constabulary,Hertfordshire Constabulary,-0.233465,51.761064,On or near FEATHER DELL,E01023921,Welwyn Hatfield 012B,Unable to prosecute suspect
3fcae00ae27792e2d346e386d96cbc47c3a3095888829ec52c7b32c5d5aa3cc1,2018-08,Hertfordshire Constabulary,Hertfordshire Constabulary,-0.198592,51.892951,On or near Shopping Area,E01023786,Stevenage 011D,Suspect charged
3fcae00ae27792e2d346e386d96cbc47c3a3095888829ec52c7b32c5d5aa3cc1,2018-08,Hertfordshire Constabulary,Hertfordshire Constabulary,-0.198592,51.892951,On or near Shopping Area,E01023786,Stevenage 011D,Suspect charged
d1b51b0f6317a2586972e6232df2a1e2302a540506d8c8b97c28597a0540e84b,2018-08,Hertfordshire Constabulary,Hertfordshire Constabulary,-0.342214,51.767072,On or near AVOCET CLOSE,E01023672,St Albans 009D,Unable to prosecute suspect
e16e8e9180a5644ed6d612dc27f722ddf87dcf428c5cfd02562e6b64f410a806,2018-08,Hertfordshire Constabulary,Hertfordshire Constabulary,-0.172798,51.922262,On or near ELY CLOSE,E01023789,Stevenage 001C,Unable to prosecute suspect
b65b12dd4065947efdaa7d48f0824ccc075d0fbfc19b832b2d5ea83883081a57,2018-08,Hertfordshire Constabulary,Hertfordshire Constabulary,-0.387511,51.682188,On or near CEZANNE ROAD,E01023875,Watford 003C,Investigation complete; no suspect identified
d147804225eb0e562cd3418ea7232424908c8e012856f8d09d74c0f915d2a234,2018-08,Hertfordshire Constabulary,Hertfordshire Constabulary,-0.030893,51.839710,On or near DELLFIELD,E01023506,East Hertfordshire 006B,Unable to prosecute suspect
d60f29134a39a9261288025b91042806ee4933ef77de6a5f86297ddd0d70a80e,2018-08,Hertfordshire Constabulary,Hertfordshire Constabulary,-0.303031,51.751109,On or near OAKDENE WAY,E01023665,St Albans 013B,Action to be taken by another organisation
4342dab58da0bd96bc40fb811a22205b26ad18c679993e5b37e1acd9326ab77f,2018-08,Hertfordshire Constabulary,Hertfordshire Constabulary,-0.313147,51.702770,On or near HARPER LANE,E01023720,St Albans 019C,Unable to prosecute suspect
3c0d725d3c18c468a3e385807e1e32eb428e52685465a91f183dbd949dc1e532,2018-08,Hertfordshire Constabulary,Hertfordshire Constabulary,-0.166919,51.904142,On or near CAVELL WALK,E01023761,Stevenage 007C,Unable to prosecute suspect
d7592c400bd624404b300625cc1e88dab2fa441655277e7ceb8d2c667be1a5f0,2018-08,Hertfordshire Constabulary,Hertfordshire Constabulary,-0.267942,51.941361,On or near SUNNYSIDE ROAD,E01023606,North Hertfordshire 013A,Unable to prosecute suspect
79b36b49d96389472128722443c176a292b2e04e3cd0079ec765627db62fdbe4,2018-08,Hertfordshire Constabulary,Hertfordshire Constabulary,-0.269328,51.655688,On or near Supermarket,E01023541,Hertsmere 011C,Unable to prosecute suspect
6033901d021d5b542964a7d73080eaedfee3a3b856ffa09bca8203800fd8fec1,2018-08,Hertfordshire Constabulary,Hertfordshire Constabulary,-0.394857,51.655268,On or near Shopping Area,E01023860,Watford 009B,Unable to prosecute suspect
b410ef4dfdec64da201a543a274a61d147d835211f794155e47db642130bb592,2018-08,Hertfordshire Constabulary,Hertfordshire Constabulary,-0.198505,51.800224,On or near HYDE WAY,E01023954,Welwyn Hatfield 007A,Investigation complete; no suspect identified
00e265e563da683e74ca1032fbc07309a5a9adb1564471132ed783e222366747,2018-08,Hertfordshire Constabulary,Hertfordshire Constabulary,-0.200491,52.014108,On or near Petrol Station,E01023585,North Hertfordshire 005A,Unable to prosecute suspect
235e18366776269c04a8f6f6d60accc48b52c6aae9400d5b74f345699d0ea658,2018-08,Hertfordshire Constabulary,Hertfordshire Constabulary,-0.089207,51.725751,On or near STARKEY CLOSE,E01023307,Broxbourne 006A,Investigation complete; no suspect identified
7b701008b59b9d5c864ed99492328cc1e53d2d73c28a1ee1e870adbe9f2cfb50,2018-08,Hertfordshire Constabulary,Hertfordshire Constabulary,-0.189227,51.795783,On or near SHORTLANDS GREEN,E01023958,Welwyn Hatfield 007E,Unable to prosecute suspect
24fb520f24f4b4f8f51426f150966abc527edb4fbac53e593e474c9142811134,2018-08,Hertfordshire Constabulary,Hertfordshire Constabulary,-0.426299,51.823311,On or near Petrol Station,E01023430,Dacorum 001A,Formal action is not in the public interest
7c8c872cfae42afe24db653ef587b1cc09a54ead16b94653bffbb1dc56b513a3,2018-08,Hertfordshire Constabulary,Hertfordshire Constabulary,-0.552633,51.756930,On or near Petrol Station,E01023362,Dacorum 009B,Unable to prosecute suspect
31d0491bcdfb01d5aae33acc5fff2a68cd0129045c6fdf9817f9b36ccf48fe98,2018-08,Hertfordshire Constabulary,Hertfordshire Constabulary,-0.237985,51.974419,On or near CAMPERS AVENUE,E01023645,North Hertfordshire 008B,Unable to prosecute suspect
b7840bd12a2a2eaee341d9327e203b9195814fdfe0785ecfd604930497f9424f,2018-08,Hertfordshire Constabulary,Hertfordshire Constabulary,-0.249335,51.766984,On or near QUEEN BEE COURT,E01033314,Welwyn Hatfield 010G,Investigation complete; no suspect identified
70f5687cfb2d5a3293bec2cfca971abfa61c81b2a84fae39b7d2e84cdeb39b31,2018-08,Hertfordshire Constabulary,Hertfordshire Constabulary,-0.396955,51.653579,On or near Pedestrian Subway,E01023862,Watford 009D,Investigation complete; no suspect identified
7728a5e40c52dfae6c5b46b080d78114b589742f674d23c1a677e1be72b58cea,2018-08,Hertfordshire Constabulary,Hertfordshire Constabulary,-0.247459,51.767918,On or near SALISBURY HALL DRIVE,E01033314,Welwyn Hatfield 010G,Unable to prosecute suspect
5e6d4a066c03f3a6deb93dc07ec19adfa33a4774bf6871c56dda1a647e2068dd,2018-08,Hertfordshire Constabulary,Hertfordshire Constabulary,-0.345222,51.822315,On or near BARTON CLOSE,E01023689,St Albans 002E,Local resolution
8fdea4bf2669b480f11c140a1e5610cddcd07ac833f798fd1ed8e37c97085975,2018-08,Hertfordshire Constabulary,Hertfordshire Constabulary,-0.445567,51.740672,On or near RUMBALLS CLOSE,E01023358,Dacorum 020B,Unable to prosecute suspect
6be46a2179eb877c788cfe31490dd8fcac56ee35787aadaee44f5c4b0e8fd6be,2018-08,Hertfordshire Constabulary,Hertfordshire Constabulary,-0.235450,51.763305,On or near DE HAVILLAND CLOSE,E01023921,Welwyn Hatfield 012B,Unable to prosecute suspect
3c461926bb503026ce6d5f3c5016c787ecb0713d94b64581d1ec021ecb3e62d3,2018-08,Hertfordshire Constabulary,Hertfordshire Constabulary,-0.457721,51.837116,On or near THE RIDINGS,E01023432,Dacorum 001C,Unable to prosecute suspect
483bd284d8b9e08be2295305b29fae47544a53ed9462a32e992307271a0d513c,2018-08,Hertfordshire Constabulary,Hertfordshire Constabulary,-0.214830,51.970168,On or near HOWARD GATE,E01023642,North Hertfordshire 009D,Investigation complete; no suspect identified
1212df7a62bb908cf5258617ea0c4b73001d32252ab360eda24c1b6f07dd856c,2018-08,Hertfordshire Constabulary,Hertfordshire Constabulary,-0.444039,51.750174,On or near Parking Area,E01023411,Dacorum 017C,Unable to prosecute suspect
17d9fd07a741f3fe67b673549dad7ca1a2c16f7c75d0d1cce2474d48cc79830d,2018-08,Hertfordshire Constabulary,Hertfordshire Constabulary,-0.337492,51.721632,On or near SYCAMORE DRIVE,E01023720,St Albans 019C,Suspect charged
97151c2de282d00ad95b4737e1bd19e8d48e18609e2804477454fd4d04cef1e6,2018-08,Hertfordshire Constabulary,Hertfordshire Constabulary,-0.191110,51.794742,On or near SALISBURY GARDENS,E01023955,Welwyn Hatfield 007B,Investigation complete; no suspect identified
6d4b7dccca067357ebaaea8b8b1622f075675e38a2af234351045dd609d7712a,2018-08,Hertfordshire Constabulary,Hertfordshire Constabulary,-0.394437,51.656108,On or near Parking Area,E01023860,Watford 009B,Investigation complete; no suspect identified
5196b0d73554750d800e0b7776ba608975770e5ca25c0ff92659c9d6a72016c8,2018-08,Hertfordshire Constabulary,Hertfordshire Constabulary,-0.394437,51.656108,On or near Parking Area,E01023860,Watford 009B,Investigation complete; no suspect identified
bb651b5e7c316b3f95cd0e2ed5bff18480b135a4b391f0c43953ff74786de78c,2018-08,Hertfordshire Constabulary,Hertfordshire Constabulary,-0.299815,51.747646,On or near STURMER CLOSE,E01023677,St Albans 015A,Unable to prosecute suspect
2f4485612843d1646bb67263560c67d37512c168691b1e3903163d1b14ef664e,2018-08,Hertfordshire Constabulary,Hertfordshire Constabulary,-0.204026,51.890444,On or near Park/Open Space,E01023786,Stevenage 011D,Unable to prosecute suspect
fca25292191d73642dc51b8115a71a6c446549c2cf86843c6f9717ece7aa9c91,2018-08,Hertfordshire Constabulary,Hertfordshire Constabulary,-0.290133,51.668690,On or near ROSSINGTON AVENUE,E01023533,Hertsmere 007E,Investigation complete; no suspect identified
cfad1201fcaffc361a51ac10467026cc158613897cc8b50b486a5fb0485a94af,2018-08,Hertfordshire Constabulary,Hertfordshire Constabulary,-0.201056,51.785687,On or near LAYTON STREET,E01023941,Welwyn Hatfield 009C,Unable to prosecute suspect
27fe5fc1ec96f2e513e6a730e05e2c6f2c5269d3625735ebcf9b73f3671f22f0,2018-08,Hertfordshire Constabulary,Hertfordshire Constabulary,-0.011724,51.766694,On or near Petrol Station,E01023327,Broxbourne 002A,Investigation complete; no suspect identified
38ee598473da2efe76e209a9aa4c6143183f3614a61cb22dd3cc6c66676abb92,2018-08,Hertfordshire Constabulary,Hertfordshire Constabulary,-0.288220,51.960926,On or near MILESTONE ROAD,E01023611,North Hertfordshire 012A,Formal action is not in the public interest
f760ef77d94b70d64bcaebb930a9afdd23dbda94dd7df46ecae584d0065b2d88,2018-08,Hertfordshire Constabulary,Hertfordshire Constabulary,-0.267140,51.660350,On or near Parking Area,E01023537,Hertsmere 006D,Suspect charged
6ef284497fbcaf883b16e41de7f32536a9b815ba2ae63ddb78b7cf3edfed7ec2,2018-08,Hertfordshire Constabulary,Hertfordshire Constabulary,-0.198028,51.986187,On or near HADRIAN WAY,E01023590,North Hertfordshire 004D,Investigation complete; no suspect identified
d3ff39476496ec92c03e135486b92b050cce2da22fe2d256ac926db3b49448ec,2018-08,Hertfordshire Constabulary,Hertfordshire Constabulary,-0.201562,51.900459,On or near THE QUADRANT,E01023758,Stevenage 008D,Investigation complete; no suspect identified
bfc570dd14cfc9c33fd2eb3d39368b9ec4e4c4d32a1a06de61f1a65a94a4e831,2018-08,Hertfordshire Constabulary,Hertfordshire Constabulary,-0.400600,51.654744,On or near FRANCIS ROAD,E01023861,Watford 009C,Unable to prosecute suspect
1b1e32074792b6088577df4a3515b6febbbcdf64e58b38b303cb89e5a74eee3e,2018-08,Hertfordshire Constabulary,Hertfordshire Constabulary,-0.339064,51.767216,On or near FRANCIS AVENUE,E01023672,St Albans 009D,Formal action is not in the public interest
7b4733214368b404137f271fdcd3b154c7f2d10c882ed33c95cd704df20cfbda,2018-08,Hertfordshire Constabulary,Hertfordshire Constabulary,-0.562880,51.760014,On or near CHURCH LANE,E01023361,Dacorum 009A,Offender given a caution
dfb8e36006f54083683dc8329787968b82e61bb930d19a0e2f10925a3b3fbe5c,2018-08,Hertfordshire Constabulary,Hertfordshire Constabulary,-0.258004,51.942527,On or near ASTON RISE,E01023607,North Hertfordshire 013B,Investigation complete; no suspect identified
6d079799986e4246c817f876d00581220ba290dc004f9a1562fa110e31afdcf3,2018-08,Hertfordshire Constabulary,Hertfordshire Constabulary,-0.337328,51.753722,On or near ST PETER'S STREET,E01023727,St Albans 012B,Investigation complete; no suspect identified
5fa87ea6a991f9ff7e128a7bd5ae58e6b5c3ac3908e06208ccc22e03ca7edb32,2018-08,Hertfordshire Constabulary,Hertfordshire Constabulary,-0.279041,51.949004,On or near BRAND STREET,E01023616,North Hertfordshire 012F,Unable to prosecute suspect
c34cf3c7921068a30b1dc77ac70f03224f5bdd35606a27935d7e2b9e78ab53e7,2018-08,Hertfordshire Constabulary,Hertfordshire Constabulary,-0.485915,51.762024,On or near WILLOW WAY,E01023391,Dacorum 010B,Unable to prosecute suspect
b5aeef8bb95ae6a6d8895e312c0278197f83b7ff2ae5a4b0aef8e0c911e63a11,2018-08,Hertfordshire Constabulary,Hertfordshire Constabulary,-0.221759,51.734432,On or near GOULD CLOSE,E01023963,Welwyn Hatfield 014B,Suspect charged
22370451cb6a948c7450adb2c128683898e5b9054675d42de666be8b5bd4cfbd,2018-08,Hertfordshire Constabulary,Hertfordshire Constabulary,-0.218324,51.772444,On or near HILLFIELD,E01033311,Welwyn Hatfield 010F,Investigation complete; no suspect identified
a8ed733fe753acf6f7f3bb0841eb71a1f91c6556b2397078c5f0d54dc6876b64,2018-08,Hertfordshire Constabulary,Hertfordshire Constabulary,-0.206721,51.888075,On or near A602,E01023786,Stevenage 011D,Unable to prosecute suspect
947594237b49acc32fe6fcc4a5c20b3ebc4765719dadc68ee25e07455eb61f07,2018-08,Hertfordshire Constabulary,Hertfordshire Constabulary,-0.343321,51.807308,On or near Supermarket,E01023703,St Albans 003E,Local resolution
3e22916e6d54054fed7c90bc015fdaa9013ae86f997a8ade45675b526bf3ed78,2018-08,Hertfordshire Constabulary,Hertfordshire Constabulary,-0.433269,51.693796,On or near Pedestrian Subway,E01023831,Three Rivers 003C,Investigation complete; no suspect identified
42c54c68a7f787c2d33ca4a5e3183a6d8d3f50cc18e68cb2760d7800f98f0307,2018-08,Hertfordshire Constabulary,Hertfordshire Constabulary,-0.225635,51.768220,On or near BIRCHWAY,E01033311,Welwyn Hatfield 010F,Action to be taken by another organisation
c8162f47edf1ab34e0beca78770d508770d35684a973bd1f7de6cc1b61bc60ce,2018-08,Hertfordshire Constabulary,Hertfordshire Constabulary,-0.271485,51.954783,On or near FLORENCE STREET,E01023601,North Hertfordshire 010A,Unable to prosecute suspect
5d25002b9b3522f5c03ee54c237f5125adb4a21302447f60b1b499e2dddcb00b,2018-08,Hertfordshire Constabulary,Hertfordshire Constabulary,-0.507889,51.614415,On or near Park/Open Space,E01023837,Three Rivers 009C,Action to be taken by another organisation
ca26fe4db1c0f4242de2b94a0ba1a5d08bacd8eeefa620f4493430c23ad00f7d,2018-08,Hertfordshire Constabulary,Hertfordshire Constabulary,-0.357449,51.816076,On or near CHURCH GREEN,E01023701,St Albans 003C,Investigation complete; no suspect identified
189950020f712ea20a92a00f044ad47935600d1669eca06066e78297a9d959c1,2018-08,Hertfordshire Constabulary,Hertfordshire Constabulary,-0.402076,51.670743,On or near SHAKESPEARE STREET,E01023856,Watford 006B,Unable to prosecute suspect
b0b645373015b9c95207249bededbcb1f7c1a61bd36e9a45f65653ff0224c1f4,2018-08,Hertfordshire Constabulary,Hertfordshire Constabulary,-0.090542,51.712968,On or near OAKTREE CLOSE,E01023311,Broxbourne 007A,Unable to prosecute suspect
b0b645373015b9c95207249bededbcb1f7c1a61bd36e9a45f65653ff0224c1f4,2018-08,Hertfordshire Constabulary,Hertfordshire Constabulary,-0.090542,51.712968,On or near OAKTREE CLOSE,E01023311,Broxbourne 007A,Unable to prosecute suspect
b4fa4242345aa4b0d9560521ebb05c79b9a8e432865b00c17eb756d0117b855a,2018-08,Hertfordshire Constabulary,Hertfordshire Constabulary,-0.100867,51.800944,On or near HOLLY CROFT,E01023487,East Hertfordshire 015A,Suspect charged
13b3e300edf281806a5b848530e9e650c48089b54298c473b73792eee9553959,2018-08,Hertfordshire Constabulary,Hertfordshire Constabulary,-0.436302,51.753551,On or near A414,E01023411,Dacorum 017C,Investigation complete; no suspect identified
deaacc5e7df96fb31f571e526499da57ba43c82edd9be9849807963de93d09c2,2018-08,Hertfordshire Constabulary,Hertfordshire Constabulary,-0.502756,51.751431,On or near LONG CHAULDEN,E01023384,Dacorum 016B,Unable to prosecute suspect
e31a36b9ce2f16da252671ac4c0818015405d61078576250e540b87700497669,2018-08,Hertfordshire Constabulary,Hertfordshire Constabulary,-0.400207,51.658506,On or near Nightclub,E01023861,Watford 009C,Unable to prosecute suspect
c09cec5c110ed4610e7d6cb9414da82a3ebef0766ec6f51998cb50df62153765,2018-08,Hertfordshire Constabulary,Hertfordshire Constabulary,-0.397884,51.672313,On or near RIDGE STREET,E01023858,Watford 006D,Unable to prosecute suspect
877a3e0f5945beb00e23e9f188ddd3292486a753e6d17e469ea5046a6ccfb9e1,2018-08,Hertfordshire Constabulary,Hertfordshire Constabulary,-0.159841,51.893088,On or near COTNEY CROFT,E01023751,Stevenage 009B,Unable to prosecute suspect
1898260d400628da974f41d9e3e6cccb97d1d931d89d2204833b14ebdc6cd820,2018-08,Hertfordshire Constabulary,Hertfordshire Constabulary,-0.037445,51.718001,On or near Supermarket,E01023305,Broxbourne 008D,Investigation complete; no suspect identified
964ef58e859822aaceef931e3263ac9f0b7a1ef61f7954410055802a8138d5e9,2018-08,Hertfordshire Constabulary,Hertfordshire Constabulary,-0.166109,51.698166,On or near TORRINGTON DRIVE,E01023571,Hertsmere 003A,Unable to prosecute suspect
696880c4f6dae21678ef6039ca5d95b51e5b5320406df0ac337d1e7dbdcb309c,2018-08,Hertfordshire Constabulary,Hertfordshire Constabulary,-0.304419,51.756219,On or near WOODLAND DRIVE,E01023668,St Albans 013D,Offender given a drugs possession warning
3b4d803d7d66be1d835c6158be0d1eeb858d102a030db82a241a6648e552f1ff,2018-08,Hertfordshire Constabulary,Hertfordshire Constabulary,-0.220881,51.766764,On or near COTTON FIELD,E01023927,Welwyn Hatfield 011D,Unable to prosecute suspect
a024ae9ab0eca14a6e9ffcff6e1e4bdfab7ec1cec3451f9d13c3410ad0d8fb08,2018-08,Hertfordshire Constabulary,Hertfordshire Constabulary,-0.318711,51.748646,On or near HAWKSHILL,E01023666,St Albans 011A,Unable to prosecute suspect
bbc40c3039f24f8d115fa55b6232a5a77ed04db8ed42bec1ad1cb683bace4563,2018-08,Hertfordshire Constabulary,Hertfordshire Constabulary,-0.406492,51.628549,On or near FAIRHAVEN CRESCENT,E01023827,Three Rivers 008A,Unable to prosecute suspect
024bd33642d37e9f1cf4866aa999711e77e6073638cc3aa4d4cf44969f6348d2,2018-08,Hertfordshire Constabulary,Hertfordshire Constabulary,-0.431768,51.698730,On or near ROSEHILL GARDENS,E01023831,Three Rivers 003C,Unable to prosecute suspect
9831f0aafae4b717ba730bc98d40fcf28135371efbeae0f9df5b46c1f26d31be,2018-08,Hertfordshire Constabulary,Hertfordshire Constabulary,-0.573306,51.767136,On or near NORMANDY DRIVE,E01023364,Dacorum 009D,Investigation complete; no suspect identified
4a68f4b18268e696ffad8824440cf20ce8e0be29c911c03d8ddc0ffa41ef3ce8,2018-08,Hertfordshire Constabulary,Hertfordshire Constabulary,-0.172798,51.922262,On or near ELY CLOSE,E01023789,Stevenage 001C,Unable to prosecute suspect
1687fe373496669c0b45c8d5922e6e7dd0a5bf53f0ec30e053a6a0526eb5e0fc,2018-08,Hertfordshire Constabulary,Hertfordshire Constabulary,-0.038698,51.705091,On or near BLINDMAN'S LANE,E01023297,Broxbourne 010A,Unable to prosecute suspect
74671a616f21f76017baa36aae1fdfe0ed042a653c30008e57f13c4d43ad0708,2018-08,Hertfordshire Constabulary,Hertfordshire Constabulary,-0.200746,51.903414,On or near MARSHGATE,E01023758,Stevenage 008D,Investigation complete; no suspect identified
54b8d89d325ff25c693f4d1a9c7803c7685e14c555de0d4bf9793bf96cf2626f,2018-08,Hertfordshire Constabulary,Hertfordshire Constabulary,-0.184222,51.979690,On or near WOODLAND WAY,E01023593,North Hertfordshire 004G,Investigation complete; no suspect identified
27ecf55858fee190690c065210769d41ebfad147d53c9dbc4228f935c1d27765,2018-08,Hertfordshire Constabulary,Hertfordshire Constabulary,-0.449158,51.742401,On or near KIMPS WAY,E01023358,Dacorum 020B,Unable to prosecute suspect
d610c557fc4811c5f9172447e5724b09299acd11905bac6ea0d5c84c87da9e94,2018-08,Hertfordshire Constabulary,Hertfordshire Constabulary,-0.203129,51.784604,On or near ROLLSWOOD,E01023941,Welwyn Hatfield 009C,Investigation complete; no suspect identified
67055c3b4022ccb0f046a0a126dc36200c0a4d29fada6650201918d03d8c7c30,2018-08,Hertfordshire Constabulary,Hertfordshire Constabulary,-0.251263,51.655897,On or near NEWARK GREEN,E01023546,Hertsmere 009C,Investigation complete; no suspect identified
89fd56094ddd96bdbde580af39d736c62e8e18a0286a3db80253b8eacf69355d,2018-08,Hertfordshire Constabulary,Hertfordshire Constabulary,-0.215597,51.734267,On or near SOMERS ROAD,E01023963,Welwyn Hatfield 014B,Investigation complete; no suspect identified
edab6a67f64f36079e5676ead2e71e05ca9c78c213351ffd1a60c8fdb53b6d51,2018-08,Hertfordshire Constabulary,Hertfordshire Constabulary,-0.028920,51.810776,On or near Parking Area,E01023512,East Hertfordshire 012A,Unable to prosecute suspect
bbef1c18a324cdc078cc2d14055361faff95aa6182354f02b2d5b1576248d3a2,2018-08,Hertfordshire Constabulary,Hertfordshire Constabulary,-0.173659,51.915729,On or near Pedestrian Subway,E01023771,Stevenage 003A,Unable to prosecute suspect
4fbe08140e17e80cfdbd42f529e81c605f447ac9094670711e95515e43491eb0,2018-08,Hertfordshire Constabulary,Hertfordshire Constabulary,-0.470828,51.753952,On or near Supermarket,E01023398,Dacorum 015D,Local resolution
e0a6b38914be9643770209c0251d026b98249e85c742bff72ca564806c4951b9,2018-08,Hertfordshire Constabulary,Hertfordshire Constabulary,-0.015891,51.758257,On or near PARK VIEW,E01023320,Broxbourne 003A,Unable to prosecute suspect
a24b5b261f3274293e2b76151dd4343c1a678e67b9af509f3e56143e5ebe50b2,2018-08,Hertfordshire Constabulary,Hertfordshire Constabulary,-0.260625,51.662843,On or near BUCHANAN COURT,E01023545,Hertsmere 009B,Investigation complete; no suspect identified
d8db74356e50c67b8c12b1b7109020f95033f19d0ec051551057934b0e860765,2018-08,Hertfordshire Constabulary,Hertfordshire Constabulary,-0.453666,51.775802,On or near COLNE WAY,E01023394,Dacorum 007B,Investigation complete; no suspect identified
f30abc9276f8649a0186fa449afe45f98018721b10917377839b1c0a0a769a78,2018-08,Hertfordshire Constabulary,Hertfordshire Constabulary,-0.117857,51.709137,On or near CRANFIELD CRESCENT,E01023948,Welwyn Hatfield 016B,Investigation complete; no suspect identified
77ca7b6831f60c42ce800cb9966d5cfa9a4e616dce439f40d8727205e275eae8,2018-08,Hertfordshire Constabulary,Hertfordshire Constabulary,-0.414656,51.616898,On or near EASTBURY AVENUE,E01023840,Three Rivers 011B,Unable to prosecute suspect
5d27a899f39b359d954cf9ec85608db765716e5df8de5ed003508e88641579d1,2018-08,Hertfordshire Constabulary,Hertfordshire Constabulary,-0.012590,51.770080,On or near RODNEY CRESCENT,E01023329,Broxbourne 002C,Unable to prosecute suspect
0bafa5554f5f1d3a24a32b43406e4950419456d8428fe5e785782c4c7d2f1973,2018-08,Hertfordshire Constabulary,Hertfordshire Constabulary,-0.204026,51.890444,On or near Park/Open Space,E01023786,Stevenage 011D,Investigation complete; no suspect identified
8bb839362c09446db9892842fdc6674f55fd3729873870debd04433a82c525b2,2018-08,Hertfordshire Constabulary,Hertfordshire Constabulary,-0.204433,51.697301,On or near AUCKLAND ROAD,E01023567,Hertsmere 002A,Investigation complete; no suspect identified
5fcf454aa885e28afe780e4063ccdc91e2edfcd4def98f71edc3520d60fae54c,2018-08,Hertfordshire Constabulary,Hertfordshire Constabulary,-0.006498,51.787944,On or near HILLSIDE CRESCENT,E01023469,East Hertfordshire 018B,Unable to prosecute suspect
2b39284e5003cf3f0914a9975f3255a5844732bd2779cbd09ec6aa69808ef962,2018-08,Hertfordshire Constabulary,Hertfordshire Constabulary,-0.168810,51.880891,On or near LYGRAVE,E01023766,Stevenage 012D,Investigation complete; no suspect identified
40b3796df3081506b7d8556402a153b0f2c0455bd9b479c3f0cbce8898adc0ec,2018-08,Hertfordshire Constabulary,Hertfordshire Constabulary,-0.406755,51.796927,On or near Sports/Recreation Area,E01023723,St Albans 006B,Unable to prosecute suspect
df9b72e186f050e9c6f91e118a1f8767ddb5ddf900c7442c49590907fe349cc0,2018-08,Hertfordshire Constabulary,Hertfordshire Constabulary,-0.206640,51.803549,On or near Shopping Area,E01023918,Welwyn Hatfield 006C,Investigation complete; no suspect identified
891f0e49f2fb909f1cadc389c401e54ca370c6eb9cdb524fe8fc43ad907149ca,2018-08,Hertfordshire Constabulary,Hertfordshire Constabulary,-0.380390,51.654737,On or near BUSHEY HALL ROAD,E01023553,Hertsmere 008B,Unable to prosecute suspect
63d3f434924d0432889d1650a89fab287640a302e720863c5607022320b66b74,2018-08,Hertfordshire Constabulary,Hertfordshire Constabulary,-0.200746,51.903414,On or near MARSHGATE,E01023758,Stevenage 008D,Unable to prosecute suspect
5cce653c4e1a3b46a8269daa6945ba7eb11812eb51cf5b352ee3d72be7e39c0a,2018-08,Hertfordshire Constabulary,Hertfordshire Constabulary,-0.338140,51.827080,On or near FULMORE CLOSE,E01023687,St Albans 002C,Investigation complete; no suspect identified
e07ceb9b6619330e662a2eec8fc3e330452e1c2cc7c046dffd3458e925d97e46,2018-08,Hertfordshire Constabulary,Hertfordshire Constabulary,-0.224006,51.981097,On or near NORTON WAY NORTH,E01023644,North Hertfordshire 008A,Unable to prosecute suspect
a013d17692f9368262786c09f4d7dcb4a6cf77bd4d27b5ab462e6f973c142823,2018-08,Hertfordshire Constabulary,Hertfordshire Constabulary,-0.320332,51.688917,On or near WOODLANDS,E01023526,Hertsmere 005D,Offender given a caution
8cd1d195da37750ce06b1f4fcf75de04a4453dabedb82b460b1794d767c8f5c5,2018-08,Hertfordshire Constabulary,Hertfordshire Constabulary,-0.192195,51.794093,On or near ROSEMOOR CLOSE,E01023955,Welwyn Hatfield 007B,Unable to prosecute suspect
faba317fd321756013440387d3a39049d45c9c0d23e15094147f8389f7678643,2018-08,Hertfordshire Constabulary,Hertfordshire Constabulary,-0.401950,51.655401,On or near WHIPPENDELL ROAD,E01023861,Watford 009C,Unable to prosecute suspect
fca8987664d0b8fdfc925cd08489cef3c36905028d1c36df7057eab5ef2ce79b,2018-08,Hertfordshire Constabulary,Hertfordshire Constabulary,-0.013650,51.759811,On or near Supermarket,E01023320,Broxbourne 003A,Investigation complete; no suspect identified
e92f552d996841f32a1fd40a6c709cb97ea521df72646f7dacac1f6b39fbb3e0,2018-08,Hertfordshire Constabulary,Hertfordshire Constabulary,-0.183112,51.909923,On or near Pedestrian Subway,E01023780,Stevenage 006C,Unable to prosecute suspect
1a74c126c310aa5328743bd210595d04975c8d4958335cc067103bb151adc5b4,2018-08,Hertfordshire Constabulary,Hertfordshire Constabulary,-0.192259,51.790659,On or near HYDE VALLEY,E01023939,Welwyn Hatfield 009A,Unable to prosecute suspect
0ffd2335bf103cd964d4c46bf98d0f0ffe13a11ad6b00804716f5f1bd0e5fbe3,2018-08,Hertfordshire Constabulary,Hertfordshire Constabulary,-0.059089,51.709539,On or near ELDERBECK CLOSE,E01023325,Broxbourne 009C,Investigation complete; no suspect identified
e65cb049dd5863ab912665f692171273e4472e096f133c2ddd0288a7a990b693,2018-08,Hertfordshire Constabulary,Hertfordshire Constabulary,-0.053394,51.712044,On or near WHEATCROFT,E01023326,Broxbourne 009D,Unable to prosecute suspect
d1cdd66d6b171fdf9b2fb0e39e2c940a393697a27457e16a939ae9ae77f28e85,2018-08,Hertfordshire Constabulary,Hertfordshire Constabulary,-0.225174,51.989864,On or near LAMMAS WAY,E01023638,North Hertfordshire 003D,Unable to prosecute suspect
c1aac5376427cdbd11defdacc92fa5c02172898454cdc43556a6f879330b8cf7,2018-08,Hertfordshire Constabulary,Hertfordshire Constabulary,-0.170329,51.925047,On or near WEDGWOOD GATE,E01023789,Stevenage 001C,Investigation complete; no suspect identified
0ad6db4a54d85cd80a95defadbf6909e06ce0ebe164b525a38b36be3525a387c,2018-08,Hertfordshire Constabulary,Hertfordshire Constabulary,-0.199944,51.900929,On or near EASTGATE,E01023758,Stevenage 008D,Investigation complete; no suspect identified
a2e25dd0b78e6c71b8866cec28dab8041493ebc221952f684dd69cec13242ddc,2018-08,Hertfordshire Constabulary,Hertfordshire Constabulary,-0.491871,51.755923,On or near Petrol Station,E01023429,Dacorum 011D,Unable to prosecute suspect
6ec4f888b0a779d01a497dbee3a6f8552002d9f8c163d6ec20638101b5fe1bfb,2018-08,Hertfordshire Constabulary,Hertfordshire Constabulary,-0.464887,51.742428,On or near DEACONSFIELD ROAD,E01023386,Dacorum 019A,Unable to prosecute suspect
f8d9a81d6a22ca350c2555ca07adca7c24e5d70144d94d30c38ca960bfb00514,2018-08,Hertfordshire Constabulary,Hertfordshire Constabulary,-0.351296,51.646194,On or near MALVERN CLOSE,E01023557,Hertsmere 013F,Unable to prosecute suspect
8a7b02df17a290c5e801c7c13f64329a91b4829566a667367e49b725aa1f8a35,2018-08,Hertfordshire Constabulary,Hertfordshire Constabulary,-0.244173,51.762573,On or near BISHOP SQUARE,E01033308,Welwyn Hatfield 010E,Unable to prosecute suspect
54c644da426f3ba03338ac13cd0fffd79f3a00006152ad78849536f77a625f90,2018-08,Hertfordshire Constabulary,Hertfordshire Constabulary,-0.244173,51.762573,On or near BISHOP SQUARE,E01033308,Welwyn Hatfield 010E,Unable to prosecute suspect
f2c9da7c398814bdaa1d2ceb6f49c36ad7dd0fa656fa5bc555c186739d649836,2018-08,Hertfordshire Constabulary,Hertfordshire Constabulary,-0.506433,51.749320,On or near FURZE ROAD,E01023383,Dacorum 016A,Unable to prosecute suspect
fb4ab1a4c37703be607e34b89f058a1170f89c095efaaf21560f8b2ff061e369,2018-08,Hertfordshire Constabulary,Hertfordshire Constabulary,-0.079036,51.795887,On or near MILLERS YARD,E01023478,East Hertfordshire 017D,Unable to prosecute suspect
32b4eb452f9806fdb68830a84b88fb9c2a1dd4aa50e55762a6f6bfcee4c74574,2018-08,Hertfordshire Constabulary,Hertfordshire Constabulary,-0.178287,51.796639,On or near BARRINGTON MEWS,E01023944,Welwyn Hatfield 008B,Unable to prosecute suspect
22a94626494f0cdfe6d3b657206db2986fd47c59e61e00da3ab8246dfcbff591,2018-08,Hertfordshire Constabulary,Hertfordshire Constabulary,-0.079036,51.795887,On or near MILLERS YARD,E01023478,East Hertfordshire 017D,Unable to prosecute suspect
1e7c7e18b5edbc05c634558c31efc21de7c15df5572b8197dbe7319b81f6800d,2018-08,Hertfordshire Constabulary,Hertfordshire Constabulary,-0.419805,51.645418,On or near CROXLEY VIEW,E01023866,Watford 011D,Suspect charged
0a976c0f4a552523fe16eb27c19f200825c5f275c4915e1e36d1f70d822cff0f,2018-08,Hertfordshire Constabulary,Hertfordshire Constabulary,-0.173074,51.884662,On or near PARK VIEW,E01023765,Stevenage 012C,Unable to prosecute suspect
07d0c737a7be8c49b0bb02da664557ad9923fbbccb839cb8e83fabdcc85ca4ed,2018-08,Hertfordshire Constabulary,Hertfordshire Constabulary,-0.395537,51.795138,On or near THE PARK,E01023724,St Albans 006C,Investigation complete; no suspect identified
6d0eb37896e58f4e47b91561213663d09ec00a6dca01cf784af802f6ce563ccd,2018-08,Hertfordshire Constabulary,Hertfordshire Constabulary,-0.451812,51.776209,On or near TAMAR GREEN,E01023395,Dacorum 007C,Investigation complete; no suspect identified
9429c434360c3e6ec916542fe06a8371c5e7bf0f669a4038cb3cecd37e806a63,2018-08,Hertfordshire Constabulary,Hertfordshire Constabulary,-0.335060,51.825202,On or near FINLEY ROAD,E01023687,St Albans 002C,Investigation complete; no suspect identified
aa359d5d67017b57d139c76ad7c8b68f1f50b69be505336461765693b620806d,2018-08,Hertfordshire Constabulary,Hertfordshire Constabulary,-0.400600,51.654744,On or near FRANCIS ROAD,E01023861,Watford 009C,Unable to prosecute suspect
790277076136c94d9632718a4fb31c879253b238c9e945c4d7c47bd664759f3a,2018-08,Hertfordshire Constabulary,Hertfordshire Constabulary,-0.031953,51.726101,On or near A10,E01023310,Broxbourne 006D,Investigation complete; no suspect identified
a0129bfff176b7d34db9b13ddf557b1ee6a1ad3814594f08b44b4582d16b1f10,2018-08,Hertfordshire Constabulary,Hertfordshire Constabulary,-0.471724,51.750133,On or near KING HARRY STREET,E01023398,Dacorum 015D,Investigation complete; no suspect identified
d253f50ded4bb2c3dcf2692ae89727d18dc77bc76205aff4530c25b376382780,2018-08,Hertfordshire Constabulary,Hertfordshire Constabulary,-0.393668,51.623870,On or near OAKDALE CLOSE,E01023842,Three Rivers 012B,Unable to prosecute suspect
cd8eacfb6551524b434cca261a6dedb64afeed59d3754f84fea4a76194b7b2fb,2018-08,Hertfordshire Constabulary,Hertfordshire Constabulary,-0.018794,51.748559,On or near HIGH ROAD,E01023290,Broxbourne 004B,Investigation complete; no suspect identified
54fa00e614151b565f76f6b23e2f5069814274d6719b7772da79ff42bb717cdb,2018-08,Hertfordshire Constabulary,Hertfordshire Constabulary,-0.161333,51.916697,On or near Parking Area,E01023773,Stevenage 003C,Offender given a caution
5c830a0ccca4af2e8f69f3bfd2fb6165ae28588b87ccdb21e3af73d6ad055f22,2018-08,Hertfordshire Constabulary,Hertfordshire Constabulary,-0.304488,51.637057,On or near A41,E01023564,Hertsmere 010B,Investigation complete; no suspect identified
4b68a7e277dbd5dafb66da274bccb98ba6b5b360228e7925bb6ff21f73c6580b,2018-08,Hertfordshire Constabulary,Hertfordshire Constabulary,-0.232647,51.762346,On or near ST PETERS CLOSE,E01023921,Welwyn Hatfield 012B,Unable to prosecute suspect
c9c297d52be3c5a61ae2024b531ecad1d335c307ea3629007ec5314a8c963ae9,2018-08,Hertfordshire Constabulary,Hertfordshire Constabulary,-0.398009,51.656903,On or near Shopping Area,E01023861,Watford 009C,Offender given a caution
04b54c4b099c92aabce02eb6359e9ba41f9d58d8f14461173d46b75c5d8f5c84,2018-08,Hertfordshire Constabulary,Hertfordshire Constabulary,-0.480319,51.749579,On or near HILMAY DRIVE,E01023380,Dacorum 018D,Investigation complete; no suspect identified
cb7d4f423fcfc7edf760608e2fe1ecdafcd7109ba5173b3d34777bd5c7c3b55c,2018-08,Hertfordshire Constabulary,Hertfordshire Constabulary,0.148683,51.807844,On or near EAST DRIVE,E01023503,East Hertfordshire 011E,Investigation complete; no suspect identified
9d51df8de54bcc2dae395fd289e4fc743a00eb47ca8c0df82c07bef8e554ea0a,2018-08,Hertfordshire Constabulary,Hertfordshire Constabulary,-0.260843,51.754134,On or near WILKIN'S GREEN LANE,E01023680,St Albans 015D,Investigation complete; no suspect identified
2c5c4bc024f73790bfd1984514d67feb1fe1b30f9cb8355e1e1934bb93da486a,2018-08,Hertfordshire Constabulary,Hertfordshire Constabulary,-0.406009,51.657155,On or near GATE HOUSE PLACE,E01023888,Watford 008C,Investigation complete; no suspect identified
f74bc5c27dc9b38a5344bee0b5301f81eb5e04600cc069b1b3e9eb6f36e85acc,2018-08,Hertfordshire Constabulary,Hertfordshire Constabulary,-0.008208,51.760645,On or near Supermarket,E01023320,Broxbourne 003A,Investigation complete; no suspect identified
e56e34c94d8feb69c980f7063e0f46e6f28d20f82258d70d38aba11bcc5f5569,2018-08,Hertfordshire Constabulary,Hertfordshire Constabulary,-0.205948,51.802352,On or near Shopping Area,E01023918,Welwyn Hatfield 006C,Investigation complete; no suspect identified
09614465d5a14d7bbd4c910fadf4120a4aba5e11fbbabe192d21f3ba4a3f2586,2018-08,Hertfordshire Constabulary,Hertfordshire Constabulary,-0.304488,51.637057,On or near A41,E01023564,Hertsmere 010B,Investigation complete; no suspect identified
b48dadebf66f98eb93e6d2dc3484cf8a64a27a6675980e6cff8cca6108f06568,2018-08,Hertfordshire Constabulary,Hertfordshire Constabulary,-0.091868,51.711380,On or near THE CHASE,E01023311,Broxbourne 007A,Suspect charged
d7eb4bf10fe43b5bc71ff050dd5cb7a6aabb6bb3dcd55b391d1563d2a3511808,2018-08,Hertfordshire Constabulary,Hertfordshire Constabulary,-0.467473,51.744772,On or near MARRIOTTS WAY,E01023388,Dacorum 019C,Investigation complete; no suspect identified
1d6b0aaf26adc87f02688977ca4d18e955ffa11f3b313d44ba06f3725d53b62f,2018-08,Hertfordshire Constabulary,Hertfordshire Constabulary,-0.091868,51.711380,On or near THE CHASE,E01023311,Broxbourne 007A,Suspect charged
6fcd62933496372ede5f68f4bb7ec2b7e2fa1a2e765fc061d5d2f7df3e9fdb35,2018-08,Hertfordshire Constabulary,Hertfordshire Constabulary,-0.339818,51.742724,On or near Supermarket,E01023737,St Albans 017A,Investigation complete; no suspect identified
d356909d7f1d2bf8e58bda2a5a4ee02dd8f7b065c211451d8015d8768395ebb5,2018-08,Hertfordshire Constabulary,Hertfordshire Constabulary,-0.225346,51.764133,On or near WELLFIELD ROAD,E01023920,Welwyn Hatfield 012A,Unable to prosecute suspect
070ac2550a457c00601741fadab5d7ece7c2914b9aff7692c0faabcae563b8ed,2018-08,Hertfordshire Constabulary,Hertfordshire Constabulary,-0.211270,51.799079,On or near PARKWAY CLOSE,E01023917,Welwyn Hatfield 006B,Investigation complete; no suspect identified
c464ad720b031fdf2c9fc741a8e148d33b8135b8f9cc28f8d07b146c18d0c37e,2018-08,Hertfordshire Constabulary,Hertfordshire Constabulary,-0.395428,51.798185,On or near TOTTON MEWS,E01023724,St Albans 006C,Investigation complete; no suspect identified
a3a64934be9cd49ea1224f346f38be59b8edc4cd243f01dfcd5e30c4211bb142,2018-08,Hertfordshire Constabulary,Hertfordshire Constabulary,-0.198505,51.800224,On or near HYDE WAY,E01023954,Welwyn Hatfield 007A,Investigation complete; no suspect identified
48f9758ca7b7956e5db416abc57a7990b59e52ba137110a88aa8549538be9799,2018-08,Hertfordshire Constabulary,Hertfordshire Constabulary,-0.582805,51.766918,On or near BULBOURNE CLOSE,E01023370,Dacorum 012B,Investigation complete; no suspect identified
b3428506b6d48c7b6c5bb455c6b1b5ddd085de352d672adb3a8e130778e96f5f,2018-08,Hertfordshire Constabulary,Hertfordshire Constabulary,-0.461828,51.761693,On or near THUMPERS,E01023405,Dacorum 008E,Investigation complete; no suspect identified
834f62125aec715182a18e3ab6693989d3befffd71c5b2b9e3bfe6b1cce1f2cd,2018-08,Hertfordshire Constabulary,Hertfordshire Constabulary,-0.477049,51.752477,On or near COTTERELLS HILL,E01023398,Dacorum 015D,Investigation complete; no suspect identified
a77d9e2eb44872e88778e16cf930e799f47f80f9b1c391647697500080bde0ad,2018-08,Hertfordshire Constabulary,Hertfordshire Constabulary,-0.291704,51.956958,On or near MATTOCKE ROAD,E01023613,North Hertfordshire 012C,Unable to prosecute suspect
e9db68cc3ec9d58c67b81a09cb102e79a7e2b8614a0dcaca669c68090af22407,2018-08,Hertfordshire Constabulary,Hertfordshire Constabulary,-0.403619,51.680331,On or near BRUSHRISE,E01023870,Watford 004C,Investigation complete; no suspect identified
a6b36c0e16cffc4b6c23f4d293384c164b25a390311133539a04d4d99754fd24,2018-08,Hertfordshire Constabulary,Hertfordshire Constabulary,-0.291704,51.956958,On or near MATTOCKE ROAD,E01023613,North Hertfordshire 012C,Unable to prosecute suspect
f2815e81c5171e4bb9ce49fcea9fc40400535a20e52c2743a5efddd86500bd6f,2018-08,Hertfordshire Constabulary,Hertfordshire Constabulary,-0.232647,51.762346,On or near ST PETERS CLOSE,E01023921,Welwyn Hatfield 012B,Investigation complete; no suspect identified
5113eb4215027e295182a922765732882e8ec26e84fc5dd55f4334b422125fb4,2018-08,Hertfordshire Constabulary,Hertfordshire Constabulary,-0.025504,51.733205,On or near THE CROFT,E01023341,Broxbourne 005B,Investigation complete; no suspect identified
5773dd344fa7f9d87d2d62c3cfc61031d7440e8665931773c14a1e65823b465d,2018-08,Hertfordshire Constabulary,Hertfordshire Constabulary,-0.227682,51.976153,On or near GERNON WALK,E01023645,North Hertfordshire 008B,Investigation complete; no suspect identified
77504d592cadab00d357a0f7d5d36b0b4982613d08b4fe701bdf9aca2d601c46,2018-08,Hertfordshire Constabulary,Hertfordshire Constabulary,-0.186063,51.984943,On or near Supermarket,E01023592,North Hertfordshire 004F,Unable to prosecute suspect
a3a026baed7068dbb7a71eb58e22f6505bcfa669b843bf7331cfe93cc974a9e1,2018-08,Hertfordshire Constabulary,Hertfordshire Constabulary,-0.220881,51.766764,On or near COTTON FIELD,E01023927,Welwyn Hatfield 011D,Investigation complete; no suspect identified
2c08ede90fdca10613ab07dc069036554087fb7524717180deae8e1bc42a7e26,2018-08,Hertfordshire Constabulary,Hertfordshire Constabulary,-0.192259,51.790659,On or near HYDE VALLEY,E01023939,Welwyn Hatfield 009A,Suspect charged
b63e8e0b171ad907e66dc18eb85438fd77e728f289a20128e8cd1d4d846f6b76,2018-08,Hertfordshire Constabulary,Hertfordshire Constabulary,-0.341852,51.752437,On or near BOWES LYON MEWS,E01023745,St Albans 014D,Investigation complete; no suspect identified
88b869a663e052829cd432db03d2bc1cf82a34d9c0c32ebeac8a7fc53d78d426,2018-08,Hertfordshire Constabulary,Hertfordshire Constabulary,-0.202301,51.969663,On or near SWANSTAND,E01023641,North Hertfordshire 009C,Unable to prosecute suspect
d6380fc29f470269e9675d7ec0578d1be257514f4c9a7905803fff57d9f39b94,2018-08,Hertfordshire Constabulary,Hertfordshire Constabulary,-0.218187,51.795785,On or near THE OLD DRIVE,E01023917,Welwyn Hatfield 006B,Investigation complete; no suspect identified
35e5b0bd09ffcae94061d0ef74b5e72786ea4f18972b8460d2068345c798ff67,2018-08,Hertfordshire Constabulary,Hertfordshire Constabulary,-0.339129,51.827022,On or near PICKFORD HILL,E01023687,St Albans 002C,Investigation complete; no suspect identified
b719a639bfd2a3b1656e9b24110f9ec3eb7beb8ee7a9837d33192d3aaad10553,2018-08,Hertfordshire Constabulary,Hertfordshire Constabulary,-0.397080,51.657007,On or near Theatre/Concert Hall,E01023861,Watford 009C,Suspect charged
c1fd36018e8acdf568ea7b3c59df0219eb33a6dc214313dffc2dddeef761cc10,2018-08,Hertfordshire Constabulary,Hertfordshire Constabulary,-0.497305,51.749366,On or near CHAULDEN TERRACE,E01023384,Dacorum 016B,Unable to prosecute suspect
b5db88f6dfd2d0b4e3f8b39fa5d36480ea0b156d44a4b3046bc5b319b2e7f673,2018-08,Hertfordshire Constabulary,Hertfordshire Constabulary,-0.497305,51.749366,On or near CHAULDEN TERRACE,E01023384,Dacorum 016B,Unable to prosecute suspect
398bbe6154555c320317cd4bfaa070bbdbde976da12b86be5c811b5ba59c98e4,2018-08,Hertfordshire Constabulary,Hertfordshire Constabulary,-0.260414,51.950556,On or near Parking Area,E01023610,North Hertfordshire 013E,Unable to prosecute suspect
0cde7e5980bb9641579aa63919cfdc151190a9fe43d8dd9b6939c24393debde1,2018-08,Hertfordshire Constabulary,Hertfordshire Constabulary,-0.327447,51.679973,On or near ELM WALK,E01023527,Hertsmere 005E,Investigation complete; no suspect identified
5776a4ce9bc0e0c6dd6162c61c9722c5acf5300ba420fd494e1a8272f597c208,2018-08,Hertfordshire Constabulary,Hertfordshire Constabulary,-0.342879,51.641948,On or near PROSPECT CLOSE,E01023549,Hertsmere 013B,Unable to prosecute suspect
8c82188cd187eb8a02bfc43cb815aa7ea075b99ffa5e9bb9ef759682b51fc011,2018-08,Hertfordshire Constabulary,Hertfordshire Constabulary,-0.285566,51.668623,On or near BELFORD ROAD,E01023536,Hertsmere 006C,Investigation complete; no suspect identified
e87a8ad946fb4822278b5b420a2a2ed4d21ba75aae86b992f7ec870f958eda9c,2018-08,Hertfordshire Constabulary,Hertfordshire Constabulary,-0.323045,51.749364,On or near BREAKSPEAR AVENUE,E01023729,St Albans 012D,Investigation complete; no suspect identified
ada88ce795a1305038a8d566dc2817739baa03722b1dba0da1caaa407f141a7e,2018-08,Hertfordshire Constabulary,Hertfordshire Constabulary,-0.292083,51.958860,On or near JOHN BARKER PLACE,E01023613,North Hertfordshire 012C,Unable to prosecute suspect
aac54136e6913d9da0dc73a4148239aa64f3e7fbb1fe35888591143746209428,2018-08,Hertfordshire Constabulary,Hertfordshire Constabulary,-0.206035,51.800888,On or near FRETHERNE ROAD,E01023918,Welwyn Hatfield 006C,Investigation complete; no suspect identified
eec06bd55e3ba8800e33107f7eb527a3ba03c796c29dc8e686ea238101256678,2018-08,Hertfordshire Constabulary,Hertfordshire Constabulary,-0.473102,51.750106,On or near Nightclub,E01023398,Dacorum 015D,Investigation complete; no suspect identified
bf6e9408068783728e5f4c6b862792885ba34b9d6412ab9cc282e8c717ac8a31,2018-08,Hertfordshire Constabulary,Hertfordshire Constabulary,-0.231630,51.994196,On or near WESTERN WAY,E01023635,North Hertfordshire 003A,Suspect charged
c13f7d3cd646b2c5d82353a24d32fa32d3a63b05279903063bd9d88b5ece5b26,2018-08,Hertfordshire Constabulary,Hertfordshire Constabulary,-0.278616,51.946427,On or near Theatre/Concert Hall,E01023616,North Hertfordshire 012F,Investigation complete; no suspect identified
d76028385e40013b14e1e201f0f2f5a8c4c9c1c267164eae55c5b0dbbb564155,2018-08,Hertfordshire Constabulary,Hertfordshire Constabulary,-0.292083,51.958860,On or near JOHN BARKER PLACE,E01023613,North Hertfordshire 012C,Unable to prosecute suspect
0c314e5308f59a549c2bc4c4e28609be2b372bd5209616c3fa7c6fa053835758,2018-08,Hertfordshire Constabulary,Hertfordshire Constabulary,-0.557796,51.762217,On or near WHITEHILL COURT,E01023361,Dacorum 009A,Investigation complete; no suspect identified
92d421e45c4bd3c4ce2bfc5ababb99b1e274514740c3a4d542e55bf57f0cd0be,2018-08,Hertfordshire Constabulary,Hertfordshire Constabulary,-0.465873,51.736839,On or near Shopping Area,E01033023,Dacorum 018H,Suspect charged
9e0af64b342e49cc49614ed73395b453e5c80856fb657ab4ca4f8e6f7d959e26,2018-08,Hertfordshire Constabulary,Hertfordshire Constabulary,-0.000337,51.772175,On or near ST CUTHBERTS ROAD,E01023328,Broxbourne 002B,Unable to prosecute suspect
e580989e717a9f7fc8d9d7d72780675f094ad0e928b8570c57ed8d3c1d8e2017,2018-08,Hertfordshire Constabulary,Hertfordshire Constabulary,-0.040375,51.710155,On or near Petrol Station,E01023303,Broxbourne 008B,Investigation complete; no suspect identified
96a324f1c78d7a29b0ef7be587757d5bf840e0d50fde81d324c7973bcc9278e6,2018-08,Hertfordshire Constabulary,Hertfordshire Constabulary,-0.657146,51.795305,On or near MORTIMER RISE,E01023422,Dacorum 004C,Offender given a caution
25c52c63e825c2846a6c9092adaae036d2a6172d468b258e553111ca7e86d434,2018-08,Hertfordshire Constabulary,Hertfordshire Constabulary,-0.033848,51.703787,On or near Petrol Station,E01023301,Broxbourne 010E,Investigation complete; no suspect identified
103603d1b99598f7cdee3044cdabe9d6cfbe468b0b0d6a3286c69550256e5eea,2018-08,Hertfordshire Constabulary,Hertfordshire Constabulary,-0.339165,51.753028,On or near WADDINGTON ROAD,E01023727,St Albans 012B,Investigation complete; no suspect identified
0f14a5535791e2c122dd1d152bd4c558ed2ec70ac1914ef241584e5daa55451c,2018-08,Hertfordshire Constabulary,Hertfordshire Constabulary,-0.227647,51.991411,On or near SOUTHFIELDS,E01023638,North Hertfordshire 003D,Unable to prosecute suspect
b81478ff07b27ed5a583b92355d4790ff7cd38eddcb700fb5a2a54192a67e497,2018-08,Hertfordshire Constabulary,Hertfordshire Constabulary,-0.207010,51.801901,On or near HOWARDSGATE,E01023918,Welwyn Hatfield 006C,Unable to prosecute suspect
bbdce37381b94bba1c02882e08357b4039bb570598727a2595d579d06988ad67,2018-08,Hertfordshire Constabulary,Hertfordshire Constabulary,0.055197,51.811197,On or near SHEARES HOPPIT,E01023491,East Hertfordshire 009A,Investigation complete; no suspect identified
e0288bc7b741731da081f8da2e75991c5026ddfa337cb3ad8a6c9b1053ab58b4,2018-08,Hertfordshire Constabulary,Hertfordshire Constabulary,-0.170908,51.908655,On or near CHELLS WAY,E01023762,Stevenage 007D,Investigation complete; no suspect identified
6067771821ecec01fb85bd8d186bef388791f306f2bc8193eb46cbad662276ec,2018-08,Hertfordshire Constabulary,Hertfordshire Constabulary,-0.343105,51.634578,On or near Supermarket,E01023550,Hertsmere 013C,Investigation complete; no suspect identified
e3d819db5246af5e48d9012eb1f47476f7a4eb0c6cf854455dba2b363f86d722,2018-08,Hertfordshire Constabulary,Hertfordshire Constabulary,-0.339165,51.753028,On or near WADDINGTON ROAD,E01023727,St Albans 012B,Unable to prosecute suspect
2a6c97bd392b2401d43312335e1202ffeb5d655f16ad1202569fb0836d9fbb1d,2018-08,Hertfordshire Constabulary,Hertfordshire Constabulary,-0.357666,51.724649,On or near TENNYSON ROAD,E01023731,St Albans 020C,Unable to prosecute suspect
4d34a77c6a33feab38167ed359dbd6b054aca14db1f1a1859df11c4eaf50dc52,2018-08,Hertfordshire Constabulary,Hertfordshire Constabulary,-0.199565,51.791077,On or near SANDPIT ROAD,E01023940,Welwyn Hatfield 009B,Investigation complete; no suspect identified
f4eab1e628ecdd60af079915f4f6e17bdb1f48de6bcdd5507a36cbe5e0065678,2018-08,Hertfordshire Constabulary,Hertfordshire Constabulary,-0.199565,51.791077,On or near SANDPIT ROAD,E01023940,Welwyn Hatfield 009B,Suspect charged
eba8bace67fff3fd8ebba49fb76595fcbc33f6123779fd240cc96d9c550ba2ac,2018-08,Hertfordshire Constabulary,Hertfordshire Constabulary,-0.390997,51.801667,On or near VER ROAD,E01023725,St Albans 006D,Investigation complete; no suspect identified
2eaa86504851314ee5d3c0f52b89303bc1f5329cf28e1545067495a92a308b30,2018-08,Hertfordshire Constabulary,Hertfordshire Constabulary,-0.008208,51.760645,On or near Supermarket,E01023320,Broxbourne 003A,Suspect charged
d12aee39f0e74ab0bc8fc19d331b0f66ee0419f63b5009891b745f2551b15870,2018-08,Hertfordshire Constabulary,Hertfordshire Constabulary,-0.462282,51.739381,On or near NEWELL RISE,E01023389,Dacorum 019D,Unable to prosecute suspect
cc4bbbe1767086e6cd3b1c5ba5378c7741260093cf6e08dd57d76b583b13f13e,2018-08,Hertfordshire Constabulary,Hertfordshire Constabulary,-0.168531,51.694804,On or near FORBES AVENUE,E01023572,Hertsmere 003B,Unable to prosecute suspect
7d9649dea2d94895b96fe2f33059d437d23d2d6f847ab59239b611a093fee879,2018-08,Hertfordshire Constabulary,Hertfordshire Constabulary,0.153495,51.814752,On or near LEAT CLOSE,E01023502,East Hertfordshire 011D,Unable to prosecute suspect
d48810a78e00bbc560b05a0cc80f3e34b182df717112e12acacd2d9335cdb3f2,2018-08,Hertfordshire Constabulary,Hertfordshire Constabulary,-0.334634,51.814334,On or near WALDEGRAVE PARK,E01023685,St Albans 002A,Investigation complete; no suspect identified
1d274df08b447400defcc0d453a25ac5240562c98357fff7332594cef1a69c28,2018-08,Hertfordshire Constabulary,Hertfordshire Constabulary,-0.443861,51.649876,On or near Sports/Recreation Area,E01023819,Three Rivers 006A,Unable to prosecute suspect
c12539194cd03a59cdac90c4628a8c4bbe5783e4340b9156f6e48d2ec9517bf7,2018-08,Hertfordshire Constabulary,Hertfordshire Constabulary,-0.350823,51.755539,On or near BRANCH ROAD,E01023745,St Albans 014D,Unable to prosecute suspect
ad8df142ea2327a8be31a7fdcd6a378acb03ec414ec1ccc30987cd5464eaa726,2018-08,Hertfordshire Constabulary,Hertfordshire Constabulary,-0.351562,51.757932,On or near DOWNEDGE,E01023669,St Albans 009A,Unable to prosecute suspect
6eceda39a2fdb2288ca0c97dc82dc5354db2eff8a10f69c8f65344170957f0eb,2018-08,Hertfordshire Constabulary,Hertfordshire Constabulary,-0.202379,51.902935,On or near Shopping Area,E01023758,Stevenage 008D,Suspect charged
f9a8e56f0bf6efecc7d2c5fe71f97c32c04d98d0bd817d3f3391345d3f634051,2018-08,Hertfordshire Constabulary,Hertfordshire Constabulary,-0.472093,51.758950,On or near Theatre/Concert Hall,E01023399,Dacorum 010C,Suspect charged
8241a4ad1120484c1d27c1149ba29471651b8cd88531d4017eeabf9a0cfd60c7,2018-08,Hertfordshire Constabulary,Hertfordshire Constabulary,-0.372842,51.802802,On or near Parking Area,E01023725,St Albans 006D,Offender given a caution
da8aded54a071438e15210aa72f9a860759ed5b58e25e288b7e8e97a55cd05a0,2018-08,Hertfordshire Constabulary,Hertfordshire Constabulary,-0.663302,51.797992,On or near EIGHT ACRES,E01023418,Dacorum 003A,Unable to prosecute suspect
ba3e257e20ece6ed6823634e3cb5daf866e0db3224e7694723a1fefab32348ab,2018-08,Hertfordshire Constabulary,Hertfordshire Constabulary,-0.353193,51.717447,On or near BIRCHWOOD WAY,E01023719,St Albans 019B,Unable to prosecute suspect
16ef461ff4124c02ea490c49fe525f2225c1ebef41a0789f4fbcee298a2e276b,2018-08,Hertfordshire Constabulary,Hertfordshire Constabulary,-0.220881,51.865460,On or near PARK LANE,E01023627,North Hertfordshire 015D,Unable to prosecute suspect
8a78ed95bce371cc95df8091ef1ad86266fd22f30de1eedc8b11e0805db422aa,2018-08,Hertfordshire Constabulary,Hertfordshire Constabulary,-0.272533,51.953261,On or near FELLS CLOSE,E01023601,North Hertfordshire 010A,Investigation complete; no suspect identified
7fec483253e0e17c3c0dffe83300fa9bfc6cc555c289443d11eacf91b1d72230,2018-08,Hertfordshire Constabulary,Hertfordshire Constabulary,-0.398381,51.622549,On or near ABRAHAM CLOSE,E01023842,Three Rivers 012B,Unable to prosecute suspect
10b2218dbe85e27db5415b046ece03323947ad3a9154358d16b9f06ae23eeafb,2018-08,Hertfordshire Constabulary,Hertfordshire Constabulary,-0.021280,51.818587,On or near LADY MARGARET GARDENS,E01023518,East Hertfordshire 012D,Unable to prosecute suspect
17b9bbcfb20caa7ebf9a9b0b91aa5360ddd58e2644f33fa2ab5de3492352fe1c,2018-08,Hertfordshire Constabulary,Hertfordshire Constabulary,-0.023755,51.716198,On or near MORTIMER GATE,E01023306,Broxbourne 008E,Unable to prosecute suspect
1c570cfbfd797ce258a5299e71ecf0668db22f1cb8d733faa339cee60cedce40,2018-08,Hertfordshire Constabulary,Hertfordshire Constabulary,-0.494584,51.635880,On or near BARN LEA,E01023836,Three Rivers 009B,Investigation complete; no suspect identified
112561a3fc87bb955c871967599d069403fb78539adb1bf111d74d58dfd93459,2018-08,Hertfordshire Constabulary,Hertfordshire Constabulary,-0.400814,51.695472,On or near VALLEY RISE,E01023904,Watford 001A,Unable to prosecute suspect
884d00be25d7fbcc5d869c2e1bf4efec8d4fe9e5ff60c5d2d21a014f1f5640e8,2018-08,Hertfordshire Constabulary,Hertfordshire Constabulary,-0.225214,51.911815,On or near BLAKENEY ROAD,E01023796,Stevenage 005B,Investigation complete; no suspect identified
ccfb613f482ab133a87263e201bf94ab6f77441b7583a8f181a20e965ccc10ac,2018-08,Hertfordshire Constabulary,Hertfordshire Constabulary,-0.480319,51.749579,On or near HILMAY DRIVE,E01023380,Dacorum 018D,Investigation complete; no suspect identified
f5461e19ad8ed482b9912677d2c41a0bcb67df62d377d10b38adf0f522265f22,2018-08,Hertfordshire Constabulary,Hertfordshire Constabulary,-0.271402,51.929309,On or near Sports/Recreation Area,E01023622,North Hertfordshire 014B,Investigation complete; no suspect identified
808509174d5a766280249e1cd0773c94eeebc659eef10cd130a78fba3a70df66,2018-08,Hertfordshire Constabulary,Hertfordshire Constabulary,-0.440692,51.775010,On or near CHALFONT CLOSE,E01023434,Dacorum 005A,Investigation complete; no suspect identified
233ebadac6acf2e8e8740079f7c123d94f944b209f144abdd783cd30f0795bf0,2018-08,Hertfordshire Constabulary,Hertfordshire Constabulary,-0.151439,51.974180,On or near Parking Area,E01023663,North Hertfordshire 005G,Investigation complete; no suspect identified
ec039aca6bfae0b1f3db641030832e2a84d5e645dad2271eb6ea38dfec7e52bf,2018-08,Hertfordshire Constabulary,Hertfordshire Constabulary,-0.308078,51.639617,On or near CENTENNIAL AVENUE,E01023564,Hertsmere 010B,Investigation complete; no suspect identified
b98f78da55f72297706a9b0b7345b685a71f56edda4aa39f363d11eaa103fd96,2018-08,Hertfordshire Constabulary,Hertfordshire Constabulary,-0.017554,51.747423,On or near GROSVENOR ROAD,E01023291,Broxbourne 004C,Investigation complete; no suspect identified
189607ccfb5e2c1638382b05af89b325a542924ac9efd23587479e117abc673b,2018-08,Hertfordshire Constabulary,Hertfordshire Constabulary,-0.168705,51.885970,On or near LONGFIELDS,E01023765,Stevenage 012C,Unable to prosecute suspect
e2ce34115182f25c4d3243f99fa755ff68f71b1316c460fccd40f78cdbb4d7cb,2018-08,Hertfordshire Constabulary,Hertfordshire Constabulary,-0.332396,51.758211,On or near STONECROSS,E01023676,St Albans 011D,Investigation complete; no suspect identified
30048e8a4c164ccf73df1dbcf270ceba16485d72e232dce702c3368e82d72712,2018-08,Hertfordshire Constabulary,Hertfordshire Constabulary,-0.477945,51.641259,On or near SWALLOW CLOSE,E01023852,Three Rivers 007D,Investigation complete; no suspect identified
d7bbe0839c073421c6aaa7ec2d1fa216ef74f5297c0f441b41b548bb26dd44a6,2018-08,Hertfordshire Constabulary,Hertfordshire Constabulary,-0.321725,51.752133,On or near LAUREL ROAD,E01023676,St Albans 011D,Investigation complete; no suspect identified
2dad27eae222144cd4b0a697350661e68a57aa6c944eddf7e6049911ce00bf05,2018-08,Hertfordshire Constabulary,Hertfordshire Constabulary,-0.287350,51.957011,On or near NUTLEIGH GROVE,E01023612,North Hertfordshire 012B,Investigation complete; no suspect identified
a8d786a29465f971f62ff0c9e38606c406f8a96e44f61caa47dff2001f7026a0,2018-08,Hertfordshire Constabulary,Hertfordshire Constabulary,-0.179316,51.918236,On or near Supermarket,E01023774,Stevenage 003D,Suspect charged
7d395110a4727ccbbc1c143ee1caa031fb8f17c52be0407680bc2027940e3e58,2018-08,Hertfordshire Constabulary,Hertfordshire Constabulary,-0.457937,51.732158,On or near BITTERN CLOSE,E01023414,Dacorum 020E,Investigation complete; no suspect identified
85ffd6af61230909d568b3c2a0b360a1866e9ff1eb2784a228af2c56519f0247,2018-08,Hertfordshire Constabulary,Hertfordshire Constabulary,0.115648,51.879276,On or near HADHAM ROAD,E01023493,East Hertfordshire 003F,Investigation complete; no suspect identified
ee7c4d50a2710fbb9a8fb44c939f072fdacee20637d48b6ea4da40eb9d789af2,2018-08,Hertfordshire Constabulary,Hertfordshire Constabulary,-0.354927,51.730716,On or near SOUTH CLOSE,E01023730,St Albans 020B,Investigation complete; no suspect identified
bbb361135f328c12af44f4d57bba55f731d51dd0497a5fd17c9a76deab8de8ed,2018-08,Hertfordshire Constabulary,Hertfordshire Constabulary,-0.192160,51.902932,On or near BEDWELL RISE,E01023757,Stevenage 008C,Unable to prosecute suspect
704ccc3c2bd73a6703d6f638b71625418f492b58b5e602acddc318042a2ba125,2018-08,Hertfordshire Constabulary,Hertfordshire Constabulary,-0.434944,51.775222,On or near LOWER EMMS,E01023434,Dacorum 005A,Investigation complete; no suspect identified
83d614ed24928bb773ec6f3013520bd3b8a2eefaa97addf65469bf8ed04c7c40,2018-08,Hertfordshire Constabulary,Hertfordshire Constabulary,-0.294808,51.956472,On or near MOSS WAY,E01023612,North Hertfordshire 012B,Unable to prosecute suspect
7bf08aad9aac2abe61ab93b9a51069520a882553a1ab85532213bfeaf1605c36,2018-08,Hertfordshire Constabulary,Hertfordshire Constabulary,-0.432896,51.743975,On or near AUTUMN GLADES,E01023413,Dacorum 017E,Investigation complete; no suspect identified
2ff7f0e5523acbc969a1d73e7371d5c60d76fcbf4837d7d683948178c7e7c4b1,2018-08,Hertfordshire Constabulary,Hertfordshire Constabulary,-0.441121,51.709510,On or near ROMAN GARDENS,E01023808,Three Rivers 001E,Unable to prosecute suspect
522eaf4789afb8808a2ad78e36866c27cf78c98815ffad4cc39edda6fdfb4020,2018-08,Hertfordshire Constabulary,Hertfordshire Constabulary,-0.030002,51.747677,On or near GOLD CLOSE,E01023289,Broxbourne 004A,Unable to prosecute suspect
253a868deeb9b8b6c50e90d76fad5fc0217aa98a10a62c10355a48da6c5975a4,2018-08,Hertfordshire Constabulary,Hertfordshire Constabulary,-0.465485,51.836741,On or near COWPER ROAD,E01023433,Dacorum 001D,Offender given a caution
9719c4efeec5f0610b7a1d9fe3beb04ced22d120347449680b899fecdb8b3e75,2018-08,Hertfordshire Constabulary,Hertfordshire Constabulary,-0.385267,51.690799,On or near Bus/Coach Station,E01023877,Watford 003E,Unable to prosecute suspect
f63f6d1066ff29ab6352890e811627deb82f0b5121a64c583be62f67edae2c6a,2018-08,Hertfordshire Constabulary,Hertfordshire Constabulary,-0.158485,51.913452,On or near MONTFITCHET WALK,E01023767,Stevenage 004A,Investigation complete; no suspect identified
a2345ee6452f27d6ec630fe43d8e71543748d5fa30ed5ff6189c1f082c7daaa2,2018-08,Hertfordshire Constabulary,Hertfordshire Constabulary,,,No location,,,Offender fined
17d25f108a4a02a96c6be83fe41416d497215d078fd11d69310471b8a3a5ff31,2018-08,Hertfordshire Constabulary,Hertfordshire Constabulary,,,No location,,,Offender sent to prison
7baf23069cc40b6f23020eb7a15d71782d66af5e8290ac503a68c090c8f20572,2018-08,Hertfordshire Constabulary,Hertfordshire Constabulary,-0.231583,51.991327,On or near ASHDOWN,E01023637,North Hertfordshire 003C,Defendant found not guilty
55c01f8028e5dbf3c2251da99b036fa6856154eaab0b3ad7e4ad7edc3691055b,2018-08,Hertfordshire Constabulary,Hertfordshire Constabulary,0.045098,51.978232,On or near MOATSIDE,E01023462,East Hertfordshire 001A,Defendant found not guilty
5217db424a730e436c43a6602dd529d1ca38d9a681a6230f7e8bc98cfe87811f,2018-08,Hertfordshire Constabulary,Hertfordshire Constabulary,-0.183486,51.924082,On or near Pedestrian Subway,E01023787,Stevenage 001A,Offender sent to prison
4dcebd90954da3478035af2021eaa987c067da8c874c4c169cddf8ab432fd867,2018-08,Hertfordshire Constabulary,Hertfordshire Constabulary,-0.221621,51.770785,On or near DROVERS WAY,E01023929,Welwyn Hatfield 010A,Offender fined
34b6e4d0fa06b613cc4d9319c50f64a66dde41d6ac852fc42b2adb01697249be,2018-08,Hertfordshire Constabulary,Hertfordshire Constabulary,-0.175065,51.899710,On or near KELLER CLOSE,E01023761,Stevenage 007C,Offender given community sentence
80aee737d19db0f669448e247e3be6ccbaf96d15bbff92c7ac3c0f856f19d377,2018-08,Hertfordshire Constabulary,Hertfordshire Constabulary,-0.015961,51.775838,On or near PLOMER AVENUE,E01023317,Broxbourne 001B,Offender given community sentence
df6d7034783801f21bdcdba82ed0b3e45daefa2a1542c5542e8b3a2ee4a988dd,2018-08,Hertfordshire Constabulary,Hertfordshire Constabulary,-0.208473,51.911247,On or near Supermarket,E01023775,Stevenage 006A,Offender sent to prison
9bd2e0b36beebcaad18be40af05cade709339568bb8ccd2b19bc1b0bdc3675c6,2018-08,Hertfordshire Constabulary,Hertfordshire Constabulary,-0.227296,51.762068,On or near QUEENSWAY,E01023920,Welwyn Hatfield 012A,Defendant found not guilty
7c4f8f69fbe3ae9b68f6e537e8fbbabd8d9fb9511ffc1f824d3ce9db0353b092,2018-08,Hertfordshire Constabulary,Hertfordshire Constabulary,-0.397793,51.657286,On or near WATFORD HOUSE LANE,E01023861,Watford 009C,Offender sent to prison
54ab862cfde328ccceb3641ef904c08459f1a472ece2b0a50ed0509bcb254faf,2018-08,Hertfordshire Constabulary,Hertfordshire Constabulary,-0.209431,51.907647,On or near Petrol Station,E01023776,Stevenage 002A,Offender fined
fc746badc143c033066f25fadcb87b0202cad3ae095cc2fdbe11c385f2319f63,2018-08,Hertfordshire Constabulary,Hertfordshire Constabulary,-0.033278,51.810956,On or near BURGAGE LANE,E01023514,East Hertfordshire 012C,Offender given conditional discharge
5d13c460e9af2244f064b3881d5789305f2c987704d42efa21adeb330c21f0a0,2018-08,Hertfordshire Constabulary,Hertfordshire Constabulary,-0.412642,51.675022,On or near BIRCH TREE WALK,E01023878,Watford 007A,Court case unable to proceed
c308f69f17d0a3da0a8015432300b707857572b836c895adf5586b46f7e1e127,2018-08,Hertfordshire Constabulary,Hertfordshire Constabulary,-0.344322,51.761347,On or near LAVENDER CRESCENT,E01023670,St Albans 009B,Court case unable to proceed
e7279097ccbf30e2bbc3e8c324deff738153b4fa14d7a936426ab5dc36713c12,2018-08,Hertfordshire Constabulary,Hertfordshire Constabulary,-0.202790,51.901746,On or near Bus/Coach Station,E01023758,Stevenage 008D,Offender otherwise dealt with
53056cc68fd185fe0076020fc9eb74d5034a0676d609bf652dd14b544e9d4a9f,2018-08,Hertfordshire Constabulary,Hertfordshire Constabulary,-0.200675,51.901929,On or near MARKET SQUARE,E01023758,Stevenage 008D,Offender sent to prison
c6fe738db65a3bb24344c5fdc9e031b25b39004260f3e40320fc32238670ac37,2018-08,Hertfordshire Constabulary,Hertfordshire Constabulary,0.006947,51.770720,On or near Park/Open Space,E01023504,East Hertfordshire 018E,Offender fined
4a2bb0c60b9f817b0ecf97aa19f0ab6423bb2c44fe26a5a5cf168c26fb9fbd9d,2018-08,Hertfordshire Constabulary,Hertfordshire Constabulary,-0.347880,51.817083,On or near KIPLING WAY,E01023702,St Albans 003D,Defendant found not guilty
f79f818ce8cbd454aa7d1702dca54f31185db379aaa5f2da4a00105132ccfd75,2018-08,Hertfordshire Constabulary,Hertfordshire Constabulary,-0.198458,51.792670,On or near FURZEFIELD ROAD,E01023956,Welwyn Hatfield 007C,Defendant found not guilty
8860e97ad3989bf8bae82e49fb6dc060142d03e294b5ae65271c3e207e12fef8,2018-08,Hertfordshire Constabulary,Hertfordshire Constabulary,-0.178460,51.920336,On or near Petrol Station,E01023774,Stevenage 003D,Offender given suspended prison sentence
24f9066599b3782178f3bd5f0fdc5a07eb8694e7154e4d140c24bc004758b3f1,2018-08,Hertfordshire Constabulary,Hertfordshire Constabulary,-0.320052,51.752721,On or near ST PAUL'S PLACE,E01023674,St Albans 011B,Offender sent to prison
c3b2cfcc33d90386e742bcbb1ffa67318fc0554e5ccdf64532a25830319f100c,2018-08,Hertfordshire Constabulary,Hertfordshire Constabulary,-0.358512,51.743274,On or near Sports/Recreation Area,E01023742,St Albans 014A,Offender given suspended prison sentence
b36e1cfd7b295e15e11cdbfb53361fe0eeb2f7bb099d5dc704b05a365cc97db7,2018-08,Hertfordshire Constabulary,Hertfordshire Constabulary,-0.467135,51.736343,On or near Petrol Station,E01033023,Dacorum 018H,Offender given community sentence
4467771fa133ffaa17fd76b24c502cbe5db2569fc85de941f875b2e14c74e17a,2018-08,Hertfordshire Constabulary,Hertfordshire Constabulary,-0.203522,51.905624,On or near Parking Area,E01023775,Stevenage 006A,Offender given community sentence
95800b4eb812d61587ef298d71408994f5ed6b1355c61e2f92992653f6ac5a68,2018-08,Hertfordshire Constabulary,Hertfordshire Constabulary,-0.339291,51.751564,On or near CHEQUER STREET,E01023727,St Albans 012B,Court case unable to proceed
5c5577f7534389bd680681bc361f2280d6b03e23438ee77fc811fe6491859c20,2018-08,Hertfordshire Constabulary,Hertfordshire Constabulary,-0.377970,51.697020,On or near LEMONFIELD DRIVE,E01023834,Three Rivers 002E,Offender given suspended prison sentence
7ac944a03f96447ed59262c82eea621f0991095cb89b007ffd33bb9321dff07b,2018-08,Hertfordshire Constabulary,Hertfordshire Constabulary,-0.176917,51.914989,On or near FAIRLANDS WAY,E01023769,Stevenage 004C,Offender fined
1f1f9e1d8dd6d563fd1bb20ff42c0809bdb5944a890fdcd2a40da81042dfd758,2018-08,Hertfordshire Constabulary,Hertfordshire Constabulary,-0.449647,51.772953,On or near DAWLEY COURT,E01023395,Dacorum 007C,Offender given community sentence
065168291da2999aebffb3f7f464a4d1477580f6e7040c351d2777562657f927,2018-08,Hertfordshire Constabulary,Hertfordshire Constabulary,-0.347109,51.763598,On or near BATCHWOOD DRIVE,E01023672,St Albans 009D,Defendant found not guilty
94d17fa7dcf25f9f6e0a986d551c9bcee1383a8028933a830e4b8a433531eee4,2018-08,Hertfordshire Constabulary,Hertfordshire Constabulary,-0.200746,51.903414,On or near MARSHGATE,E01023758,Stevenage 008D,Offender sent to prison
3e6e5e1f171d9305bb55283cb9ba5611c77ed5ddf7215eb24d74b9b0da1d8ff5,2018-08,Hertfordshire Constabulary,Hertfordshire Constabulary,-0.008208,51.760645,On or near Supermarket,E01023320,Broxbourne 003A,Offender fined
8189bfbcbf59cfa2c88138d34be2a8e79d06ab59de63bc16667b097607beeaeb,2018-08,Hertfordshire Constabulary,Hertfordshire Constabulary,-0.094404,51.800804,On or near NORTH ROAD AVENUE,E01023490,East Hertfordshire 015D,Offender given community sentence
e42a22d7247b9bc3c8442998d886b6b7175e6c227fbfccbfae3e9c40dde3b183,2018-08,Hertfordshire Constabulary,Hertfordshire Constabulary,-0.404472,51.649051,On or near Hospital,E01023902,Watford 010D,Offender fined
2deb27f55ae9618949fb30ae54a5d1bbfd1068fbd1ba98b21859272bde167069,2018-08,Hertfordshire Constabulary,Hertfordshire Constabulary,-0.440531,51.751917,On or near ST ALBANS ROAD,E01023345,Dacorum 013A,Offender sent to prison
fded295f29f946ec2d311ebd7c33a60b396d82d94cb355d16d7d1767e76f3190,2018-08,Hertfordshire Constabulary,Hertfordshire Constabulary,-0.220417,51.776333,On or near Supermarket,E01033311,Welwyn Hatfield 010F,Offender fined
32d406e84c43f8edb6c57a38566c120cfc0f38cef98716ba7e0e795b1651c7ae,2018-08,Hertfordshire Constabulary,Hertfordshire Constabulary,-0.200649,51.900023,On or near SOUTHGATE,E01023758,Stevenage 008D,Offender otherwise dealt with
d21e8cd17121397682a3488c411fc4e43fb32b46bf59d944ec85ef783befb741,2018-08,Hertfordshire Constabulary,Hertfordshire Constabulary,-0.467135,51.736343,On or near Petrol Station,E01033023,Dacorum 018H,Offender given community sentence
2d57f0413ef3ec1cd03130069edcca05876acae43be7be7d8a97f8cf0117f8f0,2018-08,Hertfordshire Constabulary,Hertfordshire Constabulary,-0.268194,51.741879,On or near ST MARKS CLOSE,E01023679,St Albans 015C,Offender given community sentence
5e346d12c362a177d1a62ce30656c04b7baf62154e67403df0d7851d80bfe7af,2018-08,Hertfordshire Constabulary,Hertfordshire Constabulary,-0.339165,51.753028,On or near WADDINGTON ROAD,E01023727,St Albans 012B,Offender otherwise dealt with
e0b655b5498f706f01ad8a0298fbd016edc262d831a746c463cf39bbcdbf9120,2018-08,Hertfordshire Constabulary,Hertfordshire Constabulary,-0.303096,51.766010,On or near HAZELMERE ROAD,E01023710,St Albans 008B,Defendant found not guilty
3aa0572a55fb040944923a7fb761c7a79b422de12698c74dbfa002cac905aa74,2018-08,Hertfordshire Constabulary,Hertfordshire Constabulary,-0.230565,51.761479,On or near Pedestrian Subway,E01023922,Welwyn Hatfield 012C,Court case unable to proceed
46adb3d4e02640e531ac0a04433c051d904e173a673d4682e60a56ac0eedd628,2018-08,Hertfordshire Constabulary,Hertfordshire Constabulary,0.166122,51.867153,On or near LONDON ROAD,E01023441,East Hertfordshire 005D,Defendant found not guilty
5d573bf8569e816d6eb458c97c3b4b11340bf6a01520503dda91ba53da034305,2018-08,Hertfordshire Constabulary,Hertfordshire Constabulary,-0.043279,51.712307,On or near CHADWELL AVENUE,E01023310,Broxbourne 006D,Offender sent to prison
b7914622dab9a556b7fbd79783ef493b9ec66e408329cbead7601e7c1fecf0e4,2018-08,Hertfordshire Constabulary,Hertfordshire Constabulary,-0.406476,51.669400,On or near GRANGE CLOSE,E01023879,Watford 007B,Offender sent to prison
6f0f3e83dc04a666da9e911fd78f8c65e31da50286683cbde4438ce5637ab65d,2018-08,Hertfordshire Constabulary,Hertfordshire Constabulary,-0.303787,51.772305,On or near MENDIP CLOSE,E01023711,St Albans 008C,Offender fined
55cda4b887c2ff6c7b4c2dc86f5c2dcfd81d6b2207a6b92fbbd8f111c84495ef,2018-08,Hertfordshire Constabulary,Hertfordshire Constabulary,-0.180521,51.789058,On or near Supermarket,E01023946,Welwyn Hatfield 008D,Offender sent to prison
2f40430330fd794b6fee17364f88cd56d25275508a2230b0d8c4ad7c39c6d04a,2018-08,Hertfordshire Constabulary,Hertfordshire Constabulary,-0.339291,51.751564,On or near CHEQUER STREET,E01023727,St Albans 012B,Offender fined
b0acf930eab468beeb9663cc735b316af4bfcb2a3c662c70a78eccbbbf5e1812,2018-08,Hertfordshire Constabulary,Hertfordshire Constabulary,-0.354186,51.815634,On or near VAUGHAN ROAD,E01023701,St Albans 003C,Offender sent to prison
d8bfd14c27e11380599ab15870c4fd62c3c230f4675d4a49aea8c8568b818b3b,2018-08,Hertfordshire Constabulary,Hertfordshire Constabulary,-0.202790,51.901746,On or near Bus/Coach Station,E01023758,Stevenage 008D,Offender ordered to pay compensation
6c6950bca569d9deeb22a0c13e554fb8b5f0ff5df461b1f63c736e10acf3dbf6,2018-08,Hertfordshire Constabulary,Hertfordshire Constabulary,-0.446637,51.850889,On or near MANCROFT ROAD,E01017561,Central Bedfordshire 033A,Offender fined
2e2e9cf1086ef4fe890d0bf67321a93eb3d5bfc517eb59f5d34a724de87192bb,2018-08,Hertfordshire Constabulary,Hertfordshire Constabulary,-0.182149,51.889506,On or near TILLERS LINK,E01023794,Stevenage 010D,Offender given community sentence
02afa0d988240d48d66261102dba36931f2557ada86a0a129404ef40ab58b78e,2018-08,Hertfordshire Constabulary,Hertfordshire Constabulary,-0.414294,51.647179,On or near EXPLORER DRIVE,E01023864,Watford 011B,Defendant found not guilty
de8af635ed79913a7ae1120f679238706083d0f059e538f0647bb06bcfc5595f,2018-08,Hertfordshire Constabulary,Hertfordshire Constabulary,0.158757,51.873817,On or near NORTH TERRACE,E01023450,East Hertfordshire 004B,Offender fined
38daecd054c7185fba77d8d723fa662d019886eef51a01c0690861353e658c54,2018-08,Hertfordshire Constabulary,Hertfordshire Constabulary,-0.312394,51.743619,On or near Supermarket,E01023683,St Albans 016C,Offender fined
da3119375cb1a61619695890e2470cfd9d74e053049e4fe5ffefdd9866734022,2018-08,Hertfordshire Constabulary,Hertfordshire Constabulary,-0.339783,51.747615,On or near BELMONT HILL,E01023740,St Albans 017D,Offender given community sentence
f7305b38fa4139dc4bbc619296ac19f635a0538a21a09d535b21591612e085b9,2018-08,Hertfordshire Constabulary,Hertfordshire Constabulary,-0.470828,51.753952,On or near Supermarket,E01023398,Dacorum 015D,Offender given suspended prison sentence
60c7d6c73e18fee33b6652f6ecc7fe8f29aff8521cb0829c903c57d1435d7ef9,2018-08,Hertfordshire Constabulary,Hertfordshire Constabulary,-0.168950,51.892457,On or near Supermarket,E01023793,Stevenage 010C,Offender fined
624a79fc045bee63b6875c5cc266d5c21fcf13e819608177eabdcddf0d131951,2018-08,Hertfordshire Constabulary,Hertfordshire Constabulary,-0.339165,51.753028,On or near WADDINGTON ROAD,E01023727,St Albans 012B,Offender sent to prison
379c9c23537edd739f801ffedccf1f0feac9d7784c1680a80e7425b04a0d29a8,2018-08,Hertfordshire Constabulary,Hertfordshire Constabulary,-0.202859,51.981550,On or near Shopping Area,E01023633,North Hertfordshire 006D,Offender fined
120776213e3d741155d7d4f94d3dbf946035f92e2a89791da5f68f195f1b7682,2018-08,Hertfordshire Constabulary,Hertfordshire Constabulary,-0.277322,51.949060,On or near Shopping Area,E01023616,North Hertfordshire 012F,Court case unable to proceed
3f5ad56ee45b6f5cc9bb947312e7da01295ef9066fd76e0b893f50f9e10ea362,2018-08,Hertfordshire Constabulary,Hertfordshire Constabulary,-0.470828,51.753952,On or near Supermarket,E01023398,Dacorum 015D,Offender sent to prison
af48117286e7eb7518d29ee0f36106c8c4f00c43e493f3e76b4657fbf7f15fea,2018-08,Hertfordshire Constabulary,Hertfordshire Constabulary,-0.662846,51.793815,On or near PARSONAGE PLACE,E01023420,Dacorum 003C,Offender sent to prison
017419b674bbaf23c61cbb2c3464d6eba68e07221eec5873537900753cc127be,2018-08,Hertfordshire Constabulary,Hertfordshire Constabulary,-0.276715,51.653792,On or near DRAYTON ROAD,E01023539,Hertsmere 011A,Offender sent to prison
b85e45f445a3ced4dafc0912c829df3ff69376d66379afdde77f5a7266190ab3,2018-08,Hertfordshire Constabulary,Hertfordshire Constabulary,-0.392278,51.654612,On or near Shopping Area,E01023860,Watford 009B,Offender sent to prison
58ca6beb00a7d08497151c137ac52dc65280bb92dbe2d752455717b59e7eb6ee,2018-08,Hertfordshire Constabulary,Hertfordshire Constabulary,-0.070643,51.797503,On or near BAKER STREET,E01023477,East Hertfordshire 017C,Offender fined
726813032b162f22e88cb1a6b916a9eb0e457c47933940825371ec48ca1390ca,2018-08,Hertfordshire Constabulary,Hertfordshire Constabulary,0.176572,51.863660,On or near THE HEDGEROWS,E01023442,East Hertfordshire 005E,Offender fined
a8d786a29465f971f62ff0c9e38606c406f8a96e44f61caa47dff2001f7026a0,2018-08,Hertfordshire Constabulary,Hertfordshire Constabulary,-0.179316,51.918236,On or near Supermarket,E01023774,Stevenage 003D,Offender given suspended prison sentence
4105f5f2576f64a1a880e28e7c2d2949eaf6337f1f590fabd3c26bdfe9d00b70,2018-08,Hertfordshire Constabulary,Hertfordshire Constabulary,-0.211912,51.924230,On or near Hospital,E01023800,Stevenage 002E,Offender fined
d76e7cce190138f66a5094542a3de2715853cc5e4a3fa4e94cf603ae79f73c24,2018-08,Hertfordshire Constabulary,Hertfordshire Constabulary,-0.180806,51.692891,On or near Petrol Station,E01023577,Hertsmere 001B,Offender sent to prison
0f6ac3c798e223f1d14964308be57716878b9242c3ed1244ef26705ca8f971b1,2018-08,Hertfordshire Constabulary,Hertfordshire Constabulary,-0.199558,51.896778,On or near Further/Higher Educational Building,E01023786,Stevenage 011D,Offender otherwise dealt with
1dad94b62d694210bd3d1428d6fabb495009df42dca8b51111b9ed8677367c89,2018-08,Hertfordshire Constabulary,Hertfordshire Constabulary,-0.290133,51.668690,On or near ROSSINGTON AVENUE,E01023533,Hertsmere 007E,Offender given community sentence
1de3807931199a5bd497816ccf1c09eee9baff659ca8107611bf0dd5e772c7fa,2018-08,Hertfordshire Constabulary,Hertfordshire Constabulary,-0.178460,51.920336,On or near Petrol Station,E01023774,Stevenage 003D,Offender given suspended prison sentence
0b16232d2f3bc3bf87c94a5200224fb14ae04ba3114b71d2f00a126823dca46e,2018-08,Hertfordshire Constabulary,Hertfordshire Constabulary,-0.464126,51.760590,On or near BAYLIE COURT,E01023401,Dacorum 008A,Offender fined
d0921d8b76ccb18874e96dd02c586febc0d2c0a1dbde0ababbdfdd2bbab7cc77,2018-08,Hertfordshire Constabulary,Hertfordshire Constabulary,-0.179760,51.919133,On or near Parking Area,E01023774,Stevenage 003D,Offender otherwise dealt with
92d421e45c4bd3c4ce2bfc5ababb99b1e274514740c3a4d542e55bf57f0cd0be,2018-08,Hertfordshire Constabulary,Hertfordshire Constabulary,-0.465873,51.736839,On or near Shopping Area,E01033023,Dacorum 018H,Offender given suspended prison sentence
a58bfda276005fb2398caada83022652531835ae5c47b962dceb98eb85319f42,2018-08,Hertfordshire Constabulary,Hertfordshire Constabulary,-0.228835,51.763107,On or near Supermarket,E01023920,Welwyn Hatfield 012A,Offender ordered to pay compensation
8d8265aa4216461b178fa9f3eacdb13176d20e8ba9aa4533f9957b44dc9e8584,2018-08,Hertfordshire Constabulary,Hertfordshire Constabulary,-0.236436,51.765892,On or near COMET WAY,E01023921,Welwyn Hatfield 012B,Defendant found not guilty
0ab0a92fc13e7c46e55b5af1f15419a1a786b9096cf9f2ba557800ec50f16092,2018-08,Hertfordshire Constabulary,Hertfordshire Constabulary,-0.394657,51.653970,On or near ST. MARYS VIEW,E01023862,Watford 009D,Offender sent to prison
eed3fee633a565b57fe75438c75e4b6c608df7cb5d69252dbd48108dfaf9638e,2018-08,Hertfordshire Constabulary,Hertfordshire Constabulary,-0.208263,51.801029,On or near Supermarket,E01023918,Welwyn Hatfield 006C,Offender given community sentence
b6cba198b24ddab8be2551250070280d3055e9147f3733ab517be19592e58eed,2018-08,Hertfordshire Constabulary,Hertfordshire Constabulary,-0.205948,51.802352,On or near Shopping Area,E01023918,Welwyn Hatfield 006C,Offender given community sentence
7f295ba6395602b3cca8eec0a842f6e0d0e7f42a85c6a2a56cf754a76762c130,2018-08,Hertfordshire Constabulary,Hertfordshire Constabulary,-0.043686,51.813486,On or near PARK ROAD,E01023515,East Hertfordshire 013C,Court case unable to proceed
b2b427b7804715150f1aea5d1e3f988e3bfacacb5fcdf32e13aaaa43e7362278,2018-08,Hertfordshire Constabulary,Hertfordshire Constabulary,-0.303787,51.772305,On or near MENDIP CLOSE,E01023711,St Albans 008C,Offender fined
97a26e9b547e4b50038ad982c1db73de32764f92469b657feb9b2836baabf364,2018-08,Hertfordshire Constabulary,Hertfordshire Constabulary,-0.381032,51.674042,On or near WOODMERE AVENUE,E01023897,Watford 005C,Offender given community sentence
2eaa86504851314ee5d3c0f52b89303bc1f5329cf28e1545067495a92a308b30,2018-08,Hertfordshire Constabulary,Hertfordshire Constabulary,-0.008208,51.760645,On or near Supermarket,E01023320,Broxbourne 003A,Offender sent to prison
2f303f5ec00cae84d8108b7134feb6d0a1b218121ae8034bc9a55b172938cf8f,2018-08,Hertfordshire Constabulary,Hertfordshire Constabulary,0.171756,51.862283,On or near THE WRAGLINS,E01023442,East Hertfordshire 005E,Offender otherwise dealt with
9d79cba907aa932fe4fed02e02f2fd1ffc5d84580cc70894f5f199d6a1e5e53e,2018-08,Hertfordshire Constabulary,Hertfordshire Constabulary,-0.176138,51.907306,On or near TELFORD AVENUE,E01023762,Stevenage 007D,Defendant found not guilty
f275b166f51f4aa86485ab73b1aa613f6a395ad57c2e526f7ef28342051338ee,2018-08,Hertfordshire Constabulary,Hertfordshire Constabulary,-0.202859,51.981550,On or near Shopping Area,E01023633,North Hertfordshire 006D,Offender sent to prison
9b40c3d00299675808c93c3eefd92cb770c28f693bdb217c1cb8298f9013ea88,2018-08,Hertfordshire Constabulary,Hertfordshire Constabulary,-0.392859,51.654117,On or near Shopping Area,E01023860,Watford 009B,Offender given suspended prison sentence
5d13c460e9af2244f064b3881d5789305f2c987704d42efa21adeb330c21f0a0,2018-08,Hertfordshire Constabulary,Hertfordshire Constabulary,-0.412642,51.675022,On or near BIRCH TREE WALK,E01023878,Watford 007A,Court case unable to proceed
ed916f99da54af34ed0b8d8e85f3a226ec206c119ddfaa7bae5cbf456a4175b4,2018-08,Hertfordshire Constabulary,Hertfordshire Constabulary,-0.453778,51.747075,On or near ST ALBANS HILL,E01023357,Dacorum 020A,Offender given suspended prison sentence
3370cffab6c362e0a9fb3cdcac741483f6a513c3c9b2de77bfb22ec92b04de03,2018-08,Hertfordshire Constabulary,Hertfordshire Constabulary,-0.470828,51.753952,On or near Supermarket,E01023398,Dacorum 015D,Offender given suspended prison sentence
d30b412bc4da9a9df494ab05b8be678a0f8652156cbe82f06da169dbb37828c4,2018-08,Hertfordshire Constabulary,Hertfordshire Constabulary,-0.337053,51.750966,On or near Shopping Area,E01023727,St Albans 012B,Offender given suspended prison sentence
269821d203c6500a419af88ab53346546849e80710782ac8225633a3ed1a44bb,2018-08,Hertfordshire Constabulary,Hertfordshire Constabulary,-0.498092,51.741778,On or near BOX LANE,E01023378,Dacorum 021F,Offender otherwise dealt with
6295f86e48338d9a0dd7204e1dfefb91d5ed7c4e04172212d467c00d351aa3b3,2018-08,Hertfordshire Constabulary,Hertfordshire Constabulary,-0.182149,51.889506,On or near TILLERS LINK,E01023794,Stevenage 010D,Offender given community sentence
29f1cb0db99cfe1dfb5c9303e01cb2509c6097a50105ca19822ea75c84f15e34,2018-08,Hertfordshire Constabulary,Hertfordshire Constabulary,-0.185364,51.903124,On or near BEDWELL CRESCENT,E01023756,Stevenage 008B,Offender given community sentence
d0c0a934692f8626693fcb776ec531c302aeaa312ac60b9911d4a19697dfb113,2018-08,Hertfordshire Constabulary,Hertfordshire Constabulary,-0.228507,51.978126,On or near EASTCHEAP,E01023644,North Hertfordshire 008A,Offender fined
6d662083f32b8c96c6208f98536cf0e965913455bf970cb19f12913fe3d1b5a0,2018-08,Hertfordshire Constabulary,Hertfordshire Constabulary,-0.394857,51.655268,On or near Shopping Area,E01023860,Watford 009B,Defendant found not guilty
964154946643de127c19d3d49ff2388034dd63bb15a07e08efea27faf1352748,2018-08,Hertfordshire Constabulary,Hertfordshire Constabulary,-0.303045,51.740697,On or near HOUSEFIELD WAY,E01023678,St Albans 015B,Offender given suspended prison sentence
9ee0aa5c79cdac60c8db862a3daed368a4bdae87c021730977f0ba7fe85770d2,2018-08,Hertfordshire Constabulary,Hertfordshire Constabulary,-0.079826,51.797419,On or near NICHOLAS LANE,E01023470,East Hertfordshire 014A,Offender given community sentence
e56a6ed925ca80ad4c45049ca2d14923de24f23c77d35a56cec10c71c2221a4f,2018-08,Hertfordshire Constabulary,Hertfordshire Constabulary,-0.335666,51.749679,On or near KEYFIELD TERRACE,E01023726,St Albans 012A,Offender fined
4b842a84abd769d1976b55ed8db7464a03839df93998800af79987a3fa722f92,2018-08,Hertfordshire Constabulary,Hertfordshire Constabulary,-0.236436,51.765892,On or near COMET WAY,E01023921,Welwyn Hatfield 012B,Court case unable to proceed
7dbc969e99c1c7b0eab0a14f867730b7a249df97b7d2199db32e2411a23aeaa9,2018-08,Hertfordshire Constabulary,Hertfordshire Constabulary,-0.034575,51.692370,On or near THEOBALD'S GROVE,E01023332,Broxbourne 012A,Offender given conditional discharge
8356ab567b7bd47feadb6b992fc524f3fb57cd810139350bbe821d5d4c0afd61,2018-08,Hertfordshire Constabulary,Hertfordshire Constabulary,-0.181976,52.024363,On or near ASHWELL ROAD,E01023585,North Hertfordshire 005A,Offender given suspended prison sentence
90b1bcb89ac92f2b944b994e71bb33d4809472598484849b663c5060cec9060b,2018-08,Hertfordshire Constabulary,Hertfordshire Constabulary,-0.201562,51.900459,On or near THE QUADRANT,E01023758,Stevenage 008D,Offender fined
d2f477766bfdc4d3aeaf8371c8ddf08547dbdc8d3265904cb3b5cbb9c9a3cde4,2018-08,Hertfordshire Constabulary,Hertfordshire Constabulary,-0.278190,51.655675,On or near Supermarket,E01023530,Hertsmere 007B,Offender given suspended prison sentence
4246e1ee8155199c78c183a91805b60d075061919e5410dbadf4755c01a3497f,2018-08,Hertfordshire Constabulary,Hertfordshire Constabulary,-0.337053,51.750966,On or near Shopping Area,E01023727,St Albans 012B,Offender given suspended prison sentence
b36b8f10230f2a1b5a4ef59929790a59ea0158276c66f05c10e2f7d8344d9f6a,2018-08,Hertfordshire Constabulary,Hertfordshire Constabulary,-0.469602,51.640979,On or near Supermarket,E01023851,Three Rivers 004D,Offender given suspended prison sentence
322be7369a9be47eb4ecf01a019148cec8fcdf8e21ce0ba16cfb816924ea9664,2018-08,Hertfordshire Constabulary,Hertfordshire Constabulary,-0.223540,51.918147,On or near BERWICK CLOSE,E01023797,Stevenage 005C,Offender deprived of property
b36c6b29ba87233e91e555ebb600af6da3d0ed31a8e7696fe1393420ac04d032,2018-08,Hertfordshire Constabulary,Hertfordshire Constabulary,-0.448896,51.769922,On or near REDBOURN ROAD,E01023346,Dacorum 013B,Offender given community sentence
1fa05def59eaecbbee45ea653901be80b9bdac693f5eff3a78d5be11ef439438,2018-08,Hertfordshire Constabulary,Hertfordshire Constabulary,-0.237095,51.853466,On or near TOWER ROAD,E01023596,North Hertfordshire 015B,Offender sent to prison
06f029ac1ece0a61fb82f6768a35bf80f1d41b4338fdad6f4a24fe95607ac7ba,2018-08,Hertfordshire Constabulary,Hertfordshire Constabulary,-0.219811,51.970855,On or near LAWRENCE AVENUE,E01023647,North Hertfordshire 008D,Offender given community sentence
67efe0ccd68613754be4b13d718b00434c4030f91857f75b0f69f11046693600,2018-08,Hertfordshire Constabulary,Hertfordshire Constabulary,-0.228835,51.763107,On or near Supermarket,E01023920,Welwyn Hatfield 012A,Offender fined
332f74414e15c72942516eff8d7667f33b1b7f5ea5d46760046491f5bf1ec0ca,2018-08,Hertfordshire Constabulary,Hertfordshire Constabulary,0.166122,51.867153,On or near LONDON ROAD,E01023441,East Hertfordshire 005D,Court case unable to proceed
d6021b846471b1562aea1ad0362c8aa659530f8e08484e2db29b2f11173e7340,2018-08,Hertfordshire Constabulary,Hertfordshire Constabulary,-0.076597,51.796629,On or near MARKET STREET,E01023478,East Hertfordshire 017D,Defendant found not guilty
5de3a1561f5426f87296ed80b6661451d56d5ff4af87ece14a5ed2d7623aec3a,2018-08,Hertfordshire Constabulary,Hertfordshire Constabulary,-0.175065,51.899710,On or near KELLER CLOSE,E01023761,Stevenage 007C,Offender given community sentence
65242db67b51d27acec4f0d42af4e3e59cf5d667086d31e89f1c93b5a02d554a,2018-08,Hertfordshire Constabulary,Hertfordshire Constabulary,-0.427348,51.755644,On or near Petrol Station,E01023409,Dacorum 017A,Defendant found not guilty
6f800cdab4dedd11a0ac5cb02e1f8d82fdd69f7297063c1a770785e38722f06e,2018-08,Hertfordshire Constabulary,Hertfordshire Constabulary,-0.274982,51.651069,On or near CHAUCER GROVE,E01023539,Hertsmere 011A,Offender given suspended prison sentence
5347ef9f1bd7f775bb6650c96f737382eb5e6cc086cb7a85d7d6bcf945619e2a,2018-08,Hertfordshire Constabulary,Hertfordshire Constabulary,-0.274249,51.949132,On or near QUEEN STREET,E01023601,North Hertfordshire 010A,Offender fined
52a37014fdc93262242eedf5e55aee2e66e4fc5e95c2d9b240152c00993331be,2018-08,Hertfordshire Constabulary,Hertfordshire Constabulary,-0.402395,51.655919,On or near CASSIO ROAD,E01023861,Watford 009C,Offender sent to prison
5743b84a354cc2e9a38d17f8aefd9199e39c48359872316a0041ad29906fbb5a,2018-08,Hertfordshire Constabulary,Hertfordshire Constabulary,-0.386917,51.648433,On or near BRIDGE PLACE,E01023862,Watford 009D,Offender given suspended prison sentence
a5106b1a152c0f0196eca13c4401464914a202990d59845c9fd5dc8d0e273f12,2018-08,Hertfordshire Constabulary,Hertfordshire Constabulary,-0.397080,51.657007,On or near Theatre/Concert Hall,E01023861,Watford 009C,Offender given community sentence
f4eab1e628ecdd60af079915f4f6e17bdb1f48de6bcdd5507a36cbe5e0065678,2018-08,Hertfordshire Constabulary,Hertfordshire Constabulary,-0.199565,51.791077,On or near SANDPIT ROAD,E01023940,Welwyn Hatfield 009B,Offender given community sentence
6d7d683042734cd99e3c16168dc086c12c93232bfb7042af3ee706f33d97cd20,2018-08,Hertfordshire Constabulary,Hertfordshire Constabulary,-0.397342,51.657766,On or near Pedestrian Subway,E01023859,Watford 009A,Court case unable to proceed
2882494bc20281d43d92e0d919b289f0efcd8de31853dc28638001b0f03517cf,2018-08,Hertfordshire Constabulary,Hertfordshire Constabulary,-0.021222,51.811644,On or near BELLEVUE ROAD,E01023512,East Hertfordshire 012A,Offender otherwise dealt with
10dca27890e6e346f37eb3faf343d928caa74328c7ad0629e3aa5950a7b73efc,2018-08,Hertfordshire Constabulary,Hertfordshire Constabulary,-0.469624,51.639020,On or near Supermarket,E01023850,Three Rivers 007C,Court case unable to proceed
4dd5adfa9ab4b1db50bc8d2845b0718ecb98c6569bca4a96caebb22f768da27c,2018-08,Hertfordshire Constabulary,Hertfordshire Constabulary,-0.451274,51.755485,On or near Supermarket,E01023348,Dacorum 013D,Offender given suspended prison sentence
a244d132fcc09ad7c06b3d83a32407eb17f447d8a088196401753f6ac3b08a37,2018-08,Hertfordshire Constabulary,Hertfordshire Constabulary,-0.406476,51.669400,On or near GRANGE CLOSE,E01023879,Watford 007B,Offender sent to prison
532b5b9155c9997f7a2908b62550b2c1413984e46aaadbdeb895d97693622071,2018-08,Hertfordshire Constabulary,Hertfordshire Constabulary,-0.204608,51.899535,On or near Police Station,E01023758,Stevenage 008D,Offender given community sentence
49d69f1628ec34b2e021afa5b7ff8823aaa86a99dada68ae8d12a972d4177624,2018-08,Hertfordshire Constabulary,Hertfordshire Constabulary,-0.200217,51.704367,On or near SUMMIT ROAD,E01023570,Hertsmere 002D,Court case unable to proceed
229ee0173836e37de9c9a1e28a5ae6e61ced3a39f05da95dee9db3de705198f8,2018-08,Hertfordshire Constabulary,Hertfordshire Constabulary,-0.204608,51.899535,On or near Police Station,E01023758,Stevenage 008D,Offender deprived of property
6dd15b9f6c1405bdbff190607d9ead1f482affd86c83b60f62e4e41eb393db60,2018-08,Hertfordshire Constabulary,Hertfordshire Constabulary,-0.395617,51.657490,On or near Pedestrian Subway,E01023859,Watford 009A,Court case unable to proceed
864164119ca93c18e8feae0de29832c2ff84d9102a3465951ab96d5107bcc240,2018-08,Hertfordshire Constabulary,Hertfordshire Constabulary,-0.339818,51.742724,On or near Supermarket,E01023737,St Albans 017A,Offender sent to prison
79092baffa74478abdb8d91f7a10b60837b892e58c14d54d73a1f79a6dd5979d,2018-08,Hertfordshire Constabulary,Hertfordshire Constabulary,-0.023149,51.734739,On or near A1170,E01023341,Broxbourne 005B,Offender given community sentence
8cf7d1a48c0ae9e17723d05258496b950474f35c363ddae6ebe3044661931e2e,2018-08,Hertfordshire Constabulary,Hertfordshire Constabulary,-0.201368,51.898028,On or near Supermarket,E01023786,Stevenage 011D,Court case unable to proceed
5056ac83fffce9ba453b026c1ca80ecbadd07e2f8690bafc33fd44361f205ce5,2018-08,Hertfordshire Constabulary,Hertfordshire Constabulary,-0.202790,51.901746,On or near Bus/Coach Station,E01023758,Stevenage 008D,Offender sent to prison
7f8e962b48822844d102ff9eb9199163ae79617f8abe4ca87977f2b41858375d,2018-08,Hertfordshire Constabulary,Hertfordshire Constabulary,-0.338330,51.750912,On or near WESTBOURNE MEWS,E01023727,St Albans 012B,Offender fined
a910450d7d9653588d749220ded39aaee4019e85dcb49a15c04df84427798eeb,2018-08,Hertfordshire Constabulary,Hertfordshire Constabulary,-0.037445,51.718001,On or near Supermarket,E01023305,Broxbourne 008D,Offender given community sentence
e4a462dd31660a08391f4ccbaa87ff3b5c5d2a08e67a77a3bd31a94b688ecc3e,2018-08,Hertfordshire Constabulary,Hertfordshire Constabulary,-0.398272,51.663785,On or near STATION ROAD,E01023861,Watford 009C,Defendant found not guilty
af38ddef621f99df5829f76082c9f64777235bad4ccdfe47ec02300df67ba99d,2018-08,Hertfordshire Constabulary,Hertfordshire Constabulary,-0.231583,51.991327,On or near ASHDOWN,E01023637,North Hertfordshire 003C,Offender given conditional discharge
b88bc971f555c065c8b999d9f4b5e28fd2493dc5fb441a9ab9480e0fcc2440b5,2018-08,Hertfordshire Constabulary,Hertfordshire Constabulary,-0.045364,51.710948,On or near THE GREEN,E01023310,Broxbourne 006D,Offender fined
d61806d26d02ed57f5738bec470d864e98cc6f08600fbc96866fc437a2a6c7f8,2018-08,Hertfordshire Constabulary,Hertfordshire Constabulary,-0.313903,51.747426,On or near SPRINGFIELD ROAD,E01023681,St Albans 016A,Offender otherwise dealt with
4a4e6bcddbba0f318b4f04e1263c6b2670a159b76102c68946c212eea6bb1ccd,2018-08,Hertfordshire Constabulary,Hertfordshire Constabulary,-0.278825,51.947437,On or near Parking Area,E01023616,North Hertfordshire 012F,Offender sent to prison
f8989d5543ef92b8a33284b5dd579152dd974f7787297be47f9cec8b8eede3dd,2018-08,Hertfordshire Constabulary,Hertfordshire Constabulary,-0.195798,51.898474,On or near LYNDALE,E01023755,Stevenage 008A,Offender fined
f9a7e1d4fd212119d21772b0930132af761e8b7c8fab9c2e5be1fa75e41e2275,2018-08,Hertfordshire Constabulary,Hertfordshire Constabulary,-0.178460,51.920336,On or near Petrol Station,E01023774,Stevenage 003D,Offender sent to prison
884e564e7fc1d922ca7992bb215340a93cbd179956453994e93e526c14a74336,2018-08,Hertfordshire Constabulary,Hertfordshire Constabulary,-0.408140,51.663173,On or near STRATFORD ROAD,E01023888,Watford 008C,Defendant found not guilty
91c61519b98e242ee7d3ea1d1d6cd4e44b64e21aa2872ca5b295adaea4af3f31,2018-08,Hertfordshire Constabulary,Hertfordshire Constabulary,-0.171069,51.888228,On or near TAYWOOD CLOSE,E01023791,Stevenage 010A,Defendant found not guilty
57d3a5a802394a119c4cdf9146fe1b2e308397ba0dea0a589e5ad79c46a51d13,2018-08,Hertfordshire Constabulary,Hertfordshire Constabulary,-0.178460,51.920336,On or near Petrol Station,E01023774,Stevenage 003D,Offender given suspended prison sentence
a2d12989d6dcc262383d2c5476b7880ae4453d6f0c41033f3adbc0b3609513cb,2018-08,Hertfordshire Constabulary,Hertfordshire Constabulary,-0.192512,51.697963,On or near Supermarket,E01023579,Hertsmere 001D,Offender fined
c0c3118356a46dd856f3b1735d253032af0d7364c9ad537342b18ca2fe60ac35,2018-08,Hertfordshire Constabulary,Hertfordshire Constabulary,-0.185789,51.812410,On or near LUMBARDS,E01023914,Welwyn Hatfield 004C,Offender sent to prison
5405cb62adf1597d79492ca0ee1ca7bc8102b0325f2f190f00d4044f69f45d56,2018-08,Hertfordshire Constabulary,Hertfordshire Constabulary,-0.336975,51.751505,On or near Shopping Area,E01023727,St Albans 012B,Offender fined
b715b5251308537dbbe6d44d9897a64b4980573eb32f5961b0e155be9b3d8201,2018-08,Hertfordshire Constabulary,Hertfordshire Constabulary,-0.079601,51.794529,On or near CASTLE STREET,E01023478,East Hertfordshire 017D,Offender given community sentence
b01c515a70489e6a8c99b779e3d602d7d77b22e37bd91cb80aa97986457f51a9,2018-08,Hertfordshire Constabulary,Hertfordshire Constabulary,-0.394873,51.682631,On or near PURBROCK AVENUE,E01023890,Watford 002A,Offender sent to prison
0f38395ea4989fe63ba3b2ebaa68fdb324a71cb1fd7e503829f2c55a528db096,2018-08,Hertfordshire Constabulary,Hertfordshire Constabulary,0.163814,51.864758,On or near Nightclub,E01023446,East Hertfordshire 007D,Offender sent to prison
679d706fcfa12034bd1a5d9c358374906cd0a49a38d2f84c5361ddc620528217,2018-08,Hertfordshire Constabulary,Hertfordshire Constabulary,-0.277854,51.653485,On or near WHITEHALL CLOSE,E01023539,Hertsmere 011A,Offender otherwise dealt with
c648b8f0b1b210cddc6afcb5926db8dbfda25b71ccc9782f0ff410677257a89c,2018-08,Hertfordshire Constabulary,Hertfordshire Constabulary,-0.079601,51.794529,On or near CASTLE STREET,E01023478,East Hertfordshire 017D,Offender given community sentence
c36104263db65da4724d9b83c4962868860b7039cee90a133da597259ed9bf6b,2018-08,Hertfordshire Constabulary,Hertfordshire Constabulary,-0.183486,51.924082,On or near Pedestrian Subway,E01023787,Stevenage 001A,Offender given suspended prison sentence
aeea9a143f37295cb5decec936c007f3a9328d6e0f7f600ea29af06b9351b824,2018-08,Hertfordshire Constabulary,Hertfordshire Constabulary,-0.079036,51.795887,On or near MILLERS YARD,E01023478,East Hertfordshire 017D,Offender fined
48d80d18505c3daa3e9ee3fa50a681a6fc90a7660c324e879cb166fd7e2430ec,2018-08,Hertfordshire Constabulary,Hertfordshire Constabulary,-0.230356,51.989195,On or near ORCHARD WAY,E01023638,North Hertfordshire 003D,Offender sent to prison
1bd84141176d8cc9109b2fe921ac2566825e8552d5a80899440a218366a891fb,2018-08,Hertfordshire Constabulary,Hertfordshire Constabulary,-0.397793,51.657286,On or near WATFORD HOUSE LANE,E01023861,Watford 009C,Offender otherwise dealt with
4269781d0a0ec2f939a89d214c16f85fa6ccbd7bd6e35627bf22a9eb4dd478de,2018-08,Hertfordshire Constabulary,Hertfordshire Constabulary,-0.662846,51.793815,On or near PARSONAGE PLACE,E01023420,Dacorum 003C,Offender sent to prison
811f464d8f8760ed99dbb19c37629baa0f9430fda0a172ff1b898cfea1219e82,2018-08,Hertfordshire Constabulary,Hertfordshire Constabulary,-0.455699,51.723892,On or near BARNES RISE,E01023407,Dacorum 022B,Offender sent to prison
e559ec1d2e2cef342e677d216a17204ef15b597af0775096376f7dcff90ac09b,2018-08,Hertfordshire Constabulary,Hertfordshire Constabulary,-0.204608,51.899535,On or near Police Station,E01023758,Stevenage 008D,Offender sent to prison
a67f9944376d392d3fb8fbfd05370835c7820f0be4cbbc8df7e436d4b33a2352,2018-08,Hertfordshire Constabulary,Hertfordshire Constabulary,-0.202859,51.981550,On or near Shopping Area,E01023633,North Hertfordshire 006D,Offender sent to prison
9206b75a657e4f489ecd5ff95d2753e30a86462092d0d3e487ca14a3462a1d6c,2018-08,Hertfordshire Constabulary,Hertfordshire Constabulary,-0.208676,51.899579,On or near KINGS WAY,E01023758,Stevenage 008D,Defendant found not guilty
2115b79728e19dda7c766475d6796e5d5e4d16c02373a3da3615195b45a4db11,2018-08,Hertfordshire Constabulary,Hertfordshire Constabulary,-0.195684,51.886818,On or near Shopping Area,E01023786,Stevenage 011D,Defendant found not guilty
fad0d531203ad644d79d158dbc10c268aa06b03587b8c1146a2fd24cac465a25,2018-08,Hertfordshire Constabulary,Hertfordshire Constabulary,-0.383192,51.641422,On or near LIME CLOSE,E01023882,Watford 012A,Offender ordered to pay compensation
50181f515922d3569c73c65ffef96834fdb02eb6fe11fac9812f5adf84467ed3,2018-08,Hertfordshire Constabulary,Hertfordshire Constabulary,-0.205363,51.904294,On or near Petrol Station,E01023758,Stevenage 008D,Offender fined
ad0c0db7fed4aa581999a96d1f176e27ee55ab92629b52113e5a8c8db7c85485,2018-08,Hertfordshire Constabulary,Hertfordshire Constabulary,-0.201368,51.898028,On or near Supermarket,E01023786,Stevenage 011D,Offender fined
21567e846771755ca2704e906ab8433533b9ac63a4a429b589559773bfc5f036,2018-08,Hertfordshire Constabulary,Hertfordshire Constabulary,-0.303096,51.766010,On or near HAZELMERE ROAD,E01023710,St Albans 008B,Offender sent to prison
afecc1eeda6930e1b82e50e31e0175aa24d705c7f3bca8b1b12f999d39a1c865,2018-08,Hertfordshire Constabulary,Hertfordshire Constabulary,-0.043279,51.712307,On or near CHADWELL AVENUE,E01023310,Broxbourne 006D,Offender sent to prison
3d52c22f6e9a0710f82de195c5955416835fc2aeb7ab3ac5c1198f60beee18e8,2018-08,Hertfordshire Constabulary,Hertfordshire Constabulary,-0.394657,51.653970,On or near ST. MARYS VIEW,E01023862,Watford 009D,Court case unable to proceed
ea92f1f06268e310687fd82d394d8a0a763d8892ac19654b1916ee663f97fdaa,2018-08,Hertfordshire Constabulary,Hertfordshire Constabulary,-0.270335,51.953652,On or near NIGHTINGALE ROAD,E01023601,North Hertfordshire 010A,Offender given suspended prison sentence
5a7a280c41a9cb19bc01262450359669643196b9a6b6bdae64b6f8821899ed8e,2018-08,Hertfordshire Constabulary,Hertfordshire Constabulary,-0.355834,51.648200,On or near Supermarket,E01023561,Hertsmere 012D,Defendant found not guilty
269821d203c6500a419af88ab53346546849e80710782ac8225633a3ed1a44bb,2018-08,Hertfordshire Constabulary,Hertfordshire Constabulary,-0.498092,51.741778,On or near BOX LANE,E01023378,Dacorum 021F,Offender otherwise dealt with
9c7c735c72208d36b93c021775c004d17e9785a8776a0086702c147e8a16c788,2018-08,Hertfordshire Constabulary,Hertfordshire Constabulary,-0.407817,51.669922,On or near Further/Higher Educational Building,E01023879,Watford 007B,Offender fined
8582f68d24c9c487d0eadd6090bf050575713735fc64155f41f41d1b82bed097,2018-08,Hertfordshire Constabulary,Hertfordshire Constabulary,-0.203522,51.905624,On or near Parking Area,E01023775,Stevenage 006A,Offender otherwise dealt with
5a07a7c6b4d6ae72cca2a427ea57e76f9bb4d3e511d90cd4f6d67533e157a223,2018-08,Hertfordshire Constabulary,Hertfordshire Constabulary,-0.473102,51.750106,On or near Nightclub,E01023398,Dacorum 015D,Offender sent to prison
1da7a632dfba9352dae484ccf12db5bd325c345b206bfce07952fc9c7d0375a2,2018-08,Hertfordshire Constabulary,Hertfordshire Constabulary,-0.096882,51.816346,On or near Sports/Recreation Area,E01023485,East Hertfordshire 010A,Offender fined
4ce57eff0ec2ad432ff6d7649ee76a46d4274c5711a46a74eef2cdc633c7bd6b,2018-08,Hertfordshire Constabulary,Hertfordshire Constabulary,-0.662846,51.793815,On or near PARSONAGE PLACE,E01023420,Dacorum 003C,Offender sent to prison
04d60c688cbb5bdbf4a630662ef7dacd5f96911417b2d288774fa72754ee07a5,2018-08,Hertfordshire Constabulary,Hertfordshire Constabulary,-0.397793,51.657286,On or near WATFORD HOUSE LANE,E01023861,Watford 009C,Offender sent to prison
c7b0414cbb6db736f5a925a6dacfe40971358ddd27929b50980737d087304e78,2018-08,Hertfordshire Constabulary,Hertfordshire Constabulary,-0.285736,51.712390,On or near BELL LANE,E01023583,Hertsmere 004C,Offender given community sentence
6f858ad22231cc9a42e8a55c45659b9dcb3bbc32d74e7fb509ea9a65bbb4da1d,2018-08,Hertfordshire Constabulary,Hertfordshire Constabulary,-0.228835,51.763107,On or near Supermarket,E01023920,Welwyn Hatfield 012A,Offender ordered to pay compensation
82c8a99f5063ec470f5682f657ebf186981ed5af748f5d8d6764acd26758a291,2018-08,Hertfordshire Constabulary,Hertfordshire Constabulary,-0.419805,51.645418,On or near CROXLEY VIEW,E01023866,Watford 011D,Defendant found not guilty
8f16ba98258938f020d837beaad89c41566b288450edfa02554ce7746f69f86b,2018-08,Hertfordshire Constabulary,Hertfordshire Constabulary,-0.190973,51.981997,On or near WESTON WAY,E01023592,North Hertfordshire 004F,Defendant found not guilty
e4583cd775d37fd8a71e151b4ee0c489949f25019f5e1eb7c8723d3b6c916b9c,2018-08,Hertfordshire Constabulary,Hertfordshire Constabulary,-0.480319,51.749579,On or near HILMAY DRIVE,E01023380,Dacorum 018D,Defendant found not guilty
58ca3dd6b4b5a0a619601af7445cc98c602306b9d3e0ef77fbb4eba0cab4bdf9,2018-08,Hertfordshire Constabulary,Hertfordshire Constabulary,-0.346308,51.763721,On or near Sports/Recreation Area,E01023672,St Albans 009D,Court case unable to proceed
a92877e6f849a64d9f5dc2c08c6d3ee17ff91fde0c6b32066b4629486646e231,2018-08,Hertfordshire Constabulary,Hertfordshire Constabulary,-0.464506,51.766053,On or near BATHURST ROAD,E01023405,Dacorum 008E,Court case unable to proceed
8ca356fc42b5a9914d61db82aa5c61193e0be2ddb0ed48332abc8df945125b99,2018-08,Hertfordshire Constabulary,Hertfordshire Constabulary,-0.395831,51.656747,On or near Parking Area,E01023859,Watford 009A,Defendant found not guilty
d20b2eef9effbf962ebfc9ddab0024edb6cd5fff61c08673333c49c6dd460eec,2018-08,Hertfordshire Constabulary,Hertfordshire Constabulary,-0.204587,51.801198,On or near Shopping Area,E01023918,Welwyn Hatfield 006C,Offender sent to prison
a4f0d54e4709114355dfb257ff29b988e9df9a89d0887e5ee42caf9dce96eaa6,2018-08,Hertfordshire Constabulary,Hertfordshire Constabulary,-0.230362,51.762977,On or near Further/Higher Educational Building,E01023920,Welwyn Hatfield 012A,Offender fined
6a5dad35cc6fc43933beeb7d19ad6b59a08701c14d0c83fb598a48475c813eef,2018-08,Hertfordshire Constabulary,Hertfordshire Constabulary,-0.377970,51.697020,On or near LEMONFIELD DRIVE,E01023834,Three Rivers 002E,Court case unable to proceed
65badd85256338975cb4362b1860deb69b49d5ad4717f46021d4f555e3e4f73a,2018-08,Hertfordshire Constabulary,Hertfordshire Constabulary,-0.048327,51.709370,On or near CHURCH LANE,E01023310,Broxbourne 006D,Offender sent to prison
01183eb1e7d302ab62b2dd2fea4f08f4372803cbf2133493feebf620b9984f92,2018-08,Hertfordshire Constabulary,Hertfordshire Constabulary,-0.025317,51.814861,On or near TRINITY ROAD,E01023519,East Hertfordshire 012E,Defendant found not guilty
f5649b9e3cb6067b0bdd14914fdbd4f2d1c10f6ababea79b98a69cb5f1f42f47,2018-08,Hertfordshire Constabulary,Hertfordshire Constabulary,-0.237817,51.765040,On or near GOLDSMITH WAY,E01033308,Welwyn Hatfield 010E,Offender sent to prison
1cdc10bb0fa1a81cc44e6d96c321df6582d2f2f8242213e270fafc80f7b5b69a,2018-08,Hertfordshire Constabulary,Hertfordshire Constabulary,-0.012558,51.756286,On or near YEWLANDS DRIVE,E01023321,Broxbourne 003B,Offender fined
37eb6cbef52f2b81ed5b6c8dde01eaf268c72b6e81b590bea58e33d7b3a48ce6,2018-08,Hertfordshire Constabulary,Hertfordshire Constabulary,0.146975,51.817065,On or near CROFTERS,E01023499,East Hertfordshire 011A,Offender given community sentence
b70c002c8e9e3f9f74fdece092f5d01f190343765aa8d7038c3f07c5821dfa2e,2018-08,Hertfordshire Constabulary,Hertfordshire Constabulary,-0.215411,51.791526,On or near STANBOROUGH GREEN,E01023916,Welwyn Hatfield 006A,Offender sent to prison
79f8b1ba767fb8b6c1b9ac41c065b532eb406e598e97ba24a8afe99752cfddde,2018-08,Hertfordshire Constabulary,Hertfordshire Constabulary,-0.465312,51.774345,On or near HELSTON GROVE,E01023397,Dacorum 007E,Offender fined
1b4a4106b1e86a9d0247cf8826e9bc2d8cabcf59f76fc78f81f8417bde5747b6,2018-08,Hertfordshire Constabulary,Hertfordshire Constabulary,-0.377970,51.697020,On or near LEMONFIELD DRIVE,E01023834,Three Rivers 002E,Offender given suspended prison sentence
72f67daf9e2f7edba342b4287918c218bc4191acc62679f05b05cf326c496778,2018-08,Hertfordshire Constabulary,Hertfordshire Constabulary,0.166122,51.867153,On or near LONDON ROAD,E01023441,East Hertfordshire 005D,Defendant found not guilty
26e45ad89db031f9256d30faf6f5c59e72966eabfa55fca6f20250e960c471de,2018-08,Hertfordshire Constabulary,Hertfordshire Constabulary,-0.661663,51.793595,On or near HIGH STREET,E01023420,Dacorum 003C,Offender fined
6604e0b071a779651c5db0f600157add7a4860d1b0c1a0d490d7fc50969fefde,2018-08,Hertfordshire Constabulary,Hertfordshire Constabulary,-0.310570,51.751344,On or near SUTTON ROAD,E01023674,St Albans 011B,Offender sent to prison
6b82f0a9b5ab0b0643bf38d9c900a6ed93d4a34ff95ea8dfa201422a1806eb7a,2018-08,Hertfordshire Constabulary,Hertfordshire Constabulary,-0.538133,51.723175,On or near HOWARD AGNE CLOSE,E01023373,Dacorum 021A,Offender sent to prison
832035b5d262b7615e2c657c5984422e69e04a05eab21302abe383fc57594c8f,2018-08,Hertfordshire Constabulary,Hertfordshire Constabulary,-0.241405,51.985998,On or near FURLAY CLOSE,E01023652,North Hertfordshire 007D,Offender fined
041ca38c5000ff643b4e758e7e84a8196b87befc1ff5c9b4848992e9188be1d2,2018-08,Hertfordshire Constabulary,Hertfordshire Constabulary,-0.437766,51.780807,On or near VALLEY GREEN,E01023435,Dacorum 005B,Defendant found not guilty
dd6945e0e3bc18b9a8e9134ea680b9b2bebb02965f710b3a1ee885c16a770fe2,2018-08,Hertfordshire Constabulary,Hertfordshire Constabulary,-0.279476,51.654929,On or near GLENHAVEN AVENUE,E01023532,Hertsmere 007D,Offender fined
78e26b2977aa47693fca3a80940dc42985a0d8086657be791f592913fb36184e,2018-08,Hertfordshire Constabulary,Hertfordshire Constabulary,-0.298947,51.728309,On or near ALEXANDER ROAD,E01023705,St Albans 018B,Offender sent to prison
64797f2e3f2506ea4cc19354957d608938517af16e01e79164f256cd3ab47618,2018-08,Hertfordshire Constabulary,Hertfordshire Constabulary,-0.301428,51.740539,On or near CHURCH CROFT,E01023678,St Albans 015B,Offender given suspended prison sentence
a910450d7d9653588d749220ded39aaee4019e85dcb49a15c04df84427798eeb,2018-08,Hertfordshire Constabulary,Hertfordshire Constabulary,-0.037445,51.718001,On or near Supermarket,E01023305,Broxbourne 008D,Offender sent to prison
3f3cdff90832699c4c97fe0c45c7303c69f5695d226977dac432a2da4393de0d,2018-08,Hertfordshire Constabulary,Hertfordshire Constabulary,-0.352624,51.651014,On or near GULLAND CLOSE,E01023560,Hertsmere 012C,Offender sent to prison
00e3638c783a352ffacd6600486aa79cb1f52efc9605de7ca77ec7ccd36f7626,2018-08,Hertfordshire Constabulary,Hertfordshire Constabulary,-0.205708,51.914235,On or near Sports/Recreation Area,E01023777,Stevenage 002B,Offender sent to prison
e99896cedfc8a819ebdd3d0c4d0ef60c1bb4daf650803afeb8cad727bd45387c,2018-08,Hertfordshire Constabulary,Hertfordshire Constabulary,-0.219417,51.767497,On or near GROUND LANE,E01023930,Welwyn Hatfield 010B,Defendant found not guilty
bd8a1ced0c9c36338eb08e7ac2158962d9e3af9057beb0271b24617d347ce545,2018-08,Hertfordshire Constabulary,Hertfordshire Constabulary,-0.202790,51.901746,On or near Bus/Coach Station,E01023758,Stevenage 008D,Offender otherwise dealt with
42ac15e03cb67556229292ada6cbc0da43ad46e187b12fa8b5f49b4806f6100d,2018-08,Hertfordshire Constabulary,Hertfordshire Constabulary,-0.018798,51.767011,On or near WOOLLENS GROVE,E01023322,Broxbourne 003C,Offender sent to prison
370c21de767ab6d643f74cf8115df7f6e3e55ad4a2777b4375b56aec9c1474dd,2018-08,Hertfordshire Constabulary,Hertfordshire Constabulary,-0.236781,51.757400,On or near Parking Area,E01023923,Welwyn Hatfield 012D,Offender fined
38daecd054c7185fba77d8d723fa662d019886eef51a01c0690861353e658c54,2018-08,Hertfordshire Constabulary,Hertfordshire Constabulary,-0.312394,51.743619,On or near Supermarket,E01023683,St Albans 016C,Offender fined
f8f4592f1233189da8f54dc9633197dfc521603234650e1ad3cd43173e75c37f,2018-08,Hertfordshire Constabulary,Hertfordshire Constabulary,-0.228835,51.763107,On or near Supermarket,E01023920,Welwyn Hatfield 012A,Offender sent to prison
8dcb44971cf95bc4639cd5652438b23505eace6b9adca03711fdbda546756a77,2018-08,Hertfordshire Constabulary,Hertfordshire Constabulary,-0.079036,51.795887,On or near MILLERS YARD,E01023478,East Hertfordshire 017D,Defendant found not guilty
6f72e9104bbc83a306411ef177e9526b8780a1ae31fe0446066bf2964b63187d,2018-08,Hertfordshire Constabulary,Hertfordshire Constabulary,-0.271229,51.657380,On or near Petrol Station,E01023539,Hertsmere 011A,Offender given suspended prison sentence
4842cf9fa7053e6692e6e38a51c7edcdc9b5dc9bb020f096fa812369a1a2fbb2,2018-08,Hertfordshire Constabulary,Hertfordshire Constabulary,-0.249492,51.768551,On or near RICHARDS STREET,E01033314,Welwyn Hatfield 010G,Offender given community sentence
8f3eab7a966a9ac39cd0210b6db8eaf156bca5592cbc125093967133fe4a1e2c,2018-08,Hertfordshire Constabulary,Hertfordshire Constabulary,-0.198592,51.892951,On or near Shopping Area,E01023786,Stevenage 011D,Offender sent to prison
65de88f5aff98d31038e1f5f47a2d95d044c0e69be71fb970bc2004c0fe78ce3,2018-08,Hertfordshire Constabulary,Hertfordshire Constabulary,-0.427348,51.755644,On or near Petrol Station,E01023409,Dacorum 017A,Offender given conditional discharge
f6b35938ccac8f8c7f5d0b8373c38a3f5f091ef7a790875307d6a032132d6f10,2018-08,Hertfordshire Constabulary,Hertfordshire Constabulary,-0.169757,51.916226,On or near CHEPSTOW CLOSE,E01023771,Stevenage 003A,Offender fined
1c50d20bdf486a98be36245e9b67c0294a7c44fde4a00607ac732f5ed5f76848,2018-08,Hertfordshire Constabulary,Hertfordshire Constabulary,-0.224473,51.746487,On or near MILLWARDS,E01023933,Welwyn Hatfield 014A,Offender fined
c04bda04449d4850ae4e91142fc57204db61f39fe4ec9985f9e909744c35dc26,2018-08,Hertfordshire Constabulary,Hertfordshire Constabulary,-0.201368,51.898028,On or near Supermarket,E01023786,Stevenage 011D,Offender otherwise dealt with
f1908823e163268f7fe03f61b2fac0fcc8dbe168e3cd1786f43d52df0c2b5256,2018-08,Hertfordshire Constabulary,Hertfordshire Constabulary,-0.037445,51.718001,On or near Supermarket,E01023305,Broxbourne 008D,Offender ordered to pay compensation
0d8d22e34325d4ce057b0727207b1e8abbdede6fc79902e883ab843fe23789b7,2018-08,Hertfordshire Constabulary,Hertfordshire Constabulary,-0.004321,51.787340,On or near NEW RIVER AVENUE,E01023469,East Hertfordshire 018B,Court case unable to proceed
abee4462a4977bbebe540482785aaf408595f4f6d8496581bcc93ea51ae0573e,2018-08,Hertfordshire Constabulary,Hertfordshire Constabulary,-0.332663,51.755688,On or near HALL PLACE GARDENS,E01023676,St Albans 011D,Offender fined
84633b58378a8927998582636995b4a0c7fcddce0c511d62cc385b9e3ca80a62,2018-08,Hertfordshire Constabulary,Hertfordshire Constabulary,-0.390431,51.652465,On or near NEW ROAD,E01023860,Watford 009B,Offender ordered to pay compensation
68a9be2178b545a4c36e77ef84f27c7643e5bdcacf5ecdeb0b88843c6a0060fd,2018-08,Hertfordshire Constabulary,Hertfordshire Constabulary,-0.211912,51.924230,On or near Hospital,E01023800,Stevenage 002E,Court case unable to proceed
85bdf15b6fc04302c3b9c7e72adab7dce65ba843d07ac786e30f1eb6810c605e,2018-08,Hertfordshire Constabulary,Hertfordshire Constabulary,-0.208946,51.912162,On or near BELL LANE,E01023775,Stevenage 006A,Offender given suspended prison sentence
8ff34c5fe65655b2f8529cc9b14733be596267985d5bd044958e4f5703a7b3f8,2018-08,Hertfordshire Constabulary,Hertfordshire Constabulary,-0.335666,51.749679,On or near KEYFIELD TERRACE,E01023726,St Albans 012A,Offender sent to prison
bb523d709237755fba9d55a6a50209da96143d251d9f6d5387cc99cb4d38e39f,2018-08,Hertfordshire Constabulary,Hertfordshire Constabulary,-0.205363,51.904294,On or near Petrol Station,E01023758,Stevenage 008D,Offender otherwise dealt with
be4d3eecfad21e60ccf29dfc8c482c038657090b52d31aa785af54c45a1a9b2d,2018-08,Hertfordshire Constabulary,Hertfordshire Constabulary,-0.208473,51.911247,On or near Supermarket,E01023775,Stevenage 006A,Offender sent to prison
bff30ac1d6cf8d6c40eb88b82097bb5866c9c928fefbd6494577160d448a3781,2018-08,Hertfordshire Constabulary,Hertfordshire Constabulary,0.006612,51.757614,On or near CHARLTON MEAD LANE,E01023330,Broxbourne 002D,Offender fined
d68ca020d9afdb61b32d8e61a607e348d1706b52a52b4c467682a8845660bc82,2018-08,Hertfordshire Constabulary,Hertfordshire Constabulary,0.158757,51.873817,On or near NORTH TERRACE,E01023450,East Hertfordshire 004B,Offender fined
be4d3eecfad21e60ccf29dfc8c482c038657090b52d31aa785af54c45a1a9b2d,2018-08,Hertfordshire Constabulary,Hertfordshire Constabulary,-0.208473,51.911247,On or near Supermarket,E01023775,Stevenage 006A,Offender ordered to pay compensation
cf86b8da60289e41d56a019ce2e66379e662c7da4d8e4e446674168659751418,2018-08,Hertfordshire Constabulary,Hertfordshire Constabulary,-0.215411,51.791526,On or near STANBOROUGH GREEN,E01023916,Welwyn Hatfield 006A,Offender sent to prison
17d9fd07a741f3fe67b673549dad7ca1a2c16f7c75d0d1cce2474d48cc79830d,2018-08,Hertfordshire Constabulary,Hertfordshire Constabulary,-0.337492,51.721632,On or near SYCAMORE DRIVE,E01023720,St Albans 019C,Offender fined
b2f1de8e635ca5b4149a8edd66e88b31676449d3aed0243434e09f3f598f019f,2018-08,Hertfordshire Constabulary,Hertfordshire Constabulary,-0.179316,51.918236,On or near Supermarket,E01023774,Stevenage 003D,Offender fined
023cdfa57e50d1941c38c80dd390fafb27cf462afa5ce6bcd2dfc7929cdf4a41,2018-08,Hertfordshire Constabulary,Hertfordshire Constabulary,-0.208263,51.801029,On or near Supermarket,E01023918,Welwyn Hatfield 006C,Offender sent to prison
07392f1a730fb3fe573f0b12b53e57406dadccf75d676e7f03c284ab47a433aa,2018-08,Hertfordshire Constabulary,Hertfordshire Constabulary,-0.289922,51.698882,On or near BOSWELL CLOSE,E01023582,Hertsmere 004B,Offender given suspended prison sentence
2150ea1f6e0bc1b86ce19ce2c6c60d565a03ecdd1bc6ff6a212b76cd2582ca3e,2018-08,Hertfordshire Constabulary,Hertfordshire Constabulary,-0.472495,51.744037,On or near CORNER HALL,E01033023,Dacorum 018H,Offender given community sentence
e25e32c5107364abd75ec34e75d6bc0da3b009b3b23bf9e76376b62cdc48fe74,2018-08,Hertfordshire Constabulary,Hertfordshire Constabulary,-0.278825,51.947437,On or near Parking Area,E01023616,North Hertfordshire 012F,Offender sent to prison
7b4ce060a3356c7248c12b95b226186032840660d4b11cafb92b74dabd0c7bd0,2018-08,Hertfordshire Constabulary,Hertfordshire Constabulary,-0.486766,51.765164,On or near COOKS VENNEL,E01023390,Dacorum 010A,Offender fined
b2746e7d32e567b45996396056db7c2c1e8392b12ce7e92cca9fe985f5d146ee,2018-08,Hertfordshire Constabulary,Hertfordshire Constabulary,-0.311663,51.753122,On or near WOODSTOCK ROAD SOUTH,E01023674,St Albans 011B,Offender given suspended prison sentence
5e7be8cab654bd1c23ff118fe14300cf60c1ea66b51a6623ab1850d85d4f058a,2018-08,Hertfordshire Constabulary,Hertfordshire Constabulary,-0.174061,51.687571,On or near HILL CREST,E01023575,Hertsmere 003E,Offender fined
6819cdfac7236126a24d013368978370ced047c32799dc5fbf19a498e6ad0a14,2018-08,Hertfordshire Constabulary,Hertfordshire Constabulary,-0.489481,51.634223,On or near Petrol Station,E01023836,Three Rivers 009B,Offender given conditional discharge
5bbfc98453aa5025966f11dbd1e8b7b49069fd4607c829e6f0de3f86992b1a25,2018-08,Hertfordshire Constabulary,Hertfordshire Constabulary,-0.219811,51.970855,On or near LAWRENCE AVENUE,E01023647,North Hertfordshire 008D,Offender given community sentence
5e48448b31a8d300dfc38abe16128faa1f14c6ac8a5e293cd216dd5e232a0fdd,2018-08,Hertfordshire Constabulary,Hertfordshire Constabulary,-0.179316,51.918236,On or near Supermarket,E01023774,Stevenage 003D,Offender given suspended prison sentence
dc6c7fb587eba08527bd3602546d802ff261feb900b9ea9525e848b5a6735ac5,2018-08,Hertfordshire Constabulary,Hertfordshire Constabulary,-0.407269,51.654205,On or near BURTON AVENUE,E01023899,Watford 010A,Offender given community sentence
ac2c5aeb504489b191f0dd1ccdff29b27d10ff78d170d5e09dc7525eab6d9968,2018-08,Hertfordshire Constabulary,Hertfordshire Constabulary,-0.340630,51.824885,On or near Parking Area,E01023688,St Albans 002D,Offender given community sentence
00466dd7326348f574973999a12c37f8a1594df710d3b1def03dd0d707252275,2018-08,Hertfordshire Constabulary,Hertfordshire Constabulary,-0.179316,51.918236,On or near Supermarket,E01023774,Stevenage 003D,Offender given suspended prison sentence
8810aaafc1223d4af6a1cb333b0432017f14d04027873735a5014e74207b3117,2018-08,Hertfordshire Constabulary,Hertfordshire Constabulary,,,No location,,,Offender fined
c9eeb67f7246b66724f109bd029b98a6307d66bb1549ea9f11fc107d1b2f28f8,2018-08,Hertfordshire Constabulary,Hertfordshire Constabulary,-0.277643,51.665918,On or near RANSKILL ROAD,E01023538,Hertsmere 006E,Court case unable to proceed
ddd797a5c66bbd882ea211bec15dd759644f5de3cc5ca05b3cc786fbd8a1ad9c,2018-08,Hertfordshire Constabulary,Hertfordshire Constabulary,-0.392859,51.654117,On or near Shopping Area,E01023860,Watford 009B,Offender sent to prison
4afc6eea5c32796303a07f3dec02af0322930833cbd3098f158e9ac69aba8d90,2018-08,Hertfordshire Constabulary,Hertfordshire Constabulary,-0.383143,51.628149,On or near Supermarket,E01023809,Three Rivers 010B,Offender sent to prison
95abbd9eab2c85082f58ceac08dc2b6f93b50e81e595a759bb04edb653d567d5,2018-08,Hertfordshire Constabulary,Hertfordshire Constabulary,-0.234696,51.774822,On or near ASTWICK AVENUE,E01033310,Welwyn Hatfield 002E,Offender sent to prison
0e674f4412938d825fe00ba6161b9e789ed87c0c3b0d347592786f39471a663c,2018-08,Hertfordshire Constabulary,Hertfordshire Constabulary,-0.387511,51.682188,On or near CEZANNE ROAD,E01023875,Watford 003C,Offender fined
1f843ba3e552c7a66b8451c6fb4ad1a24b5333f17e2617e528c099bb631f4fae,2018-08,Hertfordshire Constabulary,Hertfordshire Constabulary,-0.171244,51.928640,On or near KNOTT CLOSE,E01033027,North Hertfordshire 005K,Offender sent to prison
4371ab8daeb69c402d057c822a091a4c120798283fee1adbb8346e9fdc007f0b,2018-08,Hertfordshire Constabulary,Hertfordshire Constabulary,-0.205107,51.902680,On or near SWINGATE,E01023758,Stevenage 008D,Court case unable to proceed
3fcae00ae27792e2d346e386d96cbc47c3a3095888829ec52c7b32c5d5aa3cc1,2018-08,Hertfordshire Constabulary,Hertfordshire Constabulary,-0.198592,51.892951,On or near Shopping Area,E01023786,Stevenage 011D,Offender sent to prison
a4c24f344e7c78623cf19a1fb43df5c97df20926e3577d4c9c00447ad3e54998,2018-08,Hertfordshire Constabulary,Hertfordshire Constabulary,-0.339165,51.753028,On or near WADDINGTON ROAD,E01023727,St Albans 012B,Defendant found not guilty
f1e74a4b8f4674cd1be3977a41fe9d0fe2fdec4113d61eeeaf5f0a7251351a49,2018-08,Hertfordshire Constabulary,Hertfordshire Constabulary,-0.203002,51.904797,On or near Shopping Area,E01023758,Stevenage 008D,Offender given community sentence
0c5b0437810b60b25fe4eb0ed924b8cc7780dcb9c9f7748bc0767809d78ca380,2018-08,Hertfordshire Constabulary,Hertfordshire Constabulary,-0.197149,51.804034,On or near BESSEMER ROAD,E01023954,Welwyn Hatfield 007A,Offender sent to prison
220d8c83f0a38786cb4716a53e675b580a08dfa21f8065907234291d9d70eb57,2018-08,Hertfordshire Constabulary,Hertfordshire Constabulary,-0.339291,51.751564,On or near CHEQUER STREET,E01023727,St Albans 012B,Court case unable to proceed
8037c676d925b589bd65e1fe5465054e6cb46511b6fb42df47db702e8291f17f,2018-08,Hertfordshire Constabulary,Hertfordshire Constabulary,-0.305338,51.764577,On or near HUGHENDEN ROAD,E01023712,St Albans 008D,Offender sent to prison
880ceb7241aea12c77ca58730eab122b874123744e16b5acce943976c8422f9a,2018-08,Hertfordshire Constabulary,Hertfordshire Constabulary,-0.470828,51.753952,On or near Supermarket,E01023398,Dacorum 015D,Offender fined
e257ec07ef0975cabaece34b8bd38f441d3393bea2ffb84a6cc62035764c0b7b,2018-08,Hertfordshire Constabulary,Hertfordshire Constabulary,-0.079036,51.795887,On or near MILLERS YARD,E01023478,East Hertfordshire 017D,Offender fined
26a2925b0311e83ca4c89240c312889ae2d87782e74c375c12982a9c4494b8d5,2018-08,Hertfordshire Constabulary,Hertfordshire Constabulary,-0.205708,51.914235,On or near Sports/Recreation Area,E01023777,Stevenage 002B,Offender sent to prison
bbe86b7abb7c4f807b61f592bb4c98f42440bc5e610b8c8c8cd7ead77901bcec,2018-08,Hertfordshire Constabulary,Hertfordshire Constabulary,-0.033990,51.701856,On or near Supermarket,E01023301,Broxbourne 010E,Offender fined
f7a0df07edc4b5675edb64ec195363139739ab60756e8a201fb1278ef8db510f,2018-08,Hertfordshire Constabulary,Hertfordshire Constabulary,-0.469017,51.739370,On or near DURRANTS HILL ROAD,E01033023,Dacorum 018H,Offender fined
9de395b76a327f680cb0dbfbd35928266144a9ef0658b610db081c93702c634d,2018-08,Hertfordshire Constabulary,Hertfordshire Constabulary,-0.338796,51.720427,On or near BRANCH ROAD,E01023720,St Albans 019C,Offender ordered to pay compensation
37b2c2f836ee772ca269e4f3ecac5631782911244ae62604fda032134d3b285f,2018-08,Hertfordshire Constabulary,Hertfordshire Constabulary,-0.208473,51.911247,On or near Supermarket,E01023775,Stevenage 006A,Offender given community sentence
2fe3ea2e3e2e165dfd38c17b6730796303cd225c2bfc28e2467190732e724bd4,2018-08,Hertfordshire Constabulary,Hertfordshire Constabulary,-0.397080,51.657007,On or near Theatre/Concert Hall,E01023861,Watford 009C,Offender sent to prison
da0b2cc175ddc6fb3e37363315c3219ce81c95d961c7a45b899d6e42b5040046,2018-08,Hertfordshire Constabulary,Hertfordshire Constabulary,-0.337328,51.753722,On or near ST PETER'S STREET,E01023727,St Albans 012B,Defendant found not guilty
c2d375ef56391db73bc54913838424d994678aa5182c39e6f6f370c56334e1b3,2018-08,Hertfordshire Constabulary,Hertfordshire Constabulary,-0.171244,51.928640,On or near KNOTT CLOSE,E01033027,North Hertfordshire 005K,Defendant found not guilty
7bc18a6eafb76d882858ca0daad73e76b7f2040e40324f838d1a7d78408ece24,2018-08,Hertfordshire Constabulary,Hertfordshire Constabulary,-0.471974,51.757770,On or near QUEENSWAY,E01023400,Dacorum 015E,Offender sent to prison
91c61519b98e242ee7d3ea1d1d6cd4e44b64e21aa2872ca5b295adaea4af3f31,2018-08,Hertfordshire Constabulary,Hertfordshire Constabulary,-0.171069,51.888228,On or near TAYWOOD CLOSE,E01023791,Stevenage 010A,Defendant found not guilty
b155515ecc72885bd3ffe2cef89ab97855bde8ef31d188e4093b5ffc0858cafa,2018-08,Hertfordshire Constabulary,Hertfordshire Constabulary,0.163814,51.864758,On or near Nightclub,E01023446,East Hertfordshire 007D,Offender sent to prison
16cd73afc734bcfc6b2d060dd007d39cce02de9ac106c623e0497ddc466e57b0,2018-08,Hertfordshire Constabulary,Hertfordshire Constabulary,-0.015565,51.766696,On or near GOODWOOD CLOSE,E01023319,Broxbourne 001D,Offender fined
bce7713b01db2672f8527106ef89922b5cd1bf799099d7a9ba64351666aba389,2018-08,Hertfordshire Constabulary,Hertfordshire Constabulary,-0.045669,51.799851,On or near TEE SIDE,E01023484,East Hertfordshire 016C,Defendant found not guilty
2a9b4e968d5d60fe0bea10396b8dc177803cc7ab7eb98f9d4d9fa5f11e222b9d,2018-08,Hertfordshire Constabulary,Hertfordshire Constabulary,0.175179,51.885375,On or near Petrol Station,E01023450,East Hertfordshire 004B,Court case unable to proceed
1434cef0c63ea6cc264cdc9151a371d9759fd41082ba38f3bae7f5d1f35af2dc,2018-08,Hertfordshire Constabulary,Hertfordshire Constabulary,-0.203002,51.904797,On or near Shopping Area,E01023758,Stevenage 008D,Offender otherwise dealt with
41e09a3eddf7ecf9e7b8d127fccf886fc80f989fdeaf6e279a88c847f741a535,2018-08,Hertfordshire Constabulary,Hertfordshire Constabulary,-0.427348,51.755644,On or near Petrol Station,E01023409,Dacorum 017A,Court case unable to proceed
80d45db2401f4d4489a5d6366adc3e539839809d0e22b43e1576486298bf5b75,2018-08,Hertfordshire Constabulary,Hertfordshire Constabulary,-0.228835,51.763107,On or near Supermarket,E01023920,Welwyn Hatfield 012A,Offender ordered to pay compensation
4a4e6bcddbba0f318b4f04e1263c6b2670a159b76102c68946c212eea6bb1ccd,2018-08,Hertfordshire Constabulary,Hertfordshire Constabulary,-0.278825,51.947437,On or near Parking Area,E01023616,North Hertfordshire 012F,Offender sent to prison
3915ce5ab06c54a4e491ca7d23daf068f73444873d9f8fe268805c3dece9182c,2018-08,Hertfordshire Constabulary,Hertfordshire Constabulary,0.160804,51.869238,On or near Shopping Area,E01023450,East Hertfordshire 004B,Defendant found not guilty
efef1e1cebad24e93ca001f018c04aaef54f6f384ed78b627c731495e8108fb0,2018-08,Hertfordshire Constabulary,Hertfordshire Constabulary,-0.181495,51.882293,On or near BROADWATER CRESCENT,E01023783,Stevenage 011A,Defendant found not guilty
ff587a3024d27e610117dc6b7a1ae8553f8d22b39109365e8359a602c6587638,2018-08,Hertfordshire Constabulary,Hertfordshire Constabulary,-0.204790,51.806677,On or near WALDEN ROAD,E01023959,Welwyn Hatfield 003A,Offender sent to prison
7cca66d348c819f8d7a51aa8deabf23205f8ddb729bade7a80caf1aad808ced7,2018-08,Hertfordshire Constabulary,Hertfordshire Constabulary,0.176572,51.863660,On or near THE HEDGEROWS,E01023442,East Hertfordshire 005E,Offender fined
7079b8a7caf07484c772eec0c2f47f146f9b20ea987888fa8a17f6e863a7bc4a,2018-08,Hertfordshire Constabulary,Hertfordshire Constabulary,-0.202712,51.900414,On or near DANESTRETE,E01023758,Stevenage 008D,Offender ordered to pay compensation
f5074d0d0e131f05364612d7e03bb7509d9af1d622710c1130ad806d1f1b02c8,2018-08,Hertfordshire Constabulary,Hertfordshire Constabulary,-0.198458,51.792670,On or near FURZEFIELD ROAD,E01023956,Welwyn Hatfield 007C,Offender fined
c1ee53bee8646fb704e3a3fb849ac8d1a8c04529957866fe3c0709eecfbc6def,2018-08,Hertfordshire Constabulary,Hertfordshire Constabulary,-0.279664,51.656829,On or near Shopping Area,E01023532,Hertsmere 007D,Offender given suspended prison sentence
891aa4c16c6fe2f6390fa648368963e41472c43d3dd2bc29c322e5121fe11bd4,2018-08,Hertfordshire Constabulary,Hertfordshire Constabulary,-0.275182,51.661403,On or near CANTERBURY ROAD,E01023530,Hertsmere 007B,Offender given conditional discharge
32d406e84c43f8edb6c57a38566c120cfc0f38cef98716ba7e0e795b1651c7ae,2018-08,Hertfordshire Constabulary,Hertfordshire Constabulary,-0.200649,51.900023,On or near SOUTHGATE,E01023758,Stevenage 008D,Offender otherwise dealt with
30e5e743fa141e4b9c2de12cbbea248268ffa36a2daca1005a9283420e150e9b,2018-08,Hertfordshire Constabulary,Hertfordshire Constabulary,-0.202790,51.901746,On or near Bus/Coach Station,E01023758,Stevenage 008D,Offender otherwise dealt with
fdca5c5ef235877a0698da693fc63c2fc82a5291836128b273e65b6b7bf8d51b,2018-08,Hertfordshire Constabulary,Hertfordshire Constabulary,-0.342142,51.742154,On or near Shopping Area,E01023737,St Albans 017A,Offender sent to prison
847e5c0c7b6b27e18a481b81e3331a9bf31ffbf571531144f4682916604dcc9c,2018-08,Hertfordshire Constabulary,Hertfordshire Constabulary,-0.202379,51.902935,On or near Shopping Area,E01023758,Stevenage 008D,Offender fined
f0263ff4b8d624ffc548bb6295220428ad8192faa29d491ea23a244ba4b2f24d,2018-08,Hertfordshire Constabulary,Hertfordshire Constabulary,-0.205363,51.904294,On or near Petrol Station,E01023758,Stevenage 008D,Offender sent to prison
704dfcc0f87faec4d3b36f81bf6bfbd9732ed31b1179b21c6e925e23b893727a,2018-08,Hertfordshire Constabulary,Hertfordshire Constabulary,-0.343270,51.743779,On or near GRIFFITHS WAY,E01023740,St Albans 017D,Offender given community sentence
f9282988f33cea7828691f48f3beee9192a5f0185f6becaab3aeda0796498325,2018-08,Hertfordshire Constabulary,Hertfordshire Constabulary,-0.178460,51.920336,On or near Petrol Station,E01023774,Stevenage 003D,Offender given suspended prison sentence
66be58d40db41e3c0d2cff20a3354f0a29a8fba1fa4e57b05a83e3bf5153465b,2018-08,Hertfordshire Constabulary,Hertfordshire Constabulary,-0.237817,51.765040,On or near GOLDSMITH WAY,E01033308,Welwyn Hatfield 010E,Court case unable to proceed
0dd94b54d67f9e722ada3f8ddd562e83487179b6523b546bdeb7e964b6f1c44b,2018-08,Hertfordshire Constabulary,Hertfordshire Constabulary,-0.204587,51.801198,On or near Shopping Area,E01023918,Welwyn Hatfield 006C,Offender given conditional discharge
9edca8245c0fcc77c0b4f01235c7b3ccb307c81c668cab427f800c0f4f134b94,2018-08,Hertfordshire Constabulary,Hertfordshire Constabulary,-0.395008,51.653445,On or near KING STREET,E01023862,Watford 009D,Offender fined
73974a66d93243043cad69a20bf9ee12cbaa93d88cf43b0ce169321df3441758,2018-08,Hertfordshire Constabulary,Hertfordshire Constabulary,-0.237817,51.765040,On or near GOLDSMITH WAY,E01033308,Welwyn Hatfield 010E,Offender sent to prison
504b1612278dc04d9d3c1ac21e15a0b2e898145d30e6b093734a60386eaad58a,2018-08,Hertfordshire Constabulary,Hertfordshire Constabulary,-0.002800,51.765958,On or near GLADSTONE ROAD,E01023331,Broxbourne 002E,Offender given community sentence
6c88a8fc9b18834a7d65360eeca92d820a8464c1eacfb7cbd6866fc0fbf9054d,2018-08,Hertfordshire Constabulary,Hertfordshire Constabulary,-0.083799,51.796423,On or near NEAL COURT,E01023470,East Hertfordshire 014A,Offender given community sentence
93b41812bb462eecd4ebea2bc9fa5f0401062fd4e4ef8ebe3c4eae5b5e847d7a,2018-08,Hertfordshire Constabulary,Hertfordshire Constabulary,-0.395008,51.653445,On or near KING STREET,E01023862,Watford 009D,Offender fined
e42a22d7247b9bc3c8442998d886b6b7175e6c227fbfccbfae3e9c40dde3b183,2018-08,Hertfordshire Constabulary,Hertfordshire Constabulary,-0.404472,51.649051,On or near Hospital,E01023902,Watford 010D,Offender fined
ac325c769e016ee18d24ad92942b3d98301fb0fab01fc4ed4b31322ac8a69afc,2018-08,Hertfordshire Constabulary,Hertfordshire Constabulary,-0.203522,51.905624,On or near Parking Area,E01023775,Stevenage 006A,Offender given community sentence
f948a974fe5b7680398fec033aada592ceab1622f9e2bb131d3ca43aa894b5bb,2018-08,Hertfordshire Constabulary,Hertfordshire Constabulary,-0.169757,51.916226,On or near CHEPSTOW CLOSE,E01023771,Stevenage 003A,Offender fined
57673a6cbee1d92db3874e513c6e3a516e0ecf0c4196d79dd9ce1953a75e90c2,2018-08,Hertfordshire Constabulary,Hertfordshire Constabulary,-0.147627,51.704278,On or near CHURCH LANE,E01023947,Welwyn Hatfield 016A,Offender fined
d380fe4b5d982baac6ecc761c046acf0347d1f85a8fb86db563a6d5cd3d694e9,2018-08,Hertfordshire Constabulary,Hertfordshire Constabulary,-0.034710,51.712632,On or near DAVISON CLOSE,E01023302,Broxbourne 008A,Offender sent to prison
31c1602b1396f0ace827e321ec45af16c15541672f2262a2968867dd5caf17b4,2018-08,Hertfordshire Constabulary,Hertfordshire Constabulary,-0.223070,51.772633,On or near WARREN CLOSE,E01023929,Welwyn Hatfield 010A,Offender given community sentence
de0cbd7b02f863a519c85c183730326f4ae061a090c7ae3267520bd81160c3ec,2018-08,Hertfordshire Constabulary,Hertfordshire Constabulary,-0.400677,51.670643,On or near LEAVESDEN ROAD,E01023856,Watford 006B,Offender given community sentence
22ca8a7d7ff0746e822049cbd4878bf1af587f5c174d8cc44bf859507a04bd01,2018-08,Hertfordshire Constabulary,Hertfordshire Constabulary,-0.190973,51.981997,On or near WESTON WAY,E01023592,North Hertfordshire 004F,Defendant found not guilty
480fdbbd2724a356d4a12ccc3db291a40438ddfae20ffabe69a179535068154c,2018-08,Hertfordshire Constabulary,Hertfordshire Constabulary,-0.337328,51.753722,On or near ST PETER'S STREET,E01023727,St Albans 012B,Defendant found not guilty
e38bc8a5be230c9981418a6acc6c0b6c683200efaeef41568c42d61704c6b84c,2018-08,Hertfordshire Constabulary,Hertfordshire Constabulary,-0.394657,51.653970,On or near ST. MARYS VIEW,E01023862,Watford 009D,Defendant found not guilty
690fe92c439560f5e2436899ff2fc8ebc989fc9a60f06f52cca84dadfc349171,2018-08,Hertfordshire Constabulary,Hertfordshire Constabulary,-0.035269,51.712093,On or near DAVISON DRIVE,E01023303,Broxbourne 008B,Offender given suspended prison sentence
5fa595ff01ded7074086ca1535bef8c1fe7e6663c1c6edac546353e03de133b2,2018-08,Hertfordshire Constabulary,Hertfordshire Constabulary,-0.256622,51.649988,On or near MONKSWOOD GARDENS,E01023547,Hertsmere 009D,Court case unable to proceed
4e0d7a5783d84294ae3577fc918b9b6576fb0f7ba1b69978356ed7378775c69a,2018-08,Hertfordshire Constabulary,Hertfordshire Constabulary,0.045098,51.978232,On or near MOATSIDE,E01023462,East Hertfordshire 001A,Defendant found not guilty
e6c183bc717c1c965bcd9b5a284e2b4cc61066b420f2d68383272d691e1e7c41,2018-08,Hertfordshire Constabulary,Hertfordshire Constabulary,-0.581128,51.764461,On or near DOUGLAS GARDENS,E01023369,Dacorum 012A,Defendant found not guilty
a20f6d79decf178f53631641c3ec1717a5fc1b5da2eca922d541819f2a090b3d,2018-08,Hertfordshire Constabulary,Hertfordshire Constabulary,-0.470828,51.753952,On or near Supermarket,E01023398,Dacorum 015D,Offender given suspended prison sentence
03d17aeda4ac13f6f4c963cc6099b716a41edbb792ddc606710f37dabe64edad,2018-08,Hertfordshire Constabulary,Hertfordshire Constabulary,-0.228507,51.978126,On or near EASTCHEAP,E01023644,North Hertfordshire 008A,Offender fined
5bbb95d527c9c7f0f61ea30c40e1ac3c276705dd1f8f58836f141fbc635326ef,2018-08,Hertfordshire Constabulary,Hertfordshire Constabulary,-0.228835,51.763107,On or near Supermarket,E01023920,Welwyn Hatfield 012A,Offender ordered to pay compensation
42d09459d0787b1b50e1b3a730063e0986c74d0f47ee5fe668ac7954a3c89202,2018-08,Hertfordshire Constabulary,Hertfordshire Constabulary,-0.015565,51.766696,On or near GOODWOOD CLOSE,E01023319,Broxbourne 001D,Court case unable to proceed
4c37d5ac46beacf7ee6e31a609232bcfff0637fa034a46523a25e686b9fc26f4,2018-08,Hertfordshire Constabulary,Hertfordshire Constabulary,-0.026433,51.808585,On or near WICKHAMS WHARF,E01023511,East Hertfordshire 013B,Offender given community sentence
70c4f8de28e229b12d3f0ce89ec749df96e53c79e128b460768a7f3ce1b0cc33,2018-08,Hertfordshire Constabulary,Hertfordshire Constabulary,-0.035865,51.814525,On or near GLADSTONE ROAD,E01023517,East Hertfordshire 013E,Court case unable to proceed
d4d7388bd1a24fabf4820c851e19860a8a1a0b40948eab419b43bc4e79bc055e,2018-08,Hertfordshire Constabulary,Hertfordshire Constabulary,-0.204608,51.899535,On or near Police Station,E01023758,Stevenage 008D,Offender given conditional discharge
2c22696f2a83c4e21deebdb6bab88fd3ad7a210e5ea3bde7d8e3f50bd2bac45d,2018-08,Hertfordshire Constabulary,Hertfordshire Constabulary,-0.446653,51.737719,On or near MARKET OAK LANE,E01023415,Dacorum 020F,Court case unable to proceed
3aff6196c3d4014b0936f21d044d74cfbc6327bdf093c0eb8596320719073e19,2018-08,Hertfordshire Constabulary,Hertfordshire Constabulary,-0.033624,51.693271,On or near BURLEIGH ROAD,E01023333,Broxbourne 012B,Offender deprived of property
b2d3a68d5d9a1266547085971aa4e07f26e3e68bcc0dbdd2a09252a39693d9de,2018-08,Hertfordshire Constabulary,Hertfordshire Constabulary,-0.181601,51.693991,On or near Supermarket,E01023580,Hertsmere 001E,Court case unable to proceed
e8283021dbc1c646564b46be8e38694bcd13495d114c268972874f17e04df47b,2018-08,Hertfordshire Constabulary,Hertfordshire Constabulary,-0.015565,51.766696,On or near GOODWOOD CLOSE,E01023319,Broxbourne 001D,Court case unable to proceed
fc55931fff959d2b65f77a626ece7e1db738e6d32f0b12d034388627c7862bfd,2018-08,Hertfordshire Constabulary,Hertfordshire Constabulary,-0.205363,51.904294,On or near Petrol Station,E01023758,Stevenage 008D,Offender otherwise dealt with
236aec40671847fe8ec89afcb8bc744750f66705f267b56dce5da4d01aea6771,2018-08,Hertfordshire Constabulary,Hertfordshire Constabulary,-0.392278,51.654612,On or near Shopping Area,E01023860,Watford 009B,Offender sent to prison
f229a104a3aacc0378e28df9fc6d092034f60c3656dba2b571bb24ad9a43ee92,2018-08,Hertfordshire Constabulary,Hertfordshire Constabulary,-0.312394,51.743619,On or near Supermarket,E01023683,St Albans 016C,Offender sent to prison
4240aa9d0b43901a159aec710c30c3981ee9cc9e8ff5dc5035a7e50600e165bb,2018-08,Hertfordshire Constabulary,Hertfordshire Constabulary,-0.203048,51.904016,On or near Shopping Area,E01023758,Stevenage 008D,Offender sent to prison
9a5fbcaa32590dc2db20aa96577d2cbd7c682810b9fb3e62af8dd098a8227bfe,2018-08,Hertfordshire Constabulary,Hertfordshire Constabulary,-0.291935,51.763375,On or near NEWGATE CLOSE,E01023712,St Albans 008D,Offender ordered to pay compensation
11dd4bd5feebb38f7020eb5b7519a0173f17099b63216215cacbb9e307bb9076,2018-08,Hertfordshire Constabulary,Hertfordshire Constabulary,-0.312394,51.743619,On or near Supermarket,E01023683,St Albans 016C,Offender sent to prison
27a84375c9e706bac1f8166294c1e5010356889d37c853a21490088cc38ee655,2018-08,Hertfordshire Constabulary,Hertfordshire Constabulary,-0.205363,51.904294,On or near Petrol Station,E01023758,Stevenage 008D,Offender sent to prison
73d7ffd16a659d6d9451bf660da09d68dd3a13829c4a55b6ee5ed0acd8a89dde,2018-08,Hertfordshire Constabulary,Hertfordshire Constabulary,0.045098,51.978232,On or near MOATSIDE,E01023462,East Hertfordshire 001A,Defendant found not guilty
8f12a6bcf667f76c961994a2f98e26c400292f2fbe9b7bea3074f2043f82408b,2018-08,Hertfordshire Constabulary,Hertfordshire Constabulary,-0.390773,51.660769,On or near TRINITY HALL CLOSE,E01023860,Watford 009B,Offender given community sentence
64797f2e3f2506ea4cc19354957d608938517af16e01e79164f256cd3ab47618,2018-08,Hertfordshire Constabulary,Hertfordshire Constabulary,-0.301428,51.740539,On or near CHURCH CROFT,E01023678,St Albans 015B,Offender given suspended prison sentence
b23b00f7f83fde149fce46996c9aff173b6291518db34fe4080749fd2ec22d0e,2018-08,Hertfordshire Constabulary,Hertfordshire Constabulary,-0.339818,51.742724,On or near Supermarket,E01023737,St Albans 017A,Offender sent to prison
1f28cc2c1380a072d671013d51b9cdc0bb44d37d01df9b9dc4a5af12a9a270e5,2018-08,Hertfordshire Constabulary,Hertfordshire Constabulary,-0.179316,51.918236,On or near Supermarket,E01023774,Stevenage 003D,Offender sent to prison
865fc9118a95adc32bb1683c1582556625e1aac3c29212d20cc99c958bdb0d04,2018-08,Hertfordshire Constabulary,Hertfordshire Constabulary,-0.219417,51.767497,On or near GROUND LANE,E01023930,Welwyn Hatfield 010B,Offender sent to prison
e7628bc6dc1e7071461db2d84862aaf358d7f7f7c17ea10128eaeeddf4008824,2018-08,Hertfordshire Constabulary,Hertfordshire Constabulary,-0.182149,51.889506,On or near TILLERS LINK,E01023794,Stevenage 010D,Offender given community sentence
08aec43b7fec168e2afab76dc327d06bba5afcdfa07e69934b06c667e5e5857c,2018-08,Hertfordshire Constabulary,Hertfordshire Constabulary,-0.205363,51.904294,On or near Petrol Station,E01023758,Stevenage 008D,Offender given conditional discharge
964154946643de127c19d3d49ff2388034dd63bb15a07e08efea27faf1352748,2018-08,Hertfordshire Constabulary,Hertfordshire Constabulary,-0.303045,51.740697,On or near HOUSEFIELD WAY,E01023678,St Albans 015B,Offender given suspended prison sentence
af2802950cc69ac4398fdc83cbcbfbd37fc32fb384913e9e274170a66422b757,2018-08,Hertfordshire Constabulary,Hertfordshire Constabulary,-0.340498,51.768828,On or near MERLOT MEWS,E01023671,St Albans 009C,Offender fined
9d1b3756b66dfce3f115ad65c79422965fb15eb19c920058b3c2380c33cce43c,2018-08,Hertfordshire Constabulary,Hertfordshire Constabulary,-0.190973,51.981997,On or near WESTON WAY,E01023592,North Hertfordshire 004F,Defendant found not guilty
91c61519b98e242ee7d3ea1d1d6cd4e44b64e21aa2872ca5b295adaea4af3f31,2018-08,Hertfordshire Constabulary,Hertfordshire Constabulary,-0.171069,51.888228,On or near TAYWOOD CLOSE,E01023791,Stevenage 010A,Defendant found not guilty
e81f9b40cf6a8067c6d1165ce432df1b31fe27a20bfb99f6607e6ac8bd41349e,2018-08,Hertfordshire Constabulary,Hertfordshire Constabulary,-0.241763,51.764551,On or near Bus/Coach Station,E01033308,Welwyn Hatfield 010E,Offender sent to prison
9ca87d731d43b2c0d89ef50918b012ae6e4012ee175b7f5710680c235feebb62,2018-08,Hertfordshire Constabulary,Hertfordshire Constabulary,-0.202790,51.901746,On or near Bus/Coach Station,E01023758,Stevenage 008D,Offender otherwise dealt with
cf4b4cf440c6653b17e6b5d9830ec62294c749a57126e7eee5e45ccbf7feff7f,2018-08,Hertfordshire Constabulary,Hertfordshire Constabulary,-0.219811,51.970855,On or near LAWRENCE AVENUE,E01023647,North Hertfordshire 008D,Offender given community sentence
8fd38d23cdb7101ad5e7ceff88b7371010f7a994d622ae33977819becf177b34,2018-08,Hertfordshire Constabulary,Hertfordshire Constabulary,-0.042232,51.784435,On or near TRINITY ROAD,E01023480,East Hertfordshire 018C,Defendant found not guilty
ef250c92c9784bf5092284cc622c0585ec59d15cf8b91859556651e9b9753888,2018-08,Hertfordshire Constabulary,Hertfordshire Constabulary,-0.399735,51.659201,On or near Parking Area,E01023861,Watford 009C,Offender sent to prison
c0b316f13b42ecffddf2c5631cb078ea955999ff9497b311d1d194fb035a2c7a,2018-08,Hertfordshire Constabulary,Hertfordshire Constabulary,-0.473119,51.750007,On or near Shopping Area,E01023398,Dacorum 015D,Offender sent to prison
f915a4cc379694cc8faa5f10e605b64cc80c43181d5c2a696a5d53bde16c4852,2018-08,Hertfordshire Constabulary,Hertfordshire Constabulary,-0.339761,51.722131,On or near FAIRHAVEN,E01023720,St Albans 019C,Court case unable to proceed
6e3f4429cc779c75ac5e14ba2f5701aa3ffe53f1fb68c60dc9937ee796238558,2018-08,Hertfordshire Constabulary,Hertfordshire Constabulary,-0.205363,51.904294,On or near Petrol Station,E01023758,Stevenage 008D,Offender fined
142a09f93137e6a3ee5a204acf282d5975b5faf572ea2977bbb29ca2381011ee,2018-08,Hertfordshire Constabulary,Hertfordshire Constabulary,-0.204608,51.899535,On or near Police Station,E01023758,Stevenage 008D,Offender otherwise dealt with
4354e87468ed23d87665abf8b7dce90c3dc71eec8a518aceb192f625d145a9c3,2018-08,Hertfordshire Constabulary,Hertfordshire Constabulary,-0.219811,51.970855,On or near LAWRENCE AVENUE,E01023647,North Hertfordshire 008D,Offender given community sentence
9ec1dd49c0a3519454a933269dab4af4c8ccdb88f94c09fd0f86dbec8d964217,2018-08,Hertfordshire Constabulary,Hertfordshire Constabulary,-0.224473,51.746487,On or near MILLWARDS,E01023933,Welwyn Hatfield 014A,Defendant found not guilty
e19a7fb342191530e3c9824d64be3c30ba2427c16beb214f27bce132db471fc0,2018-08,Hertfordshire Constabulary,Hertfordshire Constabulary,-0.227088,51.763674,On or near Supermarket,E01023920,Welwyn Hatfield 012A,Offender fined
6e4397f2e83ebf9a788e7509c3fcdd99d648effc98b262accfc82bd5b817d38f,2018-08,Hertfordshire Constabulary,Hertfordshire Constabulary,-0.662846,51.793815,On or near PARSONAGE PLACE,E01023420,Dacorum 003C,Offender sent to prison
704dfcc0f87faec4d3b36f81bf6bfbd9732ed31b1179b21c6e925e23b893727a,2018-08,Hertfordshire Constabulary,Hertfordshire Constabulary,-0.343270,51.743779,On or near GRIFFITHS WAY,E01023740,St Albans 017D,Offender fined
d1d3b5ce9722a237bcb01bfb8b61087e24b7aaffc49dd953b76db0ee4cc1a078,2018-08,Hertfordshire Constabulary,Hertfordshire Constabulary,-0.228835,51.763107,On or near Supermarket,E01023920,Welwyn Hatfield 012A,Offender sent to prison
4a4423a0f8ea4e517619bfd4918f4042a0c65781786709d47c73ef591768a5da,2018-08,Hertfordshire Constabulary,Hertfordshire Constabulary,-0.346308,51.763721,On or near Sports/Recreation Area,E01023672,St Albans 009D,Court case unable to proceed
47c210e75e48da754ac792826d273b7fe1267c20a574a8d60b1a1fb4f8bdcc61,2018-08,Hertfordshire Constabulary,Hertfordshire Constabulary,-0.396197,51.655385,On or near MARKET PLACE,E01023860,Watford 009B,Offender given suspended prison sentence
b96a059c7c06d09a0fd4a15dc30dca18f57e75b15fc3be1aee337299c3e8ac23,2018-08,Hertfordshire Constabulary,Hertfordshire Constabulary,0.146244,51.817555,On or near CROFTERS END,E01023499,East Hertfordshire 011A,Court case unable to proceed
3c2bcc991fc1b8aa8f7af67f2667c1c04eef300f9f992baec474b45b8ec24884,2018-08,Hertfordshire Constabulary,Hertfordshire Constabulary,-0.201129,51.904760,On or near Parking Area,E01023758,Stevenage 008D,Offender otherwise dealt with
0dec61220df6f9c8d2fcf3b012bf4db4d9a5c1013ec4cc714fdc05afa3bf130f,2018-08,Hertfordshire Constabulary,Hertfordshire Constabulary,-0.030774,51.700921,On or near Sports/Recreation Area,E01023300,Broxbourne 010D,Offender sent to prison
4ffbaf20a54df20e4fe24e1b8b7859890fefa60cfbddceea1c0b00297a1464fa,2018-08,Hertfordshire Constabulary,Hertfordshire Constabulary,-0.356921,51.817435,On or near THE FORRESTERS,E01023701,St Albans 003C,Offender sent to prison
f653361a4689bc740588214e21e634860c5a77e6cdf4365c9ecc33c93280d79e,2018-08,Hertfordshire Constabulary,Hertfordshire Constabulary,-0.339291,51.751564,On or near CHEQUER STREET,E01023727,St Albans 012B,Offender fined
7ae65b267703bd93c0223988bf9ad2f45d748dc348d5900277c7f4892cae1bc8,2018-08,Hertfordshire Constabulary,Hertfordshire Constabulary,-0.459527,51.747995,On or near SHERBOURNE CLOSE,E01023387,Dacorum 019B,Offender sent to prison
37eb6cbef52f2b81ed5b6c8dde01eaf268c72b6e81b590bea58e33d7b3a48ce6,2018-08,Hertfordshire Constabulary,Hertfordshire Constabulary,0.146975,51.817065,On or near CROFTERS,E01023499,East Hertfordshire 011A,Offender given community sentence
17871d5199f3d536e65ee32a75a44e5b4ef6645f27cc6aed0ada556a75f6dd48,2018-08,Hertfordshire Constabulary,Hertfordshire Constabulary,-0.389072,51.643499,On or near CEDAR ROAD,E01023885,Watford 012D,Defendant found not guilty
b051324399a929bbee1ce69df2b852d23873c17cd048f1c3cdd884736727cbf8,2018-08,Hertfordshire Constabulary,Hertfordshire Constabulary,-0.477248,51.638768,On or near Police Station,E01023852,Three Rivers 007D,Defendant found not guilty
93731406bdfdd4ada3898381cb4ad6e7526f088b20a5ea5393418adc461d2f34,2018-08,Hertfordshire Constabulary,Hertfordshire Constabulary,-0.363533,51.824748,On or near HILLSIDE ROAD,E01023692,St Albans 001C,Court case unable to proceed
028b714e5cd306b8e76e029e21fed0c1214fefdea59a8e7f150fd7d8f72bab92,2018-08,Hertfordshire Constabulary,Hertfordshire Constabulary,-0.176138,51.907306,On or near TELFORD AVENUE,E01023762,Stevenage 007D,Defendant found not guilty
b96a059c7c06d09a0fd4a15dc30dca18f57e75b15fc3be1aee337299c3e8ac23,2018-08,Hertfordshire Constabulary,Hertfordshire Constabulary,0.146244,51.817555,On or near CROFTERS END,E01023499,East Hertfordshire 011A,Court case unable to proceed
cb8c61276a91088ed491359b8d1a2529b5d21221d54e4a698761aa2bd309c52e,2018-08,Hertfordshire Constabulary,Hertfordshire Constabulary,-0.042410,51.799077,On or near A414,E01023480,East Hertfordshire 018C,Offender sent to prison
13644ab1dfce7686bd945e11bacae3b30b7966cb8158ba7a815d9bcec192b460,2018-08,Hertfordshire Constabulary,Hertfordshire Constabulary,-0.186063,51.984943,On or near Supermarket,E01023592,North Hertfordshire 004F,Offender given conditional discharge
dd231993c87211072a0651722a9b1b64ad036f135941f9f2405bd99b4c565ab5,2018-08,Hertfordshire Constabulary,Hertfordshire Constabulary,-0.290594,51.957436,On or near THE CRESCENT,E01023613,North Hertfordshire 012C,Defendant found not guilty
2150ea1f6e0bc1b86ce19ce2c6c60d565a03ecdd1bc6ff6a212b76cd2582ca3e,2018-08,Hertfordshire Constabulary,Hertfordshire Constabulary,-0.472495,51.744037,On or near CORNER HALL,E01033023,Dacorum 018H,Offender given community sentence
c1ea31c58ec8e3f3d4b5fe95a8e314f5d3a23d43252e94fef492373ed6adfc67,2018-08,Hertfordshire Constabulary,Hertfordshire Constabulary,-0.192356,51.904571,On or near THE DELL,E01023757,Stevenage 008C,Offender fined
e2d40645760550de86376abf14519cedd8123301a299fbe0e38cf880337091c9,2018-08,Hertfordshire Constabulary,Hertfordshire Constabulary,-0.202379,51.902935,On or near Shopping Area,E01023758,Stevenage 008D,Offender fined
9f43f9e10124c1bb68135a67dd1ac72cadec8754992c228995a88f6b969057eb,2018-08,Hertfordshire Constabulary,Hertfordshire Constabulary,0.015991,51.885756,On or near STANELOW CRESCENT,E01023498,East Hertfordshire 006A,Defendant found not guilty
612b981af011b89950e9118977d92b02570327f7511c0ee4f8d87da5fc11fe7e,2018-08,Hertfordshire Constabulary,Hertfordshire Constabulary,-0.473464,51.746649,On or near A414,E01023398,Dacorum 015D,Offender fined
fe221c19347e799168fcf72d60a7d237c65c12d9a6f1412f7fe2b83cfde7d9da,2018-08,Hertfordshire Constabulary,Hertfordshire Constabulary,-0.237817,51.765040,On or near GOLDSMITH WAY,E01033308,Welwyn Hatfield 010E,Offender sent to prison
8d910351ee2b7906771d2eed83f2544fc89f46a9a40b78246299b232cb450592,2018-08,Hertfordshire Constabulary,Hertfordshire Constabulary,-0.407600,51.651782,On or near CHRISTIE COURT,E01023903,Watford 010E,Defendant found not guilty
6aca7d95bde9d8bb0ab750fd7dfece6a529495b10decbf71800e1ca9c7908545,2018-08,Hertfordshire Constabulary,Hertfordshire Constabulary,-0.397793,51.657286,On or near WATFORD HOUSE LANE,E01023861,Watford 009C,Offender sent to prison
37aa1777543d1ca989c9d070976a11fb9ba7638f853a3763d192c54be0ed67f8,2018-08,Hertfordshire Constabulary,Hertfordshire Constabulary,-0.395158,51.655758,On or near Shopping Area,E01023860,Watford 009B,Defendant found not guilty
52e227444ae57f02d2ab17bee86d09b6220b9a5126f287ffe6dacfa4a43e1f46,2018-08,Hertfordshire Constabulary,Hertfordshire Constabulary,-0.202790,51.901746,On or near Bus/Coach Station,E01023758,Stevenage 008D,Offender given community sentence
31622032037207a61ea526f765e4319535e7f581473f0f44f9bde4b253999dc6,2018-08,Hertfordshire Constabulary,Hertfordshire Constabulary,-0.340525,51.751078,On or near HIGH STREET,E01023743,St Albans 014B,Offender fined
225c48045a2fe06e0892cec3d08b643ad89599d7c88b9da388719f6c963d6be9,2018-08,Hertfordshire Constabulary,Hertfordshire Constabulary,-0.408140,51.663173,On or near STRATFORD ROAD,E01023888,Watford 008C,Defendant found not guilty
57aaa088b85dd08a44ac6bc6c51ce749d3cb37ef8e285aec362fa7de3094db9c,2018-08,Hertfordshire Constabulary,Hertfordshire Constabulary,-0.427348,51.755644,On or near Petrol Station,E01023409,Dacorum 017A,Offender given conditional discharge
18ed146ba26c6b90f1b4032a46ee7f8908a76f08092fe15cb5acf04e1ea0ad2d,2018-08,Hertfordshire Constabulary,Hertfordshire Constabulary,-0.356921,51.817435,On or near THE FORRESTERS,E01023701,St Albans 003C,Offender given suspended prison sentence
c0c3118356a46dd856f3b1735d253032af0d7364c9ad537342b18ca2fe60ac35,2018-08,Hertfordshire Constabulary,Hertfordshire Constabulary,-0.185789,51.812410,On or near LUMBARDS,E01023914,Welwyn Hatfield 004C,Offender sent to prison
a71ceba29d891596436a2391cfe0b06e7f984cffa09d9a6c00f36bf3ca4ab2b8,2018-08,Hertfordshire Constabulary,Hertfordshire Constabulary,-0.377970,51.697020,On or near LEMONFIELD DRIVE,E01023834,Three Rivers 002E,Offender given suspended prison sentence
cdd5aa92c5ce0fb6d73df18f479452401113eeab8dabe24ac0af62444d89465b,2018-08,Hertfordshire Constabulary,Hertfordshire Constabulary,-0.172829,51.788875,On or near THISTLE GROVE,E01023945,Welwyn Hatfield 008C,Offender given conditional discharge
93731406bdfdd4ada3898381cb4ad6e7526f088b20a5ea5393418adc461d2f34,2018-08,Hertfordshire Constabulary,Hertfordshire Constabulary,-0.363533,51.824748,On or near HILLSIDE ROAD,E01023692,St Albans 001C,Court case unable to proceed
93731406bdfdd4ada3898381cb4ad6e7526f088b20a5ea5393418adc461d2f34,2018-08,Hertfordshire Constabulary,Hertfordshire Constabulary,-0.363533,51.824748,On or near HILLSIDE ROAD,E01023692,St Albans 001C,Defendant found not guilty
7ddafb58dc33cb9aae1a7233cfb246826ecc57b5de25e26ef1166ff2f979a417,2018-08,Hertfordshire Constabulary,Hertfordshire Constabulary,-0.484529,51.747601,On or near RESON WAY,E01023379,Dacorum 018C,Defendant found not guilty
e6a26addb323cb11544124758256f91e8f2f840c1fefdead05ccf4e5cd3b236c,2018-08,Hertfordshire Constabulary,Hertfordshire Constabulary,-0.300972,51.731072,On or near A1081,E01023684,St Albans 016D,Offender given community sentence
3345b1ec947d2bb2e4c207337c2355bf2e4bdfaef97b9432c8473ccdfeffd0f0,2018-08,Hertfordshire Constabulary,Hertfordshire Constabulary,-0.030774,51.700921,On or near Sports/Recreation Area,E01023300,Broxbourne 010D,Offender sent to prison
1c6b6dcad08edc6957dcd4c573a43d5e2d4a845ba97d36e1520e19976717e86d,2018-08,Hertfordshire Constabulary,Hertfordshire Constabulary,-0.166651,51.693705,On or near ASTON WAY,E01023574,Hertsmere 003D,Offender given community sentence
eeabaa4edac6e122b3921f08af591e2d101dd8cd8b6154577ef3da82e5731b0b,2018-08,Hertfordshire Constabulary,Hertfordshire Constabulary,-0.075763,51.796463,On or near FORE STREET,E01023478,East Hertfordshire 017D,Offender fined
b496e54ad5ee85a1f4a051bf9447dcb90434417d0efc48965c6e6a87f336ac6e,2018-08,Hertfordshire Constabulary,Hertfordshire Constabulary,-0.199438,51.902315,On or near ST GEORGE'S WAY,E01023758,Stevenage 008D,Offender given community sentence
73b399358f89c7836252950959d9bb2adaff99507e7484a20aacf43c863922e2,2018-08,Hertfordshire Constabulary,Hertfordshire Constabulary,-0.337328,51.753722,On or near ST PETER'S STREET,E01023727,St Albans 012B,Offender sent to prison
631363c20c4840366e60198f64f8ee590c68ff3dfa57f00d621dbafc93f3dca3,2018-08,Hertfordshire Constabulary,Hertfordshire Constabulary,-0.279476,51.654929,On or near GLENHAVEN AVENUE,E01023532,Hertsmere 007D,Defendant found not guilty
9cf4a2b1c495b907c87ae4cfeddc418642b6c70b73f1a521605fd17573873f05,2018-08,Hertfordshire Constabulary,Hertfordshire Constabulary,-0.079826,51.797419,On or near NICHOLAS LANE,E01023470,East Hertfordshire 014A,Offender given community sentence
7ca5a7eb871c2f34cbd0901faf1b102a97e4f360b45a48380e9a68b4f70652cc,2018-08,Hertfordshire Constabulary,Hertfordshire Constabulary,-0.076597,51.796629,On or near MARKET STREET,E01023478,East Hertfordshire 017D,Offender fined
7d70829088d23cabdf6a417047befdd8ece5e72d8a974c5d29d62557d1815d2b,2018-08,Hertfordshire Constabulary,Hertfordshire Constabulary,-0.223519,51.963610,On or near FOURACRES,E01023648,North Hertfordshire 008E,Offender given community sentence
6afe947ec33190764c5597e1537e94c565263f40deba4abad7964b7d7d331da7,2018-08,Hertfordshire Constabulary,Hertfordshire Constabulary,-0.466500,51.758103,On or near GILROY ROAD,E01023401,Dacorum 008A,Offender fined
c3756e1296c5470793e1d3ee570868d5e38559266734da0986b9dc47b4660d14,2018-08,Hertfordshire Constabulary,Hertfordshire Constabulary,-0.313569,51.746675,On or near HAIG CLOSE,E01023681,St Albans 016A,Defendant found not guilty
14b5e072be9087be7ba4f22f3d972755ae987c5ec50ded3b805eba5ff3a24226,2018-08,Hertfordshire Constabulary,Hertfordshire Constabulary,-0.449647,51.772953,On or near DAWLEY COURT,E01023395,Dacorum 007C,Offender given community sentence
ec51c225a8360c180de58c26bac17a919558fd5b52c8616ccf7b2afc9419b4d8,2018-08,Hertfordshire Constabulary,Hertfordshire Constabulary,-0.171893,51.910891,On or near CAMERON CLOSE,E01023769,Stevenage 004C,Offender given community sentence
471629ddc5e2317699ee2452f3092a20a72b013d324e3c853d151e56b20ad7d1,2018-08,Hertfordshire Constabulary,Hertfordshire Constabulary,-0.400677,51.670643,On or near LEAVESDEN ROAD,E01023856,Watford 006B,Offender given community sentence
ad9e63a655fa90e91a9cd66f9cda8b20a599949c5b31136dfbd36775f6c0fea1,2018-08,Hertfordshire Constabulary,Hertfordshire Constabulary,-0.448896,51.769922,On or near REDBOURN ROAD,E01023346,Dacorum 013B,Defendant found not guilty
17fb26d8df45d74597cbf7bc51ab1a0c9e159ad9d81be253ffd9d48c8dab4eb3,2018-08,Hertfordshire Constabulary,Hertfordshire Constabulary,-0.188030,51.884902,On or near Parking Area,E01023783,Stevenage 011A,Offender given suspended prison sentence
1ce1e190a461c57d4ae54c21c84b4601ded15475c9534e7c7f8848e7cd98ea7a,2018-08,Hertfordshire Constabulary,Hertfordshire Constabulary,-0.395758,51.655118,On or near HIGH STREET,E01023862,Watford 009D,Offender sent to prison
782067ced7e4bcfa8d01205abc225d561019b129ec4f7828937f660a0234d5ed,2018-08,Hertfordshire Constabulary,Hertfordshire Constabulary,-0.445730,51.749441,On or near Parking Area,E01023411,Dacorum 017C,Defendant found not guilty
20a463c761df55d24149c66460b8fa7c5390150b25b5319489476a2d39298e9c,2018-08,Hertfordshire Constabulary,Hertfordshire Constabulary,-0.234947,51.748344,On or near Parking Area,E01023937,Welwyn Hatfield 013E,Offender given community sentence
9a1f0d96a61b3a5c021192e525d964655213ab831781311a00b6ecf983e5329c,2018-08,Hertfordshire Constabulary,Hertfordshire Constabulary,-0.169757,51.916226,On or near CHEPSTOW CLOSE,E01023771,Stevenage 003A,Offender fined
31d4d439f2af2c85e5d449e7e49a2830ddaad8e781b71d9323baec07eae3ffb7,2018-08,Hertfordshire Constabulary,Hertfordshire Constabulary,-0.341844,51.825810,On or near Supermarket,E01023687,St Albans 002C,Offender sent to prison
