Crime ID,Month,Reported by,Falls within,Longitude,Latitude,Location,LSOA code,LSOA name,Outcome type
da75d0b8f1b01f6e270cf78e9d053db710498bf3566d248a60ad925472256b4a,2019-02,Merseyside Police,Merseyside Police,-3.058843,53.402066,On or near ST JAMES ROAD,E01007122,Wirral 011C,Court case unable to proceed
8de244202121d1439909213914a1d3ec629d5a9eb0afb86c4112ffba2fd31a7c,2019-02,Merseyside Police,Merseyside Police,-2.980993,53.401536,On or near DUKE STREET,E01033761,Liverpool 060D,Offender fined
24d1266dee0a91bd4a6a58ac95798cd4d6694d86fa4eca376144a6f3debea37b,2019-02,Merseyside Police,Merseyside Police,-2.992092,53.464807,On or near KEN MEWS,E01007017,Sefton 034E,Investigation complete; no suspect identified
bf00738754f244991cd870a01d5d6cbc2e1b35cc875d8280199d70ffe4717a90,2019-02,Merseyside Police,Merseyside Police,-2.801227,53.430437,On or near WYCHERLEY STREET,E01006463,Knowsley 007C,Unable to prosecute suspect
35cc8af819f6122d092cddbe3cbd5a12c711f904daebe26c6b281c3277232293,2019-02,Merseyside Police,Merseyside Police,-2.966867,53.451153,On or near Hospital,E01006791,Liverpool 006D,Investigation complete; no suspect identified
34898e8ebd1a722ddb62edfa2149134badc3dcaddb0373d81b7f9382db1a9b64,2019-02,Merseyside Police,Merseyside Police,-2.893131,53.460716,On or near WILLOW WAY,E01006661,Liverpool 004A,Investigation complete; no suspect identified
044d755845b4fdbe0270c12ad53f6c50f06f65cc03465edbd8dcd08cdd02b11c,2019-02,Merseyside Police,Merseyside Police,-2.958302,53.464669,On or near ERL STREET,E01006783,Liverpool 002E,Investigation complete; no suspect identified
36e72d6f3ddf525b10aa85aa7b91f756ee63429449463f7c12b80697e7d60017,2019-02,Merseyside Police,Merseyside Police,-3.041074,53.385206,On or near MATHER ROAD,E01007160,Wirral 020B,Unable to prosecute suspect
6c86c8029f025d705bd503ad02af0218479cbb3124a89390884c2f3f01e6b666,2019-02,Merseyside Police,Merseyside Police,-2.718254,53.419864,On or near RIDING CLOSE,E01006909,St. Helens 022D,Unable to prosecute suspect
c2aa704d02dae0dda06750a269774e17faf5d8c60179fdb5e22cbb2c6e20c5a4,2019-02,Merseyside Police,Merseyside Police,-3.019248,53.361502,On or near OUEENSWOOD AVENUE,E01007114,Wirral 032D,Unable to prosecute suspect
c33c57d2852824afd183d4eeb28aca05f08870e08fd2c3f9f5c9e73553f06bbb,2019-02,Merseyside Police,Merseyside Police,-2.781300,53.419801,On or near RYDER CLOSE,E01006891,St. Helens 023C,Unable to prosecute suspect
fe111ee749a6697ec96cb70fc392ffc90d4e535b5ee0df46424f03ccd9c32058,2019-02,Merseyside Police,Merseyside Police,-3.026419,53.474692,On or near SOUTH ROAD,E01006956,Sefton 030B,Offender given a drugs possession warning
dcddc1fadb572b306c41acae031db6aa8264cf21bfb5d3e17e95ce94a3bd81b3,2019-02,Merseyside Police,Merseyside Police,-2.976571,53.402192,On or near ROSCOE PLACE,E01033761,Liverpool 060D,Unable to prosecute suspect
04ab558511c33e79af91b399187a7d7758e6d495c94200c3b2a0896f561d515b,2019-02,Merseyside Police,Merseyside Police,-2.896954,53.355509,On or near SHREWSBURY ROAD,E01006745,Liverpool 057D,Unable to prosecute suspect
89b63fa0d95a5fd1869becc0182230c0f858fa8eea0509798855846d5c1da79d,2019-02,Merseyside Police,Merseyside Police,-3.025478,53.480031,On or near ROCKLAND ROAD,E01007102,Sefton 030D,Investigation complete; no suspect identified
c6844643b415a1ee91e752087a320cb016fe0c5c6e3580e24c2179f8f1262338,2019-02,Merseyside Police,Merseyside Police,-3.098275,53.380793,On or near ARROWE PARK ROAD,E01007302,Wirral 018D,Suspect charged
c6844643b415a1ee91e752087a320cb016fe0c5c6e3580e24c2179f8f1262338,2019-02,Merseyside Police,Merseyside Police,-3.098275,53.380793,On or near ARROWE PARK ROAD,E01007302,Wirral 018D,Suspect charged
24b5fad5504687acadb8d3c6b064b4486f1f65fe1a6d67c690eb70d08ff002d9,2019-02,Merseyside Police,Merseyside Police,-2.981499,53.403914,On or near ROE ALLEY,E01033756,Liverpool 061C,Unable to prosecute suspect
3a41c70e76556235a519220a7a9aa1890cdb3230620eefbf7931654cd38adaa1,2019-02,Merseyside Police,Merseyside Police,-3.008084,53.458857,On or near ADDISON STREET,E01007005,Sefton 034B,Unable to prosecute suspect
e4c36de4350682df72c1e8b6b195393a1921aa0c76826914c024f90134eea66c,2019-02,Merseyside Police,Merseyside Police,-2.979192,53.401721,On or near BACK SEEL STREET,E01033761,Liverpool 060D,Suspect charged
015eb3e2d5f9e2415be4017be87cce1ca98bd182a030549cf3614e24398d1f4d,2019-02,Merseyside Police,Merseyside Police,-2.987781,53.444573,On or near Sports/Recreation Area,E01006961,Sefton 038B,Suspect charged
c36ba40577c84baa2eba95608e3351503f4e1574a0e39ebc182d9717ec230085,2019-02,Merseyside Police,Merseyside Police,-3.134951,53.401475,On or near TANWORTH GROVE,E01007223,Wirral 013D,Investigation complete; no suspect identified
4c6503c07acb9e09d6fcb9bd3fb6098c658da0c4ed578e3c89e5a3760f7f07cd,2019-02,Merseyside Police,Merseyside Police,-2.973990,53.399184,On or near UPPER DUKE STREET,E01006514,Liverpool 037A,Unable to prosecute suspect
c33c57d2852824afd183d4eeb28aca05f08870e08fd2c3f9f5c9e73553f06bbb,2019-02,Merseyside Police,Merseyside Police,-2.781300,53.419801,On or near RYDER CLOSE,E01006891,St. Helens 023C,Unable to prosecute suspect
8475535e102dcd47198a998d79dc6d1bf8e0b662ade00ebc5efd1abb85eeba28,2019-02,Merseyside Police,Merseyside Police,-2.993061,53.362999,On or near FIELD CLOSE,E01007138,Wirral 031B,Suspect charged
630ed35291fcf6caab908905eb44281b5d9a342174ccccef23232c3fd55308fa,2019-02,Merseyside Police,Merseyside Police,-2.962642,53.393487,On or near PRINCES ROAD,E01006673,Liverpool 037D,Suspect charged
630ed35291fcf6caab908905eb44281b5d9a342174ccccef23232c3fd55308fa,2019-02,Merseyside Police,Merseyside Police,-2.962642,53.393487,On or near PRINCES ROAD,E01006673,Liverpool 037D,Suspect charged
630ed35291fcf6caab908905eb44281b5d9a342174ccccef23232c3fd55308fa,2019-02,Merseyside Police,Merseyside Police,-2.962642,53.393487,On or near PRINCES ROAD,E01006673,Liverpool 037D,Suspect charged
630ed35291fcf6caab908905eb44281b5d9a342174ccccef23232c3fd55308fa,2019-02,Merseyside Police,Merseyside Police,-2.962642,53.393487,On or near PRINCES ROAD,E01006673,Liverpool 037D,Suspect charged
08e7594dc36221782489b163922c9a1a78cacdbcab4b382533810ea8be19fad6,2019-02,Merseyside Police,Merseyside Police,-2.957610,53.410481,On or near EDINBURGH ROAD,E01006746,Liverpool 030E,Suspect charged
08e7594dc36221782489b163922c9a1a78cacdbcab4b382533810ea8be19fad6,2019-02,Merseyside Police,Merseyside Police,-2.957610,53.410481,On or near EDINBURGH ROAD,E01006746,Liverpool 030E,Suspect charged
08e7594dc36221782489b163922c9a1a78cacdbcab4b382533810ea8be19fad6,2019-02,Merseyside Police,Merseyside Police,-2.957610,53.410481,On or near EDINBURGH ROAD,E01006746,Liverpool 030E,Suspect charged
f3c00713252e803aeaaeea4df2a8d797e0e943822c95e10f7045ac27462fccfc,2019-02,Merseyside Police,Merseyside Police,-2.975055,53.429936,On or near MARK STREET,E01006560,Liverpool 023A,Unable to prosecute suspect
f3c00713252e803aeaaeea4df2a8d797e0e943822c95e10f7045ac27462fccfc,2019-02,Merseyside Police,Merseyside Police,-2.975055,53.429936,On or near MARK STREET,E01006560,Liverpool 023A,Unable to prosecute suspect
e33c7876c3074b742b920dbe9e1e28ddb21c2f5eb6ddc9a70e51fa267cfd1989,2019-02,Merseyside Police,Merseyside Police,-2.983495,53.405686,On or near Shopping Area,E01033760,Liverpool 060C,Investigation complete; no suspect identified
88ab7e7d63274473479d57beadb6b1d538a34808d7cc9a6b2ed50f9c464d9ed7,2019-02,Merseyside Police,Merseyside Police,-2.907806,53.444731,On or near DWERRYHOUSE LANE,E01006672,Liverpool 010E,Suspect charged
88ab7e7d63274473479d57beadb6b1d538a34808d7cc9a6b2ed50f9c464d9ed7,2019-02,Merseyside Police,Merseyside Police,-2.907806,53.444731,On or near DWERRYHOUSE LANE,E01006672,Liverpool 010E,Suspect charged
176c6c5608a4182c0af908656cf35ab4b2ac1c350424d7fb5fdbca2e3643e08e,2019-02,Merseyside Police,Merseyside Police,-2.972267,53.463424,On or near HALSTEAD ROAD,E01006786,Liverpool 003E,Unable to prosecute suspect
ad13ddf7980cda386de93cc13fe4bbdf64c2c66b09cee8cfe921025924a6f36c,2019-02,Merseyside Police,Merseyside Police,-3.042779,53.411889,On or near DALE HEY,E01007276,Wirral 007E,Formal action is not in the public interest
ad13ddf7980cda386de93cc13fe4bbdf64c2c66b09cee8cfe921025924a6f36c,2019-02,Merseyside Police,Merseyside Police,-3.042779,53.411889,On or near DALE HEY,E01007276,Wirral 007E,Formal action is not in the public interest
ad13ddf7980cda386de93cc13fe4bbdf64c2c66b09cee8cfe921025924a6f36c,2019-02,Merseyside Police,Merseyside Police,-3.042779,53.411889,On or near DALE HEY,E01007276,Wirral 007E,Formal action is not in the public interest
ad13ddf7980cda386de93cc13fe4bbdf64c2c66b09cee8cfe921025924a6f36c,2019-02,Merseyside Police,Merseyside Police,-3.042779,53.411889,On or near DALE HEY,E01007276,Wirral 007E,Formal action is not in the public interest
bd7cc1a91aa7fb267c6e3141cc64327a1788377c3fc5020c1eee8392ab36c742,2019-02,Merseyside Police,Merseyside Police,-2.847594,53.366665,On or near PEMBREY WAY,E01006430,Knowsley 018C,Suspect charged
e9f01f432eb338641ea97333bb30cc2291d637cb871c63ffcecad7b6504c3cee,2019-02,Merseyside Police,Merseyside Police,-2.927780,53.454834,On or near LANDFORD AVENUE,E01006659,Liverpool 005B,Unable to prosecute suspect
17849a16aa90e5560de0a6d46d24b2944ef1c693752e7b19a61165e020934474,2019-02,Merseyside Police,Merseyside Police,-2.980313,53.414504,On or near PEOVER STREET,E01006648,Liverpool 023D,Unable to prosecute suspect
17849a16aa90e5560de0a6d46d24b2944ef1c693752e7b19a61165e020934474,2019-02,Merseyside Police,Merseyside Police,-2.980313,53.414504,On or near PEOVER STREET,E01006648,Liverpool 023D,Unable to prosecute suspect
2a5908513de965dfe7734990b92b33a4a1628541de1a0756340c0e84fd446636,2019-02,Merseyside Police,Merseyside Police,-2.868220,53.412063,On or near MERTON DRIVE,E01006486,Knowsley 014C,Unable to prosecute suspect
1f514d40e0bd432ab6c304174bb8b5513861d033993d935991c8af4872fcf97c,2019-02,Merseyside Police,Merseyside Police,-3.014373,53.464925,On or near Pedestrian Subway,E01007004,Sefton 034A,Unable to prosecute suspect
cc84fb356e5c5596656a321a0ccef549e0c83f3159c9f102038965b356169cc8,2019-02,Merseyside Police,Merseyside Police,-2.946043,53.416668,On or near SHEIL ROAD,E01006694,Liverpool 030B,Suspect charged
0626e0deb71576936855c29e91e7eb2b4b08df49fd1b5fc3d258c10778db451d,2019-02,Merseyside Police,Merseyside Police,-2.950128,53.428465,On or near PRIORY ROAD,E01006766,Liverpool 019E,Suspect charged
92d10532fcfd86c9a10007271f48831e0bdda5399e1b07681e841439dc7011e5,2019-02,Merseyside Police,Merseyside Police,-3.092030,53.394648,On or near LITCHAM CLOSE,E01007305,Wirral 018E,Unable to prosecute suspect
92d10532fcfd86c9a10007271f48831e0bdda5399e1b07681e841439dc7011e5,2019-02,Merseyside Police,Merseyside Police,-3.092030,53.394648,On or near LITCHAM CLOSE,E01007305,Wirral 018E,Unable to prosecute suspect
92d10532fcfd86c9a10007271f48831e0bdda5399e1b07681e841439dc7011e5,2019-02,Merseyside Police,Merseyside Police,-3.092030,53.394648,On or near LITCHAM CLOSE,E01007305,Wirral 018E,Unable to prosecute suspect
92d10532fcfd86c9a10007271f48831e0bdda5399e1b07681e841439dc7011e5,2019-02,Merseyside Police,Merseyside Police,-3.092030,53.394648,On or near LITCHAM CLOSE,E01007305,Wirral 018E,Unable to prosecute suspect
92d10532fcfd86c9a10007271f48831e0bdda5399e1b07681e841439dc7011e5,2019-02,Merseyside Police,Merseyside Police,-3.092030,53.394648,On or near LITCHAM CLOSE,E01007305,Wirral 018E,Unable to prosecute suspect
92d10532fcfd86c9a10007271f48831e0bdda5399e1b07681e841439dc7011e5,2019-02,Merseyside Police,Merseyside Police,-3.092030,53.394648,On or near LITCHAM CLOSE,E01007305,Wirral 018E,Unable to prosecute suspect
14951d835cc2fae99deca4c18514adcae99be7e37ab1c7e2102aab4409e5163e,2019-02,Merseyside Police,Merseyside Police,-2.660107,53.469044,On or near ASH ROAD,E01006842,St. Helens 005D,Offender given a drugs possession warning
14951d835cc2fae99deca4c18514adcae99be7e37ab1c7e2102aab4409e5163e,2019-02,Merseyside Police,Merseyside Police,-2.660107,53.469044,On or near ASH ROAD,E01006842,St. Helens 005D,Offender given a drugs possession warning
14951d835cc2fae99deca4c18514adcae99be7e37ab1c7e2102aab4409e5163e,2019-02,Merseyside Police,Merseyside Police,-2.660107,53.469044,On or near ASH ROAD,E01006842,St. Helens 005D,Offender given a drugs possession warning
14951d835cc2fae99deca4c18514adcae99be7e37ab1c7e2102aab4409e5163e,2019-02,Merseyside Police,Merseyside Police,-2.660107,53.469044,On or near ASH ROAD,E01006842,St. Helens 005D,Offender given a drugs possession warning
14951d835cc2fae99deca4c18514adcae99be7e37ab1c7e2102aab4409e5163e,2019-02,Merseyside Police,Merseyside Police,-2.660107,53.469044,On or near ASH ROAD,E01006842,St. Helens 005D,Offender given a drugs possession warning
93d9d87c6b65e48add6b4a7280c4175e71a90f735dfa761e2dae4f282769d9a4,2019-02,Merseyside Police,Merseyside Police,-2.976574,53.340582,On or near Petrol Station,E01007135,Wirral 039A,Suspect charged
affaa52a02e1972a13e89caa0e07a66a217725bd7ba00cfe913760249a6b11a0,2019-02,Merseyside Police,Merseyside Police,-2.980571,53.403472,On or near Nightclub,E01033756,Liverpool 061C,Suspect charged
275e19991276324bdabebc818843538ba3eafc9ad3300991678233387d66228c,2019-02,Merseyside Police,Merseyside Police,-2.980571,53.403472,On or near Nightclub,E01033756,Liverpool 061C,Suspect charged
f2800cd26523c824a6abcc14ff246923560d643b2135b85a67eddc19baadcb6d,2019-02,Merseyside Police,Merseyside Police,-2.980079,53.403000,On or near FLEET STREET,E01033756,Liverpool 061C,Suspect charged
f2800cd26523c824a6abcc14ff246923560d643b2135b85a67eddc19baadcb6d,2019-02,Merseyside Police,Merseyside Police,-2.980079,53.403000,On or near FLEET STREET,E01033756,Liverpool 061C,Suspect charged
b26809ea36b1160fe3c954130140889f2db4336fae64169217e3bfef10a881ae,2019-02,Merseyside Police,Merseyside Police,-2.975287,53.493961,On or near WATERSIDE,E01007091,Sefton 023D,Unable to prosecute suspect
eb287292e2e41ae5c662a241fad72fa5b8e4940e17c3680d61a1d15f4a06ebd0,2019-02,Merseyside Police,Merseyside Police,-2.853732,53.391736,On or near ABBEYVALE DRIVE,E01006771,Liverpool 040D,Offender given a caution
501a18235b418fae7fcc2863ed1719b6d50b3fadecee3a59266446dd9f04e7c4,2019-02,Merseyside Police,Merseyside Police,-2.753100,53.452881,On or near Supermarket,E01006880,St. Helens 012D,Unable to prosecute suspect
5aba06517f533990619f7aaa997bf765b69c4aba358e1ac0a57476f7621f676c,2019-02,Merseyside Police,Merseyside Police,-3.172019,53.389683,On or near EDWARD ROAD,E01007202,Wirral 014E,Suspect charged
5aba06517f533990619f7aaa997bf765b69c4aba358e1ac0a57476f7621f676c,2019-02,Merseyside Police,Merseyside Police,-3.172019,53.389683,On or near EDWARD ROAD,E01007202,Wirral 014E,Suspect charged
cb533fafa78104439239653bb101b1d6307648998d8956e8a96b815bd5b766af,2019-02,Merseyside Police,Merseyside Police,-3.058240,53.561202,On or near FORMBY GARDENS,E01007080,Sefton 014C,Suspect charged
d4ffec4f1c80063ea326b65797c086e0a0ae638b64af222b9f2a82b162a6fd4d,2019-02,Merseyside Police,Merseyside Police,-2.887000,53.496042,On or near CHESTERFIELD DRIVE,E01006495,Knowsley 001E,Further investigation is not in the public interest
abbe846a986b3865dacf1c918be36bcd5dbce5ef77ed2a862d9b2db940329ee0,2019-02,Merseyside Police,Merseyside Police,-3.026168,53.371214,On or near KINGSDALE AVENUE,E01007173,Wirral 029A,Unable to prosecute suspect
fadf68863b585399769f7a793670bd10259ad3793bf9f1a4dc99897eb126573a,2019-02,Merseyside Police,Merseyside Police,-2.898854,53.452871,On or near ORB CLOSE,E01006662,Liverpool 004B,Unable to prosecute suspect
4fb51f2692f1bb5d8b5edcd5267a1f2ffa3bbd5db7098164763b2cb5c1901411,2019-02,Merseyside Police,Merseyside Police,-2.877969,53.424469,On or near KINGSHEATH AVENUE,E01006638,Liverpool 017B,Suspect charged
4fb51f2692f1bb5d8b5edcd5267a1f2ffa3bbd5db7098164763b2cb5c1901411,2019-02,Merseyside Police,Merseyside Police,-2.877969,53.424469,On or near KINGSHEATH AVENUE,E01006638,Liverpool 017B,Suspect charged
1e8e486cce29f60c7b62afb6042153ceefea735b9fe3218538ed5e28faa5ecf5,2019-02,Merseyside Police,Merseyside Police,-3.038659,53.425552,On or near STRATHCONA ROAD,E01007236,Wirral 002E,Suspect charged
1e8e486cce29f60c7b62afb6042153ceefea735b9fe3218538ed5e28faa5ecf5,2019-02,Merseyside Police,Merseyside Police,-3.038659,53.425552,On or near STRATHCONA ROAD,E01007236,Wirral 002E,Suspect charged
bef2f68364b781705b95a726e07b4cf83803ac34bb5a341893cde02427dab35f,2019-02,Merseyside Police,Merseyside Police,-2.969993,53.414543,On or near HAIGH STREET,E01006646,Liverpool 023C,Unable to prosecute suspect
6139387ffedbced302d87e6356b21a7c991230cb22599146972a8129d3506a50,2019-02,Merseyside Police,Merseyside Police,-3.039848,53.429281,On or near OSBORNE GROVE,E01007233,Wirral 002C,Suspect charged
6139387ffedbced302d87e6356b21a7c991230cb22599146972a8129d3506a50,2019-02,Merseyside Police,Merseyside Police,-3.039848,53.429281,On or near OSBORNE GROVE,E01007233,Wirral 002C,Suspect charged
b49d350643de2b7a4d2fc1921ac221ddc8068ddf72e5c0e46e6d7fe238ee6a77,2019-02,Merseyside Police,Merseyside Police,-2.877969,53.424469,On or near KINGSHEATH AVENUE,E01006638,Liverpool 017B,Unable to prosecute suspect
b49d350643de2b7a4d2fc1921ac221ddc8068ddf72e5c0e46e6d7fe238ee6a77,2019-02,Merseyside Police,Merseyside Police,-2.877969,53.424469,On or near KINGSHEATH AVENUE,E01006638,Liverpool 017B,Unable to prosecute suspect
d8ef0153a5e4bada052e6a7137a1dd2e3d4836f106674152f3dc25d810f8d878,2019-02,Merseyside Police,Merseyside Police,-3.017312,53.377384,On or near PARKSIDE ROAD,E01007293,Wirral 027C,Suspect charged
063fc4fb16f9ad0192dc0a642ebb8f63af04ad675662317d19a6409577c199a7,2019-02,Merseyside Police,Merseyside Police,-3.019389,53.410832,On or near ABBOTSFORD STREET,E01007274,Wirral 008C,Suspect charged
063fc4fb16f9ad0192dc0a642ebb8f63af04ad675662317d19a6409577c199a7,2019-02,Merseyside Police,Merseyside Police,-3.019389,53.410832,On or near ABBOTSFORD STREET,E01007274,Wirral 008C,Suspect charged
063fc4fb16f9ad0192dc0a642ebb8f63af04ad675662317d19a6409577c199a7,2019-02,Merseyside Police,Merseyside Police,-3.019389,53.410832,On or near ABBOTSFORD STREET,E01007274,Wirral 008C,Suspect charged
063fc4fb16f9ad0192dc0a642ebb8f63af04ad675662317d19a6409577c199a7,2019-02,Merseyside Police,Merseyside Police,-3.019389,53.410832,On or near ABBOTSFORD STREET,E01007274,Wirral 008C,Suspect charged
0f077e734bb83201c97446d2cc369f5bd1d716a265881252a91a51e98faf6ba0,2019-02,Merseyside Police,Merseyside Police,-2.897966,53.415025,On or near Supermarket,E01006567,Liverpool 026A,Unable to prosecute suspect
0f077e734bb83201c97446d2cc369f5bd1d716a265881252a91a51e98faf6ba0,2019-02,Merseyside Police,Merseyside Police,-2.897966,53.415025,On or near Supermarket,E01006567,Liverpool 026A,Unable to prosecute suspect
d974b720984ae89a9aaa6b58d7f15242399eee3a42c30db8c218f0ef60482cd2,2019-02,Merseyside Police,Merseyside Police,-2.963490,53.377777,On or near BRITANNIA CRESCENT,E01006633,Liverpool 050B,Suspect charged
d974b720984ae89a9aaa6b58d7f15242399eee3a42c30db8c218f0ef60482cd2,2019-02,Merseyside Police,Merseyside Police,-2.963490,53.377777,On or near BRITANNIA CRESCENT,E01006633,Liverpool 050B,Suspect charged
4828bc92304295cf23a6fae450d19ca145c1ac7e625a96d4cf5b1ab82279a995,2019-02,Merseyside Police,Merseyside Police,-2.912457,53.383526,On or near REEDALE CLOSE,E01006596,Liverpool 049C,Investigation complete; no suspect identified
2b52d12eb06c260c685907d3b9dbb667e6d80061efc9dcac4add5222f300bc63,2019-02,Merseyside Police,Merseyside Police,-3.042961,53.434108,On or near FERN HILL,E01007231,Wirral 001C,Unable to prosecute suspect
2dc39b709065e6dfe804230b94a5c6a4499d3ca45357f0bcb3b929b4e9413791,2019-02,Merseyside Police,Merseyside Police,-3.031734,53.388793,On or near Theatre/Concert Hall,E01007128,Wirral 016C,Suspect charged
2dc39b709065e6dfe804230b94a5c6a4499d3ca45357f0bcb3b929b4e9413791,2019-02,Merseyside Police,Merseyside Police,-3.031734,53.388793,On or near Theatre/Concert Hall,E01007128,Wirral 016C,Suspect charged
b2895475cdc88c029bf56ca333870de9255332a6d9ff5c1867654dcb02a5dd0c,2019-02,Merseyside Police,Merseyside Police,-2.942399,53.449883,On or near CHARNOOK ROAD,E01032510,Liverpool 008F,Suspect charged
b2895475cdc88c029bf56ca333870de9255332a6d9ff5c1867654dcb02a5dd0c,2019-02,Merseyside Police,Merseyside Police,-2.942399,53.449883,On or near CHARNOOK ROAD,E01032510,Liverpool 008F,Suspect charged
b2895475cdc88c029bf56ca333870de9255332a6d9ff5c1867654dcb02a5dd0c,2019-02,Merseyside Police,Merseyside Police,-2.942399,53.449883,On or near CHARNOOK ROAD,E01032510,Liverpool 008F,Suspect charged
6bc39f54f6cef1736b7c9fd7f059d35be6a9fcb297645a702368f39786228058,2019-02,Merseyside Police,Merseyside Police,-2.953543,53.464024,On or near BEECH GROVE,E01006783,Liverpool 002E,Unable to prosecute suspect
3f740cb249e55c1d2429b5efe90562cc621c3386f42556dcf001d4813eab12d2,2019-02,Merseyside Police,Merseyside Police,-3.025364,53.390277,On or near Parking Area,E01007128,Wirral 016C,Suspect charged
8b15157bdb3662c92cc64a36dd676922db08197860cd68a1ade19462b8a87fc5,2019-02,Merseyside Police,Merseyside Police,-2.908842,53.413523,On or near MUNSTER ROAD,E01006573,Liverpool 029C,Suspect charged
8b15157bdb3662c92cc64a36dd676922db08197860cd68a1ade19462b8a87fc5,2019-02,Merseyside Police,Merseyside Police,-2.908842,53.413523,On or near MUNSTER ROAD,E01006573,Liverpool 029C,Suspect charged
31809453f9d7e43d83dc821ad32d47de3e75dbb3dfde1480d5d084caa0c630dd,2019-02,Merseyside Police,Merseyside Police,-3.023795,53.375046,On or near VICTORIA PARK ROAD,E01007294,Wirral 021F,Unable to prosecute suspect
33b8c1d0d11dbcac5f0dd268f878982641984aa287de416ff62df8698226dea9,2019-02,Merseyside Police,Merseyside Police,-2.940026,53.435835,On or near Sports/Recreation Area,E01006606,Liverpool 020A,Unable to prosecute suspect
0248415df3deeba2a0e2a3abc28d72639b71c59f13f716aa0159a9e2a0931a19,2019-02,Merseyside Police,Merseyside Police,-3.035363,53.410686,On or near STOURTON STREET,E01007269,Wirral 010C,Suspect charged
491897d5cc116540b9480be89617ee786c91a31febfb70f689692da1b4fc3da2,2019-02,Merseyside Police,Merseyside Police,-3.044464,53.422931,On or near KENWYN ROAD,E01007217,Wirral 007D,Unable to prosecute suspect
5955920f858dc135780afebd2b239663718abf0428edb9eaa96fd794c58032b8,2019-02,Merseyside Police,Merseyside Police,-2.892122,53.493056,On or near THIRLMERE WALK,E01006458,Knowsley 002D,Suspect charged
5955920f858dc135780afebd2b239663718abf0428edb9eaa96fd794c58032b8,2019-02,Merseyside Police,Merseyside Police,-2.892122,53.493056,On or near THIRLMERE WALK,E01006458,Knowsley 002D,Suspect charged
3b7bc14f7493cf7716bbd574fd513b858a06d02a7608d43c6628b92359e0ad5a,2019-02,Merseyside Police,Merseyside Police,-2.978888,53.343224,On or near TERMINUS ROAD,E01007143,Wirral 036C,Suspect charged
8e27f7547404a5bc89d3f66cec9472b2b72b93803d8fd08a23ffbe7c92e69710,2019-02,Merseyside Police,Merseyside Police,-2.967077,53.457102,On or near HORNBY ROAD,E01006787,Liverpool 006A,Suspect charged
1eb8d4d9729628595687994ebe44f628be43fec33d47a233fb6a420bd35031fb,2019-02,Merseyside Police,Merseyside Police,-2.806755,53.417160,On or near CORONATION DRIVE,E01006461,Knowsley 007B,Suspect charged
1eb8d4d9729628595687994ebe44f628be43fec33d47a233fb6a420bd35031fb,2019-02,Merseyside Police,Merseyside Police,-2.806755,53.417160,On or near CORONATION DRIVE,E01006461,Knowsley 007B,Suspect charged
1eb8d4d9729628595687994ebe44f628be43fec33d47a233fb6a420bd35031fb,2019-02,Merseyside Police,Merseyside Police,-2.806755,53.417160,On or near CORONATION DRIVE,E01006461,Knowsley 007B,Suspect charged
1eb8d4d9729628595687994ebe44f628be43fec33d47a233fb6a420bd35031fb,2019-02,Merseyside Police,Merseyside Police,-2.806755,53.417160,On or near CORONATION DRIVE,E01006461,Knowsley 007B,Suspect charged
6f4dd4cb105b2f7a472930ad2f25fd8da702f28d648c3c91e8b726ac798f986f,2019-02,Merseyside Police,Merseyside Police,-2.851194,53.374604,On or near KILMORY AVENUE,E01006433,Knowsley 018D,Investigation complete; no suspect identified
a45501e2fc641d019102e6cd5883d6d47694c828dfba9ee0214e078760707f30,2019-02,Merseyside Police,Merseyside Police,-2.937284,53.402894,On or near COMBERMERE STREET,E01006720,Liverpool 035A,Unable to prosecute suspect
4a59115905b07256b37868427257489f465783a480817db0c305022ec96f4d68,2019-02,Merseyside Police,Merseyside Police,-2.786421,53.420064,On or near Hospital,E01006499,Knowsley 009E,Unable to prosecute suspect
5f309fd76ac45d4a12e68a9d6819f57f71ae09795090c4655aac27b0845d1542,2019-02,Merseyside Police,Merseyside Police,-2.936363,53.395917,On or near PORTMAN ROAD,E01006722,Liverpool 038D,Unable to prosecute suspect
9661459ff906c4d8748e4b73fa5cc269e1dd635f6f52c3f69cd1b10cf3c03311,2019-02,Merseyside Police,Merseyside Police,-2.878452,53.474146,On or near KERSEY ROAD,E01006435,Knowsley 005D,Suspect charged
a30f4ed997c95403da9612f171e6de3cc2c1d57172f54a9af01cf31ecd4f1565,2019-02,Merseyside Police,Merseyside Police,-2.972364,53.415593,On or near FIELD STREET,E01006646,Liverpool 023C,Unable to prosecute suspect
a30f4ed997c95403da9612f171e6de3cc2c1d57172f54a9af01cf31ecd4f1565,2019-02,Merseyside Police,Merseyside Police,-2.972364,53.415593,On or near FIELD STREET,E01006646,Liverpool 023C,Unable to prosecute suspect
a30f4ed997c95403da9612f171e6de3cc2c1d57172f54a9af01cf31ecd4f1565,2019-02,Merseyside Police,Merseyside Police,-2.972364,53.415593,On or near FIELD STREET,E01006646,Liverpool 023C,Unable to prosecute suspect
ab1404b6e14468625a702e2a2b74fbf6fb5e503ebba4040200314e8e0467217a,2019-02,Merseyside Police,Merseyside Police,-2.972364,53.415593,On or near FIELD STREET,E01006646,Liverpool 023C,Suspect charged
ab1404b6e14468625a702e2a2b74fbf6fb5e503ebba4040200314e8e0467217a,2019-02,Merseyside Police,Merseyside Police,-2.972364,53.415593,On or near FIELD STREET,E01006646,Liverpool 023C,Suspect charged
ab1404b6e14468625a702e2a2b74fbf6fb5e503ebba4040200314e8e0467217a,2019-02,Merseyside Police,Merseyside Police,-2.972364,53.415593,On or near FIELD STREET,E01006646,Liverpool 023C,Suspect charged
ab1404b6e14468625a702e2a2b74fbf6fb5e503ebba4040200314e8e0467217a,2019-02,Merseyside Police,Merseyside Police,-2.972364,53.415593,On or near FIELD STREET,E01006646,Liverpool 023C,Suspect charged
d5996cec5b031a7b842b930311f6ab19bc1149ae7b891db38829d1de6a3c13f3,2019-02,Merseyside Police,Merseyside Police,-2.988180,53.474745,On or near Sports/Recreation Area,E01006976,Sefton 033A,Unable to prosecute suspect
268605b37a47e17674f0b7cc549f7c5df11dff9116b79eceda92a506e7de3d0b,2019-02,Merseyside Police,Merseyside Police,-2.927956,53.399353,On or near COLVILLE STREET,E01006721,Liverpool 038C,Suspect charged
ac2c57f9f01423a04f8cec7967407faefddf1fa51680417a5778cebcd95f699c,2019-02,Merseyside Police,Merseyside Police,-2.966241,53.475994,On or near BOLDEN CLOSE,E01007048,Sefton 029A,Suspect charged
9c10a78a61d83273adc35a802b8d077d992407b7474fd3cc6ecfd7bbfaedeb4a,2019-02,Merseyside Police,Merseyside Police,-2.965465,53.447767,On or near Parking Area,E01006608,Liverpool 009A,Unable to prosecute suspect
d76c1edd41f65b5648e878f51b485974f2d68afd4162c9a1e9b968ca6f39e30b,2019-02,Merseyside Police,Merseyside Police,-2.952721,53.392345,On or near BRAHMS CLOSE,E01006674,Liverpool 039C,Suspect charged
344d856829fe5efb6b11fd00422f400c07f11c7dbadffb9f271b4c11fd1b9b6b,2019-02,Merseyside Police,Merseyside Police,-2.939901,53.399484,On or near SANDHEAD STREET,E01006720,Liverpool 035A,Unable to prosecute suspect
7b9766da2aa47cf3c4d4b9f7e1150a676eefb63fcaa1383009977f63da46b9c1,2019-02,Merseyside Police,Merseyside Police,-2.957059,53.389973,On or near KELVIN GROVE,E01006675,Liverpool 043C,Unable to prosecute suspect
9344d9bcdf4d1a07c579157fe8e2edbe0a88200b577c894d0f05a836e9bd8b3a,2019-02,Merseyside Police,Merseyside Police,-2.760968,53.437299,On or near FIR STREET,E01006903,St. Helens 019C,Unable to prosecute suspect
2dfe7d81ac837869386f61e35090ff1b63797d069efc7edafd212b0f5081dc5e,2019-02,Merseyside Police,Merseyside Police,-2.760968,53.437299,On or near FIR STREET,E01006903,St. Helens 019C,Unable to prosecute suspect
4a092e8c78c53179d6d888ad72d896a02a2114694a2ef6ecf4f73556aca9b547,2019-02,Merseyside Police,Merseyside Police,-2.940639,53.424045,On or near MARCH ROAD,E01006760,Liverpool 028E,Unable to prosecute suspect
4a092e8c78c53179d6d888ad72d896a02a2114694a2ef6ecf4f73556aca9b547,2019-02,Merseyside Police,Merseyside Police,-2.940639,53.424045,On or near MARCH ROAD,E01006760,Liverpool 028E,Unable to prosecute suspect
4a092e8c78c53179d6d888ad72d896a02a2114694a2ef6ecf4f73556aca9b547,2019-02,Merseyside Police,Merseyside Police,-2.940639,53.424045,On or near MARCH ROAD,E01006760,Liverpool 028E,Unable to prosecute suspect
16cf68196d38e8a7d08122202c24e8b8e47086e781d11d90957663f79197de95,2019-02,Merseyside Police,Merseyside Police,-2.984222,53.328959,On or near VALLEY ROAD,E01007136,Wirral 039B,Suspect charged
16cf68196d38e8a7d08122202c24e8b8e47086e781d11d90957663f79197de95,2019-02,Merseyside Police,Merseyside Police,-2.984222,53.328959,On or near VALLEY ROAD,E01007136,Wirral 039B,Suspect charged
d7f1d2a6d79527b9a78d82394089dce664e868130ebb801b678404865f056e10,2019-02,Merseyside Police,Merseyside Police,-3.095234,53.415752,On or near FRANKLIN ROAD,E01007204,Wirral 009A,Unable to prosecute suspect
d7f1d2a6d79527b9a78d82394089dce664e868130ebb801b678404865f056e10,2019-02,Merseyside Police,Merseyside Police,-3.095234,53.415752,On or near FRANKLIN ROAD,E01007204,Wirral 009A,Unable to prosecute suspect
44c18d5010dbda8ae8ba3b750a6a48afe407a9a48b4c136ed3a48c6b2b80d30a,2019-02,Merseyside Police,Merseyside Police,-3.095234,53.415752,On or near FRANKLIN ROAD,E01007204,Wirral 009A,Unable to prosecute suspect
1d31aac1b26ccad5e7f35c75206aff3f2ad99ab3c0986deedebd85a45188cfd4,2019-02,Merseyside Police,Merseyside Police,-3.095234,53.415752,On or near FRANKLIN ROAD,E01007204,Wirral 009A,Formal action is not in the public interest
dc296ab2b04d72cd4539e04518f599f3ac184adb48bbd0c841e28e0a2ff98aec,2019-02,Merseyside Police,Merseyside Police,-3.095234,53.415752,On or near FRANKLIN ROAD,E01007204,Wirral 009A,Unable to prosecute suspect
f19aff5ddf7ad0e3fbfa968c6bc269f1a67e1bcb92581a5ff1dba3d4385324f3,2019-02,Merseyside Police,Merseyside Police,-2.856419,53.422234,On or near WETHERBY COURT,E01006470,Knowsley 008E,Unable to prosecute suspect
82ed1594978893ccec3730d01ca3357d9c4166dc81f7f8344ada5b9d9403c11d,2019-02,Merseyside Police,Merseyside Police,-2.952721,53.392345,On or near BRAHMS CLOSE,E01006674,Liverpool 039C,Suspect charged
58676b02758d103a8f68f5d7e3936712d97514e1228aee426d01e1119e11d341,2019-02,Merseyside Police,Merseyside Police,-3.054453,53.391210,On or near ST AIDAN'S TERRACE,E01007160,Wirral 020B,Suspect charged
f9a204d4934775b584cfa4c1a8340ce54988219e23bf18f6d65a61eac8938817,2019-02,Merseyside Police,Merseyside Police,-2.988220,53.401872,On or near CANNING PLACE,E01033756,Liverpool 061C,Unable to prosecute suspect
4971fbbe088f922e404d572bcaffb8bc0b4075806263c4c9f71c4e186d00f84d,2019-02,Merseyside Police,Merseyside Police,-2.988220,53.401872,On or near CANNING PLACE,E01033756,Liverpool 061C,Unable to prosecute suspect
f655d046c822a4b80daf2930e843bdb15169555facb293dc7f63a54b568e7e67,2019-02,Merseyside Police,Merseyside Police,-2.988220,53.401872,On or near CANNING PLACE,E01033756,Liverpool 061C,Unable to prosecute suspect
e5c81aefb89900f1f03976ec977b1b49734a4bc454ea3bc35f9b5e6a4f1dc195,2019-02,Merseyside Police,Merseyside Police,-2.988220,53.401872,On or near CANNING PLACE,E01033756,Liverpool 061C,Unable to prosecute suspect
526a4f9789d5979299eff606f836b2400d832bc4e21770b5d61d9294b94bb9f3,2019-02,Merseyside Police,Merseyside Police,-2.988220,53.401872,On or near CANNING PLACE,E01033756,Liverpool 061C,Unable to prosecute suspect
c11fa4c6a149974d64430136fd7692363da9832eec247c0133da52eaa08a3213,2019-02,Merseyside Police,Merseyside Police,-2.866011,53.408457,On or near Pedestrian Subway,E01006472,Knowsley 014A,Investigation complete; no suspect identified
bc5a18d2ddabbd276f900c5bbf8b5419de49c811b85cf979af970b5f90d7078c,2019-02,Merseyside Police,Merseyside Police,-2.720698,53.453144,On or near TRAVERSE STREET,E01006873,St. Helens 014D,Suspect charged
bc5a18d2ddabbd276f900c5bbf8b5419de49c811b85cf979af970b5f90d7078c,2019-02,Merseyside Police,Merseyside Police,-2.720698,53.453144,On or near TRAVERSE STREET,E01006873,St. Helens 014D,Suspect charged
e012bcbbdd4da69f24f77cac6908392dca5fc28897c99962ed06bed895a5d6a9,2019-02,Merseyside Police,Merseyside Police,-2.948366,53.406105,On or near DURNING ROAD,E01033763,Liverpool 031G,Suspect charged
5bbb970e6a2b917966c7ca9730400e645ee4fee814418c7024754fda3d419733,2019-02,Merseyside Police,Merseyside Police,-2.683341,53.449660,On or near LUTHER GROVE,E01006816,St. Helens 017A,Suspect charged
5bbb970e6a2b917966c7ca9730400e645ee4fee814418c7024754fda3d419733,2019-02,Merseyside Police,Merseyside Police,-2.683341,53.449660,On or near LUTHER GROVE,E01006816,St. Helens 017A,Suspect charged
2901ad5d07f9499718b32c481dd71f8d563775ddec9341ed73d70c04009258b8,2019-02,Merseyside Police,Merseyside Police,-2.961358,53.411233,On or near HOLBORN STREET,E01006747,Liverpool 031B,Investigation complete; no suspect identified
32038b7a94159f04b9e20aeddf6ff31114dba70239d6dd7063ad6e92aa0cb83d,2019-02,Merseyside Police,Merseyside Police,-2.952721,53.392345,On or near BRAHMS CLOSE,E01006674,Liverpool 039C,Suspect charged
9023771e8c7eeec45d59465f22c6928d85866a5473ebecee38c665eb1a4b758a,2019-02,Merseyside Police,Merseyside Police,-2.936402,53.425076,On or near DORSET ROAD,E01006764,Liverpool 020D,Unable to prosecute suspect
af76cb604f0b757cfc3cadc0696115560d174ff8669d4276f33d6848cc2401eb,2019-02,Merseyside Police,Merseyside Police,-2.936402,53.425076,On or near DORSET ROAD,E01006764,Liverpool 020D,Investigation complete; no suspect identified
37d5cd28c67a80a870443dfd7c6998c172c595f0f60c8299913478743766a87b,2019-02,Merseyside Police,Merseyside Police,-2.919754,53.408181,On or near OCEANIC ROAD,E01006716,Liverpool 032E,Suspect charged
ee54b881cbe8eaf17a34e360dbe5f2e76e7d962a6cc92dc5825c78192fd470b8,2019-02,Merseyside Police,Merseyside Police,-2.965638,53.400277,On or near BEDFORD CLOSE,E01033757,Liverpool 037E,Unable to prosecute suspect
ee54b881cbe8eaf17a34e360dbe5f2e76e7d962a6cc92dc5825c78192fd470b8,2019-02,Merseyside Police,Merseyside Police,-2.965638,53.400277,On or near BEDFORD CLOSE,E01033757,Liverpool 037E,Unable to prosecute suspect
ee54b881cbe8eaf17a34e360dbe5f2e76e7d962a6cc92dc5825c78192fd470b8,2019-02,Merseyside Police,Merseyside Police,-2.965638,53.400277,On or near BEDFORD CLOSE,E01033757,Liverpool 037E,Unable to prosecute suspect
260ad4ab3640b4a67d2749fb52bfeef5062542bed953516fd64c4625667ef3f8,2019-02,Merseyside Police,Merseyside Police,-2.965638,53.400277,On or near BEDFORD CLOSE,E01033757,Liverpool 037E,Unable to prosecute suspect
7567bb1cbecd0e7adcfbad3575bfc185b1d4fb7b820dd3821082f30d900b4ea8,2019-02,Merseyside Police,Merseyside Police,-2.964937,53.443717,On or near NEWBURN STREET,E01006610,Liverpool 009C,Unable to prosecute suspect
7567bb1cbecd0e7adcfbad3575bfc185b1d4fb7b820dd3821082f30d900b4ea8,2019-02,Merseyside Police,Merseyside Police,-2.964937,53.443717,On or near NEWBURN STREET,E01006610,Liverpool 009C,Unable to prosecute suspect
449772e9aba99e61cb847386bf4fc14b73a1a55d5bcf8529b9afd3d62a7c21c5,2019-02,Merseyside Police,Merseyside Police,-3.030475,53.391447,On or near EXMOUTH GARDENS,E01007127,Wirral 016B,Unable to prosecute suspect
79a5da2e3d8afc30531648f726957dab2946933d2db98799112dfd2c301dd2b6,2019-02,Merseyside Police,Merseyside Police,-3.044867,53.420365,On or near LISCARD VILLAGE,E01007217,Wirral 007D,Suspect charged
79a5da2e3d8afc30531648f726957dab2946933d2db98799112dfd2c301dd2b6,2019-02,Merseyside Police,Merseyside Police,-3.044867,53.420365,On or near LISCARD VILLAGE,E01007217,Wirral 007D,Suspect charged
3afd7ab833462afaea9a9e210b3831f48a6d4316b7f676eb6df5325c2b959b32,2019-02,Merseyside Police,Merseyside Police,-2.958029,53.382261,On or near MALEY CLOSE,E01006678,Liverpool 044E,Unable to prosecute suspect
3e79cc7527d63b769ca4aa5ec1181801a7517c7ccf03faa52b5fa4aeafabbe86,2019-02,Merseyside Police,Merseyside Police,-2.997989,53.462556,On or near BEECHWOOD ROAD,E01007013,Sefton 036E,Suspect charged
3e79cc7527d63b769ca4aa5ec1181801a7517c7ccf03faa52b5fa4aeafabbe86,2019-02,Merseyside Police,Merseyside Police,-2.997989,53.462556,On or near BEECHWOOD ROAD,E01007013,Sefton 036E,Suspect charged
5d8fa597909673a4ce2c9c2f998e98fa251a3f269d323a03ef7edbaac4c4738a,2019-02,Merseyside Police,Merseyside Police,-2.953362,53.464727,On or near LONG AVENUE,E01006657,Liverpool 002C,Suspect charged
ebdfbdcbe88a332c0e593f389af339bd56e5add9b63c57b2a952817b4199f444,2019-02,Merseyside Police,Merseyside Police,-2.913027,53.415055,On or near WOODHALL ROAD,E01006713,Liverpool 029E,Unable to prosecute suspect
a52780c2a15ce8609f13b9e260756ca59793d4e3cc7b4a1c5a066bef7af4a627,2019-02,Merseyside Police,Merseyside Police,-3.059195,53.400481,On or near ARKLE ROAD,E01007122,Wirral 011C,Suspect charged
a52780c2a15ce8609f13b9e260756ca59793d4e3cc7b4a1c5a066bef7af4a627,2019-02,Merseyside Police,Merseyside Police,-3.059195,53.400481,On or near ARKLE ROAD,E01007122,Wirral 011C,Suspect charged
933810033f4b178ba019d3a43d994d59ded4d86ea2fe26d9e53883c3f3f3ce24,2019-02,Merseyside Police,Merseyside Police,-2.835945,53.338163,On or near HALE ROAD,E01006739,Liverpool 058B,Suspect charged
933810033f4b178ba019d3a43d994d59ded4d86ea2fe26d9e53883c3f3f3ce24,2019-02,Merseyside Police,Merseyside Police,-2.835945,53.338163,On or near HALE ROAD,E01006739,Liverpool 058B,Suspect charged
684acb3167f91c350029b45ee9b5c985f0816cc11f4293de73ec0167b653541b,2019-02,Merseyside Police,Merseyside Police,-3.024064,53.407538,On or near WOODVIEW AVENUE,E01007274,Wirral 008C,Suspect charged
21c8884e9f43e4861cec801bb3bb3344b7f094c612499f4bb87aaf7cde4b0f2f,2019-02,Merseyside Police,Merseyside Police,-2.737123,53.453817,On or near COTHAM STREET,E01006872,St. Helens 014C,Suspect charged
21c8884e9f43e4861cec801bb3bb3344b7f094c612499f4bb87aaf7cde4b0f2f,2019-02,Merseyside Police,Merseyside Police,-2.737123,53.453817,On or near COTHAM STREET,E01006872,St. Helens 014C,Suspect charged
21c8884e9f43e4861cec801bb3bb3344b7f094c612499f4bb87aaf7cde4b0f2f,2019-02,Merseyside Police,Merseyside Police,-2.737123,53.453817,On or near COTHAM STREET,E01006872,St. Helens 014C,Suspect charged
6998679ff434e6994a6b9e63acc35ff11314ea02d8387c94590ecad58aa92c81,2019-02,Merseyside Police,Merseyside Police,-3.031395,53.392841,On or near HILTON CLOSE,E01007127,Wirral 016B,Unable to prosecute suspect
6de323c4ec2b3f33a699b1714617e9619dde85de69c6ebd4fe29ee39ed631aa6,2019-02,Merseyside Police,Merseyside Police,-3.031395,53.392841,On or near HILTON CLOSE,E01007127,Wirral 016B,Unable to prosecute suspect
46cfbec42865e9f3288d6a20ee845647750a8352ee10a9f52c9906c544872651,2019-02,Merseyside Police,Merseyside Police,-2.778236,53.425079,On or near ARISS GROVE,E01006498,Knowsley 009D,Unable to prosecute suspect
a848b79e0452cf51ac18ca2c8a3771d9c35f1e6027a947fdcb9dc5c64e10e216,2019-02,Merseyside Police,Merseyside Police,-3.020911,53.392725,On or near ADELPHI STREET,E01007128,Wirral 016C,Suspect charged
40f9933af3f5a0abcab15118a885033dc5b1024cc58c78e9c33cca5dec1d18fc,2019-02,Merseyside Police,Merseyside Police,-3.024064,53.407538,On or near WOODVIEW AVENUE,E01007274,Wirral 008C,Suspect charged
237a1fbfe8c508582b175b51ee72590dde4b3ebe45df08dbd7d83ee24ea42561,2019-02,Merseyside Police,Merseyside Police,-2.702515,53.438142,On or near CARNEGIE CRESCENT,E01006844,St. Helens 020A,Unable to prosecute suspect
237a1fbfe8c508582b175b51ee72590dde4b3ebe45df08dbd7d83ee24ea42561,2019-02,Merseyside Police,Merseyside Police,-2.702515,53.438142,On or near CARNEGIE CRESCENT,E01006844,St. Helens 020A,Unable to prosecute suspect
237a1fbfe8c508582b175b51ee72590dde4b3ebe45df08dbd7d83ee24ea42561,2019-02,Merseyside Police,Merseyside Police,-2.702515,53.438142,On or near CARNEGIE CRESCENT,E01006844,St. Helens 020A,Unable to prosecute suspect
237a1fbfe8c508582b175b51ee72590dde4b3ebe45df08dbd7d83ee24ea42561,2019-02,Merseyside Police,Merseyside Police,-2.702515,53.438142,On or near CARNEGIE CRESCENT,E01006844,St. Helens 020A,Unable to prosecute suspect
d3b77c43a760ecb62e28b8dc1e68a8530de7af7b0a9d07225f466a3ecb4330d2,2019-02,Merseyside Police,Merseyside Police,-2.972740,53.669593,On or near MARSHSIDE ROAD,E01006948,Sefton 003B,Unable to prosecute suspect
72614a726c9679e3dba2791f7b8f04e294b116d2fd93efc8f48bd40beceb4104,2019-02,Merseyside Police,Merseyside Police,-2.981499,53.403914,On or near ROE ALLEY,E01033756,Liverpool 061C,Suspect charged
2e856f2a9473d435c27a261d5b489b5f9e95d3e3c9e043f78ccdf053f12eb196,2019-02,Merseyside Police,Merseyside Police,-2.906546,53.451284,On or near GALEMEADE,E01006662,Liverpool 004B,Investigation complete; no suspect identified
3115d0118d64e8ba1c355db9275f266958323bb5755085ea3092a4cf760dcc0f,2019-02,Merseyside Police,Merseyside Police,-2.967238,53.430386,On or near GOSCHEN STREET,E01006558,Liverpool 018B,Suspect charged
3115d0118d64e8ba1c355db9275f266958323bb5755085ea3092a4cf760dcc0f,2019-02,Merseyside Police,Merseyside Police,-2.967238,53.430386,On or near GOSCHEN STREET,E01006558,Liverpool 018B,Suspect charged
79d64e0effa084638cdc196f75b06a037ba85f68097e45fe036a7e5030ae15f8,2019-02,Merseyside Police,Merseyside Police,-2.962998,53.394626,On or near NORTHBROOK STREET,E01006679,Liverpool 039D,Investigation complete; no suspect identified
60f48f96ac588bb574535e985d1ba49c806f4d629f12f85cb0cc85d786393182,2019-02,Merseyside Police,Merseyside Police,-3.025802,53.392853,On or near Parking Area,E01007126,Wirral 016A,Suspect charged
60f48f96ac588bb574535e985d1ba49c806f4d629f12f85cb0cc85d786393182,2019-02,Merseyside Police,Merseyside Police,-3.025802,53.392853,On or near Parking Area,E01007126,Wirral 016A,Suspect charged
60f48f96ac588bb574535e985d1ba49c806f4d629f12f85cb0cc85d786393182,2019-02,Merseyside Police,Merseyside Police,-3.025802,53.392853,On or near Parking Area,E01007126,Wirral 016A,Suspect charged
60f48f96ac588bb574535e985d1ba49c806f4d629f12f85cb0cc85d786393182,2019-02,Merseyside Police,Merseyside Police,-3.025802,53.392853,On or near Parking Area,E01007126,Wirral 016A,Suspect charged
83f28109357d5724b0cb2af3c23bacbbe5956b36317a1bfd484a168b497b2e10,2019-02,Merseyside Police,Merseyside Police,-2.703942,53.434332,On or near GRIFFIN STREET,E01006844,St. Helens 020A,Unable to prosecute suspect
8727a10a451f7991422f7c180f2027997232f949934e1a6138e8b5d855709bca,2019-02,Merseyside Police,Merseyside Police,-2.919648,53.449270,On or near COTTESBROOK CLOSE,E01006734,Liverpool 005C,Unable to prosecute suspect
674199e0aa9371a7c6a596ba87f9658c36cc1c0348ad065e955fddbe71d3a62d,2019-02,Merseyside Police,Merseyside Police,-2.850139,53.362377,On or near BALSHAM CLOSE,E01006431,Knowsley 020D,Suspect charged
674199e0aa9371a7c6a596ba87f9658c36cc1c0348ad065e955fddbe71d3a62d,2019-02,Merseyside Police,Merseyside Police,-2.850139,53.362377,On or near BALSHAM CLOSE,E01006431,Knowsley 020D,Suspect charged
bd1b1bfc85061273ff7dd83e3d46fab4651ec36af552733eb3bfe5ee60fe781e,2019-02,Merseyside Police,Merseyside Police,-2.990657,53.442652,On or near WADHAM ROAD,E01007010,Sefton 037E,Offender given a caution
90e32d48b7240e76b8f3a907e9634dc8cc189037e3f375f8a8818dac3ee7efc0,2019-02,Merseyside Police,Merseyside Police,-3.067115,53.404429,On or near HILLBURN DRIVE,E01007121,Wirral 011B,Suspect charged
90e32d48b7240e76b8f3a907e9634dc8cc189037e3f375f8a8818dac3ee7efc0,2019-02,Merseyside Police,Merseyside Police,-3.067115,53.404429,On or near HILLBURN DRIVE,E01007121,Wirral 011B,Suspect charged
09421a019c03bbe0e6c9e6ecd1e5294c06b3d1bd6f9b7a31ecad7b9a5b428d52,2019-02,Merseyside Police,Merseyside Police,-2.976574,53.340582,On or near Petrol Station,E01007135,Wirral 039A,Suspect charged
04208e4d53acdd4de21d90aaddea488d10dee9b6a690249e70acaa258291d0ef,2019-02,Merseyside Police,Merseyside Police,-2.976861,53.404365,On or near UPPER NEWINGTON,E01033756,Liverpool 061C,Suspect charged
6c5334df1123a377cb6a9b4db29f81c12c17b9994aa15ee76a32d3f6efea7799,2019-02,Merseyside Police,Merseyside Police,-2.992930,53.472306,On or near KENT AVENUE,E01006976,Sefton 033A,Unable to prosecute suspect
3e59395cf90f79c7ec6ec827837e8b3dbec0a93a7798213e4a5502aa53d359fd,2019-02,Merseyside Police,Merseyside Police,-2.998960,53.646070,On or near Supermarket,E01006969,Sefton 004D,Suspect charged
9c61d12a7b8ac6d907a2c219df55fa21bf300fe023e46b9a40b9891cf88f6090,2019-02,Merseyside Police,Merseyside Police,-3.099359,53.329482,On or near Parking Area,E01007182,Wirral 037A,Unable to prosecute suspect
9c61d12a7b8ac6d907a2c219df55fa21bf300fe023e46b9a40b9891cf88f6090,2019-02,Merseyside Police,Merseyside Police,-3.099359,53.329482,On or near Parking Area,E01007182,Wirral 037A,Unable to prosecute suspect
dd1b006abfd53b182fb3686b02f553ed1bd1f067b60bce4c690be52f76474a4f,2019-02,Merseyside Police,Merseyside Police,-2.937121,53.468694,On or near LONGMOOR LANE,E01006655,Liverpool 001C,Unable to prosecute suspect
dd1b006abfd53b182fb3686b02f553ed1bd1f067b60bce4c690be52f76474a4f,2019-02,Merseyside Police,Merseyside Police,-2.937121,53.468694,On or near LONGMOOR LANE,E01006655,Liverpool 001C,Unable to prosecute suspect
2f69d92aaa868f23325f686d0a4317035095a9910de6ba351dc2252787181127,2019-02,Merseyside Police,Merseyside Police,-2.882018,53.449230,On or near THORNBECK CLOSE,E01006670,Liverpool 007E,Unable to prosecute suspect
4eb045bdf1552e4a29f19ae575c336f3b38ed13fe3648c85aa9f8e1201462e42,2019-02,Merseyside Police,Merseyside Police,-2.758841,53.414256,On or near KINGSDALE AVENUE,E01006888,St. Helens 023A,Unable to prosecute suspect
ea0933ab36f3866328313165c2e16d94b62d8dc6eabdb8701219fbc30b5bd949,2019-02,Merseyside Police,Merseyside Police,-2.909262,53.414203,On or near PRESCOT ROAD,E01006573,Liverpool 029C,Suspect charged
351c1a7602e261f4cc78cfadd694096f791ae66b296ec179c6758682f12cbb4e,2019-02,Merseyside Police,Merseyside Police,-3.024588,53.416828,On or near SANDON ROAD,E01007277,Wirral 008D,Suspect charged
938d6535f4dbbba8fd189d58f9019fe7c68d267b440690b5df3f930e80431098,2019-02,Merseyside Police,Merseyside Police,-3.034092,53.487255,On or near MERSEY ROAD,E01007109,Sefton 028E,Suspect charged
69c921d4ac3df223e2a8393d67237fc770cd5bb24382e6f4e9405202036e6b45,2019-02,Merseyside Police,Merseyside Police,-2.909262,53.414203,On or near PRESCOT ROAD,E01006573,Liverpool 029C,Suspect charged
2055acf79e81a047339093a559f721d52f120d18ab04bda29345df6f12017977,2019-02,Merseyside Police,Merseyside Police,-2.907431,53.376212,On or near ABBOTTSHEY AVENUE,E01006689,Liverpool 049D,Unable to prosecute suspect
87d74343209cc87a371be70270bb2b01cbf32617adf71884a890569b098a2cb8,2019-02,Merseyside Police,Merseyside Police,-2.966416,53.449853,On or near ARTHUR STREET,E01006790,Liverpool 006C,Suspect charged
edf662f4483ba1724c05d7e46a16251a3b49172a4579398b31cb7f292c1a4b1e,2019-02,Merseyside Police,Merseyside Police,-2.922171,53.418347,On or near GREEN LANE,E01006718,Liverpool 027E,Suspect charged
8ca14c8c671e4b7b0d5c68cb984f1e57221ab32a0a9ba86848fc28eb754bff50,2019-02,Merseyside Police,Merseyside Police,-2.989746,53.407999,On or near EBERLE STREET,E01033752,Liverpool 062B,Suspect charged
6fe555dbb8ed16a8b474413779210170ca1ec0287e7548b4374624a0b4cc58d7,2019-02,Merseyside Police,Merseyside Police,-3.060117,53.404922,On or near PATRICIA AVENUE,E01007121,Wirral 011B,Suspect charged
fd69d83ac3ab958adc61a2b95d142b86cc2758b582a1ca0c2accf7aab3dfc102,2019-02,Merseyside Police,Merseyside Police,-3.071862,53.377275,On or near Sports/Recreation Area,E01007163,Wirral 024A,Suspect charged
c6263588ddbc9dc30901dec55972a33c3e658c28a0f037a96be19b46d655972b,2019-02,Merseyside Police,Merseyside Police,-2.953108,53.426472,On or near ST ANDREW ROAD,E01006547,Liverpool 019C,Suspect charged
3cd08d9914b3083c88421d3985410290ed874b65be0a3425290e80e3be12033a,2019-02,Merseyside Police,Merseyside Police,-3.059456,53.401917,On or near ST JAMES ROAD,E01007123,Wirral 011D,Suspect charged
3cd08d9914b3083c88421d3985410290ed874b65be0a3425290e80e3be12033a,2019-02,Merseyside Police,Merseyside Police,-3.059456,53.401917,On or near ST JAMES ROAD,E01007123,Wirral 011D,Suspect charged
f3d3f31d75a7cef4c9a4d5bd95d8288fd36372cdeb4231d4f1e3103b238e0cab,2019-02,Merseyside Police,Merseyside Police,-3.088775,53.377302,On or near ORRET'S MEADOW ROAD,E01007257,Wirral 025C,Unable to prosecute suspect
f3d3f31d75a7cef4c9a4d5bd95d8288fd36372cdeb4231d4f1e3103b238e0cab,2019-02,Merseyside Police,Merseyside Police,-3.088775,53.377302,On or near ORRET'S MEADOW ROAD,E01007257,Wirral 025C,Unable to prosecute suspect
a3e6d9867988cf30a76fde6445566d860ad208076fbed85d2351b699a5768051,2019-02,Merseyside Police,Merseyside Police,-3.017695,53.394064,On or near HAMILTON LANE,E01007126,Wirral 016A,Unable to prosecute suspect
a3e6d9867988cf30a76fde6445566d860ad208076fbed85d2351b699a5768051,2019-02,Merseyside Police,Merseyside Police,-3.017695,53.394064,On or near HAMILTON LANE,E01007126,Wirral 016A,Unable to prosecute suspect
420aec4537058ba4b0cbf5f5837fc58fc7eec7aedef07ac4d1bd99c68620eba1,2019-02,Merseyside Police,Merseyside Police,-3.086644,53.379245,On or near NEWBRIDGE CLOSE,E01007303,Wirral 025D,Unable to prosecute suspect
861508a92a02370af5bbfd06029fdc59912507bbe06cd1b1a9c1f03e8ce774ff,2019-02,Merseyside Police,Merseyside Police,-2.755208,53.451196,On or near SILKSTONE STREET,E01006834,St. Helens 012B,Unable to prosecute suspect
0eb0d687848b33daafc11f0a6484a6c53d1afff511ed9a59e7679cba34525b85,2019-02,Merseyside Police,Merseyside Police,-2.755208,53.451196,On or near SILKSTONE STREET,E01006834,St. Helens 012B,Unable to prosecute suspect
afe276151231dfee9b1d7a52546f4e2faf5fa93812289957b0353a1e0dbdf11b,2019-02,Merseyside Police,Merseyside Police,-3.028194,53.358612,On or near LINKSIDE,E01007113,Wirral 032C,Suspect charged
afe276151231dfee9b1d7a52546f4e2faf5fa93812289957b0353a1e0dbdf11b,2019-02,Merseyside Police,Merseyside Police,-3.028194,53.358612,On or near LINKSIDE,E01007113,Wirral 032C,Suspect charged
9a5f89ccf1fa7429732f9c8e24c5ca6a252fa2f53496bd51df4c4ea456ded9a4,2019-02,Merseyside Police,Merseyside Police,-2.826350,53.416621,On or near HOMESTEAD CLOSE,E01006482,Knowsley 011B,Suspect charged
507fb613da1f5958f6a162f75215677536ad00d29bea28af3f76b8dbab54c2a1,2019-02,Merseyside Police,Merseyside Police,-3.080891,53.553682,On or near SPRINGFIELD CLOSE,E01006991,Sefton 015A,Suspect charged
507fb613da1f5958f6a162f75215677536ad00d29bea28af3f76b8dbab54c2a1,2019-02,Merseyside Police,Merseyside Police,-3.080891,53.553682,On or near SPRINGFIELD CLOSE,E01006991,Sefton 015A,Suspect charged
e6d82af80bf1642bf8d910bdd0aca45fc3be7a440cc73f648f06e5075ae66387,2019-02,Merseyside Police,Merseyside Police,-3.025074,53.395098,On or near ROBERT STREET,E01007126,Wirral 016A,Suspect charged
e6d82af80bf1642bf8d910bdd0aca45fc3be7a440cc73f648f06e5075ae66387,2019-02,Merseyside Police,Merseyside Police,-3.025074,53.395098,On or near ROBERT STREET,E01007126,Wirral 016A,Suspect charged
e6d82af80bf1642bf8d910bdd0aca45fc3be7a440cc73f648f06e5075ae66387,2019-02,Merseyside Police,Merseyside Police,-3.025074,53.395098,On or near ROBERT STREET,E01007126,Wirral 016A,Suspect charged
7103c33a2d8133c43f881037399a5b266e1b807e441906e5defd20cdb98336fb,2019-02,Merseyside Police,Merseyside Police,-2.709335,53.415603,On or near FRENCHFIELD STREET,E01006898,St. Helens 022A,Unable to prosecute suspect
9f6fa750b4a732c711b397798038a1e67deda781c8fb7644d2d0d3b4f9d25883,2019-02,Merseyside Police,Merseyside Police,-2.965768,53.441867,On or near CITY ROAD,E01006614,Liverpool 012B,Unable to prosecute suspect
f53034882b6597442d9b565f90c9bed25b596ea11daa6c7c9cf9f1de5006b91b,2019-02,Merseyside Police,Merseyside Police,-3.042872,53.439044,On or near WATERLOO ROAD,E01007238,Wirral 001E,Unable to prosecute suspect
6e2a28828aad96b5eb1c4f527dec44ab93feb5deb09dde9e032fb8e4c9f7f5a3,2019-02,Merseyside Police,Merseyside Police,-2.714474,53.455554,On or near RECREATION STREET,E01006873,St. Helens 014D,Unable to prosecute suspect
df4a5fe89a4d3f5eb6f0ea5b44b3953c5632966554e689dca3adf1fb8532a0d5,2019-02,Merseyside Police,Merseyside Police,-2.632409,53.449177,On or near GROSVENOR GARDENS,E01006860,St. Helens 015E,Unable to prosecute suspect
e4089e7ff52249c4e76668bfd6e493ad11e3f9710f9d61031d58a93ce5929e3b,2019-02,Merseyside Police,Merseyside Police,-2.632409,53.449177,On or near GROSVENOR GARDENS,E01006860,St. Helens 015E,Unable to prosecute suspect
d54348b86103f6b41e4aa32c22e8db2aeed554a437553d702b43a1ac1e2defa0,2019-02,Merseyside Police,Merseyside Police,-2.967862,53.449203,On or near LANCASTER STREET,E01006790,Liverpool 006C,Unable to prosecute suspect
ba9c6b10c95d15104a2af36a627658fb01af0a3a65bd39547dd451a1df04ab8d,2019-02,Merseyside Police,Merseyside Police,-2.932400,53.431301,On or near FINVOY ROAD,E01006763,Liverpool 020C,Unable to prosecute suspect
ba9c6b10c95d15104a2af36a627658fb01af0a3a65bd39547dd451a1df04ab8d,2019-02,Merseyside Police,Merseyside Police,-2.932400,53.431301,On or near FINVOY ROAD,E01006763,Liverpool 020C,Unable to prosecute suspect
876ef4390db0470a180164f326a2be438e9fcb54022db3941a10d961ba75dc48,2019-02,Merseyside Police,Merseyside Police,-2.967862,53.449203,On or near LANCASTER STREET,E01006790,Liverpool 006C,Unable to prosecute suspect
6c52116e5a2a4d87746c5f97698f0e49f72a8135bc588bb75b12a67a3f72f69d,2019-02,Merseyside Police,Merseyside Police,-2.967862,53.449203,On or near LANCASTER STREET,E01006790,Liverpool 006C,Unable to prosecute suspect
2b910486f325c12874e8580bc0bc4b2e7c3fde3c1b257f0c22d4dcec3355098c,2019-02,Merseyside Police,Merseyside Police,-3.088013,53.379286,On or near POOLWOOD ROAD,E01007300,Wirral 019D,Unable to prosecute suspect
1d84272450ec7c36e01e72739f09f9cc74081081a00ae0be612b6df2e2eae56b,2019-02,Merseyside Police,Merseyside Police,-2.732216,53.432894,On or near THE SCORE,E01006912,St. Helens 019G,Unable to prosecute suspect
67468c51d5a307b6c2c53a043d7cea70859a4ae3741e6bd7293e070e3e585f91,2019-02,Merseyside Police,Merseyside Police,-3.030984,53.384521,On or near LARCH ROAD,E01007130,Wirral 021A,Suspect charged
3972c78e4668f0ba9e514ebb1645824a83f086db8507bc4de7e3665c2902db65,2019-02,Merseyside Police,Merseyside Police,-3.088013,53.379286,On or near POOLWOOD ROAD,E01007300,Wirral 019D,Unable to prosecute suspect
c7d50b08910cf1177b6f068c6aae841422f56eb34f3ccb28e424f89997252e1a,2019-02,Merseyside Police,Merseyside Police,-3.009936,53.460756,On or near BELLINI CLOSE,E01007005,Sefton 034B,Suspect charged
c7d50b08910cf1177b6f068c6aae841422f56eb34f3ccb28e424f89997252e1a,2019-02,Merseyside Police,Merseyside Police,-3.009936,53.460756,On or near BELLINI CLOSE,E01007005,Sefton 034B,Suspect charged
c7d50b08910cf1177b6f068c6aae841422f56eb34f3ccb28e424f89997252e1a,2019-02,Merseyside Police,Merseyside Police,-3.009936,53.460756,On or near BELLINI CLOSE,E01007005,Sefton 034B,Suspect charged
3b6be994f549abc818774841b8794b8f39a20ff8635e42758d150f5231b99ea0,2019-02,Merseyside Police,Merseyside Police,-2.959881,53.463884,On or near WEIGHTMAN GROVE,E01006782,Liverpool 003B,Suspect charged
1d0652433fc8f931851bc5d213a97ea6d91124a54fc3f643c46566f7540bf893,2019-02,Merseyside Police,Merseyside Police,-2.979600,53.406392,On or near ELLIOT STREET,E01033760,Liverpool 060C,Unable to prosecute suspect
8e5427e6eadf9c66830051b30afd67f9b4db9db0398dd982fe3d690b3c4bb330,2019-02,Merseyside Police,Merseyside Police,-3.029351,53.491890,On or near CENTURY ROAD,E01006939,Sefton 022D,Suspect charged
11bd19e6c13726f7f2bc1f1d31b7746658ba7e0686c90562c67432cc8049be02,2019-02,Merseyside Police,Merseyside Police,-3.029925,53.490671,On or near VERMONT ROAD,E01006939,Sefton 022D,Suspect charged
eefea57f0faee3fad9d84aef8edf562304fac12e6d601292f23b499a5d520085,2019-02,Merseyside Police,Merseyside Police,-2.833320,53.356779,On or near GEORGIAN CLOSE,E01006432,Knowsley 020E,Suspect charged
eefea57f0faee3fad9d84aef8edf562304fac12e6d601292f23b499a5d520085,2019-02,Merseyside Police,Merseyside Police,-2.833320,53.356779,On or near GEORGIAN CLOSE,E01006432,Knowsley 020E,Suspect charged
eefea57f0faee3fad9d84aef8edf562304fac12e6d601292f23b499a5d520085,2019-02,Merseyside Police,Merseyside Police,-2.833320,53.356779,On or near GEORGIAN CLOSE,E01006432,Knowsley 020E,Suspect charged
eefea57f0faee3fad9d84aef8edf562304fac12e6d601292f23b499a5d520085,2019-02,Merseyside Police,Merseyside Police,-2.833320,53.356779,On or near GEORGIAN CLOSE,E01006432,Knowsley 020E,Suspect charged
68ea84c4faa1d9d5ad8ca59e72865e6fea506fa5eb29a6265ceaeb23dc89c1af,2019-02,Merseyside Police,Merseyside Police,-2.932404,53.425989,On or near OSBORNE ROAD,E01006764,Liverpool 020D,Unable to prosecute suspect
7e761590f88749fd87455b1cedaf84cf40f6d42f37f0c64d765c14cb764bb40a,2019-02,Merseyside Police,Merseyside Police,-2.951538,53.524544,On or near BELL'S CLOSE,E01007069,Sefton 017C,Unable to prosecute suspect
ae8731793ae18fd274ab3f703e9228ee577edf4ab81e2d0fe2f4f8716f73e11b,2019-02,Merseyside Police,Merseyside Police,-2.936976,53.459382,On or near DYSON HALL DRIVE,E01006659,Liverpool 005B,Suspect charged
2e049d1af5d53e310aad55390f13fb70b7a20a589a9b4afe8797cb318bc40481,2019-02,Merseyside Police,Merseyside Police,-3.104609,53.402470,On or near HOYLAKE ROAD,E01007208,Wirral 012A,Suspect charged
2e049d1af5d53e310aad55390f13fb70b7a20a589a9b4afe8797cb318bc40481,2019-02,Merseyside Police,Merseyside Police,-3.104609,53.402470,On or near HOYLAKE ROAD,E01007208,Wirral 012A,Suspect charged
2e049d1af5d53e310aad55390f13fb70b7a20a589a9b4afe8797cb318bc40481,2019-02,Merseyside Police,Merseyside Police,-3.104609,53.402470,On or near HOYLAKE ROAD,E01007208,Wirral 012A,Suspect charged
2e049d1af5d53e310aad55390f13fb70b7a20a589a9b4afe8797cb318bc40481,2019-02,Merseyside Police,Merseyside Police,-3.104609,53.402470,On or near HOYLAKE ROAD,E01007208,Wirral 012A,Suspect charged
c429ed0c11e52f4fcca9be921669c046136b70d038f6e950d03c875d852f3d2b,2019-02,Merseyside Police,Merseyside Police,-2.985188,53.407335,On or near Theatre/Concert Hall,E01033760,Liverpool 060C,Unable to prosecute suspect
eac81689b419ffded66d292c9db6e9f67dfd4f1ba28a1c820b13293c06072b0f,2019-02,Merseyside Police,Merseyside Police,-2.975260,53.443489,On or near MARGARET ROAD,E01006961,Sefton 038B,Suspect charged
46a3b596648fe791af29e4246293b285403ad5d43e80963ca09db2cb8fab5fbe,2019-02,Merseyside Police,Merseyside Police,-2.980826,53.402122,On or near SLATER PLACE,E01033761,Liverpool 060D,Suspect charged
46a3b596648fe791af29e4246293b285403ad5d43e80963ca09db2cb8fab5fbe,2019-02,Merseyside Police,Merseyside Police,-2.980826,53.402122,On or near SLATER PLACE,E01033761,Liverpool 060D,Suspect charged
b48f70c6a62afcb8616955806ede534e65079db95c8be573e333d570a572ac4f,2019-02,Merseyside Police,Merseyside Police,-2.980993,53.401536,On or near DUKE STREET,E01033761,Liverpool 060D,Unable to prosecute suspect
12947f377ed7a335c6cbf91d9a5be17228967de9d76fd360e8f7b4e829c3bc33,2019-02,Merseyside Police,Merseyside Police,-2.675386,53.493021,On or near SMOCK LANE,E01006809,St. Helens 003D,Unable to prosecute suspect
20d495c20a68053a5d3fedc575dd536bcd31f1b56b54c1617324b26ba8e4a129,2019-02,Merseyside Police,Merseyside Police,-3.015494,53.634704,On or near WELD PARADE,E01006972,Sefton 009D,Unable to prosecute suspect
98e348cd6dabe1fc5c3eb4d7387a38a955bbf4ceb474ec47abe05a66b2da5066,2019-02,Merseyside Police,Merseyside Police,-3.024956,53.480898,On or near ASHLAR ROAD,E01007102,Sefton 030D,Unable to prosecute suspect
eda32d435a07426a6d247a42da681958169eb4ac8b407ffd6a2054046e0a4bbf,2019-02,Merseyside Police,Merseyside Police,-3.014539,53.469976,On or near CHESNUT ROAD,E01006952,Sefton 032A,Unable to prosecute suspect
0e82e6f51e6427f20d6faee788879f89fda47ad77da36f52b7a1458021bb2ce2,2019-02,Merseyside Police,Merseyside Police,-2.978384,53.413710,On or near Police Station,E01006648,Liverpool 023D,Unable to prosecute suspect
76d6af95b8981d2bb01172656c1deda73ab2a6dee4417f102dfdaaa18b6a7f40,2019-02,Merseyside Police,Merseyside Police,-3.046436,53.412576,On or near ALDERLEY ROAD,E01007270,Wirral 010D,Unable to prosecute suspect
786c8c38cb70bd8c16ceb2e43a42ef246b41366723720654e2ea67bb033456ca,2019-02,Merseyside Police,Merseyside Police,-2.936795,53.522260,On or near Petrol Station,E01007100,Sefton 018E,Suspect charged
8185c932c5ebb5fcdfdfb79c79ef633800d7fa01475772eda0d2029c18c18d78,2019-02,Merseyside Police,Merseyside Police,-3.027016,53.385814,On or near WHETSTONE LANE,E01007128,Wirral 016C,Unable to prosecute suspect
646d558a6972f48c91752cfa6d1496f102b3d481fc30ca99ea6137cb72afa32d,2019-02,Merseyside Police,Merseyside Police,-3.035495,53.387628,On or near CLARENDON CLOSE,E01007128,Wirral 016C,Unable to prosecute suspect
836dea3d286752a749de2feb7c7cf3526877198474e907d585e5eab1e61d690c,2019-02,Merseyside Police,Merseyside Police,-2.954644,53.425166,On or near SPRING BANK ROAD,E01006547,Liverpool 019C,Suspect charged
399dd72be50154bf9168415c0ad282b1eb1e1269a4a10f4c83020523355d3bac,2019-02,Merseyside Police,Merseyside Police,-2.903073,53.415346,On or near LEXHAM ROAD,E01006569,Liverpool 029B,Suspect charged
399dd72be50154bf9168415c0ad282b1eb1e1269a4a10f4c83020523355d3bac,2019-02,Merseyside Police,Merseyside Police,-2.903073,53.415346,On or near LEXHAM ROAD,E01006569,Liverpool 029B,Suspect charged
387429c2a96a7588abcb8dc8c099139bd05d42551a5ff4f08108e2f3499cb76e,2019-02,Merseyside Police,Merseyside Police,-3.040782,53.437911,On or near MASON STREET,E01007238,Wirral 001E,Unable to prosecute suspect
f32f7c640d7a36e2020fa73d3202a23c9f08b116e247b17e6469c9a602f0c234,2019-02,Merseyside Police,Merseyside Police,-2.987162,53.407472,On or near Nightclub,E01033762,Liverpool 060E,Unable to prosecute suspect
3784863c6032242e9e56d33cf22454c39e90d271e9a21f641044e43b2968e13a,2019-02,Merseyside Police,Merseyside Police,-3.030865,53.393277,On or near CRAVEN CLOSE,E01007127,Wirral 016B,Local resolution
cd7947a78af384ebba5d25eab52eeeb099ac5dd6061d149c6d14b698fd74d47b,2019-02,Merseyside Police,Merseyside Police,-3.010919,53.615426,On or near NEW CUT LANE,E01006933,Sefton 010E,Unable to prosecute suspect
76d2388a895585199107dfa4023cea3bae905c3a9126442c304e850b567d3668,2019-02,Merseyside Police,Merseyside Police,-2.963830,53.464661,On or near TREVOR ROAD,E01006782,Liverpool 003B,Further investigation is not in the public interest
8a5507cdd0af82b6282db21b662d6f9fe93798ec3662c7904f99941f4805874e,2019-02,Merseyside Police,Merseyside Police,-2.975737,53.311824,On or near GRAMPIAN WAY,E01007166,Wirral 042B,Investigation complete; no suspect identified
02d2a70f2556005d62f30202fa10905a3e76206282b56cae81192ece43b78a2f,2019-02,Merseyside Police,Merseyside Police,-2.963830,53.464661,On or near TREVOR ROAD,E01006782,Liverpool 003B,Further investigation is not in the public interest
db719ba686a0d1e33ba351181d469c1c4fe3671cb61087c5ec9385791fcdbf3c,2019-02,Merseyside Police,Merseyside Police,-2.963830,53.464661,On or near TREVOR ROAD,E01006782,Liverpool 003B,Further investigation is not in the public interest
95555d7dbb923d70587c9d7b0bc006a681859804ba7d6fd7a5a712e1be92e13f,2019-02,Merseyside Police,Merseyside Police,-2.803433,53.418935,On or near HUGHES AVENUE,E01006461,Knowsley 007B,Further investigation is not in the public interest
a2cda5953a7baaba17b116ee2f77d82fd6bafc3b4e7154c74577fb817234564e,2019-02,Merseyside Police,Merseyside Police,-2.960326,53.423547,On or near HARDING CLOSE,E01006563,Liverpool 024B,Offender given a caution
f3540a0b6f22089834c8d8e4944e9c888168765e76d46bfa62c74112530003e5,2019-02,Merseyside Police,Merseyside Police,-2.915743,53.404203,On or near OLIVE GROVE,E01006587,Liverpool 032D,Unable to prosecute suspect
c5f90b3b56b67df919708e29dbbc10ae7cdfcbca1e28eafd01c3596727ca47b7,2019-02,Merseyside Police,Merseyside Police,-2.928952,53.421584,On or near BRAINERD STREET,E01006761,Liverpool 020B,Unable to prosecute suspect
c5f90b3b56b67df919708e29dbbc10ae7cdfcbca1e28eafd01c3596727ca47b7,2019-02,Merseyside Police,Merseyside Police,-2.928952,53.421584,On or near BRAINERD STREET,E01006761,Liverpool 020B,Unable to prosecute suspect
c5f90b3b56b67df919708e29dbbc10ae7cdfcbca1e28eafd01c3596727ca47b7,2019-02,Merseyside Police,Merseyside Police,-2.928952,53.421584,On or near BRAINERD STREET,E01006761,Liverpool 020B,Unable to prosecute suspect
445e93b6cda7b80dba48fbb0f22fa700618b9a768244909ec7847bd042a39480,2019-02,Merseyside Police,Merseyside Police,-3.038659,53.425552,On or near STRATHCONA ROAD,E01007236,Wirral 002E,Unable to prosecute suspect
ff492bb24e02018200bc678d9c42b34e80af9d6d7caa3e915d29d311b4356abc,2019-02,Merseyside Police,Merseyside Police,-3.029300,53.390154,On or near Parking Area,E01007128,Wirral 016C,Unable to prosecute suspect
c9f57c1b51282e14329a1cf2abcdc0590558b6448a5089bf8dfea3d842bb4757,2019-02,Merseyside Police,Merseyside Police,-2.910574,53.387586,On or near QUEENS DRIVE MOSSLEY HILL,E01006591,Liverpool 041C,Unable to prosecute suspect
c9f57c1b51282e14329a1cf2abcdc0590558b6448a5089bf8dfea3d842bb4757,2019-02,Merseyside Police,Merseyside Police,-2.910574,53.387586,On or near QUEENS DRIVE MOSSLEY HILL,E01006591,Liverpool 041C,Unable to prosecute suspect
09e4da8f77b46c3b39c584d89acf65ff03980441c01e0f81994df508b3767109,2019-02,Merseyside Police,Merseyside Police,-2.909910,53.388157,On or near QUEENS DRIVE MOSSLEY HILL,E01006592,Liverpool 041D,Unable to prosecute suspect
92b56626c2e79ac9b61576bbbe9e47280e55f4c01fea30a93e3a89596b02cd6d,2019-02,Merseyside Police,Merseyside Police,-3.042015,53.383706,On or near NORMANSTON CLOSE,E01007239,Wirral 022C,Unable to prosecute suspect
e7bd26a907efa5437005b86818a469731603a3429701e89883bfe2d7df8acf65,2019-02,Merseyside Police,Merseyside Police,-2.949081,53.424734,On or near LETCHWORTH STREET,E01006540,Liverpool 024A,Suspect charged
e7bd26a907efa5437005b86818a469731603a3429701e89883bfe2d7df8acf65,2019-02,Merseyside Police,Merseyside Police,-2.949081,53.424734,On or near LETCHWORTH STREET,E01006540,Liverpool 024A,Suspect charged
ddf965cc07eda6b813452f07137059a8a69e98c1fea4846ebdec21292285f7df,2019-02,Merseyside Police,Merseyside Police,-3.025608,53.418582,On or near TOBIN STREET,E01007215,Wirral 005A,Suspect charged
b9087606825c73f785b707879cdeeb549f5937137c57f49d4580a4a42b83d1de,2019-02,Merseyside Police,Merseyside Police,-2.970691,53.651552,On or near GOSFORTH ROAD,E01007062,Sefton 005D,Investigation complete; no suspect identified
3ef88f8f48eb7bc18297b4f9f01590fd57a28e02b7b26b84838867f31b36415e,2019-02,Merseyside Police,Merseyside Police,-3.101217,53.408587,On or near REEDVILLE GROVE,E01007207,Wirral 009C,Local resolution
bbf060dce6d59fac101926e095894c41791799958248504a86f6fdad608bf995,2019-02,Merseyside Police,Merseyside Police,-3.003858,53.365884,On or near POWER ROAD,E01007289,Wirral 031E,Unable to prosecute suspect
f1fc00796f54b838768a2be6636a57da0864a896b2ad77997bfb2043eca5ebce,2019-02,Merseyside Police,Merseyside Police,-3.010919,53.615426,On or near NEW CUT LANE,E01006933,Sefton 010E,Unable to prosecute suspect
fd0983e208234621f173becdcb2b456044d96bb9c6ad82c5260b766850b9d8b0,2019-02,Merseyside Police,Merseyside Police,-3.063685,53.425511,On or near ST GEORGE'S ROAD,E01007311,Wirral 004D,Unable to prosecute suspect
7c9fbc3201c3b0d4e5cde9be3ba5cbfadd29219f48158e3ec7df93e2c8c009c8,2019-02,Merseyside Police,Merseyside Police,-3.024331,53.413649,On or near BROUGHAM ROAD,E01007278,Wirral 008E,Suspect charged
001071f9383268a4acd3f3e8fb09cec31bbe409fcc1edf54e454b657e8ff27db,2019-02,Merseyside Police,Merseyside Police,-2.840687,53.357006,On or near TORRINGTON DRIVE,E01006432,Knowsley 020E,Unable to prosecute suspect
35a5aabe1cf12d61f89ed11525dd43f55d0f9ab2a5f65be53ddbcb208526391b,2019-02,Merseyside Police,Merseyside Police,-2.861863,53.347614,On or near TONBRIDGE CLOSE,E01006739,Liverpool 058B,Unable to prosecute suspect
035247fb4a230b502ad836a504d94d922dcc13110a178442f487ec83e3366d2f,2019-02,Merseyside Police,Merseyside Police,-2.712376,53.432780,On or near LAKEMOOR CLOSE,E01006847,St. Helens 020C,Unable to prosecute suspect
035247fb4a230b502ad836a504d94d922dcc13110a178442f487ec83e3366d2f,2019-02,Merseyside Police,Merseyside Police,-2.712376,53.432780,On or near LAKEMOOR CLOSE,E01006847,St. Helens 020C,Unable to prosecute suspect
1ba648003f9db0a08ff1211c36a073d9a0f887c933b83ee12ba970440edf3384,2019-02,Merseyside Police,Merseyside Police,-2.936976,53.459382,On or near DYSON HALL DRIVE,E01006659,Liverpool 005B,Suspect charged
1ba648003f9db0a08ff1211c36a073d9a0f887c933b83ee12ba970440edf3384,2019-02,Merseyside Police,Merseyside Police,-2.936976,53.459382,On or near DYSON HALL DRIVE,E01006659,Liverpool 005B,Suspect charged
c6df0598eadaad767eae09f391e5f745cfd90ee3f3d077c02e22be1f549e9142,2019-02,Merseyside Police,Merseyside Police,-3.001026,53.641343,On or near Supermarket,E01006994,Sefton 007C,Unable to prosecute suspect
c6df0598eadaad767eae09f391e5f745cfd90ee3f3d077c02e22be1f549e9142,2019-02,Merseyside Police,Merseyside Police,-3.001026,53.641343,On or near Supermarket,E01006994,Sefton 007C,Unable to prosecute suspect
4fc61a8f369616bcb8d3694434ba8e36f49b3c88640b80f786b8fb83d14b0350,2019-02,Merseyside Police,Merseyside Police,-3.124573,53.376952,On or near OLD PUMP LANE,E01007268,Wirral 023F,Unable to prosecute suspect
9b0aa56f524df908f5332a1a60b833db36a0a6a44e7d6499a78fdacdfc3121e2,2019-02,Merseyside Police,Merseyside Police,-3.013656,53.377235,On or near STRATHLORNE CLOSE,E01007293,Wirral 027C,Suspect charged
f0e32bcc7a8b0ecbed9647b202b3a6454684d3a5d304cd30f6ecaa6cf74a4090,2019-02,Merseyside Police,Merseyside Police,-3.028133,53.475783,On or near BRIGHTON ROAD,E01006958,Sefton 030C,Unable to prosecute suspect
7b616f14a5343dd023a09e7af39c3cca6feda06baa0c993d22a2948d908fb7ac,2019-02,Merseyside Police,Merseyside Police,-3.028133,53.475783,On or near BRIGHTON ROAD,E01006958,Sefton 030C,Unable to prosecute suspect
c550bd682098bae054f04b1aadad28a84eb8629fa11bbc7397a9996e51d10d77,2019-02,Merseyside Police,Merseyside Police,-3.025633,53.394599,On or near ST ANNE'S CLOSE,E01007126,Wirral 016A,Unable to prosecute suspect
a399dcffcad9b02d5bee2e210a95568eb8b7c0dbcbcbce0a1c79e6550bb94be4,2019-02,Merseyside Police,Merseyside Police,-2.985464,53.402353,On or near DUKE STREET LANE,E01033754,Liverpool 061B,Investigation complete; no suspect identified
8cc7fa4a38e2f4b65736ced0475294c56cf86cd166f279eea4dabac4f8f26738,2019-02,Merseyside Police,Merseyside Police,-2.690378,53.462977,On or near OLD WHINT ROAD,E01006818,St. Helens 008G,Unable to prosecute suspect
076176658c1e6b9b1a1ef978fcc5af6009c8c3ae8b6df80f12554cc47604a365,2019-02,Merseyside Police,Merseyside Police,-3.019092,53.381432,On or near HILLSIDE CLOSE,E01007291,Wirral 021D,Unable to prosecute suspect
96be53c2f258fa36185ad94ad845a46c99deb0e928d732586141519808be9ffe,2019-02,Merseyside Police,Merseyside Police,-3.019092,53.381432,On or near HILLSIDE CLOSE,E01007291,Wirral 021D,Unable to prosecute suspect
d9486967b1059f3619b2059c5eb6ebc4b08fe050f9edf5db056618e7abee755f,2019-02,Merseyside Police,Merseyside Police,-2.977503,53.387722,On or near NORTHUMBERLAND STREET,E01006630,Liverpool 044B,Suspect charged
181974092d640b6ba38bb9882a45337f580dd7eb9ce3e97a0c105b1c5ee78333,2019-02,Merseyside Police,Merseyside Police,-2.977503,53.387722,On or near NORTHUMBERLAND STREET,E01006630,Liverpool 044B,Suspect charged
2e1b41f821653523cf42ca8ccfac5966b8175747170395280e82939c876dc24a,2019-02,Merseyside Police,Merseyside Police,-3.065332,53.378817,On or near HELTON CLOSE,E01007163,Wirral 024A,Investigation complete; no suspect identified
0ec9f213314d2e2c81405de9e0dbfe43e7763338fab9909be18fad139341977a,2019-02,Merseyside Police,Merseyside Police,-2.936976,53.459382,On or near DYSON HALL DRIVE,E01006659,Liverpool 005B,Suspect charged
ca7f8088a0c01aa340483a464b9efdcc1600921274616bdcdb9e488305c548d8,2019-02,Merseyside Police,Merseyside Police,-2.959997,53.398264,On or near Hospital,E01006512,Liverpool 031A,Unable to prosecute suspect
7f51eb61580d32626afae6f8f1f0c428658bc290f2b3a5d373579e38416350ed,2019-02,Merseyside Police,Merseyside Police,-2.943159,53.423037,On or near ROSSETT STREET,E01006540,Liverpool 024A,Unable to prosecute suspect
7f51eb61580d32626afae6f8f1f0c428658bc290f2b3a5d373579e38416350ed,2019-02,Merseyside Police,Merseyside Police,-2.943159,53.423037,On or near ROSSETT STREET,E01006540,Liverpool 024A,Unable to prosecute suspect
3f2517a58a49370bc57d2baa34d926eda4a7937073da4ccec2ef4b6131e92f47,2019-02,Merseyside Police,Merseyside Police,-3.014469,53.376671,On or near GRENVILLE ROAD,E01007293,Wirral 027C,Unable to prosecute suspect
78ed55d25dbb88716bf4689f372ff5ee74d2398a9ddfdf67952de145b064a326,2019-02,Merseyside Police,Merseyside Police,-2.909262,53.414203,On or near PRESCOT ROAD,E01006573,Liverpool 029C,Suspect charged
78ed55d25dbb88716bf4689f372ff5ee74d2398a9ddfdf67952de145b064a326,2019-02,Merseyside Police,Merseyside Police,-2.909262,53.414203,On or near PRESCOT ROAD,E01006573,Liverpool 029C,Suspect charged
428a0bd9221d11105587160e2cef4c14f09d4db3dbc92b8312a3657a5a181158,2019-02,Merseyside Police,Merseyside Police,-3.025168,53.388391,On or near LOWWOOD GROVE,E01007128,Wirral 016C,Suspect charged
4041f75beac1fa22ec5567d52b7d393697e354e2a44c82a29f4f67ec10cd4e6d,2019-02,Merseyside Police,Merseyside Police,-3.024599,53.395992,On or near WOOD CLOSE,E01007126,Wirral 016A,Unable to prosecute suspect
06df5c2df83c089c03521bfe5fef19f0476243ac2b1b9e6a3c309a78b9c748ab,2019-02,Merseyside Police,Merseyside Police,-2.927733,53.435373,On or near FERGUSON ROAD,E01006605,Liverpool 016B,Unable to prosecute suspect
06df5c2df83c089c03521bfe5fef19f0476243ac2b1b9e6a3c309a78b9c748ab,2019-02,Merseyside Police,Merseyside Police,-2.927733,53.435373,On or near FERGUSON ROAD,E01006605,Liverpool 016B,Unable to prosecute suspect
bf175cb3ca8d7ee593e07c0d0c635f5acc1ac1a75ec0b992b83f4ed2e03be8cc,2019-02,Merseyside Police,Merseyside Police,-2.922566,53.401876,On or near SALISBURY TERRACE,E01006727,Liverpool 035D,Investigation complete; no suspect identified
68611788dff1407b707038fa2e12f350f1ae9061e77a5a55deec781006b207f5,2019-02,Merseyside Police,Merseyside Police,-2.937168,53.433870,On or near TOWNSEND LANE,E01006606,Liverpool 020A,Suspect charged
9b215c65eef48bf896ab1996b4e3fefb2066706602381c0ec5ac4dcef96c1aab,2019-02,Merseyside Police,Merseyside Police,-2.978446,53.633656,On or near Hospital,E01006999,Sefton 008C,Suspect charged
f6d4975ad428eb95c41377ee1191708a5a83a45f11b3431f10187d29f2ba5cb8,2019-02,Merseyside Police,Merseyside Police,-2.920032,53.428700,On or near Petrol Station,E01006618,Liverpool 016C,Suspect charged
8e1f6570efe81712d6e202b070c0d2c681b918f489ca9adde6f9d213575f2930,2019-02,Merseyside Police,Merseyside Police,-3.013656,53.377235,On or near STRATHLORNE CLOSE,E01007293,Wirral 027C,Unable to prosecute suspect
e872d25019509d0662bb36f442cff252876951ab0ad2cfd1a68ab33c2aea1445,2019-02,Merseyside Police,Merseyside Police,-2.999688,53.364283,On or near THORBURN CLOSE,E01007139,Wirral 031C,Unable to prosecute suspect
dd77bdb891a67f6f6b4d8dd88295d9bcf726b38b749bd2e103f31624baa45048,2019-02,Merseyside Police,Merseyside Police,-2.845898,53.419064,On or near ALAMEIN ROAD,E01006442,Knowsley 010B,Unable to prosecute suspect
31584d7191fb413ce2c689aa6381226684653b7d835b8e757f0bc78857b4188d,2019-02,Merseyside Police,Merseyside Police,-2.968473,53.442340,On or near ARNOT STREET,E01006610,Liverpool 009C,Unable to prosecute suspect
31584d7191fb413ce2c689aa6381226684653b7d835b8e757f0bc78857b4188d,2019-02,Merseyside Police,Merseyside Police,-2.968473,53.442340,On or near ARNOT STREET,E01006610,Liverpool 009C,Unable to prosecute suspect
5a228defe4daa440fd022eb33b9edd7c3805684b864e18b493a41659ea6c6968,2019-02,Merseyside Police,Merseyside Police,-2.903601,53.428170,On or near HARTINGTON ROAD,E01006619,Liverpool 021B,Unable to prosecute suspect
12b2dc0c508dddf8ce886b5043df8c5b0e06bb69074f8c7087b259ed3e6c10b8,2019-02,Merseyside Police,Merseyside Police,-2.999688,53.364283,On or near THORBURN CLOSE,E01007139,Wirral 031C,Unable to prosecute suspect
b2c744af2f3d85adda0b4f9f078cb5bde3ce227d0cea4dfed8c8028e392cc19f,2019-02,Merseyside Police,Merseyside Police,-3.025168,53.388391,On or near LOWWOOD GROVE,E01007128,Wirral 016C,Unable to prosecute suspect
97116e6926613a8b736b9b41d57171c2f9c0823f93475798d5d88c86c2017dc0,2019-02,Merseyside Police,Merseyside Police,-2.789652,53.416609,On or near BYRON AVENUE,E01006496,Knowsley 009C,Suspect charged
97116e6926613a8b736b9b41d57171c2f9c0823f93475798d5d88c86c2017dc0,2019-02,Merseyside Police,Merseyside Police,-2.789652,53.416609,On or near BYRON AVENUE,E01006496,Knowsley 009C,Suspect charged
97116e6926613a8b736b9b41d57171c2f9c0823f93475798d5d88c86c2017dc0,2019-02,Merseyside Police,Merseyside Police,-2.789652,53.416609,On or near BYRON AVENUE,E01006496,Knowsley 009C,Suspect charged
8af62c56d114ce206b7a01f4e6740ec4737c8b3ef044d635d49d94979ed1f43a,2019-02,Merseyside Police,Merseyside Police,-2.950128,53.428465,On or near PRIORY ROAD,E01006766,Liverpool 019E,Suspect charged
47c7379b092ed7517e766181bee3631c6c1e509527e8f618179d2c4d0a76ed38,2019-02,Merseyside Police,Merseyside Police,-3.002154,53.648731,On or near ANCHOR STREET,E01006968,Sefton 004C,Suspect charged
a9c820ec31674d8a45f7807dba4e7ee5984bb98ae69fa3899dc31b7fe48dbe0c,2019-02,Merseyside Police,Merseyside Police,-3.026495,53.473460,On or near WESLEY STREET,E01006957,Sefton 032C,Unable to prosecute suspect
b79ebcdaaaf4f1d2386e441ee11b05bfa671daeae70bfaa4eb73fce93e577a1c,2019-02,Merseyside Police,Merseyside Police,-2.976279,53.441341,On or near CAIRO STREET,E01006699,Liverpool 014A,Investigation complete; no suspect identified
770dd4a32ec2fe91fb7ea171c4e060197f1f05c6a6518801eed1a37030b8248d,2019-02,Merseyside Police,Merseyside Police,-2.921866,53.430691,On or near CLINTON ROAD,E01006618,Liverpool 016C,Suspect charged
770dd4a32ec2fe91fb7ea171c4e060197f1f05c6a6518801eed1a37030b8248d,2019-02,Merseyside Police,Merseyside Police,-2.921866,53.430691,On or near CLINTON ROAD,E01006618,Liverpool 016C,Suspect charged
770dd4a32ec2fe91fb7ea171c4e060197f1f05c6a6518801eed1a37030b8248d,2019-02,Merseyside Police,Merseyside Police,-2.921866,53.430691,On or near CLINTON ROAD,E01006618,Liverpool 016C,Suspect charged
770dd4a32ec2fe91fb7ea171c4e060197f1f05c6a6518801eed1a37030b8248d,2019-02,Merseyside Police,Merseyside Police,-2.921866,53.430691,On or near CLINTON ROAD,E01006618,Liverpool 016C,Suspect charged
b1482ac20237f89ed6da76625acea4e5864ffc6426ab2147ab01aa730b55bb86,2019-02,Merseyside Police,Merseyside Police,-3.078803,53.546366,On or near BURWELL AVENUE,E01006993,Sefton 015C,Suspect charged
156bfb54ca2e205cad96e365fa224d66846149fbe1fbf859b050230f50824701,2019-02,Merseyside Police,Merseyside Police,-2.968496,53.442025,On or near INDEX STREET,E01006611,Liverpool 012A,Unable to prosecute suspect
ed9f1b096316678bfdd6b1de77d89c115d3986d6ac0dc2e7b91a2cbeb29ac9af,2019-02,Merseyside Police,Merseyside Police,-2.746134,53.450704,On or near MANNING STREET,E01006834,St. Helens 012B,Unable to prosecute suspect
e08b91e93e79408279c3de2a00c0c59a6c7ca9f1c9213e0936c78350ce4a8b42,2019-02,Merseyside Police,Merseyside Police,-2.738809,53.452862,On or near Further/Higher Educational Building,E01006832,St. Helens 012A,Suspect charged
6c5c8b974ab87a1140804df2b8f67c255a20886b7a52411fec8ba6a944477c07,2019-02,Merseyside Police,Merseyside Police,-2.839752,53.404986,On or near GREENLANDS,E01006479,Knowsley 015C,Investigation complete; no suspect identified
4550f3c1e39b0857b39dce8ac2326621fbe017300954a6de333cc8b649ef30aa,2019-02,Merseyside Police,Merseyside Police,-2.967471,53.447274,On or near RICE LANE,E01006705,Liverpool 009E,Suspect charged
46be91022b7a42f9c242243086d37c933684dad3cfaf5ba19cab763c224574bf,2019-02,Merseyside Police,Merseyside Police,-2.988395,53.476199,On or near VINCENT ROAD,E01006981,Sefton 031B,Suspect charged
8f35d801f57ae903b89d97ef52b5deeab669277bd5d6627e42a33c021dbc47ad,2019-02,Merseyside Police,Merseyside Police,-2.931167,53.427203,On or near ESKBURN ROAD,E01006765,Liverpool 020E,Suspect charged
076fbaadd5bee36c566b17219c4c68bfab6c044c95cf6eebc3a1ab50b012c45c,2019-02,Merseyside Police,Merseyside Police,-2.954369,53.409536,On or near JUBILEE DRIVE,E01006691,Liverpool 030A,Unable to prosecute suspect
32c7ee062dd00facb5ccf8053826fb5c55e4e3fd92abf81688fcc350e93b3f14,2019-02,Merseyside Police,Merseyside Police,-2.966020,53.431744,On or near RANDOLPH STREET,E01006558,Liverpool 018B,Investigation complete; no suspect identified
9fce2d3d3768cf1e7862ee0257222b8711de4aaea133107cf7393de175ecd7f9,2019-02,Merseyside Police,Merseyside Police,-3.021949,53.390864,On or near Parking Area,E01007128,Wirral 016C,Unable to prosecute suspect
6889c509bb94dbfb91337c296e5c38e0a738e93aab4accfb13ca3d4eaa4a1684,2019-02,Merseyside Police,Merseyside Police,-2.979720,53.405699,On or near GREAT CHARLOTTE STREET,E01033760,Liverpool 060C,Unable to prosecute suspect
1d6a5178be2ec7fcb7134e2ca65d092ad58a5cf343ac84cec81f2cb03312f782,2019-02,Merseyside Police,Merseyside Police,-2.979720,53.405699,On or near GREAT CHARLOTTE STREET,E01033760,Liverpool 060C,Unable to prosecute suspect
e63469732c25beb6fa1adb8ff611839302687cc0a5c6e8cda452c4e479b7196c,2019-02,Merseyside Police,Merseyside Police,-2.970778,53.462187,On or near DOVE ROAD,E01006784,Liverpool 003C,Unable to prosecute suspect
e63469732c25beb6fa1adb8ff611839302687cc0a5c6e8cda452c4e479b7196c,2019-02,Merseyside Police,Merseyside Police,-2.970778,53.462187,On or near DOVE ROAD,E01006784,Liverpool 003C,Unable to prosecute suspect
82b3d576d5190cdabd6932a3a68f9e39624c0ba12aa6435aeb71b02cdee00451,2019-02,Merseyside Police,Merseyside Police,-2.945041,53.408810,On or near BRADFIELD STREET,E01006690,Liverpool 028A,Suspect charged
e6ed1eaeda51bfc9ea71ba0946c3c091b8b6628fdbb1c2fa8603416c14e33348,2019-02,Merseyside Police,Merseyside Police,-2.866256,53.374612,On or near SPEKE ROAD,E01006795,Liverpool 051B,Unable to prosecute suspect
22424908a0325b6646d8a84a0ed00e2175dd682f01d324c48d00ae7076e8480f,2019-02,Merseyside Police,Merseyside Police,-2.981175,53.395080,On or near Theatre/Concert Hall,E01033754,Liverpool 061B,Offender given a caution
5dd0da79b324a9865423ddde65f1b61d7bfc22e7c875fc0f55f7a34e0b18be6a,2019-02,Merseyside Police,Merseyside Police,-2.981175,53.395080,On or near Theatre/Concert Hall,E01033754,Liverpool 061B,Offender given a caution
21b2d060647545fba2907561eb28b032f74c0c852889af77571d20f5c8acbb31,2019-02,Merseyside Police,Merseyside Police,-3.024865,53.396412,On or near WATSON STREET,E01007126,Wirral 016A,Unable to prosecute suspect
1fe02a7bfd97fa01a58f96a72b7e966c69cc69e6b8e87acae4abbe9c0341970b,2019-02,Merseyside Police,Merseyside Police,-2.964809,53.409497,On or near Hospital,E01006747,Liverpool 031B,Unable to prosecute suspect
3a38774ebc12f746bcde36577d6efd74d9705e856582607a9f4c3e1ce960eadc,2019-02,Merseyside Police,Merseyside Police,-2.873736,53.474145,On or near PINFOLD CRESCENT,E01006434,Knowsley 005C,Suspect charged
534a70f9677fc55bc9602a66038fa98eacdebf5f1380a776c7fa202f544c507e,2019-02,Merseyside Police,Merseyside Police,-2.988220,53.401872,On or near CANNING PLACE,E01033756,Liverpool 061C,Unable to prosecute suspect
f6f0c44466a2b764ee78b0ec252cb0eb1d45bd392cc2c58f905e212285b30269,2019-02,Merseyside Police,Merseyside Police,-2.999065,53.319676,On or near RABY AVENUE,E01007148,Wirral 038E,Unable to prosecute suspect
600b97e8ac86247b1131811070d576dcfdf944e839cb30680610b4e5d89820a9,2019-02,Merseyside Police,Merseyside Police,-2.983348,53.403224,On or near Parking Area,E01033756,Liverpool 061C,Suspect charged
600b97e8ac86247b1131811070d576dcfdf944e839cb30680610b4e5d89820a9,2019-02,Merseyside Police,Merseyside Police,-2.983348,53.403224,On or near Parking Area,E01033756,Liverpool 061C,Suspect charged
701eba1e65739f733a6160c4a2ce4278704ab5b656d6be2140bcf685c1118d03,2019-02,Merseyside Police,Merseyside Police,-2.974769,53.415475,On or near Parking Area,E01006648,Liverpool 023D,Unable to prosecute suspect
701eba1e65739f733a6160c4a2ce4278704ab5b656d6be2140bcf685c1118d03,2019-02,Merseyside Police,Merseyside Police,-2.974769,53.415475,On or near Parking Area,E01006648,Liverpool 023D,Unable to prosecute suspect
a3d72390358bb84683c9240e6b163ef544241bb27f771b0689e22d8181e8ae95,2019-02,Merseyside Police,Merseyside Police,-2.974769,53.415475,On or near Parking Area,E01006648,Liverpool 023D,Suspect charged
242441413f2351dc45c45c0299b490f0183c5767f42813fae621599e92ec27c5,2019-02,Merseyside Police,Merseyside Police,-3.068240,53.392904,On or near Sports/Recreation Area,E01007157,Wirral 015C,Unable to prosecute suspect
6c46b1d993939630b4dcec73bdd594334dfd07f238b2f10e3a05325cb9fdf7b8,2019-02,Merseyside Police,Merseyside Police,-2.617983,53.456371,On or near GOLBORNE STREET,E01006856,St. Helens 015A,Unable to prosecute suspect
28da16482dcc669dde4e4778f92680f20abca5eb3c99b94b64e30da9ce74b72a,2019-02,Merseyside Police,Merseyside Police,-3.068240,53.392904,On or near Sports/Recreation Area,E01007157,Wirral 015C,Unable to prosecute suspect
41ab8a5122996a48a7c219e421cb82439301bb567110cdaf7faa3e91425fded5,2019-02,Merseyside Police,Merseyside Police,-2.988220,53.401872,On or near CANNING PLACE,E01033756,Liverpool 061C,Unable to prosecute suspect
d25a33e24078c112f2a68ad29ca23fa2d43fd9deca05810d862619c38f4a6acc,2019-02,Merseyside Police,Merseyside Police,-2.958897,53.428898,On or near HOULDING STREET,E01006546,Liverpool 019B,Suspect charged
1e9698d3d746832a8b93ba296b467ad594dce2a31b3527554c8e1e2137f7109a,2019-02,Merseyside Police,Merseyside Police,-2.954176,53.394185,On or near ALT STREET,E01006674,Liverpool 039C,Suspect charged
1e9698d3d746832a8b93ba296b467ad594dce2a31b3527554c8e1e2137f7109a,2019-02,Merseyside Police,Merseyside Police,-2.954176,53.394185,On or near ALT STREET,E01006674,Liverpool 039C,Suspect charged
3a14632bc5dc985bf229dad8b2aa95b9671ef3011be37e910a62449a5f2a239e,2019-02,Merseyside Police,Merseyside Police,-3.003546,53.650014,On or near Shopping Area,E01033094,Sefton 004F,Local resolution
da744ea70063c98547733d120da03c9fe2c8a29daaa7515f555b4d75913fc431,2019-02,Merseyside Police,Merseyside Police,-2.973126,53.420603,On or near MAZZINI CLOSE,E01006648,Liverpool 023D,Unable to prosecute suspect
8d74f6800da8eddf9c9011af2073ea7d85dc3b7427f0eeb6cb582449e4783fbc,2019-02,Merseyside Police,Merseyside Police,-3.024865,53.396412,On or near WATSON STREET,E01007126,Wirral 016A,Unable to prosecute suspect
c7740be98b4b6820d7073c53b03468f1f4687cf86a2821d699ac495c2b197f63,2019-02,Merseyside Police,Merseyside Police,-2.706960,53.458331,On or near BOARDMANS LANE,E01006812,St. Helens 008C,Suspect charged
c7740be98b4b6820d7073c53b03468f1f4687cf86a2821d699ac495c2b197f63,2019-02,Merseyside Police,Merseyside Police,-2.706960,53.458331,On or near BOARDMANS LANE,E01006812,St. Helens 008C,Suspect charged
09e53c65f8fc9452dace68e02eaf3deaa7fed4b6d636e68a496b7f6d8382a4d3,2019-02,Merseyside Police,Merseyside Police,-2.992308,53.640454,On or near ASH STREET,E01006996,Sefton 007D,Suspect charged
cd9a1a6bec915e13ba94f7a1c0823ee005d96b0681a9393b0a9661fc4776b1fe,2019-02,Merseyside Police,Merseyside Police,-3.044191,53.397674,On or near LAIRD STREET,E01007156,Wirral 015B,Unable to prosecute suspect
3e99e91e1f17abe2940138fbe9d2f522545fc74e9ef3ea491955a024e263cd3d,2019-02,Merseyside Police,Merseyside Police,-2.985119,53.403704,On or near Parking Area,E01033756,Liverpool 061C,Further investigation is not in the public interest
631749df18286d8cdb1273fe4aa20ddfbc9d08febd155e283f5a41f629c34b31,2019-02,Merseyside Police,Merseyside Police,-3.183140,53.393780,On or near MARINE ROAD,E01007194,Wirral 014B,Local resolution
dcfd1874e77781160957a1d2574977b22fcad938fa1b716e45df0e1fb866c5e4,2019-02,Merseyside Police,Merseyside Police,-2.941339,53.467312,On or near FOURTH AVENUE,E01006654,Liverpool 005A,Unable to prosecute suspect
8781c9fa33c4551b671cc1ab4196944543c6c9fa68730d47bbbb625aa2e31d32,2019-02,Merseyside Police,Merseyside Police,-3.024865,53.396412,On or near WATSON STREET,E01007126,Wirral 016A,Unable to prosecute suspect
d61f821243a4658b46a7385f1eb7f8d79f9d12fd0136fb1ea73ef47a8d7e6b83,2019-02,Merseyside Police,Merseyside Police,-3.029578,53.420947,On or near Petrol Station,E01007215,Wirral 005A,Suspect charged as part of another case
805567b4296ee79d750b10eeb2aa2773454deda0fc58ccdf74b96b72313717bc,2019-02,Merseyside Police,Merseyside Police,-2.982976,53.331576,On or near LUDLOW GROVE,E01007137,Wirral 039C,Suspect charged as part of another case
850efd0b98b612fa6f1535d429d0af9ddf5dfb464f6a9d08012139d95a80732a,2019-02,Merseyside Police,Merseyside Police,-2.737737,53.474451,On or near VICTORIA AVENUE,E01006851,St. Helens 004C,Suspect charged
cea2d62eff23f633d495437df9889425d6b98a18835299c95fe02ac5fd94984e,2019-02,Merseyside Police,Merseyside Police,-2.967436,53.437099,On or near SPELLOW LANE,E01006542,Liverpool 018A,Unable to prosecute suspect
8863e3a40142b4fbba5afaba7c2e6d9d0fe31a6febca65c63f5a3e766d0f1950,2019-02,Merseyside Police,Merseyside Police,-2.824568,53.403852,On or near SCOTT AVENUE,E01006478,Knowsley 015B,Suspect charged
7e79424ba044245a5cbdfa38e165a417e98a0ebe72375f7ec76fc2bd3ad51639,2019-02,Merseyside Police,Merseyside Police,-2.907429,53.354908,On or near IPSWICH CLOSE,E01006687,Liverpool 056D,Unable to prosecute suspect
d9555874bccdd96112687afd99d863d4d5a06426dc453753f65971255bbfcf58,2019-02,Merseyside Police,Merseyside Police,-2.982668,53.452642,On or near GLOUCESTER ROAD,E01006966,Sefton 038F,Unable to prosecute suspect
1190ca9a8872c436bc143a7ea06d911d7aff2eddd1654065c29c44067d4cc92d,2019-02,Merseyside Police,Merseyside Police,-3.024865,53.396412,On or near WATSON STREET,E01007126,Wirral 016A,Unable to prosecute suspect
c2177dbfaccaa78f6764efec95edd24f2dcce3252c125e5fa6e32a53d61ddd27,2019-02,Merseyside Police,Merseyside Police,-2.967077,53.457102,On or near HORNBY ROAD,E01006787,Liverpool 006A,Formal action is not in the public interest
88dcd2c8679e8d8d4191aa99c98b23b0defbb11041d4f8763ed3950ec6370376,2019-02,Merseyside Police,Merseyside Police,-2.964158,53.412640,On or near TRAFALGAR WAY,E01006747,Liverpool 031B,Suspect charged
61dbb728a1379325141d2505eb67d61a6ea4979b9eeedd3a111a9525c0d272f7,2019-02,Merseyside Police,Merseyside Police,-2.963129,53.476298,On or near LICHFIELD CLOSE,E01007048,Sefton 029A,Suspect charged
d666086194b611adaa90c4a28cf4d6a692fa92e10490a9a05f377fd249005273,2019-02,Merseyside Police,Merseyside Police,-3.065466,53.534549,On or near GRANGE ROAD,E01007076,Sefton 016B,Unable to prosecute suspect
683929c806ff8be08fbdfbdc2b7852d164751b4708c8a9afdc602169e38a8080,2019-02,Merseyside Police,Merseyside Police,-3.065466,53.534549,On or near GRANGE ROAD,E01007076,Sefton 016B,Unable to prosecute suspect
e7e2f30af65ba4bafd4e796818e03a57009a1b5f0a64cbf1915b90e0c958bbb7,2019-02,Merseyside Police,Merseyside Police,-2.643983,53.458760,On or near GEORGE STREET,E01006867,St. Helens 010B,Suspect charged
af358d6a03e4029200445e58413cd6982ab57a60230b809fc4c5ecdee673938f,2019-02,Merseyside Police,Merseyside Police,-2.945491,53.422335,On or near PRESTON GROVE,E01006540,Liverpool 024A,Suspect charged
1bf48f80c56259ea756181315b741326b6d1053156eb7f8e98ff3795c500a5cb,2019-02,Merseyside Police,Merseyside Police,-2.981817,53.447112,On or near BALLIOL ROAD EAST,E01006961,Sefton 038B,Suspect charged
c42a11c7a303f5b20226b60f08d340879b2212e6758459399b13176c923bd165,2019-02,Merseyside Police,Merseyside Police,-2.988220,53.401872,On or near CANNING PLACE,E01033756,Liverpool 061C,Unable to prosecute suspect
245b11a3d95426bd0cd5db7a7f982761d5ccd79cfdd129ccaaa95fc29de089bd,2019-02,Merseyside Police,Merseyside Police,-2.978384,53.413710,On or near Police Station,E01006648,Liverpool 023D,Unable to prosecute suspect
64e0afba3060886b8b1d804360c74ba16ae89f4398de8407486ef13ea6ecd20d,2019-02,Merseyside Police,Merseyside Police,-2.967127,53.471879,On or near BRIDLE ROAD,E01007048,Sefton 029A,Offender given penalty notice
2fe2984f8230204820038b2ad4b3989d1c1df05d6f28202a5ae6bfd30dbf422d,2019-02,Merseyside Police,Merseyside Police,-3.032422,53.373731,On or near Sports/Recreation Area,E01007181,Wirral 022B,Suspect charged
2fe2984f8230204820038b2ad4b3989d1c1df05d6f28202a5ae6bfd30dbf422d,2019-02,Merseyside Police,Merseyside Police,-3.032422,53.373731,On or near Sports/Recreation Area,E01007181,Wirral 022B,Suspect charged
2fe2984f8230204820038b2ad4b3989d1c1df05d6f28202a5ae6bfd30dbf422d,2019-02,Merseyside Police,Merseyside Police,-3.032422,53.373731,On or near Sports/Recreation Area,E01007181,Wirral 022B,Suspect charged
5e3f256a1629f11ca8cf2ea43b577a95a64a716ffc108d3da9a53f249ec0d838,2019-02,Merseyside Police,Merseyside Police,-2.980463,53.398115,On or near UPPER FREDERICK STREET,E01006515,Liverpool 037B,Offender given a drugs possession warning
0b8fb104113f7081b829aef512dba177cc2693190064ca0e12afdb1c53c86435,2019-02,Merseyside Police,Merseyside Police,-3.184545,53.372893,On or near DEE LANE,E01007198,Wirral 026C,Unable to prosecute suspect
d3e32cdc1b5706089df78e4adfb26521ab9315c53983de7b04b9446a4678b541,2019-02,Merseyside Police,Merseyside Police,-2.931411,53.449385,On or near TOWNSEND VIEW,E01006737,Liverpool 005F,Unable to prosecute suspect
4d2850a22718087c9df908626f56f8ffea09ad204af630abfe45b39651d5e24a,2019-02,Merseyside Police,Merseyside Police,-3.063656,53.373097,On or near PRESTBURY AVENUE,E01007246,Wirral 024C,Unable to prosecute suspect
4d2850a22718087c9df908626f56f8ffea09ad204af630abfe45b39651d5e24a,2019-02,Merseyside Police,Merseyside Police,-3.063656,53.373097,On or near PRESTBURY AVENUE,E01007246,Wirral 024C,Unable to prosecute suspect
2ff4d76d2861a1c78113bdecdc9ad1f5daaf1b169b2480adeae8f8b0ce5e41e0,2019-02,Merseyside Police,Merseyside Police,-2.973156,53.415344,On or near ROKEBY STREET,E01006648,Liverpool 023D,Offender given a drugs possession warning
02083b41b29198c75ce8ae60ad4b8a68b8e1e3812758743eb46dab1c6a007bba,2019-02,Merseyside Police,Merseyside Police,-2.876625,53.426420,On or near MAX ROAD,E01006639,Liverpool 017C,Unable to prosecute suspect
fb0d569a0df7c241b500aaa0f5041e3c91807b2b4b1f55fbb4b693e92c01795c,2019-02,Merseyside Police,Merseyside Police,-3.142368,53.407139,On or near PARK LANE,E01007223,Wirral 013D,Unable to prosecute suspect
e4adfec02da66a16060cb729b09d34d6c19aae4214339318ec7e0e483bd75db0,2019-02,Merseyside Police,Merseyside Police,-2.979531,53.443274,On or near ANTONIO STREET,E01006961,Sefton 038B,Suspect charged
e4adfec02da66a16060cb729b09d34d6c19aae4214339318ec7e0e483bd75db0,2019-02,Merseyside Police,Merseyside Police,-2.979531,53.443274,On or near ANTONIO STREET,E01006961,Sefton 038B,Suspect charged
65a844f001cd90d0479a011f645dbdf5cc1c42b5af2d8b64847b1a03a885a5b8,2019-02,Merseyside Police,Merseyside Police,-2.853673,53.345201,On or near BLACKROD AVENUE,E01006741,Liverpool 058C,Suspect charged
65a844f001cd90d0479a011f645dbdf5cc1c42b5af2d8b64847b1a03a885a5b8,2019-02,Merseyside Police,Merseyside Police,-2.853673,53.345201,On or near BLACKROD AVENUE,E01006741,Liverpool 058C,Suspect charged
5e70e4a3179549b31d0dd7c9e139a076b7bb70b9675eb9bc83a9056891a378f6,2019-02,Merseyside Police,Merseyside Police,-2.853673,53.345201,On or near BLACKROD AVENUE,E01006741,Liverpool 058C,Unable to prosecute suspect
55891e7a861cb7336b2929e951a9a55e5b2f459e35cbdbe8d7cda322c0cf83fd,2019-02,Merseyside Police,Merseyside Police,-3.063656,53.373097,On or near PRESTBURY AVENUE,E01007246,Wirral 024C,Unable to prosecute suspect
153cbf9223396964688e31abc177cc3509f1a97ddcee9f7149b8b4b98f8a42ad,2019-02,Merseyside Police,Merseyside Police,-3.020332,53.381718,On or near LEIGHTON ROAD,E01007291,Wirral 021D,Unable to prosecute suspect
354cd28e10d5407fef32d2ea172502295f33aa1992fdc280bc037167e749c7e5,2019-02,Merseyside Police,Merseyside Police,-2.874116,53.425908,On or near RUSCOMBE ROAD,E01006638,Liverpool 017B,Unable to prosecute suspect
354cd28e10d5407fef32d2ea172502295f33aa1992fdc280bc037167e749c7e5,2019-02,Merseyside Police,Merseyside Police,-2.874116,53.425908,On or near RUSCOMBE ROAD,E01006638,Liverpool 017B,Unable to prosecute suspect
354cd28e10d5407fef32d2ea172502295f33aa1992fdc280bc037167e749c7e5,2019-02,Merseyside Police,Merseyside Police,-2.874116,53.425908,On or near RUSCOMBE ROAD,E01006638,Liverpool 017B,Unable to prosecute suspect
bc87da384b92c350cc8bbd138125cfa3b5653e0c60c5289ee87dfdbd043ac53c,2019-02,Merseyside Police,Merseyside Police,-3.001319,53.363344,On or near SEFTON ROAD,E01007139,Wirral 031C,Unable to prosecute suspect
ddb2fc0df93f6ade7610508cab4dc3b971ef71e91af7c2e8657c32f70db16a79,2019-02,Merseyside Police,Merseyside Police,-2.926157,53.432132,On or near LARKHILL VIEW,E01006605,Liverpool 016B,Unable to prosecute suspect
f49a7d76d8517bd9b70d26caaaae09cdf022b4f36695e0ca22d44f7c621851ef,2019-02,Merseyside Police,Merseyside Police,-2.928322,53.410604,On or near CLYDE ROAD,E01006692,Liverpool 028B,Unable to prosecute suspect
f49a7d76d8517bd9b70d26caaaae09cdf022b4f36695e0ca22d44f7c621851ef,2019-02,Merseyside Police,Merseyside Police,-2.928322,53.410604,On or near CLYDE ROAD,E01006692,Liverpool 028B,Unable to prosecute suspect
f49a7d76d8517bd9b70d26caaaae09cdf022b4f36695e0ca22d44f7c621851ef,2019-02,Merseyside Police,Merseyside Police,-2.928322,53.410604,On or near CLYDE ROAD,E01006692,Liverpool 028B,Unable to prosecute suspect
f49a7d76d8517bd9b70d26caaaae09cdf022b4f36695e0ca22d44f7c621851ef,2019-02,Merseyside Police,Merseyside Police,-2.928322,53.410604,On or near CLYDE ROAD,E01006692,Liverpool 028B,Unable to prosecute suspect
ab118a0501a5428b7b5fbfa5fb450ec8a91573e9ae742bf8cdcfb3044fb7128b,2019-02,Merseyside Police,Merseyside Police,-2.928322,53.410604,On or near CLYDE ROAD,E01006692,Liverpool 028B,Unable to prosecute suspect
f1cf9203e5937b0002cf365410e609f44c65f653123fd0018044d53ec80a1e20,2019-02,Merseyside Police,Merseyside Police,-2.885984,53.387978,On or near DEVON GARDENS,E01006583,Liverpool 047C,Unable to prosecute suspect
69930ea8a165c93187e7a5f04cc702b650e7b58579aee62bd9ab611b8d3b9cc3,2019-02,Merseyside Police,Merseyside Police,-2.988822,53.415494,On or near Parking Area,E01033751,Liverpool 062A,Suspect charged
0f92ac6d49e776d455505cb4c2a9d220aec0d1e8197fcc812da77538fb6df164,2019-02,Merseyside Police,Merseyside Police,-3.001669,53.469132,On or near NEW MARKET ROAD,E01006977,Sefton 032E,Unable to prosecute suspect
fe7c23ffa100f66a102c3296b16c6a250ae5dec5b7eee23fcfcf98f3956be0ca,2019-02,Merseyside Police,Merseyside Police,-3.001669,53.469132,On or near NEW MARKET ROAD,E01006977,Sefton 032E,Unable to prosecute suspect
671998e308974069124effc69cd825f6d08a31aa58a9cf20d565c3515cee256d,2019-02,Merseyside Police,Merseyside Police,-3.063656,53.373097,On or near PRESTBURY AVENUE,E01007246,Wirral 024C,Unable to prosecute suspect
1e3e6bb9af518c3735f8d733dd5e99a58b338b9de8713e67c92d40ec9ec8100a,2019-02,Merseyside Police,Merseyside Police,-3.063656,53.373097,On or near PRESTBURY AVENUE,E01007246,Wirral 024C,Unable to prosecute suspect
d0c6a36b7bb163c80f1f65b8a8ad225a42046c002818c8c4fa28c58a195b5274,2019-02,Merseyside Police,Merseyside Police,-2.722454,53.448387,On or near WEST SIDE,E01006912,St. Helens 019G,Unable to prosecute suspect
b08f6ba650a47c781287546909b1eb00b6b4b1f8fbdd5eb1a16ebc1acbe008ab,2019-02,Merseyside Police,Merseyside Police,-2.987726,53.486974,On or near ST STEPHEN'S GROVE,E01007089,Sefton 024E,Local resolution
b08f6ba650a47c781287546909b1eb00b6b4b1f8fbdd5eb1a16ebc1acbe008ab,2019-02,Merseyside Police,Merseyside Police,-2.987726,53.486974,On or near ST STEPHEN'S GROVE,E01007089,Sefton 024E,Local resolution
7484993aee25d11c025673aa997c74b900cd8cc1181b6eacba1179858d8ae9e5,2019-02,Merseyside Police,Merseyside Police,-3.025517,53.409171,On or near PARRY STREET,E01007273,Wirral 008B,Suspect charged
c90b92a48c3eb474dc0a7de9b0f4f48fe857002e86beec66907f4dc1865f6ec1,2019-02,Merseyside Police,Merseyside Police,-3.006669,53.630590,On or near BURY ROAD,E01007001,Sefton 008E,Unable to prosecute suspect
fcc5d04de767101f3eeda3121c9bb6f9520c198282ae0f5f5b2967a81fb516bc,2019-02,Merseyside Police,Merseyside Police,-3.001423,53.652342,On or near BATH STREET NORTH,E01033094,Sefton 004F,Unable to prosecute suspect
5cd4e85c0d99813e7179e59920c130017193294112d4fc45c49a4e4355678284,2019-02,Merseyside Police,Merseyside Police,-2.931087,53.400830,On or near PICTON ROAD,E01006728,Liverpool 035E,Unable to prosecute suspect
c13deb12942d4296d7a9b0fbef559f235a46f3e3655a4dbe1c37e5940a74c9bc,2019-02,Merseyside Police,Merseyside Police,-3.010874,53.370212,On or near WORDSWORTH AVENUE,E01007176,Wirral 029C,Unable to prosecute suspect
c210910460a0eea28b15775f5438090d42e3b6a9d4374750c1c4bb1cb0817b66,2019-02,Merseyside Police,Merseyside Police,-2.936795,53.522260,On or near Petrol Station,E01007100,Sefton 018E,Suspect charged
7fbbc617b5eeb02332c69074f18d30dcc93202d8932cdf9b876674a10f1cc241,2019-02,Merseyside Police,Merseyside Police,-2.998050,53.650482,On or near HOGHTON GROVE,E01033097,Sefton 004G,Unable to prosecute suspect
9cfee65bf4d290f72d520f258c75ad4f2d1da40e830bc8c8eea8c25b06b86b9e,2019-02,Merseyside Police,Merseyside Police,-2.998050,53.650482,On or near HOGHTON GROVE,E01033097,Sefton 004G,Unable to prosecute suspect
c3dcc3f08cfd82d969fecc5ad1816a60b7fea8255516966fa6425b8d9671a246,2019-02,Merseyside Police,Merseyside Police,-2.916386,53.435533,On or near Petrol Station,E01006626,Liverpool 016E,Unable to prosecute suspect
db7d66a5f600ea4963ad251ac0e9522b39b0bdcfbb48c9147a516691c4fdbc79,2019-02,Merseyside Police,Merseyside Police,-2.931087,53.400830,On or near PICTON ROAD,E01006728,Liverpool 035E,Unable to prosecute suspect
a9b58f75f35896de2ceb8e336a25e1b793d0e92dd0249a8dfbcb3076e21119a0,2019-02,Merseyside Police,Merseyside Police,-3.021002,53.349379,On or near THE CRESCENT,E01007118,Wirral 035C,Unable to prosecute suspect
3c86fa36efbd53291962c6c3462d6c1393f09e1ad6ea44297ae518f27334e143,2019-02,Merseyside Police,Merseyside Police,-2.876403,53.452202,On or near SWALLOW CLOSE,E01006666,Liverpool 007B,Unable to prosecute suspect
634a15ca6c20a56666503437d25a5786a73e79a90191683490fc9657aebe0c60,2019-02,Merseyside Police,Merseyside Police,-2.931206,53.431751,On or near MAIDEN LANE,E01006763,Liverpool 020C,Unable to prosecute suspect
71f9cc3131c662ee5548307ca37d2decedfabaf8fcc66d08962d4f27e2383f68,2019-02,Merseyside Police,Merseyside Police,-2.931206,53.431751,On or near MAIDEN LANE,E01006763,Liverpool 020C,Unable to prosecute suspect
9226c6eb1b31e065d81867d0805910261caacc9612c2a429e4cbfd71e9aa17e2,2019-02,Merseyside Police,Merseyside Police,-3.012338,53.361615,On or near WOODHEY GROVE,E01007112,Wirral 032B,Suspect charged
8b4d4ff66c1b47103941be599b080bc6edf90d28078d0210e78378ac91dff6d5,2019-02,Merseyside Police,Merseyside Police,-3.001423,53.652342,On or near BATH STREET NORTH,E01033094,Sefton 004F,Unable to prosecute suspect
7b45eadcd7a07383b34dd75db2087231b5ee9c8b75aa8064638c6cf1e6209c2d,2019-02,Merseyside Police,Merseyside Police,-2.967131,53.440904,On or near ESPIN STREET,E01006614,Liverpool 012B,Unable to prosecute suspect
dac140f9fe2e7c61f2988f0f989e0381afd983357b89e213253e198b5506a610,2019-02,Merseyside Police,Merseyside Police,-3.012338,53.361615,On or near WOODHEY GROVE,E01007112,Wirral 032B,Unable to prosecute suspect
ddef558a3144e58acaaa6b96337498ea562871b167d3e203695a4b0c93578510,2019-02,Merseyside Police,Merseyside Police,-3.056764,53.400125,On or near DEANS WAY,E01007122,Wirral 011C,Suspect charged
ddef558a3144e58acaaa6b96337498ea562871b167d3e203695a4b0c93578510,2019-02,Merseyside Police,Merseyside Police,-3.056764,53.400125,On or near DEANS WAY,E01007122,Wirral 011C,Suspect charged
ddef558a3144e58acaaa6b96337498ea562871b167d3e203695a4b0c93578510,2019-02,Merseyside Police,Merseyside Police,-3.056764,53.400125,On or near DEANS WAY,E01007122,Wirral 011C,Suspect charged
ddef558a3144e58acaaa6b96337498ea562871b167d3e203695a4b0c93578510,2019-02,Merseyside Police,Merseyside Police,-3.056764,53.400125,On or near DEANS WAY,E01007122,Wirral 011C,Suspect charged
9c29511dedddccc53dd514a8532f21f013cad1de1ecf727cfbecb8d5066bf2db,2019-02,Merseyside Police,Merseyside Police,-3.056764,53.400125,On or near DEANS WAY,E01007122,Wirral 011C,Unable to prosecute suspect
0046dc00478d2cc517e083629f8a7504d6b93365386b4bc3a228bd76c732b68e,2019-02,Merseyside Police,Merseyside Police,-2.854460,53.359803,On or near Petrol Station,E01006538,Liverpool 055E,Unable to prosecute suspect
69b7ebc6881570d7b5fa935cfe2d3fb719b25a5d0bd5c5308cc357bd4838c058,2019-02,Merseyside Police,Merseyside Police,-2.868220,53.412063,On or near MERTON DRIVE,E01006486,Knowsley 014C,Unable to prosecute suspect
45657e5c5a69ff498bdbb0a011536bee6a1fea50b6f4fe18442392c22bf4590b,2019-02,Merseyside Police,Merseyside Police,-2.996609,53.461497,On or near EMPIRE ROAD,E01007013,Sefton 036E,Unable to prosecute suspect
ce04044b77caf10ae3dc138c7e0f98bb0c094686b51c265b7c89c1052a13be91,2019-02,Merseyside Police,Merseyside Police,-2.976384,53.317122,On or near WINGATE ROAD,E01007166,Wirral 042B,Unable to prosecute suspect
86d22a81574923c0e81cb7c1942ac7c4a3a6976dd1b235030339ad94e5f94cdf,2019-02,Merseyside Police,Merseyside Police,-3.006455,53.648273,On or near Shopping Area,E01006968,Sefton 004C,Formal action is not in the public interest
86d22a81574923c0e81cb7c1942ac7c4a3a6976dd1b235030339ad94e5f94cdf,2019-02,Merseyside Police,Merseyside Police,-3.006455,53.648273,On or near Shopping Area,E01006968,Sefton 004C,Formal action is not in the public interest
e497035d700467d4c5bd4be60db0e2938a4768e8ec088347455c54e2177578e6,2019-02,Merseyside Police,Merseyside Police,-2.966495,53.477853,On or near GUILDFORD AVENUE,E01007054,Sefton 029B,Unable to prosecute suspect
5b587af829d22f814dc790fe65712e053041a6b4e61993c90e093e2761ef988e,2019-02,Merseyside Police,Merseyside Police,-2.911815,53.466687,On or near CHESHIRE AVENUE,E01006506,Knowsley 004B,Action to be taken by another organisation
4a3048cca2c5b30c2c6c273d53c5b835ba28d0534f4f00953965c6f3b72f3602,2019-02,Merseyside Police,Merseyside Police,-2.702351,53.448300,On or near FLEET LANE,E01006875,St. Helens 017C,Suspect charged
bec2cd3cb8966955d66b7606550d885d8727ab2c62ae7827a1f1d96bbb25690c,2019-02,Merseyside Police,Merseyside Police,-3.006455,53.648273,On or near Shopping Area,E01006968,Sefton 004C,Formal action is not in the public interest
32ab446a7f3b84adeb61dfd1a665083b8530a4f959e1aa53503a9f24c902b7a6,2019-02,Merseyside Police,Merseyside Police,-2.702351,53.448300,On or near FLEET LANE,E01006875,St. Helens 017C,Suspect charged
60642296a233d7a535287fc72c1d54085e0a2038f2d5ad71835a1f0fd6239609,2019-02,Merseyside Police,Merseyside Police,-2.860704,53.436172,On or near HASWELL DRIVE,E01006413,Knowsley 006B,Unable to prosecute suspect
8f63004b39af42d35cd410a215d26e1120b6d10e2146aac3febfc8eb701cd9b9,2019-02,Merseyside Police,Merseyside Police,-2.913320,53.399241,On or near WELLSTEAD CLOSE,E01006586,Liverpool 032C,Unable to prosecute suspect
1b581b635a999b859bbbec97a4d4c18ecca65465b7223b10be15820b9d29e118,2019-02,Merseyside Police,Merseyside Police,-2.702351,53.448300,On or near FLEET LANE,E01006875,St. Helens 017C,Suspect charged
d3abe10389e71dee12f8652be3f342acf2cc15bfccd0a637b71df6bed86a101d,2019-02,Merseyside Police,Merseyside Police,-3.028015,53.397320,On or near CHARLES STREET,E01007126,Wirral 016A,Suspect charged
a9c883178a77cc5db749ddd0ace4b44677eaeff467f4f5e51fa01b70cea330fb,2019-02,Merseyside Police,Merseyside Police,-3.026004,53.386892,On or near CIRCULAR ROAD,E01007128,Wirral 016C,Unable to prosecute suspect
3dbf6a2e9a84c6376dccbcffcf941e5918f8a1040306670960a00e7e22fb9851,2019-02,Merseyside Police,Merseyside Police,-2.958972,53.462327,On or near REGINA ROAD,E01006785,Liverpool 003D,Suspect charged
7463c9213701fd0d5142f0bbcf8ea3228443b5161ab6fe9fe9162bde5a8323a0,2019-02,Merseyside Police,Merseyside Police,-2.978084,53.489066,On or near ST AMBROSE CROFT,E01007085,Sefton 023B,Suspect charged
d6de0b67c3ef371f3f0a317376264a611593402bd8c46481950b328f43010f98,2019-02,Merseyside Police,Merseyside Police,-2.978084,53.489066,On or near ST AMBROSE CROFT,E01007085,Sefton 023B,Suspect charged
ef83e096df4463e6e455bd96e0a4716fd29c49ab72a7c042e3c1a961beb38122,2019-02,Merseyside Police,Merseyside Police,-3.047666,53.412421,On or near ROSTHERNE AVENUE,E01007270,Wirral 010D,Suspect charged
deeb403d59e72cbe3aa86b63f80ebdc3f9adddeade7c65cb11e47a7a37645c79,2019-02,Merseyside Police,Merseyside Police,-2.685373,53.469271,On or near BROOKSIDE CLOSE,E01006843,St. Helens 006D,Investigation complete; no suspect identified
ce05720248676be9ce8424bf7627705527e48b84271b1009c8332d5dd800beab,2019-02,Merseyside Police,Merseyside Police,-2.978384,53.413710,On or near Police Station,E01006648,Liverpool 023D,Suspect charged
4e1b50b89aaa55ac3de4a31f2a44530cf3e036b89124e16d64444a51fe3a07a5,2019-02,Merseyside Police,Merseyside Police,-2.978384,53.413710,On or near Police Station,E01006648,Liverpool 023D,Suspect charged
d1cd77f04704f9fa666fa8d3b771f73a9a6dcac8458fdc3af5b6b5d9e6161618,2019-02,Merseyside Police,Merseyside Police,-2.903265,53.414455,On or near ASHCOMBE ROAD,E01006569,Liverpool 029B,Suspect charged
611a31527402206650703c5321bab1deea5fcbe9a9de7e3e61c3c0a6d591d56d,2019-02,Merseyside Police,Merseyside Police,-2.726878,53.469394,On or near CAMPION CLOSE,E01006853,St. Helens 004E,Unable to prosecute suspect
2ff8670dd78ffa33acd98037e2cfb66dc810e2f664b1f85c9a3a9534fa079d9e,2019-02,Merseyside Police,Merseyside Police,-2.981574,53.444399,On or near Bus/Coach Station,E01006961,Sefton 038B,Unable to prosecute suspect
e014b6f20028352ec9e74ece3ecaa531f34538ab549becfd662fb1233b30508d,2019-02,Merseyside Police,Merseyside Police,-2.947173,53.409324,On or near WRENBURY STREET,E01006691,Liverpool 030A,Unable to prosecute suspect
a4d216db66985aac9bd2adffe38ad2014726b29cd883dc72a3e44cb29848a754,2019-02,Merseyside Police,Merseyside Police,-2.981499,53.403914,On or near ROE ALLEY,E01033756,Liverpool 061C,Suspect charged
a4d216db66985aac9bd2adffe38ad2014726b29cd883dc72a3e44cb29848a754,2019-02,Merseyside Police,Merseyside Police,-2.981499,53.403914,On or near ROE ALLEY,E01033756,Liverpool 061C,Suspect charged
3fff2b4646fb0c098e89a13fc834ef349580bbc9cb664b279676df9f37416a52,2019-02,Merseyside Police,Merseyside Police,-3.081814,53.402759,On or near FIRBROOK COURT,E01007120,Wirral 011A,Unable to prosecute suspect
75011456971c6049eb97ca279e32d170ee9c82ed6731395215db71dd80b13215,2019-02,Merseyside Police,Merseyside Police,-2.928162,53.500611,On or near BEDFORD AVENUE,E01007040,Sefton 026B,Unable to prosecute suspect
75011456971c6049eb97ca279e32d170ee9c82ed6731395215db71dd80b13215,2019-02,Merseyside Police,Merseyside Police,-2.928162,53.500611,On or near BEDFORD AVENUE,E01007040,Sefton 026B,Unable to prosecute suspect
fe1513c84b1f498e2ab8e87f45f779ca9b3f0d1570c5b2eaa6e43188c725a267,2019-02,Merseyside Police,Merseyside Police,-2.990743,53.478041,On or near CONDRON ROAD NORTH,E01006981,Sefton 031B,Unable to prosecute suspect
12500a8c92d122a5c25eb151acba8d7ec34083ea078bb313b41809ae5c31d3c2,2019-02,Merseyside Police,Merseyside Police,-2.979685,53.432999,On or near CHANCEL STREET,E01006702,Liverpool 014C,Suspect charged
12500a8c92d122a5c25eb151acba8d7ec34083ea078bb313b41809ae5c31d3c2,2019-02,Merseyside Police,Merseyside Police,-2.979685,53.432999,On or near CHANCEL STREET,E01006702,Liverpool 014C,Suspect charged
ed095c27c5907c31c385fb30f766b69a4a16ab7a2d3b4abdd46073de5e07a9b7,2019-02,Merseyside Police,Merseyside Police,-2.631197,53.459826,On or near DUNCAN AVENUE,E01006868,St. Helens 010C,Suspect charged
59c5d53b212ab6a26abc141abf5e9e1dbb8dc390260e5f05ef55f03a7972ace9,2019-02,Merseyside Police,Merseyside Police,-2.667747,53.463447,On or near GRANGE VALLEY,E01006839,St. Helens 005B,Suspect charged
304e13c6325f35544a8b05f57883e708b0af29757b1383761e7c3da3610f8849,2019-02,Merseyside Police,Merseyside Police,-2.917361,53.398303,On or near HILLS PLACE,E01006586,Liverpool 032C,Unable to prosecute suspect
80a8336b0e12d5fef13b63c12424354f6d01510eb3e72e84ed3cab58749c47fe,2019-02,Merseyside Police,Merseyside Police,-3.004928,53.374298,On or near MERSEY ROAD,E01007290,Wirral 027B,Unable to prosecute suspect
05773d545ebec611ccb7e58a6c88881ee59cd3295f71d81f828b96abf34ba119,2019-02,Merseyside Police,Merseyside Police,-2.960896,53.430796,On or near Sports/Recreation Area,E01006542,Liverpool 018A,Suspect charged
74799bd2d47a55988c12de5d0742a79e19be7163059e0476d3279fea7795ce58,2019-02,Merseyside Police,Merseyside Police,-2.960896,53.430796,On or near Sports/Recreation Area,E01006542,Liverpool 018A,Suspect charged
91d0316800df6c9a33f1aae2077417196e80098bd1e170d115e1cd522342ac38,2019-02,Merseyside Police,Merseyside Police,-3.015183,53.481809,On or near PARKWAY,E01007108,Sefton 025F,Suspect charged
b9fa8d2f984a0ea9ed45af21bfe74e84f5f8f054d48e8ff51919645e01e2ca76,2019-02,Merseyside Police,Merseyside Police,-2.905713,53.409295,On or near WHITEHOUSE ROAD,E01006566,Liverpool 032A,Unable to prosecute suspect
8b820a5b97d1743f763ef528fc288fe418414a1b3014c2affdf77367a47b9ba7,2019-02,Merseyside Police,Merseyside Police,-2.957880,53.400429,On or near CROWN STREET,E01006512,Liverpool 031A,Suspect charged
8b820a5b97d1743f763ef528fc288fe418414a1b3014c2affdf77367a47b9ba7,2019-02,Merseyside Police,Merseyside Police,-2.957880,53.400429,On or near CROWN STREET,E01006512,Liverpool 031A,Suspect charged
e7134acfcdbabd6b0b1d1c350e6443bdc309486b64a54c7c2ab2e9584d26fec8,2019-02,Merseyside Police,Merseyside Police,-2.956125,53.431473,On or near ARKLES LANE,E01006542,Liverpool 018A,Unable to prosecute suspect
5643f400326462e0f83d9e0f3d37f027dc3d5ce4f89ccaa107dbe1b58229b7ce,2019-02,Merseyside Police,Merseyside Police,-2.945618,53.396158,On or near WENDELL STREET,E01006556,Liverpool 039B,Unable to prosecute suspect
92c761c24e806c841e523ebb98aad4dde242a8f8e1f921a0e3c90b56ef6dbcd3,2019-02,Merseyside Police,Merseyside Police,-2.722454,53.448387,On or near WEST SIDE,E01006912,St. Helens 019G,Unable to prosecute suspect
9fd1c0c9a4d85f099c1fea71ef919f196cb6b17994b29b646f462cceaaf433a1,2019-02,Merseyside Police,Merseyside Police,-3.122354,53.414331,On or near Park/Open Space,E01007223,Wirral 013D,Unable to prosecute suspect
8c74b68db46d0b9fb8e56f1f169810e29111a72ec99d9d64ab64a918ba46d613,2019-02,Merseyside Police,Merseyside Police,-2.958897,53.428898,On or near HOULDING STREET,E01006546,Liverpool 019B,Suspect charged
984e45234a073e769c9ab09b339eb7ca310c8b3c4e0c76523f77b81acf079634,2019-02,Merseyside Police,Merseyside Police,-2.934492,53.431995,On or near LONDONDERRY ROAD,E01006606,Liverpool 020A,Further investigation is not in the public interest
5838bf4bbd81fc9b9a110c189a88d3057ace0fe7e2cced9593cd3f0970b921e6,2019-02,Merseyside Police,Merseyside Police,-2.931087,53.400830,On or near PICTON ROAD,E01006728,Liverpool 035E,Unable to prosecute suspect
8e888a52bd59c01c325714c3ef0a63a46450ce46c3e9227c83b5322b589f6433,2019-02,Merseyside Police,Merseyside Police,-3.025816,53.474706,On or near Supermarket,E01006956,Sefton 030B,Unable to prosecute suspect
eb14edcf58921547489c2502a4477a373008b6ba6d2881fa1a68cd970fefcff4,2019-02,Merseyside Police,Merseyside Police,-2.844604,53.428170,On or near NEWARK CLOSE,E01006441,Knowsley 006D,Suspect charged
eb14edcf58921547489c2502a4477a373008b6ba6d2881fa1a68cd970fefcff4,2019-02,Merseyside Police,Merseyside Police,-2.844604,53.428170,On or near NEWARK CLOSE,E01006441,Knowsley 006D,Suspect charged
d8fd8cc2659a51cb8a078a974d2977c87a840db995daf0b9564f3d87b4bf551e,2019-02,Merseyside Police,Merseyside Police,-2.991642,53.404783,On or near JAMES STREET,E01033752,Liverpool 062B,Unable to prosecute suspect
ead0792ca974a86d80c7c7adf6d8c5c5f4ac4a9b312b3a7c1f49957f2b972e22,2019-02,Merseyside Police,Merseyside Police,-2.991642,53.404783,On or near JAMES STREET,E01033752,Liverpool 062B,Suspect charged
dab97cdf64d5b9cdc5b62a2030a9dffc97ccc6826cc2d275e4a64095aaffd23d,2019-02,Merseyside Police,Merseyside Police,-2.991642,53.404783,On or near JAMES STREET,E01033752,Liverpool 062B,Unable to prosecute suspect
ca4b26f1b0f5be2b7a39494b41a8298fab36ef387571381bad85edd3ba514a71,2019-02,Merseyside Police,Merseyside Police,-2.930114,53.441719,On or near BROADWAY,E01006603,Liverpool 011B,Investigation complete; no suspect identified
dca256c0648eb51fbf916e0d022e4a39fff086e6a9f5fadab66ddb2c1a07541b,2019-02,Merseyside Police,Merseyside Police,-2.978599,53.409277,On or near LIME STREET,E01033760,Liverpool 060C,Unable to prosecute suspect
f0cb17f15b4106393f1fb26dd18d29f80c2d5be292a4502b76d99e99076929b6,2019-02,Merseyside Police,Merseyside Police,-2.860990,53.350515,On or near Sports/Recreation Area,E01006739,Liverpool 058B,Unable to prosecute suspect
9403d235b7e21571f3960730e202e17bf023927e3925bcf3749f8dbafc65f202,2019-02,Merseyside Police,Merseyside Police,-3.022611,53.335019,On or near MOUNT ROAD,E01007144,Wirral 038A,Investigation complete; no suspect identified
67e2d88e4fbcfec22fdb00feb5711dd26f2b1a58239d77a8077ca08451047962,2019-02,Merseyside Police,Merseyside Police,-2.842811,53.389252,On or near CRABTREE CLOSE,E01006706,Liverpool 045A,Unable to prosecute suspect
0036629a3e74bece8903031a20e9f07cb863a460699cceaa6a456491c16a7e93,2019-02,Merseyside Police,Merseyside Police,-2.962418,53.406227,On or near BROWNLOW HILL,E01006747,Liverpool 031B,Suspect charged
8cd3b1955ff96bcd5b3f7f28596a6cdef16d8fff06a80ccbebc708140987aacd,2019-02,Merseyside Police,Merseyside Police,-2.962418,53.406227,On or near BROWNLOW HILL,E01006747,Liverpool 031B,Suspect charged
207e86b4950c5c9ac1bee1eaf142a756372afcbb091c5b358270462a6a88adc1,2019-02,Merseyside Police,Merseyside Police,-2.745023,53.449983,On or near GLOVER STREET,E01006832,St. Helens 012A,Suspect charged
207e86b4950c5c9ac1bee1eaf142a756372afcbb091c5b358270462a6a88adc1,2019-02,Merseyside Police,Merseyside Police,-2.745023,53.449983,On or near GLOVER STREET,E01006832,St. Helens 012A,Suspect charged
207e86b4950c5c9ac1bee1eaf142a756372afcbb091c5b358270462a6a88adc1,2019-02,Merseyside Police,Merseyside Police,-2.745023,53.449983,On or near GLOVER STREET,E01006832,St. Helens 012A,Suspect charged
768471c09b77647951b4eb8d962ce9ec3beda9a0886d01990c3d5c0e4aa48470,2019-02,Merseyside Police,Merseyside Police,-3.026428,53.378870,On or near ELM ROAD,E01007179,Wirral 021C,Unable to prosecute suspect
768471c09b77647951b4eb8d962ce9ec3beda9a0886d01990c3d5c0e4aa48470,2019-02,Merseyside Police,Merseyside Police,-3.026428,53.378870,On or near ELM ROAD,E01007179,Wirral 021C,Unable to prosecute suspect
20800bc77e8738c80ca9d24927fe542fc84ba022d5703c68b243750c5f7e6e6f,2019-02,Merseyside Police,Merseyside Police,-3.026428,53.378870,On or near ELM ROAD,E01007179,Wirral 021C,Suspect charged
780c141f273d12e13f834b482d627930311b29ccacba417a58a590ed6e52ba15,2019-02,Merseyside Police,Merseyside Police,-2.963313,53.389266,On or near NORTH HILL STREET,E01006676,Liverpool 044D,Suspect charged
780c141f273d12e13f834b482d627930311b29ccacba417a58a590ed6e52ba15,2019-02,Merseyside Police,Merseyside Police,-2.963313,53.389266,On or near NORTH HILL STREET,E01006676,Liverpool 044D,Suspect charged
780c141f273d12e13f834b482d627930311b29ccacba417a58a590ed6e52ba15,2019-02,Merseyside Police,Merseyside Police,-2.963313,53.389266,On or near NORTH HILL STREET,E01006676,Liverpool 044D,Suspect charged
780c141f273d12e13f834b482d627930311b29ccacba417a58a590ed6e52ba15,2019-02,Merseyside Police,Merseyside Police,-2.963313,53.389266,On or near NORTH HILL STREET,E01006676,Liverpool 044D,Suspect charged
596445f5374ecce1c56b64caaf0796a8bc3b46295773ff6f69ec4ee9d619a6a1,2019-02,Merseyside Police,Merseyside Police,-2.963313,53.389266,On or near NORTH HILL STREET,E01006676,Liverpool 044D,Unable to prosecute suspect
f0273d9c8637098b1e49350fcd48b7c1bc15afdf786f1e87f7bb21d80c846bf5,2019-02,Merseyside Police,Merseyside Police,-2.915936,53.413190,On or near Supermarket,E01032508,Liverpool 027G,Unable to prosecute suspect
c3a2ac2df555b5e6f1c57564d11bbc5723936e36a0e21f4fa558875f83a55cde,2019-02,Merseyside Police,Merseyside Police,-3.000177,53.648280,On or near Parking Area,E01006968,Sefton 004C,Unable to prosecute suspect
18eeb0ed23131b2ca47998d9f79c30fd54622a13f71814c6dcae0f015a1c3354,2019-02,Merseyside Police,Merseyside Police,-3.168771,53.378145,On or near GREENBANK ROAD,E01007263,Wirral 026D,Unable to prosecute suspect
32e4eaf01c0fba10a6dc5d5ef6e035a5512f278ee805f2db954734d81e903641,2019-02,Merseyside Police,Merseyside Police,-2.739002,53.454488,On or near WILLIAM STREET,E01006877,St. Helens 012C,Suspect charged
b942da2e064cf30f907bdecc4f8ac5acfd06cb661641587a2b2ee02b04ce6af4,2019-02,Merseyside Police,Merseyside Police,-2.898155,53.356174,On or near PALMERSTON ROAD,E01006744,Liverpool 057C,Suspect charged
a5149dbf9c393fac94221deb9fe0ec7d0c4c5eebb4eedb467526da014e9712eb,2019-02,Merseyside Police,Merseyside Police,-2.918402,53.414528,On or near DAY STREET,E01032508,Liverpool 027G,Unable to prosecute suspect
a5149dbf9c393fac94221deb9fe0ec7d0c4c5eebb4eedb467526da014e9712eb,2019-02,Merseyside Police,Merseyside Police,-2.918402,53.414528,On or near DAY STREET,E01032508,Liverpool 027G,Unable to prosecute suspect
2486256e3e09c6c5514c293671c90a5d15556707d4f13ecc035425f3f55bc05f,2019-02,Merseyside Police,Merseyside Police,-2.917766,53.442974,On or near HELMDON CLOSE,E01006599,Liverpool 010B,Unable to prosecute suspect
aec2fca51fa6cdd5581484346a670659a0c70c97c08ef941b193304908c81c17,2019-02,Merseyside Police,Merseyside Police,-2.917361,53.398303,On or near HILLS PLACE,E01006586,Liverpool 032C,Unable to prosecute suspect
7a7f1af38e10d2cc4bf31db62078ff2a44e0f3a80a66432fdd9f2b0f296a513f,2019-02,Merseyside Police,Merseyside Police,-3.031498,53.383393,On or near MILTON ROAD,E01007131,Wirral 021B,Investigation complete; no suspect identified
41c2655c28a369f5670a6472bacded21432e2a173cc05e033968be20a5830c87,2019-02,Merseyside Police,Merseyside Police,-2.759057,53.449167,On or near CONSTANCE STREET,E01006833,St. Helens 016B,Unable to prosecute suspect
41c2655c28a369f5670a6472bacded21432e2a173cc05e033968be20a5830c87,2019-02,Merseyside Police,Merseyside Police,-2.759057,53.449167,On or near CONSTANCE STREET,E01006833,St. Helens 016B,Unable to prosecute suspect
fbf837abee0861d06c45aac57e2476b0bad6369d408da411cf77d4d2c709ea22,2019-02,Merseyside Police,Merseyside Police,-2.927252,53.512815,On or near GROVE MEAD,E01007098,Sefton 019C,Unable to prosecute suspect
7350710b1a6df0a4d9017ca2389f8afb9e987f6ca4f95fcc82016877c46c0eb9,2019-02,Merseyside Police,Merseyside Police,-2.911815,53.466687,On or near CHESHIRE AVENUE,E01006506,Knowsley 004B,Unable to prosecute suspect
f6f4b588fe73d8a7d81c4248a27008c2d7688edbaa720eed98f7cc8beb7c4439,2019-02,Merseyside Police,Merseyside Police,-2.967908,53.409535,On or near DAULBY STREET,E01006747,Liverpool 031B,Unable to prosecute suspect
38ad1970ce9c7d3b3fdf897edbb9e973df84d2ea53e44764490d374981b407e7,2019-02,Merseyside Police,Merseyside Police,-2.877047,53.476880,On or near PARK BROW DRIVE,E01006434,Knowsley 005C,Investigation complete; no suspect identified
64fe16fb29f50efa5e02d10553295066b3345f2b4af31147f11f871badd3ecc2,2019-02,Merseyside Police,Merseyside Police,-2.981720,53.448119,On or near BREEZE HILL,E01006962,Sefton 038C,Suspect charged
b5443fd82f9ba9c2c2f5226266dca209aeca304d6d5f99519e96f69edd06e4e2,2019-02,Merseyside Police,Merseyside Police,-3.148300,53.374380,On or near MEADOW ROAD,E01007258,Wirral 028A,Unable to prosecute suspect
3566410c38384de0de8da40848f982872ebf43e7abdb02a2d884ca8e14ec92a9,2019-02,Merseyside Police,Merseyside Police,-2.674043,53.491986,On or near DUNBLANE CLOSE,E01006809,St. Helens 003D,Further investigation is not in the public interest
924d90e2bd248974ac7f795cdc65a935b4e9b42521532e15f240dc12f6421ad7,2019-02,Merseyside Police,Merseyside Police,-2.980009,53.393409,On or near FISHER STREET,E01006515,Liverpool 037B,Unable to prosecute suspect
e1b69f343f0aacfe66f7a12adada3eca54b8ec2072e52953a0cfbcc94c726330,2019-02,Merseyside Police,Merseyside Police,-3.024214,53.415663,On or near Parking Area,E01007277,Wirral 008D,Suspect charged
d2b60148dd43788959206ba03bd1edbcffc88d7144ab1ba2db51dcd61edd69ae,2019-02,Merseyside Police,Merseyside Police,-2.983539,53.403016,On or near Parking Area,E01033756,Liverpool 061C,Unable to prosecute suspect
0f67d7720db1e38c250109322c64279c3d3fdafbd1d6d006acc2bc670a4ad7d5,2019-02,Merseyside Police,Merseyside Police,-3.123951,53.399547,On or near MACDONALD ROAD,E01007221,Wirral 012B,Unable to prosecute suspect
6f615389aa0cfc29983a26eb6a4b577d869eff1fecf5248db2ccaa1bc5d0bf70,2019-02,Merseyside Police,Merseyside Police,-3.050124,53.401056,On or near RUNDLE STREET,E01032903,Wirral 010F,Suspect charged
146588d4118d5baaac4a450379ad3833ce1c1f472c65fb8fcdd8d1d86ea77c48,2019-02,Merseyside Police,Merseyside Police,-2.980571,53.403472,On or near Nightclub,E01033756,Liverpool 061C,Investigation complete; no suspect identified
10de89bcb0cba275aa2e8b7569ccd55cf03cc56f16dbbe917bda7d635b894773,2019-02,Merseyside Police,Merseyside Police,-2.979247,53.399528,On or near Further/Higher Educational Building,E01033754,Liverpool 061B,Unable to prosecute suspect
85efe47097d302c1c151fb7a18ef1ef3a0b9243f10931a70c41b92b7bbb1e84b,2019-02,Merseyside Police,Merseyside Police,-2.987595,53.406057,On or near Nightclub,E01033760,Liverpool 060C,Offender given a caution
bbae1547facc2e90dfa44834486928df0ebcd6ca2012b0d7b500ef1f8cbfb34b,2019-02,Merseyside Police,Merseyside Police,-3.035894,53.378060,On or near HIGHGREEN ROAD,E01007244,Wirral 022E,Suspect charged
f57b8e89b3c68981ac19229f78b84e3ae5e62242672e9cc9e70f9013f710f87a,2019-02,Merseyside Police,Merseyside Police,-2.998358,53.419855,On or near DUBLIN STREET,E01006776,Liverpool 022B,Investigation complete; no suspect identified
dfebc6d850dae32c12ba0f4a4552e2325d21bff2cbe87f2eed9479d74b87a3d3,2019-02,Merseyside Police,Merseyside Police,-2.978842,53.422498,On or near Parking Area,E01033764,Liverpool 022E,Investigation complete; no suspect identified
cc6462141993fc628c04bb42435e2679518212038dec05bf2d339a091c2c31e6,2019-02,Merseyside Police,Merseyside Police,-2.966867,53.451153,On or near Hospital,E01006791,Liverpool 006D,Local resolution
ca5acf2c006e9cdc705b6010887022cd3c081d275fdceaeb325a7d76ff674834,2019-02,Merseyside Police,Merseyside Police,-3.123951,53.399547,On or near MACDONALD ROAD,E01007221,Wirral 012B,Unable to prosecute suspect
2c6b418585f998f8e213babcb165ab79a3f0a6d7ae307525fb38a9cf457f3fce,2019-02,Merseyside Police,Merseyside Police,-3.117941,53.404395,On or near FLAXHILL,E01007227,Wirral 012D,Unable to prosecute suspect
f60c475d18abd73da9d6a50ceafad80f4d2402714e869ab9558d362b33ea00cd,2019-02,Merseyside Police,Merseyside Police,-2.849151,53.419958,On or near Petrol Station,E01006452,Knowsley 012D,Suspect charged
51c6b2d1fcbb80a7701da07e49173abc05828b28188a2f60824e9548430367d1,2019-02,Merseyside Police,Merseyside Police,-3.035947,53.387705,On or near WESTBOURNE ROAD,E01007129,Wirral 016D,Unable to prosecute suspect
484db1ad5644e1fb603dfa071b4f65b9b3eb2cfec884be0acccc168e336b863a,2019-02,Merseyside Police,Merseyside Police,-3.010874,53.370212,On or near WORDSWORTH AVENUE,E01007176,Wirral 029C,Unable to prosecute suspect
4fc31d1f91ee8d99e0321065bad822c674496c1c7e38e36e55e4f10979373096,2019-02,Merseyside Police,Merseyside Police,-3.050124,53.401056,On or near RUNDLE STREET,E01032903,Wirral 010F,Suspect charged
da23f0963b6ca1bfbfeeb7810c8b0a0b04894edbb3fdc8da634c08a598528341,2019-02,Merseyside Police,Merseyside Police,-3.010874,53.370212,On or near WORDSWORTH AVENUE,E01007176,Wirral 029C,Unable to prosecute suspect
16bfc72d81f20e9e43751d42cb18be21880f961ef4abbe81b55fcbf2967f8f4b,2019-02,Merseyside Police,Merseyside Police,-2.999718,53.461148,On or near HORNBY BOULEVARD,E01007013,Sefton 036E,Suspect charged
a20e8247e065a83e8fe58dab1fa6da93a985ee0d9ece5f01541e3f91cd57d597,2019-02,Merseyside Police,Merseyside Police,-3.016405,53.381581,On or near PEMBROKE COURT,E01007291,Wirral 021D,Offender given a caution
a20e8247e065a83e8fe58dab1fa6da93a985ee0d9ece5f01541e3f91cd57d597,2019-02,Merseyside Police,Merseyside Police,-3.016405,53.381581,On or near PEMBROKE COURT,E01007291,Wirral 021D,Offender given a caution
0ac351133ec6f153526ef0356e89893d7b36d9d9060625dfe2eae860e56e072f,2019-02,Merseyside Police,Merseyside Police,-3.016405,53.381581,On or near PEMBROKE COURT,E01007291,Wirral 021D,Unable to prosecute suspect
48649d7f62c8674137203ef6f47754019fa5ca53b9371b41eb9e4031aa772c9c,2019-02,Merseyside Police,Merseyside Police,-2.968535,53.446366,On or near ELTON STREET,E01006705,Liverpool 009E,Investigation complete; no suspect identified
eebc1198f8725febb74a06b268cc16d719a8ad88a21c9531b0db9423fb252856,2019-02,Merseyside Police,Merseyside Police,-2.997420,53.427998,On or near SANDON WAY,E01006778,Liverpool 014E,Investigation complete; no suspect identified
67105b5841b7c9fb15d538da41a9237b93b7888453e0b6a68991781833abe7f6,2019-02,Merseyside Police,Merseyside Police,-2.990076,53.438396,On or near HOTSPUR STREET,E01006778,Liverpool 014E,Investigation complete; no suspect identified
86c0feab2bd4c13b8a3532bf9476cb6c4cfbb7ad1e6fab77dccbb05a282c410c,2019-02,Merseyside Police,Merseyside Police,-2.867684,53.375375,On or near MASON STREET,E01006795,Liverpool 051B,Unable to prosecute suspect
729b43ec9fe5c3a662519eb0c73c4e1d9807b4bba122898ef217874bac292f46,2019-02,Merseyside Police,Merseyside Police,-3.038142,53.439561,On or near Parking Area,E01007238,Wirral 001E,Unable to prosecute suspect
15b6e4c07f9b3cd0baba2602f27b02a000fb6e657eedf07555ea4b1378f9f7b7,2019-02,Merseyside Police,Merseyside Police,-3.011133,53.379234,On or near VANGUARD WAY,E01007293,Wirral 027C,Suspect charged
5032a2705289a7ae754f47eb06fcd50599c06b7ca997a0cac515ca86f505949a,2019-02,Merseyside Police,Merseyside Police,-2.849151,53.419958,On or near Petrol Station,E01006452,Knowsley 012D,Offender given a drugs possession warning
1e37c69f2c14e7de21e615c8f9549ac79ade6b998ee046e6dfd19ac2eae8e79c,2019-02,Merseyside Police,Merseyside Police,-2.894916,53.456783,On or near TRISPEN ROAD,E01006661,Liverpool 004A,Unable to prosecute suspect
d7ea2eb2379d78bc0073bfdf24974672594bb5aab409185fe35c16a939e393c2,2019-02,Merseyside Police,Merseyside Police,-3.004431,53.372981,On or near MANOR LANE,E01007290,Wirral 027B,Suspect charged
a5523cd84a3026031be8eebf4dc999ec78137115a3878897e7fd3164c2cfc7cf,2019-02,Merseyside Police,Merseyside Police,-2.840855,53.354883,On or near WELLAND CLOSE,E01006432,Knowsley 020E,Suspect charged
48b9b81a8b5649307464589f3b611a45ba6435115d805bd1e1c1b450bbf3e424,2019-02,Merseyside Police,Merseyside Police,-2.918402,53.414528,On or near DAY STREET,E01032508,Liverpool 027G,Unable to prosecute suspect
4965e0c3be649ab6da47a6bfff64d9b993a5744aae076b3855648f85af145700,2019-02,Merseyside Police,Merseyside Police,-3.026466,53.412318,On or near POULTON ROAD,E01007278,Wirral 008E,Unable to prosecute suspect
287e18743f6b2bb0c085a749a97068e89c7b1100ad2d8b331c426e195d5a9705,2019-02,Merseyside Police,Merseyside Police,-2.984970,53.421980,On or near MCKEOWN CLOSE,E01006779,Liverpool 022D,Unable to prosecute suspect
2e74143cb69f8808514cd08257931888a834fc78826934fd8e15e544d2cfd423,2019-02,Merseyside Police,Merseyside Police,-2.880461,53.467830,On or near SHIRDLEY AVENUE,E01006418,Knowsley 005B,Suspect charged
f34ae20ae48ed11897f28ee9349f3407d64d76f17cde50cd0da0717033fd197f,2019-02,Merseyside Police,Merseyside Police,-2.880461,53.467830,On or near SHIRDLEY AVENUE,E01006418,Knowsley 005B,Action to be taken by another organisation
348167684fbf34dc2eefed483a5b791febd040f31a1c7c9b78e4ad6ad6040c0b,2019-02,Merseyside Police,Merseyside Police,-2.939670,53.417671,On or near CARSTAIRS ROAD,E01006759,Liverpool 028D,Unable to prosecute suspect
d69f33e1225fd4a321e34ecf9dee7645451b4e611f54f419bed8a7b74664d955,2019-02,Merseyside Police,Merseyside Police,-2.918402,53.414528,On or near DAY STREET,E01032508,Liverpool 027G,Unable to prosecute suspect
d1b7d7191d26945cef583b7586c7db0299e7597d5428765cb1f606e5033997ad,2019-02,Merseyside Police,Merseyside Police,-2.921839,53.369620,On or near BARKHILL ROAD,E01006527,Liverpool 053A,Unable to prosecute suspect
d1b7d7191d26945cef583b7586c7db0299e7597d5428765cb1f606e5033997ad,2019-02,Merseyside Police,Merseyside Police,-2.921839,53.369620,On or near BARKHILL ROAD,E01006527,Liverpool 053A,Unable to prosecute suspect
d1b7d7191d26945cef583b7586c7db0299e7597d5428765cb1f606e5033997ad,2019-02,Merseyside Police,Merseyside Police,-2.921839,53.369620,On or near BARKHILL ROAD,E01006527,Liverpool 053A,Unable to prosecute suspect
0cdb35cf9d7a0e856a294418819098ec2336ec5ecd7638e4173403b4517852d7,2019-02,Merseyside Police,Merseyside Police,-2.733492,53.443205,On or near BURTONHEAD ROAD,E01006912,St. Helens 019G,Suspect charged
9f68071919cebf13b8815fd0d021cbcf83b68a4bb565bd7049394e7460394ec7,2019-02,Merseyside Police,Merseyside Police,-2.674306,53.465783,On or near IRELAND ROAD,E01006838,St. Helens 006B,Suspect charged
d7dd1b92a918f8143101f16f460f0974cea733f0ade16bf3d36863a8c76fb688,2019-02,Merseyside Police,Merseyside Police,-3.022942,53.395871,On or near WOOD STREET,E01007126,Wirral 016A,Unable to prosecute suspect
17222024d4812479378aa81b27fc6c738614d58c9f1bf8b0f3f63ade185aa55b,2019-02,Merseyside Police,Merseyside Police,-2.918402,53.414528,On or near DAY STREET,E01032508,Liverpool 027G,Unable to prosecute suspect
ef12e72ef99619b3026dd3989d97f5cac0a33577ec1e7a95c624b515d5ed1f35,2019-02,Merseyside Police,Merseyside Police,-2.832675,53.357601,On or near Police Station,E01006429,Knowsley 020C,Suspect charged
ef12e72ef99619b3026dd3989d97f5cac0a33577ec1e7a95c624b515d5ed1f35,2019-02,Merseyside Police,Merseyside Police,-2.832675,53.357601,On or near Police Station,E01006429,Knowsley 020C,Suspect charged
0e7c5249513952c8fb2c66f78af21cbe49a14517587ee3a9a67e10bd31e758fb,2019-02,Merseyside Police,Merseyside Police,-2.957917,53.378622,On or near HINDLIP STREET,E01032506,Liverpool 050G,Suspect charged
0fdeb94a8b1a40b31ff9f551a53b6720c8b4566bda262b6a0665dc75192ea257,2019-02,Merseyside Police,Merseyside Police,-2.976473,53.408405,On or near LORD NELSON STREET,E01033760,Liverpool 060C,Investigation complete; no suspect identified
f136dfc4ac0ba739d2a001087ad73abc75bb54810464059c525c11f830b9460e,2019-02,Merseyside Police,Merseyside Police,-2.923949,53.433758,On or near AGAR ROAD,E01006604,Liverpool 016A,Suspect charged
adc5ea006f44dcec4f0c0cb7d25a8821440e70b22d72330cd293a8e7f7da393d,2019-02,Merseyside Police,Merseyside Police,-2.923949,53.433758,On or near AGAR ROAD,E01006604,Liverpool 016A,Suspect charged
9362ad1b0e838d8f8cd4a7a1d40d9457e96dc51dd916db2fe7b60ec325b00312,2019-02,Merseyside Police,Merseyside Police,-3.040807,53.429722,On or near OSBORNE AVENUE,E01007233,Wirral 002C,Unable to prosecute suspect
c5ca69a15cdd6385f3e38d87f1fec805327d55d54003b651841d20367ec2dcec,2019-02,Merseyside Police,Merseyside Police,-2.985119,53.403704,On or near Parking Area,E01033756,Liverpool 061C,Unable to prosecute suspect
c586bac25b3fea5810e02482aad20cf928d896e0a963f4ca1034a351bb80b534,2019-02,Merseyside Police,Merseyside Police,-2.914986,53.424290,On or near KREMLIN DRIVE,E01006621,Liverpool 021D,Suspect charged
65d62dded7bd9001a4dfa28b3a02c9c91b0a7d1a3647560f55f6ed5ce415fb98,2019-02,Merseyside Police,Merseyside Police,-2.925103,53.478558,On or near VALLEY CLOSE,E01007045,Sefton 026E,Unable to prosecute suspect
d19dd88884312013cf389cc2f8b5a7d558005577d64abf5f3c8fb2bd190e7aba,2019-02,Merseyside Police,Merseyside Police,-2.925911,53.381328,On or near QUEENS DRIVE,E01006524,Liverpool 048B,Local resolution
b030cf1098466e6e47f4dda025995e1baac10b0ae76dc1e6f5f5330fa2c737c4,2019-02,Merseyside Police,Merseyside Police,-2.944718,53.412543,On or near SHEIL PLACE,E01006697,Liverpool 030D,Unable to prosecute suspect
b030cf1098466e6e47f4dda025995e1baac10b0ae76dc1e6f5f5330fa2c737c4,2019-02,Merseyside Police,Merseyside Police,-2.944718,53.412543,On or near SHEIL PLACE,E01006697,Liverpool 030D,Unable to prosecute suspect
82b7c00b61baa50ef9e94cde3f48e28bdd02cb438a32b481564fd87b754bb81d,2019-02,Merseyside Police,Merseyside Police,-2.935249,53.394478,On or near Supermarket,E01006723,Liverpool 038E,Investigation complete; no suspect identified
9e9d92d49c7c9c4685e44a17753da4235cad3c1897ece3fa74f300fa8d499cde,2019-02,Merseyside Police,Merseyside Police,-2.935249,53.394478,On or near Supermarket,E01006723,Liverpool 038E,Investigation complete; no suspect identified
365e190a7bd21f4f6520851755b3591d7511c4a4cde0e556a3d279f67f1a10e4,2019-02,Merseyside Police,Merseyside Police,-2.766745,53.461342,On or near REGAL DRIVE,E01006917,St. Helens 007D,Unable to prosecute suspect
cfcb1f7e8cbb73c9c0cc034cc52ad7c8f0911734307af6bd9fc1b8162aa93d93,2019-02,Merseyside Police,Merseyside Police,-2.947753,53.421185,On or near BELMONT ROAD,E01006760,Liverpool 028E,Unable to prosecute suspect
a5a98c58a567e6e74a9bf4b76be06c6d34a62ee10acb7711a0695e6b484747b9,2019-02,Merseyside Police,Merseyside Police,-3.154890,53.369031,On or near GRANGE CROSS CLOSE,E01007262,Wirral 028C,Investigation complete; no suspect identified
3322f4ed442eddba4c98b417c3f221bdf53a397b9fa843fc5adc95b8123796fb,2019-02,Merseyside Police,Merseyside Police,-3.168771,53.378145,On or near GREENBANK ROAD,E01007263,Wirral 026D,Unable to prosecute suspect
82648ae68242b770454e0dd6c523cc9dfe2801cb801a6e0a1b76821cec228843,2019-02,Merseyside Police,Merseyside Police,-3.028576,53.386933,On or near CEDAR STREET,E01007130,Wirral 021A,Unable to prosecute suspect
82648ae68242b770454e0dd6c523cc9dfe2801cb801a6e0a1b76821cec228843,2019-02,Merseyside Police,Merseyside Police,-3.028576,53.386933,On or near CEDAR STREET,E01007130,Wirral 021A,Unable to prosecute suspect
42ec335115a6d46254247831bde33e5dc138d729ba5c3faeef6a1f3f2cdd28e3,2019-02,Merseyside Police,Merseyside Police,-3.024214,53.415663,On or near Parking Area,E01007277,Wirral 008D,Unable to prosecute suspect
a8adf7fc528d97b2b2674eb4345ffee91ed1b7e99407bcb812c15c927bd8ef5f,2019-02,Merseyside Police,Merseyside Police,-2.827999,53.339647,On or near ALWAIN GREEN,E01006757,Liverpool 059E,Suspect charged
1e9d1fadbb2c301bf71032219183f86dcd26e5ca1fa8d43bf6d0e7bf4d8e9733,2019-02,Merseyside Police,Merseyside Police,-2.948199,53.416192,On or near MORDEN STREET,E01006694,Liverpool 030B,Unable to prosecute suspect
22a3c852ba2243128f02da3ef420ae2b7260ab12ccfde7f4376b2b542b6ff5ed,2019-02,Merseyside Police,Merseyside Police,-2.915282,53.410759,On or near MADDOCKS STREET,E01032508,Liverpool 027G,Unable to prosecute suspect
9f6bc6a9d2cb7a2d95b0bd45104b2600986c322a4aeecf954c61414237b54691,2019-02,Merseyside Police,Merseyside Police,-2.727875,53.413163,On or near Petrol Station,E01006910,St. Helens 022E,Offender given a caution
d28c022b3cd6cc45951ad468c58592c3aa464516183abd98ed5c8d98a6b8612e,2019-02,Merseyside Police,Merseyside Police,-2.981817,53.447112,On or near BALLIOL ROAD EAST,E01006961,Sefton 038B,Unable to prosecute suspect
7ddeb4c4e72caa876031098e43b382c09409799fe30db0a45be3ce93d679e782,2019-02,Merseyside Police,Merseyside Police,-2.935501,53.410081,On or near GARTHOWEN ROAD,E01006692,Liverpool 028B,Unable to prosecute suspect
7ddeb4c4e72caa876031098e43b382c09409799fe30db0a45be3ce93d679e782,2019-02,Merseyside Police,Merseyside Police,-2.935501,53.410081,On or near GARTHOWEN ROAD,E01006692,Liverpool 028B,Unable to prosecute suspect
20bcc05cece72f296ea35b6d134e13d85c9ff44155344502a04fd31c45960522,2019-02,Merseyside Police,Merseyside Police,-2.935501,53.410081,On or near GARTHOWEN ROAD,E01006692,Liverpool 028B,Suspect charged
0179cad8d3d7d31215646d3506611082ef8303834ced1457fbca2a4922f25ca0,2019-02,Merseyside Police,Merseyside Police,-2.954644,53.425166,On or near SPRING BANK ROAD,E01006547,Liverpool 019C,Offender given a caution
22a1cd81d19a98194a3f1533e04fe1c121f4d0334fa775c769033482bf71de13,2019-02,Merseyside Police,Merseyside Police,-2.977994,53.412437,On or near ST JOSEPHS CRESCENT,E01006648,Liverpool 023D,Suspect charged
2742fc04ec325b16b18bd738441edb1f447dd222c1b13db85224b280a26d471e,2019-02,Merseyside Police,Merseyside Police,-2.714879,53.433979,On or near KERRYSDALE CLOSE,E01006847,St. Helens 020C,Suspect charged
2742fc04ec325b16b18bd738441edb1f447dd222c1b13db85224b280a26d471e,2019-02,Merseyside Police,Merseyside Police,-2.714879,53.433979,On or near KERRYSDALE CLOSE,E01006847,St. Helens 020C,Suspect charged
2742fc04ec325b16b18bd738441edb1f447dd222c1b13db85224b280a26d471e,2019-02,Merseyside Police,Merseyside Police,-2.714879,53.433979,On or near KERRYSDALE CLOSE,E01006847,St. Helens 020C,Suspect charged
20d8498e8a2f388b6a55ae2253c8768d606cc64d1936172c1553c180718b94bb,2019-02,Merseyside Police,Merseyside Police,-3.022285,53.411122,On or near STANLEY STREET,E01007274,Wirral 008C,Offender given a caution
45da5664e940fe28e93fe30ac50b3c11cffe7ba3cf3225eb795fa95b775ccce3,2019-02,Merseyside Police,Merseyside Police,-2.877642,53.426862,On or near HAYDN ROAD,E01006639,Liverpool 017C,Unable to prosecute suspect
8a0fdb3981f0f1012157070c390652806c91df20aa9dbe8481b2cb6695680cea,2019-02,Merseyside Police,Merseyside Police,-3.021131,53.410710,On or near THE BIRCHES,E01007274,Wirral 008C,Suspect charged
43dd3395ece8b6467ce1e0e8a2f839c8b6dfef736a9f374700deacf1164d2478,2019-02,Merseyside Police,Merseyside Police,-2.971277,53.438542,On or near COUNTY ROAD,E01006700,Liverpool 012E,Unable to prosecute suspect
5c8be68eccc1bbe6c8e3b3f2fa15028391aa09adb7771abbbe2c100505969f52,2019-02,Merseyside Police,Merseyside Police,-2.730100,53.456125,On or near WOODVILLE STREET,E01006872,St. Helens 014C,Local resolution
5c8be68eccc1bbe6c8e3b3f2fa15028391aa09adb7771abbbe2c100505969f52,2019-02,Merseyside Police,Merseyside Police,-2.730100,53.456125,On or near WOODVILLE STREET,E01006872,St. Helens 014C,Local resolution
44d975be3615b273f4c49853133616168562ad60309e2984aea73ffd3bf3a93a,2019-02,Merseyside Police,Merseyside Police,-2.730100,53.456125,On or near WOODVILLE STREET,E01006872,St. Helens 014C,Local resolution
a7b7e59a1954bea17ccf18473325254fe8e9dfac712f59c1116ac0b4bdfcd268,2019-02,Merseyside Police,Merseyside Police,-2.937478,53.398739,On or near ALDERSON ROAD,E01006726,Liverpool 035C,Unable to prosecute suspect
15755f812e3fb46dfd0102b822a2df78d211fa10dc5adf00cb45f0a015ef7679,2019-02,Merseyside Police,Merseyside Police,-3.019611,53.391172,On or near BANK STREET,E01007126,Wirral 016A,Investigation complete; no suspect identified
fba343d066c9173af2ae78796ffd49dcc171a80adf6d111c7e4402b3d03df602,2019-02,Merseyside Police,Merseyside Police,-2.705933,53.461816,On or near BLACKBROOK ROAD,E01006815,St. Helens 008F,Suspect charged
a88f7012a7d8b55902ff4906569c6df2bf64584d346449e0da55b373f225d183,2019-02,Merseyside Police,Merseyside Police,-2.925982,53.391539,On or near FOXDALE ROAD,E01006724,Liverpool 038F,Suspect charged
c19305127b125e36cb8555ef333b33b803ab2e355d267ce7411a72ed4b40af38,2019-02,Merseyside Police,Merseyside Police,-2.929529,53.391476,On or near FERNDALE ROAD,E01006550,Liverpool 038A,Suspect charged
8103df455c6fe426803e9e674b3a273e2fca112105ef70703e8b227bda7b5bdb,2019-02,Merseyside Police,Merseyside Police,-2.929557,53.376886,On or near IRWELL LANE,E01006526,Liverpool 048C,Investigation complete; no suspect identified
3c9023f86eb014dca390f73334cde941ec1789a41534ae1e5ea4625120c4b0f7,2019-02,Merseyside Police,Merseyside Police,-2.901397,53.445660,On or near STOWFORD CLOSE,E01006669,Liverpool 004E,Unable to prosecute suspect
d41850d97f1a948ab4735d1fa0cd66066b91c93074aa797d7c63b79b2c551b99,2019-02,Merseyside Police,Merseyside Police,-3.083435,53.373629,On or near GANNEY'S MEADOW ROAD,E01007249,Wirral 025A,Unable to prosecute suspect
114cb10f140d16a68b77985a0c857027afccbb977105d431cf3d29bdf0c37f10,2019-02,Merseyside Police,Merseyside Police,-2.945134,53.396027,On or near HOLMES STREET,E01006556,Liverpool 039B,Investigation complete; no suspect identified
d7ebe9ebc6b88fe0d3b9479387ef4286a49d685d3497cda1d3b6a474b2a68168,2019-02,Merseyside Police,Merseyside Police,-2.945134,53.396027,On or near HOLMES STREET,E01006556,Liverpool 039B,Investigation complete; no suspect identified
c6c6ee07e3c16278f1800eacdb17e5c329af067d50c2a3c434b128be8e15fc46,2019-02,Merseyside Police,Merseyside Police,-2.912914,53.435056,On or near BEECH GREEN,E01006626,Liverpool 016E,Unable to prosecute suspect
06d00af09ba7ff39a35e025575f737f66c4a1ca5a6f243a5baf7479b1baf3d7a,2019-02,Merseyside Police,Merseyside Police,-2.900399,53.354278,On or near JACKSON STREET,E01006745,Liverpool 057D,Offender given a caution
2581bc0bb34c5e5c077c367eac5263ed95d51f36333b51b7754b2b64ab8e5bb6,2019-02,Merseyside Police,Merseyside Police,-3.129535,53.394605,On or near CAMBRIAN CLOSE,E01007224,Wirral 017A,Unable to prosecute suspect
b02a18b944cb94423f64f2f8ed383a97ec59d451bfbc9eeefc71449049610b64,2019-02,Merseyside Police,Merseyside Police,-2.955602,53.391387,On or near DUCIE STREET,E01006674,Liverpool 039C,Unable to prosecute suspect
4b3ec6250b8dd93a21190c9decc64b81ca838f63df26149a4552a5208dcbcb67,2019-02,Merseyside Police,Merseyside Police,-2.822029,53.361882,On or near BAILEYS LANE,E01006420,Knowsley 017A,Investigation complete; no suspect identified
5c5b37c148d2636cd69a0c19032e6b503695da4e74661463823de4f29deb78a0,2019-02,Merseyside Police,Merseyside Police,-3.097430,53.413395,On or near CASTLE CLOSE,E01007205,Wirral 006B,Unable to prosecute suspect
71369aaec7959911865284931291a593d63dd02a02105d00cf4b6b20609db8d8,2019-02,Merseyside Police,Merseyside Police,-2.936795,53.522260,On or near Petrol Station,E01007100,Sefton 018E,Suspect charged
49e28f6938f4bc0ad72bf0ba77fd89d18948cbb44e71c0b1af069542f1de9a85,2019-02,Merseyside Police,Merseyside Police,-3.023303,53.386493,On or near RODNEY STREET,E01007291,Wirral 021D,Suspect charged
17fb79f496175174e1b749a31da154d229f49e151e0b7f25a6e1544cbb0c4b34,2019-02,Merseyside Police,Merseyside Police,-2.984302,53.398282,On or near SPARLING STREET,E01033754,Liverpool 061B,Investigation complete; no suspect identified
a9c16728f600311da6dbc0d4b8144678f48e44c66516e3d8578d3ea3333fd9b1,2019-02,Merseyside Police,Merseyside Police,-2.978446,53.633656,On or near Hospital,E01006999,Sefton 008C,Unable to prosecute suspect
b32f7b113ed28cb43ea6ff71a1e4b64897130eb1609e01286e99d5367b7cc4fb,2019-02,Merseyside Police,Merseyside Police,-3.002815,53.470470,On or near Nightclub,E01006977,Sefton 032E,Suspect charged
390f30edc6876275c5524ab5bf8ffbe95f7cb57e365dcec8858007424bf7677b,2019-02,Merseyside Police,Merseyside Police,-2.978355,53.409809,On or near COMMUTATION ROW,E01033760,Liverpool 060C,Investigation complete; no suspect identified
0e781b7cbbbccd45818602492de346f8530fdb88818f5d911b889abbddc53e07,2019-02,Merseyside Police,Merseyside Police,-2.936976,53.459382,On or near DYSON HALL DRIVE,E01006659,Liverpool 005B,Suspect charged
75069d3795eef52689e1eea4699b6b19846a3df17dc586ffe1d07f64cf139da1,2019-02,Merseyside Police,Merseyside Police,-2.905906,53.483487,On or near TALLARN ROAD,E01006507,Knowsley 004C,Unable to prosecute suspect
3fb060a77a66905568a3a5823a78951b9ab68b178911321f14dd837f69ec27a4,2019-02,Merseyside Police,Merseyside Police,-2.955687,53.397211,On or near BIRT CLOSE,E01006679,Liverpool 039D,Suspect charged
3fb060a77a66905568a3a5823a78951b9ab68b178911321f14dd837f69ec27a4,2019-02,Merseyside Police,Merseyside Police,-2.955687,53.397211,On or near BIRT CLOSE,E01006679,Liverpool 039D,Suspect charged
355bca6356ac27fb6208516c30f0d54ce90f57581854bf3410e233a71f9bd49c,2019-02,Merseyside Police,Merseyside Police,-3.010632,53.488760,On or near SEFTON VIEW,E01007106,Sefton 025D,Unable to prosecute suspect
f9c8b2c0e19fc032a1218a053bd71a16b3c2c180efc5f9e29143f21efec61fe0,2019-02,Merseyside Police,Merseyside Police,-3.043368,53.401537,On or near CORPORATION ROAD,E01032903,Wirral 010F,Unable to prosecute suspect
f82115a54c159306acc9f166176f0b5fa085f36e89cb5c30c65c906cebc2dbf0,2019-02,Merseyside Police,Merseyside Police,-2.970515,53.447375,On or near BREEZE HILL,E01006790,Liverpool 006C,Unable to prosecute suspect
08c535af71a3f016650180e6b8e652df08136e89a6b8a948a199e0fb1372bd8f,2019-02,Merseyside Police,Merseyside Police,-3.010632,53.488760,On or near SEFTON VIEW,E01007106,Sefton 025D,Unable to prosecute suspect
228b9da35243ca35e5548166f07234472685d895e7682f2098dbee6e5bd531d6,2019-02,Merseyside Police,Merseyside Police,-2.749643,53.453280,On or near BRUCE STREET,E01006880,St. Helens 012D,Unable to prosecute suspect
6b17eb91b8b3d4b9280be00245c4cf79d0e807be2c20e13fd52cfd8393f051c9,2019-02,Merseyside Police,Merseyside Police,-2.929359,53.465761,On or near Parking Area,E01006659,Liverpool 005B,Unable to prosecute suspect
4c3b790ce98b8ebd4fe5284e9534f4720458d485d7d0e81702bc2ffd6ecb398b,2019-02,Merseyside Police,Merseyside Police,-2.982487,53.328623,On or near DALE AVENUE,E01007136,Wirral 039B,Unable to prosecute suspect
8133357602a73a7262db2ed4bbbbce38aa664f8acc3389fc2d4bde4c15b1edee,2019-02,Merseyside Police,Merseyside Police,-2.932338,53.464219,On or near Parking Area,E01006659,Liverpool 005B,Unable to prosecute suspect
f4332c49bfba8275ddd679287e5be7e42da0f0800be84846fdc03587a5e7589d,2019-02,Merseyside Police,Merseyside Police,-2.919272,53.360687,On or near BEECHWOOD GARDENS,E01006687,Liverpool 056D,Unable to prosecute suspect
f8f6bd1882a04e10862ea9e59d1ad47fd814987fdd655f0bec5705f355f44c91,2019-02,Merseyside Police,Merseyside Police,-2.905633,53.479867,On or near WHITEFIELD DRIVE,E01006508,Knowsley 004D,Unable to prosecute suspect
7bb0b38c8735cd73ec0cec3c709089b007b6a401d3e6fc047634f398028512b6,2019-02,Merseyside Police,Merseyside Police,-2.837394,53.388301,On or near MONTREAL ROAD,E01006707,Liverpool 045B,Investigation complete; no suspect identified
a05a8c3a8078e44221e5bda8b0b7ad64c038d7e902c5506a425a6c0cbfffba1f,2019-02,Merseyside Police,Merseyside Police,-3.067115,53.404429,On or near HILLBURN DRIVE,E01007121,Wirral 011B,Unable to prosecute suspect
7034b218c8881fe58bb37a76197c2a64fd9ebe370efb244cfab81a7ed3319aa9,2019-02,Merseyside Police,Merseyside Police,-2.932338,53.464219,On or near Parking Area,E01006659,Liverpool 005B,Unable to prosecute suspect
7e0be92f5280477658a0df05dc1c5ba9605f43a704ed01430bd8edf11843d8a7,2019-02,Merseyside Police,Merseyside Police,-2.924784,53.414641,On or near AVIEMORE ROAD,E01006711,Liverpool 027A,Suspect charged
4811359dd0d339f301e10873f00423e85624e5bfd7624513639ecd059534fb01,2019-02,Merseyside Police,Merseyside Police,-2.975287,53.493961,On or near WATERSIDE,E01007091,Sefton 023D,Suspect charged
4811359dd0d339f301e10873f00423e85624e5bfd7624513639ecd059534fb01,2019-02,Merseyside Police,Merseyside Police,-2.975287,53.493961,On or near WATERSIDE,E01007091,Sefton 023D,Suspect charged
4811359dd0d339f301e10873f00423e85624e5bfd7624513639ecd059534fb01,2019-02,Merseyside Police,Merseyside Police,-2.975287,53.493961,On or near WATERSIDE,E01007091,Sefton 023D,Suspect charged
3eeb5c58d785f308721251f75980de06a357ebad3fd44ff657be481606dddb55,2019-02,Merseyside Police,Merseyside Police,-2.971294,53.431333,On or near WALTON BRECK ROAD,E01006703,Liverpool 014D,Offender given a caution
349a5f92dcfa969f470437e5bb75d91a1ba779a2c218b1fbed755d64415f5a7e,2019-02,Merseyside Police,Merseyside Police,-2.944130,53.422013,On or near ROCKY LANE,E01006760,Liverpool 028E,Unable to prosecute suspect
cb3154b8b41f667e08f7e5148c9ed5dfe23a4827e7c8a8a802652782b159b3db,2019-02,Merseyside Police,Merseyside Police,-3.060104,53.424932,On or near CLAREMOUNT ROAD,E01007311,Wirral 004D,Unable to prosecute suspect
fb0db3f8a16eee30be3362c645be1c70ce586066d2867e8653f382f815376a28,2019-02,Merseyside Police,Merseyside Police,-2.905633,53.479867,On or near WHITEFIELD DRIVE,E01006508,Knowsley 004D,Unable to prosecute suspect
aeb2a9ff44d88dc6a685ee3d622918345ff948212f476e79ebb929aa1aee788f,2019-02,Merseyside Police,Merseyside Police,-2.895868,53.433351,On or near MINVER ROAD,E01006627,Liverpool 013C,Unable to prosecute suspect
050c667644312a52fa570c8f4c126f43ea21ff9afb9d4d2111edbdef5a305677,2019-02,Merseyside Police,Merseyside Police,-2.976849,53.415008,On or near RICHMOND ROW,E01006648,Liverpool 023D,Unable to prosecute suspect
e363415a1fde6876607969ed27924c6268e89f10b5c87a0a7d14913fdd4410d6,2019-02,Merseyside Police,Merseyside Police,-2.965465,53.447767,On or near Parking Area,E01006608,Liverpool 009A,Investigation complete; no suspect identified
28ec17d0b660731851859bcaa98631820d9b940a1c2ab83b8ce1911102181139,2019-02,Merseyside Police,Merseyside Police,-2.979260,53.405982,On or near BACK LIME STREET,E01033760,Liverpool 060C,Suspect charged
27c2d0dd8c1750f604f284be7805b7d398f56cb4186cf47adae30e508d282838,2019-02,Merseyside Police,Merseyside Police,-2.839875,53.413534,On or near BLUE BELL LANE,E01006474,Knowsley 016C,Unable to prosecute suspect
27c2d0dd8c1750f604f284be7805b7d398f56cb4186cf47adae30e508d282838,2019-02,Merseyside Police,Merseyside Police,-2.839875,53.413534,On or near BLUE BELL LANE,E01006474,Knowsley 016C,Unable to prosecute suspect
27c2d0dd8c1750f604f284be7805b7d398f56cb4186cf47adae30e508d282838,2019-02,Merseyside Police,Merseyside Police,-2.839875,53.413534,On or near BLUE BELL LANE,E01006474,Knowsley 016C,Unable to prosecute suspect
1883e6410566a018dbb2ec02b834dfe39e35e2eb2f91fa02317a834d655c5838,2019-02,Merseyside Police,Merseyside Police,-2.976849,53.415008,On or near RICHMOND ROW,E01006648,Liverpool 023D,Unable to prosecute suspect
714ee2a4c54ea267ab365c2ff9dabe6aefe61055dae8e053b8363336c27bb958,2019-02,Merseyside Police,Merseyside Police,-3.043368,53.401537,On or near CORPORATION ROAD,E01032903,Wirral 010F,Unable to prosecute suspect
ac67092fbd52f08223360c5fc7fd56d62ded75d36d13b6afe59767a953d8504d,2019-02,Merseyside Police,Merseyside Police,-2.993510,53.489389,On or near BOWLAND DRIVE,E01006979,Sefton 024A,Unable to prosecute suspect
a6c74ca39bd43699d696039b8007e369978ba6fef4171abf7bcf9a0f8fbfa089,2019-02,Merseyside Police,Merseyside Police,-2.636228,53.457893,On or near SILVERDALE ROAD,E01006867,St. Helens 010B,Investigation complete; no suspect identified
dadd20203c703f06a957ad332923298810a0ba0d4e5887a7236e101f882ebbd5,2019-02,Merseyside Police,Merseyside Police,-2.910657,53.417518,On or near Sports/Recreation Area,E01006712,Liverpool 029D,Local resolution
4d9e0e4127577c2a49e8b9a20e1b90f39c49938045915075857da806364b58c4,2019-02,Merseyside Police,Merseyside Police,-2.985305,53.443613,On or near WADHAM ROAD,E01006961,Sefton 038B,Unable to prosecute suspect
28099ad89880f4b66fe20bec73f4e47ca6d67c0383b89df55eb80f9f02b26a19,2019-02,Merseyside Police,Merseyside Police,-3.016223,53.373933,On or near ST PAUL'S CLOSE,E01007296,Wirral 027E,Suspect charged
b6865e4ac04d5c10e32e7fba266fb4624309dbbe02f418bf484a7f4a32b2a335,2019-02,Merseyside Police,Merseyside Police,-2.996514,53.458109,On or near HORNBY AVENUE,E01007006,Sefton 036C,Unable to prosecute suspect
f957529f0ff028c28ee45c2fbfebcc9bbbf3fa406c8b93c09069708f01b9fdd0,2019-02,Merseyside Police,Merseyside Police,-2.960999,53.388638,On or near WELLINGTON TERRACE,E01006677,Liverpool 043D,Suspect charged
661a6edbb0351a0160954ec73690615208a1b20307b3dd587070ff440930ed4e,2019-02,Merseyside Police,Merseyside Police,-2.963313,53.389266,On or near NORTH HILL STREET,E01006676,Liverpool 044D,Investigation complete; no suspect identified
5014e0b3a4c3ec07a3e37b3c61ab854871d2ca025f302cf4cb4041a48583cb68,2019-02,Merseyside Police,Merseyside Police,-2.622802,53.451205,On or near POPLAR AVENUE,E01006861,St. Helens 015F,Suspect charged
169dec9d6f71720e7de51c643b1a536cd0d28ac7a4fb6069a7d679ba174e552c,2019-02,Merseyside Police,Merseyside Police,-2.971587,53.417137,On or near GARDEN LANE,E01006648,Liverpool 023D,Investigation complete; no suspect identified
644e40b990669f73c1e2d82b573d1a9df74b5d1e17af7d6dc2a40e3635348674,2019-02,Merseyside Police,Merseyside Police,-2.969043,53.436933,On or near BACK LANGHAM STREET,E01006703,Liverpool 014D,Suspect charged
04468ce8937e58323893a8cfd68484f25b81406eb3ed9a2606f508b985b05ed2,2019-02,Merseyside Police,Merseyside Police,-2.817023,53.426942,On or near CHORLEY ROAD,E01006464,Knowsley 007D,Unable to prosecute suspect
417a54fa3888789e90b809137fa15bf29fff1959fe72be2057d107a93ee0c464,2019-02,Merseyside Police,Merseyside Police,-2.895868,53.433351,On or near MINVER ROAD,E01006627,Liverpool 013C,Unable to prosecute suspect
ea31cfa3afab2b402a613b09fc78c88b989ac7d54d14e76625a56b1900efaa6a,2019-02,Merseyside Police,Merseyside Police,-2.733210,53.451279,On or near Parking Area,E01006832,St. Helens 012A,Unable to prosecute suspect
08659e204ed6901ac7fc2992ec6b14ca77803843f5ec929e01ae258f7e539168,2019-02,Merseyside Police,Merseyside Police,-2.909629,53.406730,On or near ROBECK ROAD,E01006585,Liverpool 032B,Investigation complete; no suspect identified
574ccaa452aff8d82d680ad7ff6f3bcf87e594a8b1ae23b806bbb9056be78698,2019-02,Merseyside Police,Merseyside Police,-2.877969,53.424469,On or near KINGSHEATH AVENUE,E01006638,Liverpool 017B,Unable to prosecute suspect
6894901d3011c0b7d56b4d4ade65dc331a3636b55ac44b227a48f2126f88e81b,2019-02,Merseyside Police,Merseyside Police,-2.947851,53.410046,On or near HOLT ROAD,E01006691,Liverpool 030A,Investigation complete; no suspect identified
9e2c7f916c1e6eafe894df3a3ae92795eff7778fad4d3bed881db1c0d74caa0b,2019-02,Merseyside Police,Merseyside Police,-2.969718,53.423624,On or near HEYWORTH STREET,E01006564,Liverpool 023B,Local resolution
b38b8442145c4f725ef54da5de9472de417a2f03a56ff6c8e30f8fc3bdb5157d,2019-02,Merseyside Police,Merseyside Police,-2.909629,53.406730,On or near ROBECK ROAD,E01006585,Liverpool 032B,Formal action is not in the public interest
732ed23cc3a14a2f56f109ce36d0880b9449787c3b5cea0ce81995391f6dcbdd,2019-02,Merseyside Police,Merseyside Police,-3.000532,53.477150,On or near SONNING AVENUE,E01006982,Sefton 031C,Unable to prosecute suspect
51539e1e82d8f5e2aa9d67941ecdbab612ac08105d61a38a49ec91a9c696a071,2019-02,Merseyside Police,Merseyside Police,-2.901397,53.445660,On or near STOWFORD CLOSE,E01006669,Liverpool 004E,Unable to prosecute suspect
1c9bbd175de64623883c92637f8fa542feb31ed10a54f2482da9c165459e9051,2019-02,Merseyside Police,Merseyside Police,-2.661879,53.467740,On or near SHORT STREET,E01006838,St. Helens 006B,Unable to prosecute suspect
aabf979801ecd86acba8e9e8089c3c91f3352a771b79bcd69d9d94f5fbed832b,2019-02,Merseyside Police,Merseyside Police,-2.932701,53.453294,On or near ELSTEAD ROAD,E01006735,Liverpool 005D,Unable to prosecute suspect
84e21b434ef212bd5988327e40851eac0c5e2426fbe6e167ae5d91076a0fc75c,2019-02,Merseyside Police,Merseyside Police,-2.982761,53.427320,On or near STANLEY ROAD,E01033764,Liverpool 022E,Investigation complete; no suspect identified
23ae26d4af94d70470959630f9cdb6c24267a1cef1c1a50477f91c6265510522,2019-02,Merseyside Police,Merseyside Police,-2.984887,53.408614,On or near PRESTON STREET,E01033762,Liverpool 060E,Investigation complete; no suspect identified
cdd0450908ff454ad2a5889365a4dec6e4084a6cdba4dfceb47b6393bbd075ce,2019-02,Merseyside Police,Merseyside Police,-2.874047,53.406394,On or near COURT HEY DRIVE,E01006472,Knowsley 014A,Unable to prosecute suspect
cdd0450908ff454ad2a5889365a4dec6e4084a6cdba4dfceb47b6393bbd075ce,2019-02,Merseyside Police,Merseyside Police,-2.874047,53.406394,On or near COURT HEY DRIVE,E01006472,Knowsley 014A,Unable to prosecute suspect
6f41ec0253a3680a427301a644cd0b4b468ed5bfab416c0262955bbe858a39d8,2019-02,Merseyside Police,Merseyside Police,-2.968771,53.390579,On or near PICKWICK STREET,E01006518,Liverpool 044A,Suspect charged
491e02246930af33d26cd5170337b30968fe37ed2b15f91b4719dd704ca7c70b,2019-02,Merseyside Police,Merseyside Police,-2.989457,53.413691,On or near VAUXHALL ROAD,E01033751,Liverpool 062A,Unable to prosecute suspect
5f330ab653a341d872e0ad6071c0a86ab491a3a66758acfcd0d999e37847a673,2019-02,Merseyside Police,Merseyside Police,-3.018228,53.374823,On or near Police Station,E01007296,Wirral 027E,Investigation complete; no suspect identified
5078f7d49195d2be2d8af39738c9b53977d4916af1311b516e87eb6bc15e58bb,2019-02,Merseyside Police,Merseyside Police,-3.035792,53.385648,On or near OXTON ROAD,E01007129,Wirral 016D,Unable to prosecute suspect
f8f1e30f234add98dea74b40b3f18b56689e0b95a8efcc69657cee1a579e300d,2019-02,Merseyside Police,Merseyside Police,-2.980504,53.443060,On or near URSULA STREET,E01006961,Sefton 038B,Investigation complete; no suspect identified
8acc104aaa59741b524970c4f47e7e392186f0eb41867bf9b5f0683a257c6921,2019-02,Merseyside Police,Merseyside Police,-3.020187,53.469901,On or near CAMBRIDGE ROAD,E01006957,Sefton 032C,Local resolution
7371f10628733ad5bab324771e3304955e8c8ce559c198f81731dba07a990ed3,2019-02,Merseyside Police,Merseyside Police,-3.111102,53.405726,On or near WEST WAY,E01007207,Wirral 009C,Local resolution
7a001e98791d0af5779d4303dc945bc8bc6016d25ec64293e2497f9ac5d81033,2019-02,Merseyside Police,Merseyside Police,-3.025816,53.474706,On or near Supermarket,E01006956,Sefton 030B,Local resolution
9fbcd8cfefeb46b90b27473b51b1f1dd696e8426a992be6e2bf316980fc343e4,2019-02,Merseyside Police,Merseyside Police,-2.661879,53.467740,On or near SHORT STREET,E01006838,St. Helens 006B,Offender given a caution
9fbcd8cfefeb46b90b27473b51b1f1dd696e8426a992be6e2bf316980fc343e4,2019-02,Merseyside Police,Merseyside Police,-2.661879,53.467740,On or near SHORT STREET,E01006838,St. Helens 006B,Offender given a caution
8df92579b1efbfcd9a118151ffa3a54a6eedde3444787b59cf0e89b1e895f71d,2019-02,Merseyside Police,Merseyside Police,-2.684819,53.446047,On or near Supermarket,E01006899,St. Helens 017D,Suspect charged
93c6655c3ebd61ddb8a1dfd5944d529de2001c02534f60534103d2d770f6802f,2019-02,Merseyside Police,Merseyside Police,-2.949717,53.398562,On or near A5089,E01006752,Liverpool 035F,Suspect charged
2ef7d018db24eb476a171b7cc4611ec5542852b1bc91764bf2e4d8d1b3d34594,2019-02,Merseyside Police,Merseyside Police,-3.040409,53.398624,On or near CHURCHVIEW ROAD,E01007133,Wirral 016E,Suspect charged
d128dbf4d2b277da33f0f50dc6e27dcd7b1848400f84bc30b183b0c289cdeec5,2019-02,Merseyside Police,Merseyside Police,-2.950455,53.443159,On or near STANLEY PARK AVENUE NORTH,E01006607,Liverpool 008A,Unable to prosecute suspect
98cafb09099bcf514b2fa57164bb23cb160ca1eb706c931e5495a87703066d0f,2019-02,Merseyside Police,Merseyside Police,-2.720038,53.419476,On or near BRACKEN COURT,E01006909,St. Helens 022D,Unable to prosecute suspect
23ab4b35f4482cdba08f3648a49311cda7bde2f94d32936b999c87c1fe21f1fd,2019-02,Merseyside Police,Merseyside Police,-3.061052,53.556539,On or near Supermarket,E01007081,Sefton 014D,Suspect charged
33d6c94859ddcac18dc5efce407835843c29c5397c71ce1862f6c3cded1cee7e,2019-02,Merseyside Police,Merseyside Police,-2.958302,53.464669,On or near ERL STREET,E01006783,Liverpool 002E,Investigation complete; no suspect identified
7d5ebe73103bd1662363493d99c540a84e0c35cd9b69a929a0b2a60d3935d292,2019-02,Merseyside Police,Merseyside Police,-2.971042,53.444063,On or near PENNINGTON STREET,E01006698,Liverpool 012D,Unable to prosecute suspect
748e431ec5549e4ed9ac0b99da515c544462f6d7305d30ca315bf611449be9e4,2019-02,Merseyside Police,Merseyside Police,-2.980079,53.403000,On or near FLEET STREET,E01033756,Liverpool 061C,Suspect charged
748e431ec5549e4ed9ac0b99da515c544462f6d7305d30ca315bf611449be9e4,2019-02,Merseyside Police,Merseyside Police,-2.980079,53.403000,On or near FLEET STREET,E01033756,Liverpool 061C,Suspect charged
b683412c797fadb8f4e745d649a912b647aaa605f7a9573361e97eea2cc47fd1,2019-02,Merseyside Police,Merseyside Police,-3.026730,53.483211,On or near COLLEGE AVENUE,E01007103,Sefton 030E,Suspect charged
bdbdda087e6248ad4a8b16de569a5a2e34636fa3b6aa03230567820da7db1f8a,2019-02,Merseyside Police,Merseyside Police,-2.984811,53.319983,On or near BRUNSBOROUGH CLOSE,E01007172,Wirral 041E,Local resolution
da69290b3cb6dbc7ba564d607746b7b78a9841e425a747d11dd660ac07b56410,2019-02,Merseyside Police,Merseyside Police,-3.016982,53.376138,On or near ORIEL ROAD,E01007296,Wirral 027E,Unable to prosecute suspect
668f4a80b33389cedd80bb6d2ded828ac971d712755cbc943f808b1a019f120b,2019-02,Merseyside Police,Merseyside Police,-2.981892,53.414455,On or near SCOTLAND ROAD,E01006648,Liverpool 023D,Unable to prosecute suspect
af66b91c2eb2a435449f290af044fcdd0f6a511609c3272ed083a95421f651ac,2019-02,Merseyside Police,Merseyside Police,-2.982736,53.424938,On or near HANKIN STREET,E01006779,Liverpool 022D,Unable to prosecute suspect
bc71bdb7d6ca480b9f8ff331918aa7f7968a93310a399381fa8127683dcf65ce,2019-02,Merseyside Police,Merseyside Police,-3.015955,53.619303,On or near LANGDALE GARDENS,E01006931,Sefton 010C,Unable to prosecute suspect
b9b56088ea6aa65b6dff4e48c778b8a8ec91ed50a1254fad083e48b681ccc258,2019-02,Merseyside Police,Merseyside Police,-2.936347,53.516295,On or near CONISTON ROAD,E01007096,Sefton 018D,Unable to prosecute suspect
3721f8912c1b0cf2afd38f2739463471af3e86dbe628b3f1f438020897049474,2019-02,Merseyside Police,Merseyside Police,-3.048625,53.418984,On or near NEWTON ROAD,E01007212,Wirral 007A,Suspect charged
2fbe7bcc4b089a4f9312056528096a4ce33ab4db173a6cd9f3e1d06647bcad76,2019-02,Merseyside Police,Merseyside Police,-3.049855,53.410883,On or near CHAMBERLAIN STREET,E01007270,Wirral 010D,Formal action is not in the public interest
65af0a58fff7509fc80f6387474546dfa1c8c839680e8d45214106381d929ffa,2019-02,Merseyside Police,Merseyside Police,-2.851409,53.393667,On or near WATERFORD ROAD,E01006771,Liverpool 040D,Unable to prosecute suspect
65af0a58fff7509fc80f6387474546dfa1c8c839680e8d45214106381d929ffa,2019-02,Merseyside Police,Merseyside Police,-2.851409,53.393667,On or near WATERFORD ROAD,E01006771,Liverpool 040D,Unable to prosecute suspect
694207128ce661ffc339b170be9368fec3db0e6641fdfe6ab539dbbecbb86949,2019-02,Merseyside Police,Merseyside Police,-2.955687,53.397211,On or near BIRT CLOSE,E01006679,Liverpool 039D,Unable to prosecute suspect
0b310ebebcb6d7590dd8d963cc21f9f340e9bf653047dabeb5601e676f792137,2019-02,Merseyside Police,Merseyside Police,-2.851409,53.393667,On or near WATERFORD ROAD,E01006771,Liverpool 040D,Local resolution
e99fb2e6dcf798fcc24ce412d45fc30d5507e9140e8fcd123dd9b59fd453a8e7,2019-02,Merseyside Police,Merseyside Police,-3.007582,53.465001,On or near Parking Area,E01007011,Sefton 034C,Further investigation is not in the public interest
7936c55525d20c4fb8b1e2282b3f6795e7c068f1fa218c4a5abe27bd530bada3,2019-02,Merseyside Police,Merseyside Police,-2.797315,53.427282,On or near PEMBERTONS COURT,E01006463,Knowsley 007C,Suspect charged
7936c55525d20c4fb8b1e2282b3f6795e7c068f1fa218c4a5abe27bd530bada3,2019-02,Merseyside Police,Merseyside Police,-2.797315,53.427282,On or near PEMBERTONS COURT,E01006463,Knowsley 007C,Suspect charged
a358130ad20660938098fc6767f8666b636effe856c32af0473aa09ed3568f73,2019-02,Merseyside Police,Merseyside Police,-3.018565,53.489007,On or near ROSEDALE AVENUE,E01007105,Sefton 025C,Investigation complete; no suspect identified
3f26c58f3f6afffdb67b27517c41f6189874b78651d13434c0d73e08b7ec32db,2019-02,Merseyside Police,Merseyside Police,-2.838251,53.346200,On or near Petrol Station,E01006755,Liverpool 059C,Unable to prosecute suspect
e7206d50f7ae551aa492d4e82f945f028c3ac8d65f51925c8bbf71d7859aceae,2019-02,Merseyside Police,Merseyside Police,-3.051029,53.420059,On or near BELVIDERE ROAD,E01007217,Wirral 007D,Suspect charged
d1b004b36272e14e6d81894ab5d279d75c2c251448f3f1a1137ad2730e2945ad,2019-02,Merseyside Police,Merseyside Police,-3.031893,53.418977,On or near COMELY AVENUE,E01007219,Wirral 005C,Unable to prosecute suspect
964094258059792b2c855cdc4f2439b92679ae8116269f29a2a2be8d1db9a623,2019-02,Merseyside Police,Merseyside Police,-3.019348,53.490214,On or near THE PRECINCTS,E01007105,Sefton 025C,Investigation complete; no suspect identified
b70b0ee655b0b6f79df9908d32003957cc05070a9c0cad6e79e1f90062b254d7,2019-02,Merseyside Police,Merseyside Police,-3.020928,53.491980,On or near THE NORTHERN ROAD,E01007021,Sefton 025A,Investigation complete; no suspect identified
543e0977e3290cad60201fec40dec7b53e729abf58e11d47651e7db7bd1a0141,2019-02,Merseyside Police,Merseyside Police,-3.019432,53.492478,On or near THE BYWAY,E01007021,Sefton 025A,Investigation complete; no suspect identified
2f834fc08f80911dc9d7e030efcc57e2eb6084ef9c380a2015aa6f00ddaed380,2019-02,Merseyside Police,Merseyside Police,-2.701586,53.435658,On or near HERBERT STREET,E01006844,St. Helens 020A,Unable to prosecute suspect
2f834fc08f80911dc9d7e030efcc57e2eb6084ef9c380a2015aa6f00ddaed380,2019-02,Merseyside Police,Merseyside Police,-2.701586,53.435658,On or near HERBERT STREET,E01006844,St. Helens 020A,Unable to prosecute suspect
a511c3165b0290d152e8f7e1938504902df64822d0582d3d04e88058eabf9016,2019-02,Merseyside Police,Merseyside Police,-3.019432,53.492478,On or near THE BYWAY,E01007021,Sefton 025A,Investigation complete; no suspect identified
6ad77c693e74d685707b769f9dba42a7456c97d53c127a93aa95fded78661f1e,2019-02,Merseyside Police,Merseyside Police,-2.837394,53.388301,On or near MONTREAL ROAD,E01006707,Liverpool 045B,Investigation complete; no suspect identified
1a64d3fafc526ad2d79dddba61ae5d9dd88b4006eb3d6066a1cd7bfcc86312e3,2019-02,Merseyside Police,Merseyside Police,-2.907431,53.376212,On or near ABBOTTSHEY AVENUE,E01006689,Liverpool 049D,Suspect charged
1a64d3fafc526ad2d79dddba61ae5d9dd88b4006eb3d6066a1cd7bfcc86312e3,2019-02,Merseyside Police,Merseyside Police,-2.907431,53.376212,On or near ABBOTTSHEY AVENUE,E01006689,Liverpool 049D,Suspect charged
5970ee9fee214cf3262151e65b0b44e249e4d751c7cad1f6bcbde68a99b7c975,2019-02,Merseyside Police,Merseyside Police,-2.992437,53.352982,On or near WATER STREET,E01007142,Wirral 036B,Unable to prosecute suspect
6e7ee3ae5d3cfed3c7614f8600c3ff14e8d92daccc0498a2433c41d29812d23c,2019-02,Merseyside Police,Merseyside Police,-2.978384,53.413710,On or near Police Station,E01006648,Liverpool 023D,Unable to prosecute suspect
5c756bb0d2fcf54eeff50b752c4ca948045ca21078f48c1735d17debad0f6cd9,2019-02,Merseyside Police,Merseyside Police,-2.951663,53.413675,On or near PAUL MCCARTNEY WAY,E01006696,Liverpool 030C,Suspect charged
22af25ef0b3cd9bd722078693a3c6387b1ff7505159ac355eebe925c30eba02c,2019-02,Merseyside Police,Merseyside Police,-3.011133,53.379234,On or near VANGUARD WAY,E01007293,Wirral 027C,Suspect charged
65d4dc6e33dcaa6970de688d3ab2471f01ede21f5abd706d8458f9268355c909,2019-02,Merseyside Police,Merseyside Police,-2.760186,53.449978,On or near BALFOUR STREET,E01006833,St. Helens 016B,Suspect charged
271172ea9b079c5d90ca83423d9daaf5c0cfb11632278a813faa568d7a7209f2,2019-02,Merseyside Police,Merseyside Police,-3.095917,53.327617,On or near Supermarket,E01007185,Wirral 037C,Investigation complete; no suspect identified
cba526c4bf730ea773cf8673d4dd3ff86d4d95dc18a82ebcd43d57eedcf3aef9,2019-02,Merseyside Police,Merseyside Police,-3.095917,53.327617,On or near Supermarket,E01007185,Wirral 037C,Investigation complete; no suspect identified
eceb6828efeeceebe538d767903072868b0261c5d6d0f4f82e6b220c52f1752b,2019-02,Merseyside Police,Merseyside Police,-2.900682,53.452416,On or near THRONE ROAD,E01006667,Liverpool 007C,Suspect charged
d88743d1b3a62a2ef39a548a8100385e37e41e00b638cbe4e2a9ffc5b1259fef,2019-02,Merseyside Police,Merseyside Police,-2.910595,53.392772,On or near LOREBURN ROAD,E01006588,Liverpool 042C,Unable to prosecute suspect
33c24b2bcc3e910e533fbcb7690d6f5676c650ec4b9a979c7ac9aa314885af6e,2019-02,Merseyside Police,Merseyside Police,-2.980900,53.656619,On or near ALLERTON ROAD,E01006949,Sefton 003C,Suspect charged
e9606ae906b12c28d29d4a468db1d43837392c6c41cc521fb9b291323a27076d,2019-02,Merseyside Police,Merseyside Police,-2.980900,53.656619,On or near ALLERTON ROAD,E01006949,Sefton 003C,Suspect charged
02b630273db7c5e7665c16d038381d088122904926944b608f6a9db0c773dc8f,2019-02,Merseyside Police,Merseyside Police,-2.898126,53.357657,On or near ISLAND PLACE,E01006745,Liverpool 057D,Suspect charged
02b630273db7c5e7665c16d038381d088122904926944b608f6a9db0c773dc8f,2019-02,Merseyside Police,Merseyside Police,-2.898126,53.357657,On or near ISLAND PLACE,E01006745,Liverpool 057D,Suspect charged
a1fb196939c13754deb259030d1868adadb3a400e16c8d922cda8345cb3238f8,2019-02,Merseyside Police,Merseyside Police,-2.891029,53.395563,On or near YEW BANK ROAD,E01006581,Liverpool 036C,Offender given a caution
46359d7e7a4d48aece09ce1811f4696f64801ed382510d4e3c7c934c66020d84,2019-02,Merseyside Police,Merseyside Police,-2.742627,53.450753,On or near BATH STREET,E01006832,St. Helens 012A,Investigation complete; no suspect identified
46359d7e7a4d48aece09ce1811f4696f64801ed382510d4e3c7c934c66020d84,2019-02,Merseyside Police,Merseyside Police,-2.742627,53.450753,On or near BATH STREET,E01006832,St. Helens 012A,Investigation complete; no suspect identified
bff21b7571b2efe7eac5568ab923160b1b52af7bae4b0bd966bcf922314f6c4f,2019-02,Merseyside Police,Merseyside Police,-2.982401,53.404563,On or near BROOKS ALLEY,E01033756,Liverpool 061C,Investigation complete; no suspect identified
8ad1dc5c589412455fe66229aaff47b5fe0f9d4502ee668c09cf9272bf042e81,2019-02,Merseyside Police,Merseyside Police,-2.901599,53.453767,On or near DRAGON CLOSE,E01006662,Liverpool 004B,Unable to prosecute suspect
3b1d045ad2aa67241e5fd80c8d21aca6ce821f03c052fae63bcf9146942c2128,2019-02,Merseyside Police,Merseyside Police,-2.711217,53.492274,On or near GREENFIELD VIEW,E01006806,St. Helens 002C,Unable to prosecute suspect
6e16fd6b5ded84b9ff0125b3b2ab842b6d3e95e6e04051ac42af68ad50333017,2019-02,Merseyside Police,Merseyside Police,-3.015565,53.387979,On or near TUNNEL ROAD,E01007291,Wirral 021D,Suspect charged
6e16fd6b5ded84b9ff0125b3b2ab842b6d3e95e6e04051ac42af68ad50333017,2019-02,Merseyside Police,Merseyside Police,-3.015565,53.387979,On or near TUNNEL ROAD,E01007291,Wirral 021D,Suspect charged
1bb72a134b13a554fb5bbebc21e2167ddf982deafd033b2730c2585d72fc67db,2019-02,Merseyside Police,Merseyside Police,-2.837394,53.388301,On or near MONTREAL ROAD,E01006707,Liverpool 045B,Investigation complete; no suspect identified
f50e05eacc929d51e7d53785175f48b92ef268524923203f97eaa6dfecd5f271,2019-02,Merseyside Police,Merseyside Police,-3.071072,53.382316,On or near WENTWORTH CLOSE,E01007162,Wirral 019C,Unable to prosecute suspect
63908d86320b028b5343982ff0431cf6148669ab3884bacb0f5d98cbcbd268a6,2019-02,Merseyside Police,Merseyside Police,-2.984184,53.419227,On or near LIMEKILN LANE,E01033764,Liverpool 022E,Investigation complete; no suspect identified
222011ba714e5c0d35614e0b8ca769389d67bf1a233652c94f080269d39a2f9e,2019-02,Merseyside Police,Merseyside Police,-2.875129,53.481038,On or near LIFTON ROAD,E01006446,Knowsley 005G,Unable to prosecute suspect
222011ba714e5c0d35614e0b8ca769389d67bf1a233652c94f080269d39a2f9e,2019-02,Merseyside Police,Merseyside Police,-2.875129,53.481038,On or near LIFTON ROAD,E01006446,Knowsley 005G,Unable to prosecute suspect
50fa4740e847907a6d1459450a134bbf01e295d1f54cfe365bba75b105d11d79,2019-02,Merseyside Police,Merseyside Police,-3.069506,53.402007,On or near KESWICK PLACE,E01007121,Wirral 011B,Investigation complete; no suspect identified
17564e5d626b181f41faac8e7d6982926908b2b6878ef49054cbf18b882f65db,2019-02,Merseyside Police,Merseyside Police,-2.943475,53.415555,On or near RADSTOCK ROAD,E01006695,Liverpool 028C,Unable to prosecute suspect
a268c98d7017f75a2d61dc31caf4c0dbdead6b58a35ff0cda0047c8fd6c1a215,2019-02,Merseyside Police,Merseyside Police,-2.942524,53.503788,On or near SANKEY ROAD,E01007074,Sefton 019A,Unable to prosecute suspect
815a563589b7fbd365660d9dee62af3875461fa6e332e0c48c0850790000800b,2019-02,Merseyside Police,Merseyside Police,-2.916714,53.399018,On or near ARNOLD GROVE,E01006586,Liverpool 032C,Unable to prosecute suspect
83fea6e06ced3ca07619553566faf53ae5521a58773120af02afe3c4ea54b2df,2019-02,Merseyside Police,Merseyside Police,-2.996045,53.458635,On or near KNOWSLEY ROAD,E01007013,Sefton 036E,Unable to prosecute suspect
839092f9441b0f7d0a9e73b97238b23a61fec418d67cb19d30fd15dd12da23ce,2019-02,Merseyside Police,Merseyside Police,-2.740560,53.453139,On or near CLOCKTOWER STREET,E01006832,St. Helens 012A,Offender given a caution
ce6fc6284a20d423892f201abdfd5432bc2fb304977f4cef55922071fdd880d2,2019-02,Merseyside Police,Merseyside Police,-2.959968,53.677022,On or near MULLION CLOSE,E01007036,Sefton 001E,Unable to prosecute suspect
ce6fc6284a20d423892f201abdfd5432bc2fb304977f4cef55922071fdd880d2,2019-02,Merseyside Police,Merseyside Police,-2.959968,53.677022,On or near MULLION CLOSE,E01007036,Sefton 001E,Unable to prosecute suspect
0f214493895e7a95912695b9b4ec0a62e2657f38701b6aa042900021ba3930c0,2019-02,Merseyside Police,Merseyside Police,-3.040895,53.423456,On or near SCOTT STREET,E01007216,Wirral 005B,Unable to prosecute suspect
88df07c4f49ed90d07c593a91c982f9e3e22c3defe05668ae1da2f453d2c65cf,2019-02,Merseyside Police,Merseyside Police,-3.018457,53.410238,On or near BOROUGH ROAD EAST,E01007274,Wirral 008C,Unable to prosecute suspect
ad5f2e8a99b1ed9a04c389622cc6cab2cc0c98222c93f0b917a6a0e0b6c1001e,2019-02,Merseyside Police,Merseyside Police,-2.995734,53.442799,On or near BRASENOSE ROAD,E01007010,Sefton 037E,Unable to prosecute suspect
a84c6539cf42475a1f1ad5a05b5299f8416a436205c4042678f01962e0d3b198,2019-02,Merseyside Police,Merseyside Police,-2.955988,53.445506,On or near IVERNIA ROAD,E01006608,Liverpool 009A,Unable to prosecute suspect
46d23cad1c9c7041bbf8a03284b5e3ae33f3a8ef51e0a82bf161cf307cf30fd3,2019-02,Merseyside Police,Merseyside Police,-2.955202,53.464793,On or near Hospital,E01006783,Liverpool 002E,Unable to prosecute suspect
0bdbd099e13b78a4ad27c2ff74a1245254dcaa3e76853e2d763c6153567f1252,2019-02,Merseyside Police,Merseyside Police,-2.996045,53.458635,On or near KNOWSLEY ROAD,E01007013,Sefton 036E,Unable to prosecute suspect
3393e3094ca881abf852a64715fc3ed26477ec3e23e18a846b2375bfc4b6f79f,2019-02,Merseyside Police,Merseyside Police,-3.103970,53.391725,On or near MANORSIDE CLOSE,E01007297,Wirral 018A,Unable to prosecute suspect
946b0023c70e0b0c776d9e9586d952fa78a48f9b66a0f3b5eb3165794229213f,2019-02,Merseyside Police,Merseyside Police,-2.967013,53.384661,On or near HAWKHURST CLOSE,E01006632,Liverpool 044C,Unable to prosecute suspect
f0af69bf57f300493b5474e390578daca0ab4fcd557ec7afd23fba0256ec6e28,2019-02,Merseyside Police,Merseyside Police,-2.974759,53.441372,On or near ROXBURGH STREET,E01006698,Liverpool 012D,Unable to prosecute suspect
0cd126a2bbf4ffda10601577659c754776d652a0e38c6ed1bbdc726afd4d0c2e,2019-02,Merseyside Police,Merseyside Police,-3.018566,53.470804,On or near MARLBOROUGH ROAD,E01006959,Sefton 032D,Unable to prosecute suspect
e0c7dce0728d907552baf2995b5190e65130961efa60b3581e05a379ecdb1669,2019-02,Merseyside Police,Merseyside Police,-2.990579,53.488442,On or near GORSEY LANE,E01007089,Sefton 024E,Unable to prosecute suspect
bd435e8cc5c61929654ac9b3800c71e1a85de210848a0620c72f745235f0cbee,2019-02,Merseyside Police,Merseyside Police,-3.043368,53.401537,On or near CORPORATION ROAD,E01032903,Wirral 010F,Offender given a drugs possession warning
5711a251332d496ce978b4243dd6ac5a58b7cc1c8f9e22585e60df12fc3fab57,2019-02,Merseyside Police,Merseyside Police,-2.974759,53.441372,On or near ROXBURGH STREET,E01006698,Liverpool 012D,Unable to prosecute suspect
130c2a8009f72ba7f6037fe7a64a61d34f7b553676417d28a9f77c956192aa21,2019-02,Merseyside Police,Merseyside Police,-2.936268,53.399792,On or near JESMOND STREET,E01006726,Liverpool 035C,Unable to prosecute suspect
50e91a9a89f0b55e23882e30af8e57a1a248594ae8483e697330671bc34e492a,2019-02,Merseyside Police,Merseyside Police,-2.943877,53.513099,On or near Petrol Station,E01007072,Sefton 020D,Unable to prosecute suspect
41ba481547fdba2775d43fad52541c5ca833a9ab5e9dba465a8a72fb98559152,2019-02,Merseyside Police,Merseyside Police,-3.043379,53.400153,On or near DAWSON AVENUE,E01032903,Wirral 010F,Local resolution
80539734ae80b3253b7ec085a2ae92a724d046df6c3ff8096beb672ec73c8795,2019-02,Merseyside Police,Merseyside Police,-3.002084,53.636202,On or near DUKE STREET,E01006998,Sefton 007E,Unable to prosecute suspect
72d16f3aa7573850ff311a96b9b26f431105aa36253ae2adad501a3ab71e1de0,2019-02,Merseyside Police,Merseyside Police,-3.044548,53.419029,On or near Shopping Area,E01007214,Wirral 007C,Offender given a caution
72d16f3aa7573850ff311a96b9b26f431105aa36253ae2adad501a3ab71e1de0,2019-02,Merseyside Police,Merseyside Police,-3.044548,53.419029,On or near Shopping Area,E01007214,Wirral 007C,Offender given a caution
046a1a7e39a42fbb264bb01ee9da94166c051119b86d1503b788476e911dbe97,2019-02,Merseyside Police,Merseyside Police,-2.932404,53.425989,On or near OSBORNE ROAD,E01006764,Liverpool 020D,Unable to prosecute suspect
6d63e98323097ab64b69ad653e60c76f40b6cfc0092883d2445cc5d4d71fd790,2019-02,Merseyside Police,Merseyside Police,-2.986145,53.425287,On or near CRANMER STREET,E01006779,Liverpool 022D,Unable to prosecute suspect
ab2418fccd82af0423f12a00e74fe320638c26cead8fbc9fb2bb2e3cd8e7469a,2019-02,Merseyside Police,Merseyside Police,-3.047749,53.383970,On or near ALTON ROAD,E01007240,Wirral 020C,Unable to prosecute suspect
de27c6563639fb6f6159305a60c598783e88677cb29d9b41fc0960153bb6ebfa,2019-02,Merseyside Police,Merseyside Police,-2.981840,53.431120,On or near LAMBETH WALK,E01033764,Liverpool 022E,Unable to prosecute suspect
ce1d7df9b660e12d9f48761edcda87d7d54ab8c514baa90b047a17946677462d,2019-02,Merseyside Police,Merseyside Police,-2.925371,53.414672,On or near BARRYMORE ROAD,E01006711,Liverpool 027A,Unable to prosecute suspect
05eee936038843c947740dc4ddd8fe820f5124392b60b3da45b7c8b1b84c415d,2019-02,Merseyside Police,Merseyside Police,-2.971911,53.389799,On or near LAXEY STREET,E01006518,Liverpool 044A,Suspect charged
c3240d78a3348fd3948e31318501bf2267747557ec877ea40e70fd59fa51b562,2019-02,Merseyside Police,Merseyside Police,-2.968522,53.387543,On or near UPPER PARK STREET,E01006630,Liverpool 044B,Unable to prosecute suspect
2c1a6599b1713bc83a655a89b98e012de194e4a66135995fa4be43567d75521a,2019-02,Merseyside Police,Merseyside Police,-2.949724,53.398211,On or near LODGE LANE,E01006556,Liverpool 039B,Suspect charged
c23d9c723be8eed1c39a388d28dcaa4060e038e3a7d3a5dc4dcd0fc10cf104d1,2019-02,Merseyside Police,Merseyside Police,-2.894376,53.403124,On or near LYNSCOTT PLACE,E01006576,Liverpool 034B,Action to be taken by another organisation
0ef4c72d02672f2cc59ea561a4097bad66ab9e00184a5e707ad93059a05d8469,2019-02,Merseyside Police,Merseyside Police,-3.003858,53.365884,On or near POWER ROAD,E01007289,Wirral 031E,Unable to prosecute suspect
b837c2726b6793722a750f7a30537b1d4ba817a457783be7757ed868b7f32dd1,2019-02,Merseyside Police,Merseyside Police,-2.907432,53.484374,On or near PENLEY CRESCENT,E01006507,Knowsley 004C,Unable to prosecute suspect
9a3cbca706ea0991f51969155a7b74a3a0ba6532c88ff9c7b17aff9c3df86ddc,2019-02,Merseyside Police,Merseyside Police,-2.952611,53.417685,On or near Pedestrian Subway,E01006693,Liverpool 024D,Unable to prosecute suspect
c04751328776e59a8aafd4ad4d770c6ab9f5dcb9289914e3b8c7857327f08902,2019-02,Merseyside Police,Merseyside Police,-2.881528,53.495328,On or near MEREBROOK GROVE,E01006493,Knowsley 001C,Investigation complete; no suspect identified
78914b014f40216dad326cc20feec9b20012b50e3b09a06f9d560e377f02f5c2,2019-02,Merseyside Police,Merseyside Police,-2.967436,53.437099,On or near SPELLOW LANE,E01006542,Liverpool 018A,Suspect charged
95573ad340cb3ae71312c42ff144dcc392aff1cd910bafe8f4a6440bf1584f4d,2019-02,Merseyside Police,Merseyside Police,-2.806872,53.417779,On or near DENNETT ROAD,E01006461,Knowsley 007B,Suspect charged
64748a34a0652892211085907f51cea3c19f4f6e930e8176ce3b8e76e283292f,2019-02,Merseyside Police,Merseyside Police,-3.014348,53.634211,On or near Pedestrian Subway,E01006972,Sefton 009D,Suspect charged
4bb497d4690af0698bd065bb29b73580f07addba9ea1803bbc2599fbae56b8ae,2019-02,Merseyside Police,Merseyside Police,-2.984718,53.432589,On or near STANLEY ROAD,E01006778,Liverpool 014E,Unable to prosecute suspect
c1cf638e33ab5e0b39dbc99e3509022777fbfd93a3b265f6de903ff9473ce0d3,2019-02,Merseyside Police,Merseyside Police,-3.011133,53.379234,On or near VANGUARD WAY,E01007293,Wirral 027C,Suspect charged
64154b70c300c6b7a24471b002515bc3a93b60f978de0f95c7242562a0ba93de,2019-02,Merseyside Police,Merseyside Police,-2.961102,53.674299,On or near MILLAR'S PACE,E01007036,Sefton 001E,Local resolution
8e2a07146a4bb8d21e3c360c4a1573b22dbe8c0b8dd54ef768b84b651a9855e4,2019-02,Merseyside Police,Merseyside Police,-2.824836,53.427032,On or near LIVERPOOL ROAD,E01006440,Knowsley 010A,Investigation complete; no suspect identified
947814d974650c2d623e18fff2142add61d49c3005dd17769750d5283924d470,2019-02,Merseyside Police,Merseyside Police,-2.979950,53.404583,On or near Shopping Area,E01033756,Liverpool 061C,Suspect charged
b8c5cd93113c83e84626b7da66a82e38fceb43698c830822af683ae5605a37c0,2019-02,Merseyside Police,Merseyside Police,-2.985119,53.403704,On or near Parking Area,E01033756,Liverpool 061C,Unable to prosecute suspect
6a6e14d0550627b04e3d59c69e0e9d71ed7415f895c82a25558649613745616e,2019-02,Merseyside Police,Merseyside Police,-2.922701,53.415754,On or near ST IVES GROVE,E01006711,Liverpool 027A,Investigation complete; no suspect identified
a163b928648023a2af4a82e13a15030ccbe96f75137762f37fd29595394f5a20,2019-02,Merseyside Police,Merseyside Police,-2.719901,53.451477,On or near SOROGOLD STREET,E01006874,St. Helens 014E,Offender given a caution
0ccbd3e7d29cf9f4dd260282b39edec2db25323779ff535687657cd120272f67,2019-02,Merseyside Police,Merseyside Police,-2.735712,53.454940,On or near Parking Area,E01006872,St. Helens 014C,Unable to prosecute suspect
0ccbd3e7d29cf9f4dd260282b39edec2db25323779ff535687657cd120272f67,2019-02,Merseyside Police,Merseyside Police,-2.735712,53.454940,On or near Parking Area,E01006872,St. Helens 014C,Unable to prosecute suspect
0ccbd3e7d29cf9f4dd260282b39edec2db25323779ff535687657cd120272f67,2019-02,Merseyside Police,Merseyside Police,-2.735712,53.454940,On or near Parking Area,E01006872,St. Helens 014C,Unable to prosecute suspect
0020cb38d4a25b3134f57fcf953244999b9c56fd12d00f7fea6200b97f179498,2019-02,Merseyside Police,Merseyside Police,-2.735712,53.454940,On or near Parking Area,E01006872,St. Helens 014C,Unable to prosecute suspect
9cebb317935b87606785ca8d4934a3c2c1279826a39d2d4736ab0efaf05a7c2a,2019-02,Merseyside Police,Merseyside Police,-2.988220,53.401872,On or near CANNING PLACE,E01033756,Liverpool 061C,Unable to prosecute suspect
78e5895a26c771b3504cbe58dce6d5016a377217eb696c790fe67382df13d255,2019-02,Merseyside Police,Merseyside Police,-2.977259,53.462394,On or near BALLANTYNE GROVE,E01007051,Sefton 035D,Unable to prosecute suspect
57d9b02b2051facca1b0c29bdc719ee7b1cc4ffad138ca78a008611848686538,2019-02,Merseyside Police,Merseyside Police,-2.753000,53.469394,On or near FURNESS AVENUE,E01006919,St. Helens 007F,Suspect charged
de1297d6d7453db48193c44765c7120a250bec3e7c2de72907d72641b94c0dd1,2019-02,Merseyside Police,Merseyside Police,-2.911616,53.413106,On or near AYLESFORD ROAD,E01006573,Liverpool 029C,Suspect charged
d81d15b87ba9f2754e91ebd7d92d0d63dd265ee70fac0ff3cbcbd91d16280490,2019-02,Merseyside Police,Merseyside Police,-3.002885,53.461921,On or near WALLER STREET,E01007003,Sefton 036B,Unable to prosecute suspect
b0e6e11d1e489f1aa5ce3bfd133afd37e7ee0242469fe1b53ac0ccecd5c003a8,2019-02,Merseyside Police,Merseyside Police,-3.027442,53.390403,On or near COVENTRY STREET,E01007128,Wirral 016C,Further investigation is not in the public interest
44c10801c2a695bd266ea0c7797eea083f8222afe2698b26a7259ba36647af1c,2019-02,Merseyside Police,Merseyside Police,-2.989201,53.405226,On or near LORD STREET,E01033756,Liverpool 061C,Suspect charged
44c10801c2a695bd266ea0c7797eea083f8222afe2698b26a7259ba36647af1c,2019-02,Merseyside Police,Merseyside Police,-2.989201,53.405226,On or near LORD STREET,E01033756,Liverpool 061C,Suspect charged
42c6ffc221c5a2b1ab2a9c4bc14ea5dc51b1c6d6f8dbd6c38dc23708b4d9a890,2019-02,Merseyside Police,Merseyside Police,-2.742739,53.452856,On or near WESTFIELD STREET,E01006877,St. Helens 012C,Offender given a caution
8bebdff46951465e8ba52497a640227d9d53ed238858045c223cdb96eea1bfc2,2019-02,Merseyside Police,Merseyside Police,-2.899189,53.454450,On or near ALTCROSS ROAD,E01006662,Liverpool 004B,Unable to prosecute suspect
c392d5ee428c5d7115aecbe94d68336b8d659c5856022cb99f1f20b3adcbd7d4,2019-02,Merseyside Police,Merseyside Police,-2.909085,53.447481,On or near GOOD SHEPHERD CLOSE,E01006672,Liverpool 010E,Investigation complete; no suspect identified
9802c1e4366a31ffe9eb08fcd6c69de3503272806ec67e40f9b08795b031689d,2019-02,Merseyside Police,Merseyside Police,-3.184174,53.372510,On or near THE CRESCENT,E01007198,Wirral 026C,Formal action is not in the public interest
1cda3b6d87756dfe0ca6e77ccc92c8dfa8657ceb1bb82ae599387172e46d36b9,2019-02,Merseyside Police,Merseyside Police,-2.972505,53.639663,On or near BOWLING GREEN CLOSE,E01007060,Sefton 006C,Unable to prosecute suspect
1cda3b6d87756dfe0ca6e77ccc92c8dfa8657ceb1bb82ae599387172e46d36b9,2019-02,Merseyside Police,Merseyside Police,-2.972505,53.639663,On or near BOWLING GREEN CLOSE,E01007060,Sefton 006C,Unable to prosecute suspect
1cda3b6d87756dfe0ca6e77ccc92c8dfa8657ceb1bb82ae599387172e46d36b9,2019-02,Merseyside Police,Merseyside Police,-2.972505,53.639663,On or near BOWLING GREEN CLOSE,E01007060,Sefton 006C,Unable to prosecute suspect
7b6fd950dde32dc1ba140d8de513a1e4ecfeb2a281aa9c5e6bd3eb3983be83fc,2019-02,Merseyside Police,Merseyside Police,-3.103271,53.343199,On or near OLD WOOD ROAD,E01007288,Wirral 037E,Unable to prosecute suspect
abdf36866cc7089d443e6fb9d7597550c69ec24885d082cf048ef47b72bd815c,2019-02,Merseyside Police,Merseyside Police,-3.032623,53.426746,On or near CAITHNESS DRIVE,E01007232,Wirral 002B,Unable to prosecute suspect
048da568bc50ef01c7002d7208070eb8ddb9fa1735793c345d839068a06efecc,2019-02,Merseyside Police,Merseyside Police,-2.978599,53.409277,On or near LIME STREET,E01033760,Liverpool 060C,Unable to prosecute suspect
1413b7c7574dc07b5ae27eb8f0db992db307ffaf7f71a373bf144c85d9874ca1,2019-02,Merseyside Police,Merseyside Police,-3.028744,53.393269,On or near EXMOUTH WAY,E01007127,Wirral 016B,Unable to prosecute suspect
202faba812a1e831791d9706f7f6d295b3bcd0183ef2ca97389861539065df77,2019-02,Merseyside Police,Merseyside Police,-2.991441,53.487302,On or near ST ANDREW'S GROVE,E01007089,Sefton 024E,Unable to prosecute suspect
22aaab9c553de54113872395f87217edf3eabda0cf2558d5f4e489871a2dd0d7,2019-02,Merseyside Police,Merseyside Police,-3.033763,53.385683,On or near PENRITH STREET,E01007239,Wirral 022C,Suspect charged
fd43a1beba8e712dd469341edbc437ac2084e0e5c8d89547b4c402db41b45e0d,2019-02,Merseyside Police,Merseyside Police,-2.911616,53.413106,On or near AYLESFORD ROAD,E01006573,Liverpool 029C,Suspect charged
a050dd015d7d1fdf8621cfa3ab1479a282410c23e6f47a31a35c4ec72bdcb40f,2019-02,Merseyside Police,Merseyside Police,-2.987014,53.405648,On or near Shopping Area,E01033760,Liverpool 060C,Suspect charged
50a8bb5f5b0901246780a1ce57aff836b186ec67709dcfc006881631b9692cd7,2019-02,Merseyside Police,Merseyside Police,-3.025709,53.389016,On or near Shopping Area,E01007128,Wirral 016C,Local resolution
deadff28820f8ed480e86cf507c389989684ec07506e59a7ff506314c45c498f,2019-02,Merseyside Police,Merseyside Police,-2.991851,53.455101,On or near STANLEY ROAD,E01007007,Sefton 037B,Investigation complete; no suspect identified
4f5e18dd105c732a9b53dffecef3516894ff001e9722d98de2833318cd95bff0,2019-02,Merseyside Police,Merseyside Police,-2.962570,53.456923,On or near STOKER WAY,E01006787,Liverpool 006A,Suspect charged
b5e17cdd21c4ca21793914bd797ab988c9e8b2ca5e786916d4000845f5679c9a,2019-02,Merseyside Police,Merseyside Police,-2.975227,53.487409,On or near APRIL RISE,E01007088,Sefton 029D,Suspect charged
e8dd04e893cad448579362a6517010f1ec30c901330443888d0cf72ac277f996,2019-02,Merseyside Police,Merseyside Police,-2.928474,53.446577,On or near RAILTON ROAD,E01006730,Liverpool 011C,Unable to prosecute suspect
eee995b2147978e1cfc6dbd969353c03dbc299cf1d3dbb417c1966f714ddeb87,2019-02,Merseyside Police,Merseyside Police,-2.971892,53.440397,On or near NEWARK STREET,E01006700,Liverpool 012E,Further investigation is not in the public interest
ab35b5f2c55015134ca5b10249cfc2673195839b87ed294f9cf7a97169eccb18,2019-02,Merseyside Police,Merseyside Police,-2.853919,53.487430,On or near HAMMOND ROAD,E01006446,Knowsley 005G,Investigation complete; no suspect identified
fe0f2d352e3af0380e53c3dfdd221d47a83cf5cd531eadf9e34266d88f387008,2019-02,Merseyside Police,Merseyside Police,-2.685137,53.451816,On or near BRAMPTON COURT,E01006816,St. Helens 017A,Further investigation is not in the public interest
bd51d6fe2d62c572c47ffb8e4a4301928d82998351f600520c0bcfdf1639a502,2019-02,Merseyside Police,Merseyside Police,-3.026828,53.415488,On or near LITTLEDALE ROAD,E01007272,Wirral 008A,Unable to prosecute suspect
d687b5403367220392116c5182bf20a159134247a77af9676f5d4032d5ae07d8,2019-02,Merseyside Police,Merseyside Police,-2.821816,53.399969,On or near BRADLEY FOLD,E01006424,Knowsley 017B,Investigation complete; no suspect identified
b9e5914785f3d41193e83a90827a72645923662e5fa6dd7b3d51af7693b66f34,2019-02,Merseyside Police,Merseyside Police,-2.701751,53.443836,On or near Sports/Recreation Area,E01006875,St. Helens 017C,Further investigation is not in the public interest
ad5bb586f1ec43656abc0f5a362564dcb5056ddb0338974106d8fe80fc0802fe,2019-02,Merseyside Police,Merseyside Police,-3.020332,53.381718,On or near LEIGHTON ROAD,E01007291,Wirral 021D,Unable to prosecute suspect
f467d578129abd72e37a967ab1de161f0ca6def7943930a3cf411498594b60d0,2019-02,Merseyside Police,Merseyside Police,-2.928474,53.446577,On or near RAILTON ROAD,E01006730,Liverpool 011C,Unable to prosecute suspect
64c4c8f5bd7ddddcb33552f1485defb4a9db6e1574a623ec78acc2cb331d250a,2019-02,Merseyside Police,Merseyside Police,-3.070660,53.381484,On or near WERNBROOK CLOSE,E01007163,Wirral 024A,Local resolution
b5c8bf3429a5817f8b46af971f61965c5e8e2a0f18be9066a1c91124cc6021eb,2019-02,Merseyside Police,Merseyside Police,-2.972505,53.639663,On or near BOWLING GREEN CLOSE,E01007060,Sefton 006C,Unable to prosecute suspect
872d850eab76ec0703f8201d0a299c8e98f4f2d66f5ed792b4075ab0a3120f66,2019-02,Merseyside Police,Merseyside Police,-2.972505,53.639663,On or near BOWLING GREEN CLOSE,E01007060,Sefton 006C,Offender given a caution
b6b5e92953423e1b8ae8ebad69e1ba0fb1545eda1ff43ec698b44ddefc57dd68,2019-02,Merseyside Police,Merseyside Police,-2.967647,53.425834,On or near MONK STREET,E01006560,Liverpool 023A,Suspect charged
1e1243646a59bdf261b1bd7e0d500d6a0f7d6e52f6aeb0c398f097688b7d4483,2019-02,Merseyside Police,Merseyside Police,-3.040895,53.423456,On or near SCOTT STREET,E01007216,Wirral 005B,Unable to prosecute suspect
dad19a8ec76ba97e21a3d0ba5ddbbd7f904ed2d9d89d790028b74e46c5437694,2019-02,Merseyside Police,Merseyside Police,-3.040895,53.423456,On or near SCOTT STREET,E01007216,Wirral 005B,Unable to prosecute suspect
0b617243f8c1c19b14649f17ec5219eba23e89dcb48fbbff65f5507b9b2a51b3,2019-02,Merseyside Police,Merseyside Police,-2.979050,53.404689,On or near LAWTON STREET,E01033756,Liverpool 061C,Investigation complete; no suspect identified
2b75ab05e89fd76c63d61f74ab5c17e78c4abc9aa7c418fa214e91cbc03d0a25,2019-02,Merseyside Police,Merseyside Police,-2.949340,53.412057,On or near KENSINGTON,E01006696,Liverpool 030C,Investigation complete; no suspect identified
0b4b43370e6d814ebda51f856081ac09b0b48a8d21a69020295be25ab34d5659,2019-02,Merseyside Police,Merseyside Police,-2.685137,53.451816,On or near BRAMPTON COURT,E01006816,St. Helens 017A,Further investigation is not in the public interest
2c88d125bba1f33d3838e3b63bef98f71f820e58aa6f07f7fb69e813550a8e59,2019-02,Merseyside Police,Merseyside Police,-3.045342,53.436667,On or near GAYTON AVENUE,E01007231,Wirral 001C,Suspect charged
a35b1206d15d524a835397dc110d4b9dd23e8f176349115c8e5ebb85d2cae1e9,2019-02,Merseyside Police,Merseyside Police,-3.027064,53.387836,On or near FEARNLEY ROAD,E01007128,Wirral 016C,Unable to prosecute suspect
2d9c4cea633b610280340094a5b43ab55ffc9139162a1eeb8839addee440dd59,2019-02,Merseyside Police,Merseyside Police,-2.946241,53.422230,On or near ELLEL GROVE,E01006540,Liverpool 024A,Unable to prosecute suspect
194a885fe9d0fb88c04364908fe016dd526b6ec67480ea393d838a122c31f19e,2019-02,Merseyside Police,Merseyside Police,-2.940947,53.373282,On or near ASHBOURNE ROAD,E01006528,Liverpool 052C,Unable to prosecute suspect
16e92e3f500c53a08e0cfd1b862f948c87573ca8836fb93c835610e0d4cb7663,2019-02,Merseyside Police,Merseyside Police,-2.927191,53.471324,On or near SHERWOOD'S LANE,E01006653,Liverpool 001B,Offender given a caution
ba5ba4c765b47f081ade5bbd0689503894b3ff51ab56efdc4a601b6750b73408,2019-02,Merseyside Police,Merseyside Police,-2.986820,53.427151,On or near BILLINGS CLOSE,E01006778,Liverpool 014E,Unable to prosecute suspect
2dc3a69b461d9a18ca0f48c934ea9626bb5f79d94ddfc5cd28fe97da12b1950f,2019-02,Merseyside Police,Merseyside Police,-3.035666,53.419466,On or near OXFORD ROAD,E01007218,Wirral 002A,Offender given a caution
3ca2b90474cf0b04cb0885fb34c4670a2952863080421c20aa9c507fb718c6cb,2019-02,Merseyside Police,Merseyside Police,-2.918402,53.414528,On or near DAY STREET,E01032508,Liverpool 027G,Unable to prosecute suspect
6e6f8faf5df8184e82ad7d7050ac862832258deb4de0e301338441039c2e3a8c,2019-02,Merseyside Police,Merseyside Police,-3.040546,53.390047,On or near ST HELEN'S CLOSE,E01007155,Wirral 020A,Unable to prosecute suspect
d376e4c14036bd9ad9bde111b3886a6099bd0816ab32e89a59f6a704e4e02615,2019-02,Merseyside Police,Merseyside Police,-2.706894,53.465253,On or near ERSKINE CLOSE,E01006811,St. Helens 008B,Unable to prosecute suspect
fec7d9de8b53ec75e70a40bfea403c55cd058bb97a22c216a25ed540fa68b5dd,2019-02,Merseyside Police,Merseyside Police,-3.016894,53.485938,On or near STALEY AVENUE,E01007106,Sefton 025D,Investigation complete; no suspect identified
a6419285a2c4e2615c2b01bcfefa85c150c385b9040760e92f705b40f6839d04,2019-02,Merseyside Police,Merseyside Police,-2.948153,53.483753,On or near MOSTYN AVENUE,E01007041,Sefton 027A,Unable to prosecute suspect
c68883677efb4874369d03622a34b187abe9bb69ca90ff7e42193deecd43b1a6,2019-02,Merseyside Police,Merseyside Police,-2.993787,53.447732,On or near ST CATHERINE'S ROAD,E01007009,Sefton 037D,Unable to prosecute suspect
0620e62f622812f2a65ab2cf40ef638c95831bec01087d1adb14482cdb2c7b81,2019-02,Merseyside Police,Merseyside Police,-2.841019,53.409741,On or near Parking Area,E01006481,Knowsley 015E,Unable to prosecute suspect
e96b188177a588944e922cb814f34603e741866adfc1886307bc83cbe124b800,2019-02,Merseyside Police,Merseyside Police,-2.980571,53.403472,On or near Nightclub,E01033756,Liverpool 061C,Suspect charged
62694e3089b6cff4979ca73fced36f3686ca97c36d0ce82b80adbbc72e6325c6,2019-02,Merseyside Police,Merseyside Police,-2.838817,53.339850,On or near GANWORTH CLOSE,E01006755,Liverpool 059C,Action to be taken by another organisation
a4d8b6128708974aa2c28b813b12bbdfa33db95d55d756571d59b1f7f72b3398,2019-02,Merseyside Police,Merseyside Police,-2.915649,53.518820,On or near PARKBOURN,E01033096,Sefton 018F,Suspect charged
21c8177fcd6b24abe3ea0d292c7c90daeefb67259c6f5f7e95baf250398aad23,2019-02,Merseyside Police,Merseyside Police,-2.915649,53.518820,On or near PARKBOURN,E01033096,Sefton 018F,Unable to prosecute suspect
42daa36fd51024190910711fd6c17383994c5ffd7ea314693b69f50c3e37bcfe,2019-02,Merseyside Police,Merseyside Police,-2.949679,53.409690,On or near FELL STREET,E01006691,Liverpool 030A,Suspect charged
72f7819c25b504a37a634598fc3df17fb09b22dd4354aa8836f3ac4b93a6da38,2019-02,Merseyside Police,Merseyside Police,-3.045714,53.399090,On or near BRASSEY STREET,E01032903,Wirral 010F,Suspect charged
dbfe00cac089251a167aeea01a2a0eb15df79cae846fb8e46f8d282adf610d0c,2019-02,Merseyside Police,Merseyside Police,-2.881481,53.466915,On or near SHIRDLEY WALK,E01006418,Knowsley 005B,Suspect charged
e5e1964d76d29f9a91c5dfde2c10c0ff833ed6aedd905857025459498386e4f7,2019-02,Merseyside Police,Merseyside Police,-2.915649,53.518820,On or near PARKBOURN,E01033096,Sefton 018F,Suspect charged
689532912191f89deb29be953f1cf1abec2c885cc1ef5b562e1bf2ff6ec7d760,2019-02,Merseyside Police,Merseyside Police,-3.012280,53.485815,On or near BROWNMOOR LANE,E01007108,Sefton 025F,Offender given a caution
1bc2c3b3d9198321e55a1e81a4a68dba72e41c7b759a3d9b3ebd7d660b6c0ee4,2019-02,Merseyside Police,Merseyside Police,-2.805195,53.419022,On or near JOHNSON AVENUE,E01006461,Knowsley 007B,Unable to prosecute suspect
f0ba1d561716b132ef9f6f50e41e8177faf41c6e5062c2b67d249da0ae60362c,2019-02,Merseyside Police,Merseyside Police,-2.801582,53.419720,On or near MOLYNEUX CLOSE,E01006460,Knowsley 007A,Unable to prosecute suspect
1f24aa6012c73199221ef71b05eae177911561e161cca557c384a7bcdab2cb8a,2019-02,Merseyside Police,Merseyside Police,-3.014534,53.493122,On or near BRENTWOOD AVENUE,E01007021,Sefton 025A,Investigation complete; no suspect identified
33e688331557609c2bcd00f3d8389c463ff7daf41790b72ccd0d70f1c10606c3,2019-02,Merseyside Police,Merseyside Police,-3.031470,53.483548,On or near LICHFIELD AVENUE,E01007103,Sefton 030E,Investigation complete; no suspect identified
070ce5e94607d732e4e145b99b1be359b0f68f32238692c85a1e3385e4919a06,2019-02,Merseyside Police,Merseyside Police,-3.016830,53.352740,On or near HIGHER BEBINGTON ROAD,E01007117,Wirral 035B,Local resolution
b48fd960520363781aabec5c6638e71b3c8564971c51061b1c5009f08c9126ba,2019-02,Merseyside Police,Merseyside Police,-2.979192,53.401721,On or near BACK SEEL STREET,E01033761,Liverpool 060D,Suspect charged
0e3eb5a11ae0e0a6973bb035f69a846c58b97dfda8d2aae3b906ad97a0cefc9a,2019-02,Merseyside Police,Merseyside Police,-2.831499,53.413727,On or near Sports/Recreation Area,E01006481,Knowsley 015E,Local resolution
da067db5b6c5c84a2a27c0b08f3d23fe7cf90f7db433450472f20e51001c5a4f,2019-02,Merseyside Police,Merseyside Police,-2.995279,53.446515,On or near Parking Area,E01007009,Sefton 037D,Unable to prosecute suspect
36856cb35e7458da61c857c015ffd9d00b8edc9fd3ed34da65e1e5be015aa99d,2019-02,Merseyside Police,Merseyside Police,-3.114907,53.403399,On or near MARYLAND LANE,E01007227,Wirral 012D,Unable to prosecute suspect
3803725a69ade99d6a995f48a7ab95e8447df40ec1c9fcabb28ef22e8fab6ebc,2019-02,Merseyside Police,Merseyside Police,-2.918734,53.397816,On or near ROSE VILLAS,E01006588,Liverpool 042C,Unable to prosecute suspect
ac96d6f0289f243a4e569031092e609710c14af0f659c6d51cc8991e03265335,2019-02,Merseyside Police,Merseyside Police,-3.016830,53.352740,On or near HIGHER BEBINGTON ROAD,E01007117,Wirral 035B,Local resolution
579234dc37210f13e872edfcd45b0611961f039e16c2a4105b1a6bdb63bba806,2019-02,Merseyside Police,Merseyside Police,-3.016830,53.352740,On or near HIGHER BEBINGTON ROAD,E01007117,Wirral 035B,Local resolution
57888210f7c889c5772f397a5291339f15c00f97705e7f0c3f9c1a34b3e472c2,2019-02,Merseyside Police,Merseyside Police,-2.965268,53.480901,On or near MEADWAY,E01007046,Sefton 027C,Further investigation is not in the public interest
4b9ffde71a49e7b1cd4004939cac8b0b02521e0fcbbe51e7440cbc69fa07ecf5,2019-02,Merseyside Police,Merseyside Police,-3.016830,53.352740,On or near HIGHER BEBINGTON ROAD,E01007117,Wirral 035B,Local resolution
67086a2cff577e1bc8a40d48b71f88e8707b1cd9f2d838ce91646a90c7158522,2019-02,Merseyside Police,Merseyside Police,-2.901397,53.445660,On or near STOWFORD CLOSE,E01006669,Liverpool 004E,Unable to prosecute suspect
4b3c77f57dae9053762cbeb01994bfc15bb84b3cd83c73443bed8a4ae70334a1,2019-02,Merseyside Police,Merseyside Police,-3.016830,53.352740,On or near HIGHER BEBINGTON ROAD,E01007117,Wirral 035B,Local resolution
f9692dd2b7487efb7ab4755939ef2b2ec2a2cf3c529ff8daf68f9dfc40d48432,2019-02,Merseyside Police,Merseyside Police,-3.016830,53.352740,On or near HIGHER BEBINGTON ROAD,E01007117,Wirral 035B,Local resolution
d49ff8fece05812e2c4d59eb966012352e9c540d3cebcca3041bebdbdb4adcf4,2019-02,Merseyside Police,Merseyside Police,-3.016830,53.352740,On or near HIGHER BEBINGTON ROAD,E01007117,Wirral 035B,Local resolution
85e6f9f0cdceee92017d3dd57bf1f3824a6dfc93aa112b786d0d2ef783780945,2019-02,Merseyside Police,Merseyside Police,-2.948071,53.432103,On or near WERNBROOK ROAD,E01006544,Liverpool 015C,Unable to prosecute suspect
825dcf48cf28e96491ee44107d7856aac9a8ad1adeb5994de0f85254fd2a3f45,2019-02,Merseyside Police,Merseyside Police,-2.987595,53.406057,On or near Nightclub,E01033760,Liverpool 060C,Suspect charged
3fb7281db6d25201e01c804ea6f7edd440540d90c24b499ee2620b1423de7251,2019-02,Merseyside Police,Merseyside Police,-2.942758,53.380396,On or near LIVINGSTON DRIVE NORTH,E01006523,Liverpool 052B,Suspect charged
3c449fdca38c448613092d826d08dbc4c2507cd929d3c298da101942c69634dd,2019-02,Merseyside Police,Merseyside Police,-3.060117,53.404922,On or near PATRICIA AVENUE,E01007121,Wirral 011B,Suspect charged
852e5e14fd37836c42a3b2ba5acb11da8a3531c6a2ec224076abd42810e49539,2019-02,Merseyside Police,Merseyside Police,-2.942758,53.380396,On or near LIVINGSTON DRIVE NORTH,E01006523,Liverpool 052B,Suspect charged
763bf35b8636829988eb2800d8b34a4623db02ccb67323aa60b8317481af51bd,2019-02,Merseyside Police,Merseyside Police,-3.060117,53.404922,On or near PATRICIA AVENUE,E01007121,Wirral 011B,Suspect charged
bfda5f0401c186753e3ccdddf694b718a0ed1f9142d90688c457041981f4a043,2019-02,Merseyside Police,Merseyside Police,-2.861411,53.434657,On or near BUCKTHORN CLOSE,E01006413,Knowsley 006B,Offender given a caution
c1a7ede6e2197eb2a63df0db3b4f942eaedefafc9a3d688ba7ca05adce7900ff,2019-02,Merseyside Police,Merseyside Police,-3.075716,53.423408,On or near GREENLEAS ROAD,E01007309,Wirral 006D,Suspect charged
f4aa6c429d2eb4d3cdcf0cd9e946e1f1f67ee84935a4bf784f0e0ea2147e4a87,2019-02,Merseyside Police,Merseyside Police,-3.060106,53.403233,On or near Supermarket,E01007122,Wirral 011C,Investigation complete; no suspect identified
80a8b8d1bc2348d107d44b7ca6a7972edd8bd9a164143d544a7ccad6d6f8a2c6,2019-02,Merseyside Police,Merseyside Police,-3.003727,53.646767,On or near Shopping Area,E01006968,Sefton 004C,Offender given a caution
b45e047da9a1b2467e4f51862de565be5e0856a0efb5240928b92f7c65870c1c,2019-02,Merseyside Police,Merseyside Police,-3.104680,53.355267,On or near ELM ROAD,E01007286,Wirral 034E,Unable to prosecute suspect
b45e047da9a1b2467e4f51862de565be5e0856a0efb5240928b92f7c65870c1c,2019-02,Merseyside Police,Merseyside Police,-3.104680,53.355267,On or near ELM ROAD,E01007286,Wirral 034E,Unable to prosecute suspect
b45e047da9a1b2467e4f51862de565be5e0856a0efb5240928b92f7c65870c1c,2019-02,Merseyside Police,Merseyside Police,-3.104680,53.355267,On or near ELM ROAD,E01007286,Wirral 034E,Unable to prosecute suspect
c498250180b1e2a7c81fdf0204ab8d3023aaebb3b7c923d0e634490fa4c351d2,2019-02,Merseyside Police,Merseyside Police,-3.025013,53.375035,On or near VICTORIA PARK ROAD,E01007174,Wirral 029B,Formal action is not in the public interest
2740f53089c04922173d4caf52f1961531cc72dcfa7ee069496a833ecd5caa7d,2019-02,Merseyside Police,Merseyside Police,-3.010174,53.646893,On or near Parking Area,E01006968,Sefton 004C,Offender given a caution
378a57ed320d7244c8511132d63848b8fbbd94737907b27a8b12b1348963632e,2019-02,Merseyside Police,Merseyside Police,-2.967549,53.310120,On or near ENNERDALE AVENUE,E01007169,Wirral 042E,Unable to prosecute suspect
43966f5bb8130bd3625a1faf3cdf9e7a86e0c65d6ada3f1ab9f594ca770d8470,2019-02,Merseyside Police,Merseyside Police,-2.860704,53.436172,On or near HASWELL DRIVE,E01006413,Knowsley 006B,Suspect charged
94b8373880162a7aa04fc581a0d7180d9ccc3f28025a0cbea903a21b9b184723,2019-02,Merseyside Police,Merseyside Police,-2.950672,53.394869,On or near SOLWAY STREET EAST,E01006674,Liverpool 039C,Unable to prosecute suspect
960e2c1353e3b4f667a0c82e71610877d0735fac39d6f685637a46c0bb0cfd45,2019-02,Merseyside Police,Merseyside Police,-2.745892,53.460045,On or near BRIARS GREEN,E01006915,St. Helens 007B,Unable to prosecute suspect
960e2c1353e3b4f667a0c82e71610877d0735fac39d6f685637a46c0bb0cfd45,2019-02,Merseyside Police,Merseyside Police,-2.745892,53.460045,On or near BRIARS GREEN,E01006915,St. Helens 007B,Unable to prosecute suspect
960e2c1353e3b4f667a0c82e71610877d0735fac39d6f685637a46c0bb0cfd45,2019-02,Merseyside Police,Merseyside Police,-2.745892,53.460045,On or near BRIARS GREEN,E01006915,St. Helens 007B,Unable to prosecute suspect
77aba3ff58e16b0959f2483c06ad07453ae8c04c96d819b9d2d1e308dd0395d4,2019-02,Merseyside Police,Merseyside Police,-3.019611,53.391172,On or near BANK STREET,E01007126,Wirral 016A,Unable to prosecute suspect
a4651661ab692bc019eab79648b9587cfd59a4bd8ddb2e84819a1af265eb8ac2,2019-02,Merseyside Police,Merseyside Police,-2.950128,53.428465,On or near PRIORY ROAD,E01006766,Liverpool 019E,Investigation complete; no suspect identified
c91b0f2ff8cba4d3d36efc3e9aa1633a6859c2bd43872cfded5eb4c8e36a785f,2019-02,Merseyside Police,Merseyside Police,-2.919288,53.385847,On or near GROVEDALE ROAD,E01006593,Liverpool 042E,Suspect charged
4f45395dac4d6500b1f896caf1c95c947453196e9469e28f2438244005fe2ec8,2019-02,Merseyside Police,Merseyside Police,-2.931510,53.389204,On or near LATHBURY LANE,E01006551,Liverpool 048E,Unable to prosecute suspect
a268f591a939e936c3285bbb179ff6e199dafa4051e5c59a95ca9060c4adefcb,2019-02,Merseyside Police,Merseyside Police,-2.951704,53.411454,On or near CLEARWATER CLOSE,E01006696,Liverpool 030C,Unable to prosecute suspect
2c7cc277fd6c6fb0e913fab3caca1c7a20ad14f57e4e5ad7e2ee6641467e3532,2019-02,Merseyside Police,Merseyside Police,-2.945110,53.392243,On or near MAPLE GROVE,E01006552,Liverpool 039A,Unable to prosecute suspect
7ea1fcd76d71ea8ec9748b5903d4eccb5bd70cd90287b8f0db62b6efea4a9e8a,2019-02,Merseyside Police,Merseyside Police,-2.931510,53.389204,On or near LATHBURY LANE,E01006551,Liverpool 048E,Suspect charged
207be4f689d914a7163f3600800dabc00daced952146b04b49ad92f84020fd9b,2019-02,Merseyside Police,Merseyside Police,-2.838817,53.339850,On or near GANWORTH CLOSE,E01006755,Liverpool 059C,Further investigation is not in the public interest
0682f5b6dd685654f2e3a8af596c7793395b5c872757b40a20fe6c0ed0e2498c,2019-02,Merseyside Police,Merseyside Police,-2.924475,53.456558,On or near FALCONHALL ROAD,E01006659,Liverpool 005B,Suspect charged
42e14a21d5acba1a9cf1be79638fe8271eea6acdb548f3c81b690a011151212e,2019-02,Merseyside Police,Merseyside Police,-2.866606,53.368174,On or near CAVELL CLOSE,E01006533,Liverpool 055C,Unable to prosecute suspect
fdc38d04376215fa9aa57dfe13b255e8eec7f15c966fd391ddd910ead032b5ed,2019-02,Merseyside Police,Merseyside Police,-2.961349,53.456204,On or near BROOK ROAD,E01006787,Liverpool 006A,Investigation complete; no suspect identified
8b1b73026d29e40a0fe3806086d4e3ac172418c68bc32a1370c17ba4c2003522,2019-02,Merseyside Police,Merseyside Police,-3.044045,53.398466,On or near BRAY STREET,E01032903,Wirral 010F,Investigation complete; no suspect identified
e264253db658b443267e5921f703e2c9d40214d6ba6754dc9ff6c275effbb037,2019-02,Merseyside Police,Merseyside Police,-2.984718,53.432589,On or near STANLEY ROAD,E01006778,Liverpool 014E,Unable to prosecute suspect
77c4486aff84962520929d3a3b9bf9e30dfbe47e480f47766273059b0c2c6b14,2019-02,Merseyside Police,Merseyside Police,-2.854941,53.337300,On or near Airport/Airfield,E01006741,Liverpool 058C,Local resolution
e83f5bc1c83addb8bc627e876a5848739222367760b549e5e724523d2ac27322,2019-02,Merseyside Police,Merseyside Police,-2.903066,53.393701,On or near BEAUCLAIR DRIVE,E01006582,Liverpool 041A,Unable to prosecute suspect
eea3f10b306d952e13ef6be9bbcd9e6f908252ed2452d594c2616a398794bac2,2019-02,Merseyside Police,Merseyside Police,-3.043379,53.400153,On or near DAWSON AVENUE,E01032903,Wirral 010F,Offender given a caution
ddb9dd5ee4477d27831c9ded2789b6af800c90751b11175aa8030bc5511c310f,2019-02,Merseyside Police,Merseyside Police,-3.100771,53.402370,On or near STUART AVENUE,E01007208,Wirral 012A,Unable to prosecute suspect
711ff133c873f13f539bad6cf160e2af6694f3c08c0cd8f0372b3af3fbb5d8c5,2019-02,Merseyside Police,Merseyside Police,-2.699255,53.434871,On or near HERBERT STREET,E01006900,St. Helens 022B,Unable to prosecute suspect
f497bd327fd3fdbbd555bb8b969f854083b8a2faa1093485e872b3d4a082ed36,2019-02,Merseyside Police,Merseyside Police,-2.905633,53.479867,On or near WHITEFIELD DRIVE,E01006508,Knowsley 004D,Unable to prosecute suspect
f3ccce8ac13eea0521ee336b0e0942df681fb327e69376b3735c23278f6be26c,2019-02,Merseyside Police,Merseyside Police,-2.907587,53.452077,On or near WATERSTONE CLOSE,E01006662,Liverpool 004B,Local resolution
d33c9b75b20be5be6b6ee3b7afba05d5d33042ad5f0f2d8f1753ef5ac728541b,2019-02,Merseyside Police,Merseyside Police,-2.854408,53.348198,On or near RYCOT ROAD,E01006741,Liverpool 058C,Investigation complete; no suspect identified
2ebc026c7e53c5b1badbfb489761f7f7615ef977947b1caa517127ba7ffe590b,2019-02,Merseyside Police,Merseyside Police,-2.936795,53.522260,On or near Petrol Station,E01007100,Sefton 018E,Suspect charged
d588c774b8253e7168ca8928ab7dbfbbdec2bebfdd281cda7c59bce2e2fcf67e,2019-02,Merseyside Police,Merseyside Police,-2.943180,53.516340,On or near CENTRAL SQUARE,E01007095,Sefton 018C,Investigation complete; no suspect identified
dd3b13525fe6f3ec01f91a3adfcdf90d23da3e3355585d1d91d177f1aa77327f,2019-02,Merseyside Police,Merseyside Police,-3.058309,53.388417,On or near HOWBECK ROAD,E01007240,Wirral 020C,Unable to prosecute suspect
6efe569d72eeb6f2608410f2e859023f18b8aee3801696f6f38215b64f6de814,2019-02,Merseyside Police,Merseyside Police,-2.968323,53.429757,On or near WHITEHAVEN ROAD,E01006560,Liverpool 023A,Unable to prosecute suspect
9fcdc0e79dee43b71949582a5baea33b37a71f75da31099ff8644697b606d69d,2019-02,Merseyside Police,Merseyside Police,-2.947072,53.398682,On or near EARLE ROAD,E01006752,Liverpool 035F,Investigation complete; no suspect identified
eba06f47f43762e062d15db717687ea7b5b2120c470ef3b52dc94f9999827335,2019-02,Merseyside Police,Merseyside Police,-2.933900,53.483218,On or near SANDHURST DRIVE,E01007044,Sefton 026D,Unable to prosecute suspect
eba06f47f43762e062d15db717687ea7b5b2120c470ef3b52dc94f9999827335,2019-02,Merseyside Police,Merseyside Police,-2.933900,53.483218,On or near SANDHURST DRIVE,E01007044,Sefton 026D,Unable to prosecute suspect
de3179f51a2174019d506a5599f0d757b76588a2d4e3d51aa1ea419e74c027c9,2019-02,Merseyside Police,Merseyside Police,-2.972674,53.646332,On or near BRIGHT STREET,E01007056,Sefton 005B,Investigation complete; no suspect identified
2c5c83c363963b6742ea373b594946483a66daa0b08ebed0626c1d9a0ddaaeab,2019-02,Merseyside Police,Merseyside Police,-2.725176,53.466761,On or near HAMBLETT CRESCENT,E01006854,St. Helens 004F,Unable to prosecute suspect
7790387bcac31a92a9fa81ac0cd2c8a9b7d5e2c60c6bad6fe9dfc57d17c8cce3,2019-02,Merseyside Police,Merseyside Police,-3.013604,53.373137,On or near GROVE ROAD,E01007296,Wirral 027E,Unable to prosecute suspect
da96070465cf381997b7c0b5bb58098bfb45801bcb2b107d17d18609957cd762,2019-02,Merseyside Police,Merseyside Police,-2.921326,53.455108,On or near TERNHALL WAY,E01006660,Liverpool 001E,Further investigation is not in the public interest
aa236058f8e78386c8f0a20d700e11c328816171c356fafaba456aa12152f08e,2019-02,Merseyside Police,Merseyside Police,-2.942657,53.446555,On or near ABINGDON GROVE,E01006612,Liverpool 008B,Suspect charged
a6ba4d9697905fb3a4f4043033cc5077bc70bb372c7dc5be630be109149c3753,2019-02,Merseyside Police,Merseyside Police,-2.971912,53.400370,On or near RICE STREET,E01006514,Liverpool 037A,Unable to prosecute suspect
29283535881ea7746dadc3db702c6d6c79e77911bfecc6add2120b0958972455,2019-02,Merseyside Police,Merseyside Police,-2.933891,53.410759,On or near GRESHAM STREET,E01006692,Liverpool 028B,Suspect charged
29283535881ea7746dadc3db702c6d6c79e77911bfecc6add2120b0958972455,2019-02,Merseyside Police,Merseyside Police,-2.933891,53.410759,On or near GRESHAM STREET,E01006692,Liverpool 028B,Suspect charged
29283535881ea7746dadc3db702c6d6c79e77911bfecc6add2120b0958972455,2019-02,Merseyside Police,Merseyside Police,-2.933891,53.410759,On or near GRESHAM STREET,E01006692,Liverpool 028B,Suspect charged
fe767321d16bd81fc24098f280f4a53a6f9a9acb2b9d13f7a7162fd3ba11a7bc,2019-02,Merseyside Police,Merseyside Police,-3.045714,53.399090,On or near BRASSEY STREET,E01032903,Wirral 010F,Suspect charged
8d87c57339efafaa95df7d839e8e4327bc0d143d052e22f20fe626b0463597ab,2019-02,Merseyside Police,Merseyside Police,-2.929746,53.425542,On or near Supermarket,E01006761,Liverpool 020B,Unable to prosecute suspect
ba3b4040171094280fe2cf86757e6b2e338071fc4ad3a7bab67245842f24f616,2019-02,Merseyside Police,Merseyside Police,-2.838262,53.356735,On or near LICHFIELD ROAD,E01006432,Knowsley 020E,Unable to prosecute suspect
3e9415811e71887b047b7cece8827d45880c4584b9669f292de4fdc94244ee9e,2019-02,Merseyside Police,Merseyside Police,-2.740464,53.455378,On or near NEW CROSS STREET,E01006877,St. Helens 012C,Unable to prosecute suspect
85ad37d509ae728a1b8d7f3529af347257e261fd6684907383ffec2816df7b84,2019-02,Merseyside Police,Merseyside Police,-2.933891,53.410759,On or near GRESHAM STREET,E01006692,Liverpool 028B,Suspect charged
b0a2132832788ea0b840d3d1f5d5628ce8cbf999956ba3bc416880d3586c67a8,2019-02,Merseyside Police,Merseyside Police,-2.933891,53.410759,On or near GRESHAM STREET,E01006692,Liverpool 028B,Suspect charged
f03e14be8d3a9e3116d9ec41c3d4ffbcba540502dd7e957cedf577a4f51639fb,2019-02,Merseyside Police,Merseyside Police,-2.933891,53.410759,On or near GRESHAM STREET,E01006692,Liverpool 028B,Suspect charged
9148887e86846919a4f9a3a4c82dff5a2305e9f450ef5985c16c102be07726b4,2019-02,Merseyside Police,Merseyside Police,-2.972674,53.646332,On or near BRIGHT STREET,E01007056,Sefton 005B,Investigation complete; no suspect identified
d4a284b6ae968158a2dcf0bf4d8cef553aaa67420b8df28ce9866946f6721b82,2019-02,Merseyside Police,Merseyside Police,-2.827592,53.358949,On or near ROSEHEATH DRIVE,E01006426,Knowsley 020A,Unable to prosecute suspect
c0ebc7c2aaca1fd70c308223726c13d0a203ac95c27636ff8f3b2b2658090d0b,2019-02,Merseyside Police,Merseyside Police,-2.746504,53.452913,On or near HAVELOCK CLOSE,E01006880,St. Helens 012D,Unable to prosecute suspect
9ba2b7be75d6d6c26865e9e4acb5540d0c5140a2bffda0f7880b8ec9dd728c51,2019-02,Merseyside Police,Merseyside Police,-2.795929,53.411093,On or near SKEFFINGTON,E01006505,Knowsley 013E,Suspect charged
0a325716dd2a63426356b2e096e2071c36432420d79e89de89756281566d7f20,2019-02,Merseyside Police,Merseyside Police,-3.092777,53.333974,On or near OAKLANDS DRIVE,E01007185,Wirral 037C,Suspect charged
bb9fea0e8c4bbbfad9bc88571aad90c06560e64a9037e5184cd01a4ea2054118,2019-02,Merseyside Police,Merseyside Police,-2.971778,53.462457,On or near WHINFIELD ROAD,E01006786,Liverpool 003E,Offender given a caution
c300d98714d5174f180e84eda127f9fb780170b269af16b73684443a86da9c57,2019-02,Merseyside Police,Merseyside Police,-2.889023,53.425555,On or near HILDA ROAD,E01006640,Liverpool 021F,Action to be taken by another organisation
940ad98c3959005eba8d16c56575c57d42bb92fa2e2c55f1088bdcaecdc59dfd,2019-02,Merseyside Police,Merseyside Police,-2.977868,53.309182,On or near ARGYLL AVENUE,E01007165,Wirral 041C,Unable to prosecute suspect
940ad98c3959005eba8d16c56575c57d42bb92fa2e2c55f1088bdcaecdc59dfd,2019-02,Merseyside Police,Merseyside Police,-2.977868,53.309182,On or near ARGYLL AVENUE,E01007165,Wirral 041C,Unable to prosecute suspect
776116fda510d4c6ec932aa453fb4b6b43ad9e70547946022b8dd8ab54548120,2019-02,Merseyside Police,Merseyside Police,-3.019779,53.376815,On or near IVYDALE ROAD,E01007294,Wirral 021F,Suspect charged
d77c2205e2135c6ee35e94fabc10fd2f31ba7c0518ece58325e4c057aceb8965,2019-02,Merseyside Police,Merseyside Police,-3.075618,53.420703,On or near SANDHILLS VIEW,E01007309,Wirral 006D,Suspect charged
babfa230b17cd896f01e6adebbd194e3b0295db319d9b6135981d01fccb8e476,2019-02,Merseyside Police,Merseyside Police,-3.075618,53.420703,On or near SANDHILLS VIEW,E01007309,Wirral 006D,Unable to prosecute suspect
c14a55ea3d83aa6d5782816b476651c5d1db15868671e86bf2d0c3d1131bdfb2,2019-02,Merseyside Police,Merseyside Police,-3.048543,53.425448,On or near LONSDALE AVENUE,E01007235,Wirral 004B,Unable to prosecute suspect
e83e710e3c8b91fe44a0d2b700cf3053afab778a78d028699b9781913979581e,2019-02,Merseyside Police,Merseyside Police,-2.979388,53.403023,On or near Shopping Area,E01033756,Liverpool 061C,Unable to prosecute suspect
e83e710e3c8b91fe44a0d2b700cf3053afab778a78d028699b9781913979581e,2019-02,Merseyside Police,Merseyside Police,-2.979388,53.403023,On or near Shopping Area,E01033756,Liverpool 061C,Unable to prosecute suspect
e83e710e3c8b91fe44a0d2b700cf3053afab778a78d028699b9781913979581e,2019-02,Merseyside Police,Merseyside Police,-2.979388,53.403023,On or near Shopping Area,E01033756,Liverpool 061C,Unable to prosecute suspect
ad4106572f87a9fb9e741e519cf050ca26eff06d2b1de5935e4a45cb7f67b411,2019-02,Merseyside Police,Merseyside Police,-3.087023,53.376410,On or near FERNY BROW ROAD,E01007257,Wirral 025C,Unable to prosecute suspect
19a445c986ac6d57885f7cc648e9001c6f32bb3d3c5366b07fa2a12fe5a71df7,2019-02,Merseyside Police,Merseyside Police,-3.028576,53.386933,On or near CEDAR STREET,E01007130,Wirral 021A,Unable to prosecute suspect
e56a8906e3bcc5f1576eb8156db212d98b402a37e2fcc4666b1ca9434eda171d,2019-02,Merseyside Police,Merseyside Police,-3.046967,53.594433,On or near WOODSIDE AVENUE,E01006923,Sefton 012C,Unable to prosecute suspect
8da2e81bfc4c361bc7a5667f8763342d7eb358cc45030219e332c841594f1f29,2019-02,Merseyside Police,Merseyside Police,-2.742417,53.459420,On or near MORELLO CLOSE,E01006881,St. Helens 012E,Suspect charged
ec88b25d8b8411e2c0afef6f4556633890fd668479006f83ade433e35c87c1ca,2019-02,Merseyside Police,Merseyside Police,-2.990742,53.452099,On or near STANLEY ROAD,E01006967,Sefton 037A,Unable to prosecute suspect
c3e195fd9d35dffa8108396f67c6a022bd645cc9d7d652db82f108ebf9b9dba8,2019-02,Merseyside Police,Merseyside Police,-3.008270,53.462910,On or near SEAFORTH ROAD,E01007004,Sefton 034A,Unable to prosecute suspect
d0a55b9c2820b94f44d53d6e9665579e26258ca522de1b3423290d5727b0f70e,2019-02,Merseyside Police,Merseyside Police,-2.948153,53.483753,On or near MOSTYN AVENUE,E01007041,Sefton 027A,Suspect charged
dad9355c4d141b39fc4c099adec68f226344d6d960c9a3e173a66e3f64f00fb5,2019-02,Merseyside Police,Merseyside Police,-3.041883,53.431843,On or near MAGAZINE AVENUE,E01007233,Wirral 002C,Suspect charged
b6c7af249837a6b4ddf54d0ea56fc18c6b46f9d4cf31035a7a2a9abbbdb8b2d9,2019-02,Merseyside Police,Merseyside Police,-2.985126,53.420271,On or near VESCOCK STREET,E01033764,Liverpool 022E,Unable to prosecute suspect
e248c94ffa19e8830ba9a555bcb377ed96497d0593c014c5978022907ed1b5d4,2019-02,Merseyside Police,Merseyside Police,-3.002177,53.650960,On or near Shopping Area,E01033097,Sefton 004G,Suspect charged
e248c94ffa19e8830ba9a555bcb377ed96497d0593c014c5978022907ed1b5d4,2019-02,Merseyside Police,Merseyside Police,-3.002177,53.650960,On or near Shopping Area,E01033097,Sefton 004G,Suspect charged
b41ad9a9d1b4357941655b0e1a9785e9187ea3ad23e567ddafd627f939c974f1,2019-02,Merseyside Police,Merseyside Police,-2.956010,53.422341,On or near RICHMOND TERRACE,E01006563,Liverpool 024B,Unable to prosecute suspect
9bb6170f7be6b6e7fd04393ff69b1ce288bb3c66786bcc5c20b0f4eb5ce381b8,2019-02,Merseyside Police,Merseyside Police,-2.998050,53.650482,On or near HOGHTON GROVE,E01033097,Sefton 004G,Unable to prosecute suspect
59e69725d15135677d9ba65d213c1f1ddb0e55aae7f19fec4379e0bbabb48ca0,2019-02,Merseyside Police,Merseyside Police,-2.899688,53.478069,On or near PORTON ROAD,E01006509,Knowsley 004E,Unable to prosecute suspect
fd6389247ea3c4277fa79ff86d6882373936191dc3235a1c05c6e166deab6861,2019-02,Merseyside Police,Merseyside Police,-3.054273,53.376614,On or near KELSALL CLOSE,E01007245,Wirral 024B,Unable to prosecute suspect
a72e3398b779425042d84245463dc681030e440470dfc759c19b364895a1558d,2019-02,Merseyside Police,Merseyside Police,-2.950255,53.415304,On or near MANSELL ROAD,E01006694,Liverpool 030B,Unable to prosecute suspect
9bc6a5d1ba05bf3c4b3fcad35866524396905eba6ab90a05089d53edc03f5bfa,2019-02,Merseyside Police,Merseyside Police,-2.807811,53.399840,On or near WINDY ARBOR ROAD,E01006424,Knowsley 017B,Suspect charged
ce1f7bbbd2b9d0d3ef77b99cfe5aa7bf01cb5cb85326cf1e6df0837fd32ff525,2019-02,Merseyside Police,Merseyside Police,-2.978904,53.402928,On or near WOOD STREET,E01033761,Liverpool 060D,Unable to prosecute suspect
1205c316b328b10b4f6e022c151358f907d34c3f424a1763c71341eea770edd4,2019-02,Merseyside Police,Merseyside Police,-3.016977,53.361414,On or near PORTIA AVENUE,E01007114,Wirral 032D,Suspect charged
864c6c4db5ce986a835918949ff0373fc7657d618cb0938493716c332cbac933,2019-02,Merseyside Police,Merseyside Police,-2.992774,53.405600,On or near DRURY LANE,E01033752,Liverpool 062B,Suspect charged
c286b293c13ce29366e625e2d3bd1937162bddde0196eb631fff25a1c6772ea2,2019-02,Merseyside Police,Merseyside Police,-2.998050,53.650482,On or near HOGHTON GROVE,E01033097,Sefton 004G,Unable to prosecute suspect
a63ad1b9850b8d4f4bf03095150802ca00b19b8a9031f8501c7166a197b8b176,2019-02,Merseyside Police,Merseyside Police,-2.981499,53.403914,On or near ROE ALLEY,E01033756,Liverpool 061C,Investigation complete; no suspect identified
603801bc0f4f6fc61b22b97ae9a5ae2fd8c6119bf736e29e83688687224bfbb3,2019-02,Merseyside Police,Merseyside Police,-2.899189,53.454450,On or near ALTCROSS ROAD,E01006662,Liverpool 004B,Unable to prosecute suspect
4f6dab76809965f9aad1f5192103ff44660b0a0db273dc8d6f4d0d324f6adcf4,2019-02,Merseyside Police,Merseyside Police,-2.931246,53.520946,On or near RUFFORD AVENUE,E01007100,Sefton 018E,Suspect charged
f65388ea3a253804124301addae5f743098af081a33a6e3b5e557b2656a563bb,2019-02,Merseyside Police,Merseyside Police,-2.875509,53.419723,On or near BACK DOVECOT PLACE,E01006643,Liverpool 025E,Unable to prosecute suspect
8cc499bc2bea812f0f23c0b973585a1d8bee9389727f0d6d52d2c99c0a0d7788,2019-02,Merseyside Police,Merseyside Police,-2.988145,53.445963,On or near BALLIOL ROAD,E01006961,Sefton 038B,Unable to prosecute suspect
b6fa355a06ed8485a5ba724a89c4835c2ca434e5cad915ded0fadcb03ddb3ed5,2019-02,Merseyside Police,Merseyside Police,-3.114907,53.403399,On or near MARYLAND LANE,E01007227,Wirral 012D,Unable to prosecute suspect
a03271a74db6976f5297b20e8e235e305fcc02171c6432d1a3d674ebb59e13e8,2019-02,Merseyside Police,Merseyside Police,-3.114907,53.403399,On or near MARYLAND LANE,E01007227,Wirral 012D,Unable to prosecute suspect
182056b46bd396698bfb0b950ce06123f79a1ed88d9c2763b894ef9ad5e7b394,2019-02,Merseyside Police,Merseyside Police,-2.878720,53.475430,On or near GORLESTON MEWS,E01006434,Knowsley 005C,Unable to prosecute suspect
da6a5b9927f569314be3f226e3db4643675793d7078456388458f237e8c18fc7,2019-02,Merseyside Police,Merseyside Police,-3.054273,53.376614,On or near KELSALL CLOSE,E01007245,Wirral 024B,Suspect charged
cc43a37b7bad1e1d070634e502d39b9f6ec4fb4af5dee9a35d19face2cf0b9dd,2019-02,Merseyside Police,Merseyside Police,-2.776191,53.424329,On or near TARLTON CLOSE,E01006890,St. Helens 021A,Local resolution
011e9187a1ebb281848a392911bed9b0585efc2dfffda3ff8b6ca070faa6cdad,2019-02,Merseyside Police,Merseyside Police,-3.043981,53.417380,On or near HARTINGTON ROAD,E01007214,Wirral 007C,Unable to prosecute suspect
9a6fbcc33153b78c1bba1a8990059ffb2cd8f76a10f0bf6e3b3f103daaf301d2,2019-02,Merseyside Police,Merseyside Police,-2.988145,53.445963,On or near BALLIOL ROAD,E01006961,Sefton 038B,Local resolution
f4f22e2ff958ff159e8bbfa62351bb8c83523ea7db6e00bf895ce66214290f1b,2019-02,Merseyside Police,Merseyside Police,-2.960340,53.450873,On or near CAVENDISH DRIVE,E01006791,Liverpool 006D,Suspect charged
5feff76bb3d99e852ceff7c0776f3395f8a370bbe71765264294ff29a96149ae,2019-02,Merseyside Police,Merseyside Police,-2.988180,53.474745,On or near Sports/Recreation Area,E01006976,Sefton 033A,Investigation complete; no suspect identified
68e5b8a91eabe209cf1ce6fa5039bce5f060e360a3a26ff778f78666a55a6aa5,2019-02,Merseyside Police,Merseyside Police,-2.910804,53.442003,On or near ELKSTONE ROAD,E01006599,Liverpool 010B,Unable to prosecute suspect
5d7bc2579475d5dd8ec19271b270903eac414facc43d4bd0224a031b85a42246,2019-02,Merseyside Police,Merseyside Police,-2.956560,53.423353,On or near TEAKWOOD CLOSE,E01006563,Liverpool 024B,Investigation complete; no suspect identified
2bbc2fc9469a3c165a5b8e0e9a2b2513146cda6e0eb93dc2c53cf8eb0e357261,2019-02,Merseyside Police,Merseyside Police,-3.115425,53.405389,On or near BERRYLANDS CLOSE,E01007227,Wirral 012D,Investigation complete; no suspect identified
0dd5a5f69bdcef3cf6d4a271b6d83f184a1680ba38b10b232b2d3928621cc839,2019-02,Merseyside Police,Merseyside Police,-2.917056,53.390449,On or near Supermarket,E01006593,Liverpool 042E,Investigation complete; no suspect identified
dea4e7854b31d318bd052f32c7b9c5d2ea046b6f907c0e18c509f146e64c8492,2019-02,Merseyside Police,Merseyside Police,-2.987882,53.412580,On or near STOCKDALE CLOSE,E01033751,Liverpool 062A,Suspect charged
5cd9ae0772be2dbd053a010b116f3a548d232398c0db60174cc7cbd36f40b852,2019-02,Merseyside Police,Merseyside Police,-2.717162,53.452464,On or near BAKER STREET,E01006874,St. Helens 014E,Suspect charged
a94ccaf020a047b1d7a591b160be7488243514ca5a7c4b7ca6db7d6ceb57d7aa,2019-02,Merseyside Police,Merseyside Police,-2.981930,53.406967,On or near Parking Area,E01033760,Liverpool 060C,Suspect charged
286f33ba3d265494b34b86ea5e8a4f2814184688978403748bb08d44030f6c4a,2019-02,Merseyside Police,Merseyside Police,-2.990020,53.642864,On or near BACK FOREST ROAD,E01006996,Sefton 007D,Unable to prosecute suspect
b13b52c641bc64f6bcb4d0247b80ab13faf7fc9a59b2883139bacf510649fb82,2019-02,Merseyside Police,Merseyside Police,-2.966395,53.386563,On or near AMITY STREET,E01006678,Liverpool 044E,Suspect charged
fa49bcdc7eb69126b2125125b9b80bfe4fa949ee174dffa1234ed7d2e72aaf6b,2019-02,Merseyside Police,Merseyside Police,-2.850867,53.343873,On or near WESTERN AVENUE,E01006741,Liverpool 058C,Local resolution
2fe349a0dd8819b90b321e652615b460935e4ce82a026bf6ac3ea04c387e318c,2019-02,Merseyside Police,Merseyside Police,-2.905633,53.479867,On or near WHITEFIELD DRIVE,E01006508,Knowsley 004D,Suspect charged
f37a9ac0cfd458286d29416b0529b97d435523e83f7352ae574b9aa3f5ed8911,2019-02,Merseyside Police,Merseyside Police,-2.891861,53.344724,On or near BLACKBURNE STREET,E01006738,Liverpool 058A,Investigation complete; no suspect identified
82b9e32ed04b21a57d073a658dfbec0b2be71ee34957d5672cbb13f6a8bef9b4,2019-02,Merseyside Police,Merseyside Police,-3.060117,53.404922,On or near PATRICIA AVENUE,E01007121,Wirral 011B,Offender given a caution
7b4f194f774aa92de31aedfde9cc41013315d779b46111b0f30cf87a3347bf9b,2019-02,Merseyside Police,Merseyside Police,-2.930711,53.367053,On or near Sports/Recreation Area,E01006519,Liverpool 056A,Unable to prosecute suspect
78b433a609cd6c58d8762135a213cc45afbf3ef2868f7d5bec2b010c5fe2c6d5,2019-02,Merseyside Police,Merseyside Police,-2.977312,53.663732,On or near LINKS AVENUE,E01006948,Sefton 003B,Unable to prosecute suspect
3c19cd7f93ed5318aff585f3d9cf83d4822af4fe3fdd84d89e7763551764ba0f,2019-02,Merseyside Police,Merseyside Police,-2.786421,53.420064,On or near Hospital,E01006499,Knowsley 009E,Unable to prosecute suspect
b5b63cfbd31c8c2bc16cb078210a967866b0262ecb37a7ece298ba7b559c2ff1,2019-02,Merseyside Police,Merseyside Police,-3.033886,53.378338,On or near BOROUGH ROAD,E01007244,Wirral 022E,Unable to prosecute suspect
1c8d0e611bfa5b390b2d4120ddfc89919b39145b041e94c7df511946ed628449,2019-02,Merseyside Police,Merseyside Police,-3.035879,53.418951,On or near EMPRESS ROAD,E01007219,Wirral 005C,Investigation complete; no suspect identified
a613b5fd43ee0b939ffc93c151cd01ec036bd2a2e479f2c26df20b77e4d69054,2019-02,Merseyside Police,Merseyside Police,-3.070555,53.561640,On or near BARKFIELD LANE,E01007079,Sefton 014B,Unable to prosecute suspect
cc8d806845332fbc86c2248f6b5d9a42b70a741cff3db2093132220bab65cbcd,2019-02,Merseyside Police,Merseyside Police,-2.967077,53.457102,On or near HORNBY ROAD,E01006787,Liverpool 006A,Unable to prosecute suspect
31c2c7d6cb173f095711d9b6b386a65a29ebf36b71f7614b051232cb41bb7911,2019-02,Merseyside Police,Merseyside Police,-3.009464,53.462441,On or near ROSSINI STREET,E01007004,Sefton 034A,Unable to prosecute suspect
9b8710ee1d3b29bdb20cdd58ffcc05f0457f7b8e92821a325b1ac613a9bb9e2b,2019-02,Merseyside Police,Merseyside Police,-2.915649,53.518820,On or near PARKBOURN,E01033096,Sefton 018F,Suspect charged
82d0f2effc65b911b5d5b607c5973f4c3889c0b7f3428953664fa60560bf4330,2019-02,Merseyside Police,Merseyside Police,-3.010632,53.488760,On or near SEFTON VIEW,E01007106,Sefton 025D,Unable to prosecute suspect
9f0a1b199d98d76fe3b943186d3c4e28a2998af74be4bf401ffefeaaa0e34eb1,2019-02,Merseyside Police,Merseyside Police,-3.028772,53.622870,On or near Sports/Recreation Area,E01006974,Sefton 009F,Formal action is not in the public interest
96303428a5c87bd06375d58abf8d2d684a93cf56afc0a5d5d2319d292de8f23b,2019-02,Merseyside Police,Merseyside Police,-3.027700,53.379884,On or near DERBY ROAD,E01007292,Wirral 021E,Investigation complete; no suspect identified
755a3318f61ac2c707f58fb217ca073b9000737048a3e97a7a54931992845eb1,2019-02,Merseyside Police,Merseyside Police,-2.969210,53.633830,On or near NEW FOUL LANE,E01007060,Sefton 006C,Suspect charged
cf175b01c1de7688ef88dbc3f4672761b28bbe3e002b3ef1afa3f443122ba7a7,2019-02,Merseyside Police,Merseyside Police,-3.073821,53.378660,On or near Sports/Recreation Area,E01007163,Wirral 024A,Offender given a caution
3aa5f7e4b9556479772eb507520548246e99a8f7857966f205caff8a3574ab42,2019-02,Merseyside Police,Merseyside Police,-3.003727,53.646767,On or near Shopping Area,E01006968,Sefton 004C,Offender given a caution
198e784ac62aa33d8944ba2312142e91d9ffe864f88a00937c51ac5e2d145846,2019-02,Merseyside Police,Merseyside Police,-3.057623,53.395308,On or near LINGDALE ROAD NORTH,E01007158,Wirral 015D,Unable to prosecute suspect
79b83d68baae787595a07ef6cbedf66c56d1011b53a11b9ed0061548acdc7e20,2019-02,Merseyside Police,Merseyside Police,-2.899688,53.478069,On or near PORTON ROAD,E01006509,Knowsley 004E,Unable to prosecute suspect
ff88da5219eeb4d57c1eb85d81f04dcd8b93002cb4b10dc540eecb9fff761c2d,2019-02,Merseyside Police,Merseyside Police,-3.184387,53.374755,On or near Parking Area,E01007198,Wirral 026C,Suspect charged
4a3b96f62da85bb1eddd541c3f4c64944aa474450488d37d06844a58afd7d335,2019-02,Merseyside Police,Merseyside Police,-2.919288,53.385847,On or near GROVEDALE ROAD,E01006593,Liverpool 042E,Unable to prosecute suspect
dd47378f30c9f504450c7ade913af5268db67cd727e17bc8296cba1ce68529ef,2019-02,Merseyside Police,Merseyside Police,-2.786421,53.420064,On or near Hospital,E01006499,Knowsley 009E,Investigation complete; no suspect identified
d98ff200e245830e37c0564a900f4bb9ad159e01ce333c401452a6d5334b3a5d,2019-02,Merseyside Police,Merseyside Police,-2.978382,53.422106,On or near GREAT HOMER STREET,E01006648,Liverpool 023D,Unable to prosecute suspect
aa61fdebc557d7691f8a746b42128b45ddbec7e5ed138c2ebc81e57a944d424b,2019-02,Merseyside Police,Merseyside Police,-2.901405,53.354990,On or near ST MARY'S ROAD,E01006745,Liverpool 057D,Unable to prosecute suspect
a45e9afafcb1ae9f06b2b2a29d02d306db9f5493d2b5c0ec5353cdfbc345d304,2019-02,Merseyside Police,Merseyside Police,-2.907745,53.384614,On or near Parking Area,E01006596,Liverpool 049C,Unable to prosecute suspect
733fceea19f83b40ada9b90825f034b0422efeb1ebe1dd7a71ff8ed4f8cc412f,2019-02,Merseyside Police,Merseyside Police,-2.922791,53.436580,On or near MORNINGSIDE WAY,E01006604,Liverpool 016A,Investigation complete; no suspect identified
6ddccc6c663c91cfb6d305e031a238265bc684643bee6a4b598101f60fac84d4,2019-02,Merseyside Police,Merseyside Police,-3.090587,53.376458,On or near HOUGHTON ROAD,E01007257,Wirral 025C,Local resolution
0f9efe1ffbfa72f84060a65e23ec6afe1a4ebca84fd268f1ac999a1f8e07dac1,2019-02,Merseyside Police,Merseyside Police,-2.684819,53.446047,On or near Supermarket,E01006899,St. Helens 017D,Unable to prosecute suspect
3ad9b83b628b5ee45aef0fbd91cc4737490c75eec6d23a90eee33958e4cd5428,2019-02,Merseyside Police,Merseyside Police,-2.684819,53.446047,On or near Supermarket,E01006899,St. Helens 017D,Unable to prosecute suspect
3d7769d652b72eadcadaa1a56b453f08d9eaafd7af23066dd89f6c5c980fee6d,2019-02,Merseyside Police,Merseyside Police,-2.702351,53.448300,On or near FLEET LANE,E01006875,St. Helens 017C,Unable to prosecute suspect
976f4cd1ca1a5020c51009ebc5ef086a8b1a85e385847a2ff9d24a31010ece19,2019-02,Merseyside Police,Merseyside Police,-2.851900,53.338409,On or near Parking Area,E01006741,Liverpool 058C,Suspect charged
976f4cd1ca1a5020c51009ebc5ef086a8b1a85e385847a2ff9d24a31010ece19,2019-02,Merseyside Police,Merseyside Police,-2.851900,53.338409,On or near Parking Area,E01006741,Liverpool 058C,Suspect charged
976f4cd1ca1a5020c51009ebc5ef086a8b1a85e385847a2ff9d24a31010ece19,2019-02,Merseyside Police,Merseyside Police,-2.851900,53.338409,On or near Parking Area,E01006741,Liverpool 058C,Suspect charged
43788ad5e261a318a86f3a76859c012dcff0caa51dc898006e35423319416a3d,2019-02,Merseyside Police,Merseyside Police,-3.015639,53.490146,On or near ORCHARD DALE,E01007025,Sefton 025B,Local resolution
ad91a6add6eb8f57515c7a6c88b2c197e17f8cd4a7e99a5d39f8fbc15125c5a0,2019-02,Merseyside Police,Merseyside Police,-2.979260,53.405982,On or near BACK LIME STREET,E01033760,Liverpool 060C,Suspect charged
a64d77733d1888433a5ffe75b1949a5a91bdcf39e47de363fccb1ef57f7c0e20,2019-02,Merseyside Police,Merseyside Police,-3.012621,53.465345,On or near GORDON ROAD,E01006952,Sefton 032A,Unable to prosecute suspect
386a5ccc088d375a629ce3e9c3be9ff54e0a73600a1e546f5be825ba3f4be1d1,2019-02,Merseyside Police,Merseyside Police,-3.012621,53.465345,On or near GORDON ROAD,E01006952,Sefton 032A,Suspect charged
47867f65c70d92631ef13f3dcb8729ccf56f4bcbddea946dffd8ce85473c2b50,2019-02,Merseyside Police,Merseyside Police,-3.012621,53.465345,On or near GORDON ROAD,E01006952,Sefton 032A,Suspect charged
53ac6dbf9b521210c6088a5a5b089dfaf3d0fefeb42b2e2afc4c2f730acbe2ad,2019-02,Merseyside Police,Merseyside Police,-2.933244,53.391519,On or near ROSSETT AVENUE,E01006557,Liverpool 038B,Unable to prosecute suspect
525317e285aab7edcfdb6bb989d1ff4c1aacdaf30771189d4bd9ef05a1660b7c,2019-02,Merseyside Police,Merseyside Police,-2.959992,53.462813,On or near WALTON VALE,E01006782,Liverpool 003B,Unable to prosecute suspect
f0dba16d2ea5804d0bf3a6578da332ab35fdf5643a97b9be9ec729788d943b87,2019-02,Merseyside Police,Merseyside Police,-2.971134,53.445473,On or near MAKIN STREET,E01006705,Liverpool 009E,Unable to prosecute suspect
fd409fce828973694cc7124bf844bf61a90fa8bb77e3cf7a0e351772f7802d4a,2019-02,Merseyside Police,Merseyside Police,-3.043368,53.401537,On or near CORPORATION ROAD,E01032903,Wirral 010F,Suspect charged
d758558e8de0b5858226a2ed4bfcf25674dd282523a41f38e7831bac4566f2a1,2019-02,Merseyside Police,Merseyside Police,-2.984106,53.475767,On or near ANDERSON ROAD,E01006981,Sefton 031B,Local resolution
45d85dbfa0c2f0b6e888dea9649b34d8f7624a7e533cc0ba1e640c9898f610ce,2019-02,Merseyside Police,Merseyside Police,-2.985713,53.635915,On or near FULWOOD AVENUE,E01006995,Sefton 008A,Suspect charged
4d6e30d964617b2be843e2f2d07bed7155891819f3992bb299867c55a724be39,2019-02,Merseyside Police,Merseyside Police,-2.935501,53.410081,On or near GARTHOWEN ROAD,E01006692,Liverpool 028B,Offender given a caution
f10b030b5533a8b6060e4ba36dba02433ce8353a4c33e367ee72387b33e57efa,2019-02,Merseyside Police,Merseyside Police,-2.719908,53.457193,On or near HOLLY BANK STREET,E01006873,St. Helens 014D,Unable to prosecute suspect
2cf1fb77aa741241a3ff9b74adf009de8db74b95c8576cb778df7c60c031b9ae,2019-02,Merseyside Police,Merseyside Police,-2.934478,53.397702,On or near TALTON ROAD,E01006726,Liverpool 035C,Unable to prosecute suspect
0c71e7d6d4847c3181fe50cfc89d23d2c61b2663f50e4ec3a0f2c439c97b8786,2019-02,Merseyside Police,Merseyside Police,-2.911331,53.463760,On or near RAME CLOSE,E01006663,Liverpool 004C,Unable to prosecute suspect
a29965ecfeff19836f3a974a66af0d3704db5a3fe1babfc25861785cfa58f8fe,2019-02,Merseyside Police,Merseyside Police,-2.932204,53.397567,On or near BARTLETT STREET,E01006721,Liverpool 038C,Unable to prosecute suspect
5d45d6263cee1b12b27ecbf548ff459974f2725d0e5062f12d38020910371514,2019-02,Merseyside Police,Merseyside Police,-2.940735,53.465888,On or near WHITEWOOD PARK,E01006654,Liverpool 005A,Formal action is not in the public interest
5d45d6263cee1b12b27ecbf548ff459974f2725d0e5062f12d38020910371514,2019-02,Merseyside Police,Merseyside Police,-2.940735,53.465888,On or near WHITEWOOD PARK,E01006654,Liverpool 005A,Formal action is not in the public interest
939c542f17c195eb350bd51e4320939a3378e578f2865296675ba2de74da441b,2019-02,Merseyside Police,Merseyside Police,-3.095464,53.370840,On or near Hospital,E01007251,Wirral 025B,Unable to prosecute suspect
0fe5d429ee375c7448e560ee2be292f355b29ae9cc3fdfe380e1251607c467bc,2019-02,Merseyside Police,Merseyside Police,-2.981499,53.403914,On or near ROE ALLEY,E01033756,Liverpool 061C,Unable to prosecute suspect
86a6236039c0b981220b89e4901d721a385e6120e6c5d9559e5146b64077b9f9,2019-02,Merseyside Police,Merseyside Police,-2.839727,53.418964,On or near REEDS ROAD,E01006484,Knowsley 011D,Unable to prosecute suspect
a9c4c8f5cafbc973573eb757486374ee15abba30d8a109fd9058c397130ba394,2019-02,Merseyside Police,Merseyside Police,-2.710609,53.411685,On or near BRIDGE ROAD,E01006898,St. Helens 022A,Unable to prosecute suspect
be34cbf6d946fb7afe0dd664b0f528465fc09237d1ead6058edd98f638bd8090,2019-02,Merseyside Police,Merseyside Police,-3.166234,53.377712,On or near PATON CLOSE,E01007263,Wirral 026D,Suspect charged
a676d74f545755b1bed007a42b45c98c1e2d62795e7d987415879fb72b792ad1,2019-02,Merseyside Police,Merseyside Police,-2.935449,53.412508,On or near RAWLINS STREET,E01006692,Liverpool 028B,Unable to prosecute suspect
9bb44bdc24fd42bf6c3773569fa31d1276fc352258702a982581e6c170f40137,2019-02,Merseyside Police,Merseyside Police,-2.729515,53.449234,On or near LINKWAY EAST,E01006912,St. Helens 019G,Investigation complete; no suspect identified
228f199d5b7c1e4350880528cc3a4e637ba41608eb6e8428598ee0888784aacd,2019-02,Merseyside Police,Merseyside Police,-2.952380,53.444402,On or near CRANEHURST ROAD,E01006613,Liverpool 009D,Unable to prosecute suspect
106fcb88d3880a5c149ee87ea6d505553be472f83877eefdeaa4e5837c903332,2019-02,Merseyside Police,Merseyside Police,-3.083491,53.372298,On or near HOME FARM ROAD,E01007249,Wirral 025A,Unable to prosecute suspect
1e8fa16bf9de9c1a58436a649e94fcbcba9db026de37823af485618b703d0ad4,2019-02,Merseyside Police,Merseyside Police,-2.949276,53.413199,On or near HAWKINS STREET,E01006697,Liverpool 030D,Unable to prosecute suspect
318cbaeeb94ab6a08acb33eb415f028f7740336ec9e626c85794da91234fac05,2019-02,Merseyside Police,Merseyside Police,-2.907745,53.384614,On or near Parking Area,E01006596,Liverpool 049C,Unable to prosecute suspect
22974f9f0ca28cf20276e3aba75dd7e76ddf5a4ed278696d1b6bee9430c7fab4,2019-02,Merseyside Police,Merseyside Police,-2.971294,53.431333,On or near WALTON BRECK ROAD,E01006703,Liverpool 014D,Local resolution
1f8338464c3729bb73792af654144dc7cd0c4edb736d1498fd673a903a6c0fbc,2019-02,Merseyside Police,Merseyside Police,-2.967238,53.430386,On or near GOSCHEN STREET,E01006558,Liverpool 018B,Local resolution
09559081c0ceb09cbba292f22e685fd63f6d1f4baaf68f4b2310bc164b93635a,2019-02,Merseyside Police,Merseyside Police,-2.984697,53.388678,On or near SOUTH FERRY QUAY,E01033750,Liverpool 061A,Unable to prosecute suspect
b9e0877d034ab4e0ce3cb191eb3429335b9fc5eeb8c792ab6cd238242061f3d6,2019-02,Merseyside Police,Merseyside Police,-2.921189,53.434166,On or near MUIRHEAD AVENUE,E01006626,Liverpool 016E,Investigation complete; no suspect identified
4135d81554619c360c6bf328d5a7a681fd875dfee29d96ab661578e43ee7de23,2019-02,Merseyside Police,Merseyside Police,-2.737771,53.453813,On or near Shopping Area,E01006872,St. Helens 014C,Investigation complete; no suspect identified
b15ce75ad515822b1a985f082e6b5d08bbe10bfe20cfde27d7d370b00bc5c026,2019-02,Merseyside Police,Merseyside Police,-2.702351,53.448300,On or near FLEET LANE,E01006875,St. Helens 017C,Unable to prosecute suspect
afb2ddef75ef229e4e53da2878bbf2a55a4070edadc67ea44dc8fca5b6722755,2019-02,Merseyside Police,Merseyside Police,-2.997164,53.460747,On or near ALPHA STREET,E01007013,Sefton 036E,Unable to prosecute suspect
1d6ad23a4b01fc13c82a00f6330061e11cc1697013c80c6688d113ce84526c20,2019-02,Merseyside Police,Merseyside Police,-2.967704,53.476018,On or near HEREFORD DRIVE,E01007048,Sefton 029A,Suspect charged
ac81eac7788ae311a4c09a96f17efcc511e36fddab7a8016e13ddded3089f316,2019-02,Merseyside Police,Merseyside Police,-2.968328,53.490225,On or near LOUIS PASTEUR AVENUE,E01007083,Sefton 023A,Unable to prosecute suspect
d6249c0679275b700bc92b4035672026f719ca05426fb2ade54cec47e9338696,2019-02,Merseyside Police,Merseyside Police,-2.954542,53.421975,On or near WOODVILLE TERRACE,E01006563,Liverpool 024B,Unable to prosecute suspect
94cbfbc5fa6b58c884b3ebc3122297ef90366779c7483f2e19df49aeea5d3f5f,2019-02,Merseyside Police,Merseyside Police,-2.946681,53.428465,On or near CLAUDE ROAD,E01006766,Liverpool 019E,Investigation complete; no suspect identified
fd3d4eccce61fd3b1c465fbdc9ccea770f9d701da3675fb01cf12e26d88fb40a,2019-02,Merseyside Police,Merseyside Police,-3.097643,53.337516,On or near BERWYN DRIVE,E01007184,Wirral 037B,Action to be taken by another organisation
0745759bcfa8e294392a545cb98480e590803992bb4226d011a431d90c754ab7,2019-02,Merseyside Police,Merseyside Police,-2.936976,53.459382,On or near DYSON HALL DRIVE,E01006659,Liverpool 005B,Unable to prosecute suspect
ce2218345fd623300c2ffd0c3060242554ece6bb242a2eda67b88924452a80ce,2019-02,Merseyside Police,Merseyside Police,-2.913433,53.379941,On or near Supermarket,E01006689,Liverpool 049D,Suspect charged
ce2218345fd623300c2ffd0c3060242554ece6bb242a2eda67b88924452a80ce,2019-02,Merseyside Police,Merseyside Police,-2.913433,53.379941,On or near Supermarket,E01006689,Liverpool 049D,Suspect charged
63f463f7cd42ca37599a915bf1df6b44451db9a327bbc6ab58b990b640c51d17,2019-02,Merseyside Police,Merseyside Police,-2.912322,53.380031,On or near PITVILLE ROAD,E01006689,Liverpool 049D,Suspect charged
fcb2ff199820184ea16f70c3306d85f501e49d0cf3c601c4018f8b1a4889c4c6,2019-02,Merseyside Police,Merseyside Police,-2.897402,53.456828,On or near MOSS WAY,E01006667,Liverpool 007C,Unable to prosecute suspect
9ae76d80ef9abb5533ce4e732f6a16bc8ba30e1a799fb24c6a92a82a299edd78,2019-02,Merseyside Police,Merseyside Police,-2.960544,53.395832,On or near SELBORNE STREET,E01006679,Liverpool 039D,Suspect charged
0bfd7292fb0529840631bc8b2d2f51dcbffb7575423e5925ab46365b08e3c15c,2019-02,Merseyside Police,Merseyside Police,-2.736503,53.453623,On or near CLAUGHTON STREET,E01006872,St. Helens 014C,Unable to prosecute suspect
2ec8e0c063afd351de3d4741bf0d0631a61df2e50f8d13d4a9b1358bcb00e1e5,2019-02,Merseyside Police,Merseyside Police,-2.990334,53.408048,On or near Parking Area,E01033752,Liverpool 062B,Unable to prosecute suspect
595009fe3712164c2df5903bf4593d37f0de6f87bc4d978baa2e4df8bf14ee5a,2019-02,Merseyside Police,Merseyside Police,-2.621314,53.457576,On or near COBDEN STREET,E01006856,St. Helens 015A,Unable to prosecute suspect
3abb337902c23631662fd3c3682ee1e70d24326e81e0036dcc2d476c678f8ac4,2019-02,Merseyside Police,Merseyside Police,-2.947143,53.393072,On or near CEDAR GROVE,E01006552,Liverpool 039A,Unable to prosecute suspect
6376f8889ce092db1c7152cd1d9a0611d0a3eb795d4b239e46dcb0865aaa84b8,2019-02,Merseyside Police,Merseyside Police,-2.996846,53.454898,On or near GLOVER PLACE,E01007007,Sefton 037B,Suspect charged
62653b9c22c8dbcb82b2ef25f8aa20617f5442353d748d28fd9399cf0651f5ff,2019-02,Merseyside Police,Merseyside Police,-2.978559,53.402949,On or near Nightclub,E01033761,Liverpool 060D,Unable to prosecute suspect
fca46a6609e5b06c94f9df1902ba0f860af5df77d95343efe6113e0fcebf7529,2019-02,Merseyside Police,Merseyside Police,-2.859037,53.389370,On or near Supermarket,E01006771,Liverpool 040D,Suspect charged
961445a61a14dc9069491d7a88501f2afeb84e4ac8c5784b2a8580103372feb8,2019-02,Merseyside Police,Merseyside Police,-2.913433,53.379941,On or near Supermarket,E01006689,Liverpool 049D,Suspect charged
bd6ab83e3752e8544622460587a7c5f107f15a78de801269ff789678ae47cc81,2019-02,Merseyside Police,Merseyside Police,-3.027442,53.390403,On or near COVENTRY STREET,E01007128,Wirral 016C,Formal action is not in the public interest
b08b45803d86404ec5a5f26052cab3a65d609a77d81d0b7dfde6d8d51d95a881,2019-02,Merseyside Police,Merseyside Police,-2.987595,53.406057,On or near Nightclub,E01033760,Liverpool 060C,Unable to prosecute suspect
397f41598400c6bc27c5da83dcad6204ec05d707df1a4fc789ed644adc82d6ea,2019-02,Merseyside Police,Merseyside Police,-2.967436,53.437099,On or near SPELLOW LANE,E01006542,Liverpool 018A,Unable to prosecute suspect
af13aa3998aa56c5678b2ad44bf563ef4ed27052081e9c5dd214dd47b7561b31,2019-02,Merseyside Police,Merseyside Police,-2.984733,53.639303,On or near CURZON ROAD,E01006995,Sefton 008A,Unable to prosecute suspect
4e8a97fde311f08cb78f06708e2246ea144021dff4864e85935e6aae7468b1e5,2019-02,Merseyside Police,Merseyside Police,-2.859037,53.389370,On or near Supermarket,E01006771,Liverpool 040D,Suspect charged
bf5dde952b374163f3a11d31a61e024884131ecabd1389d0ed87aee802e3da3c,2019-02,Merseyside Police,Merseyside Police,-2.859037,53.389370,On or near Supermarket,E01006771,Liverpool 040D,Unable to prosecute suspect
fa2ce76300fc3806a6a96e9dd740ccb4b57e5455103040d9d4ca11340ba6ad43,2019-02,Merseyside Police,Merseyside Police,-2.987014,53.405648,On or near Shopping Area,E01033760,Liverpool 060C,Suspect charged
fa2ce76300fc3806a6a96e9dd740ccb4b57e5455103040d9d4ca11340ba6ad43,2019-02,Merseyside Police,Merseyside Police,-2.987014,53.405648,On or near Shopping Area,E01033760,Liverpool 060C,Suspect charged
91b0d30dfb995855f59a8a1658845dd37e452784b92d31b0f3b6097752db861f,2019-02,Merseyside Police,Merseyside Police,-2.801459,53.426769,On or near Shopping Area,E01006463,Knowsley 007C,Unable to prosecute suspect
e275c83d3028c66bfad5ce609668bbff38b1959059bb659a35cad67661e13d6d,2019-02,Merseyside Police,Merseyside Police,-2.973674,53.387987,On or near SOUTHWELL STREET,E01006630,Liverpool 044B,Unable to prosecute suspect
9ab08562624c6fcde314f7fc483863b01d4568e0159da0e2dc49ffcf36cc39da,2019-02,Merseyside Police,Merseyside Police,-2.906402,53.419789,On or near ROYAL CROFT,E01006621,Liverpool 021D,Unable to prosecute suspect
bddc604a7c4ea621e99a51c043bba901ddbb04e8194587a25dd5100864ab03c1,2019-02,Merseyside Police,Merseyside Police,-2.933891,53.410759,On or near GRESHAM STREET,E01006692,Liverpool 028B,Unable to prosecute suspect
7bc9046837d6592dd3912fbf3dd2af298b1c2f927b5dc54e3b8c8704fe9b97ef,2019-02,Merseyside Police,Merseyside Police,-2.908018,53.448289,On or near CARR CLOSE,E01006672,Liverpool 010E,Investigation complete; no suspect identified
7bb638f04d07bb811caeb864173bfff78015100b856cb969381d7c9daeaeb5c7,2019-02,Merseyside Police,Merseyside Police,-2.936976,53.459382,On or near DYSON HALL DRIVE,E01006659,Liverpool 005B,Suspect charged
734dad0babbb9d21036acdafa5249e5d80983b8ad64addd8d5b5e7981d3b3f9d,2019-02,Merseyside Police,Merseyside Police,-2.939032,53.480193,On or near AINTREE LANE,E01007043,Sefton 027B,Investigation complete; no suspect identified
a9d7f50df75c553379f60574b35cb3ea30c3f0527b453eaed7f226ed66b6037a,2019-02,Merseyside Police,Merseyside Police,-2.947639,53.374092,On or near ROSEBOURNE CLOSE,E01006629,Liverpool 052E,Unable to prosecute suspect
002f4a25c3dbc46dbe2a4f65f59a2a880ace7abb86f1bd3c31025d04f0542fbe,2019-02,Merseyside Police,Merseyside Police,-2.967471,53.447274,On or near RICE LANE,E01006705,Liverpool 009E,Local resolution
489d1142833ba107f408e8fff65b06100470721a779b743a245be2cdf9bd5b0a,2019-02,Merseyside Police,Merseyside Police,-2.925810,53.449420,On or near SHOTTESBROOK GREEN,E01006737,Liverpool 005F,Suspect charged
5abfe77612f3c03ff07a3e439c1058739c20003e5fc0cfbc8fcbe3b24a4e028b,2019-02,Merseyside Police,Merseyside Police,-2.925810,53.449420,On or near SHOTTESBROOK GREEN,E01006737,Liverpool 005F,Suspect charged
1b2e1fff5beea4eb65924d631aac3a62521bdbd5ba2751494e979a090070c0e8,2019-02,Merseyside Police,Merseyside Police,-2.845862,53.421806,On or near CARTMEL ROAD,E01006442,Knowsley 010B,Unable to prosecute suspect
eba118678be54c2ebd0fa53945e9a8043effd93cf0d3a25b350f8f9c4f2ea931,2019-02,Merseyside Police,Merseyside Police,-2.998274,53.416251,On or near OIL STREET,E01033751,Liverpool 062A,Unable to prosecute suspect
b552bd74d9f9c5be5341dd7239983b63cf56e65448d1bc07f557810e4a435799,2019-02,Merseyside Police,Merseyside Police,-2.743590,53.448114,On or near CARDIGAN CLOSE,E01006832,St. Helens 012A,Unable to prosecute suspect
5714417110d3caddce8e35cf6defeb7608a2c0589e954f3bd12c575b97de23ef,2019-02,Merseyside Police,Merseyside Police,-2.630890,53.456438,On or near CROW LANE EAST,E01006864,St. Helens 013B,Local resolution
5b4ce244117b9503ca449028ccac97939b8561e9def4337321eba3d6d425c480,2019-02,Merseyside Police,Merseyside Police,-2.921434,53.414199,On or near HERRICK STREET,E01032509,Liverpool 027H,Unable to prosecute suspect
6fb645f42f5e027604e1f95948d2779ad6e6447e11a486b8767e4c520779c0d2,2019-02,Merseyside Police,Merseyside Police,-2.921434,53.414199,On or near HERRICK STREET,E01032509,Liverpool 027H,Suspect charged
6fb645f42f5e027604e1f95948d2779ad6e6447e11a486b8767e4c520779c0d2,2019-02,Merseyside Police,Merseyside Police,-2.921434,53.414199,On or near HERRICK STREET,E01032509,Liverpool 027H,Suspect charged
2142ba1de4358a5912077ba5b03855e009abe70a059ee28c2daa5c9b39211410,2019-02,Merseyside Police,Merseyside Police,-3.046143,53.593461,On or near THIRLMERE DRIVE,E01006923,Sefton 012C,Unable to prosecute suspect
a489e27a57889f56cd9186dba266115b3f970d5b119b201ad75450d7c8209cdb,2019-02,Merseyside Police,Merseyside Police,-3.016830,53.352740,On or near HIGHER BEBINGTON ROAD,E01007117,Wirral 035B,Unable to prosecute suspect
e4b9d74f5587d92e6cc1abe9bf301295ad8dcb40f717a636adbe6d924d40012e,2019-02,Merseyside Police,Merseyside Police,-3.020332,53.381718,On or near LEIGHTON ROAD,E01007291,Wirral 021D,Unable to prosecute suspect
ab193d46008a5cb8d0986df88922bb9ab3e30cca2063464d6da663e1abb8dd82,2019-02,Merseyside Police,Merseyside Police,-3.115425,53.405389,On or near BERRYLANDS CLOSE,E01007227,Wirral 012D,Unable to prosecute suspect
7032091414882511a6c6f203d962709174451ab859a9221d30660c4ff280f0e4,2019-02,Merseyside Police,Merseyside Police,-3.021949,53.390864,On or near Parking Area,E01007128,Wirral 016C,Unable to prosecute suspect
8b1d915f05249a82dde9ac089db9bc1b739bc0d5969d74e6a46124a3be749ad7,2019-02,Merseyside Police,Merseyside Police,-2.947173,53.409324,On or near WRENBURY STREET,E01006691,Liverpool 030A,Suspect charged
8b1d915f05249a82dde9ac089db9bc1b739bc0d5969d74e6a46124a3be749ad7,2019-02,Merseyside Police,Merseyside Police,-2.947173,53.409324,On or near WRENBURY STREET,E01006691,Liverpool 030A,Suspect charged
a7fb33ad1d39b3d42f74f2852ce5a3af8f85bcb672a510279a3b9bd0b0cc433e,2019-02,Merseyside Police,Merseyside Police,-2.848683,53.341282,On or near FENTON CLOSE,E01006753,Liverpool 059A,Unable to prosecute suspect
5fe1f0d0b498a75e1c887f3b57c2c8cdfd0a626f7f832ed198ab902960f2a700,2019-02,Merseyside Police,Merseyside Police,-3.004054,53.349271,On or near Parking Area,E01007152,Wirral 036D,Suspect charged
879bb3e60bab03e68f5a54f9815dc394c8389453f24aa9d6f6a48093ecdefa63,2019-02,Merseyside Police,Merseyside Police,-2.778592,53.418174,On or near KENDAL DRIVE,E01006891,St. Helens 023C,Unable to prosecute suspect
06b8d3fb5ff3fa4a149337517f496357f48ea6e3144a5e5c611bd3fb7dd0067f,2019-02,Merseyside Police,Merseyside Police,-2.902808,53.483780,On or near ALVANLEY ROAD,E01006507,Knowsley 004C,Unable to prosecute suspect
06b8d3fb5ff3fa4a149337517f496357f48ea6e3144a5e5c611bd3fb7dd0067f,2019-02,Merseyside Police,Merseyside Police,-2.902808,53.483780,On or near ALVANLEY ROAD,E01006507,Knowsley 004C,Unable to prosecute suspect
65f3b1143c454805420b98ac73c3f71020d04db6ec1d6d3a081d7f8171b2dc3b,2019-02,Merseyside Police,Merseyside Police,-3.065332,53.378817,On or near HELTON CLOSE,E01007163,Wirral 024A,Unable to prosecute suspect
c2cc1a54d75ca91b61be168bb604a67464fea6f70f697204329dda63ef75cf60,2019-02,Merseyside Police,Merseyside Police,-2.966750,53.386308,On or near ROPER STREET,E01006678,Liverpool 044E,Local resolution
07b2c1c2cebdeb602580ab28f87fde8b1392ed513cff6ccda30143021207de0e,2019-02,Merseyside Police,Merseyside Police,-2.870378,53.436677,On or near ROUND HEY,E01006414,Knowsley 006C,Unable to prosecute suspect
c612fd1a6d645940840dd77bf3fc5b268d17207de67d6a7f65100fccc2c2a0b1,2019-02,Merseyside Police,Merseyside Police,-3.012323,53.464835,On or near CECIL ROAD,E01007011,Sefton 034C,Suspect charged
a892e62a731bf0f2a986753389be6182c25ca85d363008cb58bbbdd2cdb1dba3,2019-02,Merseyside Police,Merseyside Police,-2.981499,53.403914,On or near ROE ALLEY,E01033756,Liverpool 061C,Suspect charged
e1797c94297768f252d0e6a2f47453479fd91ad6d503315c8c302b662d58f9f9,2019-02,Merseyside Police,Merseyside Police,-3.108858,53.402754,On or near ORCHARD ROAD,E01007208,Wirral 012A,Unable to prosecute suspect
c2836224643a85e68f251d88bdc6ca6cac844bee30d2191ab1ca3f45a1951db7,2019-02,Merseyside Police,Merseyside Police,-2.738422,53.454878,On or near COLLEGE STREET,E01006872,St. Helens 014C,Unable to prosecute suspect
c2836224643a85e68f251d88bdc6ca6cac844bee30d2191ab1ca3f45a1951db7,2019-02,Merseyside Police,Merseyside Police,-2.738422,53.454878,On or near COLLEGE STREET,E01006872,St. Helens 014C,Unable to prosecute suspect
ee11a7349099d3fb508a02c70019fb272a4ebe7fe4d518a516d44c24c93dc2fa,2019-02,Merseyside Police,Merseyside Police,-2.883337,53.484474,On or near OLD ROUGH LANE,E01006495,Knowsley 001E,Suspect charged
04bc6046ccb2c7eb44c44dbab1f57e7f49c1dbc00afd003b911137b2208e1bf4,2019-02,Merseyside Police,Merseyside Police,-2.733210,53.451279,On or near Parking Area,E01006832,St. Helens 012A,Further investigation is not in the public interest
8087733d3f11b75c31eea4deeef98039010006b86b1a05d1710895f037f58939,2019-02,Merseyside Police,Merseyside Police,-2.911331,53.463760,On or near RAME CLOSE,E01006663,Liverpool 004C,Unable to prosecute suspect
ad1f4bda92a3f8fb3748dc77b7deafc9947c8f452a98592eaa37c3eec3539b25,2019-02,Merseyside Police,Merseyside Police,-2.733210,53.451279,On or near Parking Area,E01006832,St. Helens 012A,Suspect charged
43c5fca00bf7ad9a8c24648f688ed25670f953ceb11dea5e6e941e6c0ce72ab1,2019-02,Merseyside Police,Merseyside Police,-3.025276,53.477911,On or near NORMA ROAD,E01006956,Sefton 030B,Offender given a caution
17532227a320a6ea4bd748d1bc4dea1b854220611334858172b543dd5b4018e9,2019-02,Merseyside Police,Merseyside Police,-2.928234,53.441095,On or near Supermarket,E01033759,Liverpool 010F,Local resolution
2bdcedea359d6054adbde77ae576e5ab271aa6cd249f4ac9413aa6f938da6378,2019-02,Merseyside Police,Merseyside Police,-3.030234,53.385211,On or near WHALLEY ROAD,E01007130,Wirral 021A,Unable to prosecute suspect
3f3f9d7ee4eb67654d0dc7aaedaaf4da662afdfd86fe379be0146ac8c145777d,2019-02,Merseyside Police,Merseyside Police,-3.025276,53.477911,On or near NORMA ROAD,E01006956,Sefton 030B,Unable to prosecute suspect
6d8e94add46c449f826aa4518b416de15b7c2489ffa5e155bbbd29a42cc22d58,2019-02,Merseyside Police,Merseyside Police,-2.981678,53.348972,On or near OLD COURT HOUSE ROAD,E01007143,Wirral 036C,Investigation complete; no suspect identified
de0c37c302b75b3e8818d00b7680bdaed556d8955f2fafb62688d0493c60c21b,2019-02,Merseyside Police,Merseyside Police,-2.981678,53.348972,On or near OLD COURT HOUSE ROAD,E01007143,Wirral 036C,Investigation complete; no suspect identified
431199ea0805ff3c28ae15f58aae7c541cdcaa28fd7da39997e58e8ac840996d,2019-02,Merseyside Police,Merseyside Police,-2.930942,53.466486,On or near Hospital,E01006659,Liverpool 005B,Suspect charged
443c154294ca92b6379603366f37a3f7c8ca017bcbd37ce73f928cc05f077389,2019-02,Merseyside Police,Merseyside Police,-2.733210,53.451279,On or near Parking Area,E01006832,St. Helens 012A,Unable to prosecute suspect
a9c3349d945cbf6c84f1ad710156a3f8ba7520d1e7bb2527a4da402de7f23ea0,2019-02,Merseyside Police,Merseyside Police,-2.733210,53.451279,On or near Parking Area,E01006832,St. Helens 012A,Suspect charged
6c77cdf8cae5de0a3b89dce47ef90a26201d3eac6dc5f26b9b624056062bd781,2019-02,Merseyside Police,Merseyside Police,-2.999112,53.411588,On or near A5036,E01033753,Liverpool 062C,Unable to prosecute suspect
d2bb8b130d460857daff7a46f7ffb8bdb5c6ea802a9eb1424392d8f886affd9d,2019-02,Merseyside Police,Merseyside Police,-2.921326,53.455108,On or near TERNHALL WAY,E01006660,Liverpool 001E,Investigation complete; no suspect identified
d2bb8b130d460857daff7a46f7ffb8bdb5c6ea802a9eb1424392d8f886affd9d,2019-02,Merseyside Police,Merseyside Police,-2.921326,53.455108,On or near TERNHALL WAY,E01006660,Liverpool 001E,Investigation complete; no suspect identified
77ab4aa3338c70cfd61a09c0dc0875f1f40ef7ebc644277e72732fb6b4a16a7a,2019-02,Merseyside Police,Merseyside Police,-2.986820,53.427151,On or near BILLINGS CLOSE,E01006778,Liverpool 014E,Unable to prosecute suspect
9c2722b52ec98549e9c8391137371fec971115e7333c2543a01e5167442c1894,2019-02,Merseyside Police,Merseyside Police,-3.008369,53.647951,On or near WEST STREET,E01006968,Sefton 004C,Offender given a caution
5d1571f7aa4d9aa6659eb8b48fbbdd3d5af8b2f4491ec6cd597cfcbce205276c,2019-02,Merseyside Police,Merseyside Police,-2.983878,53.406618,On or near Supermarket,E01033760,Liverpool 060C,Offender given a caution
f236a1c346c966e9abe03bfa3ad7a0d5f16952da88059fc7c408104e721b33bd,2019-02,Merseyside Police,Merseyside Police,-2.983878,53.406618,On or near Supermarket,E01033760,Liverpool 060C,Offender given a caution
a63f1ac3678918ba6996193d184b5fddc0aa2ad3ff51df33140aebc3fa4d9129,2019-02,Merseyside Police,Merseyside Police,-2.983878,53.406618,On or near Supermarket,E01033760,Liverpool 060C,Unable to prosecute suspect
16245575500d984a78b2723a5eea3bbdf21017d10da0aa67bfe87021dd89d977,2019-02,Merseyside Police,Merseyside Police,-2.930942,53.466486,On or near Hospital,E01006659,Liverpool 005B,Suspect charged
c7d95303c36204b1aee5e7e4530082b92544c4d81ca36297760106510881b975,2019-02,Merseyside Police,Merseyside Police,-2.737771,53.453813,On or near Shopping Area,E01006872,St. Helens 014C,Unable to prosecute suspect
c0ca27703f0db0ffe51b0209353f33730b03ad2643431c97c575ae9b0e40ca13,2019-02,Merseyside Police,Merseyside Police,-2.975487,53.400170,On or near BACK KNIGHT STREET,E01006513,Liverpool 060A,Investigation complete; no suspect identified
8deec7c34ffda8d331f2f1901ba804593944039538a1a40e8a46249235563af1,2019-02,Merseyside Police,Merseyside Police,-3.043304,53.386616,On or near CAROLINE PLACE,E01007160,Wirral 020B,Suspect charged
071a08fffa4a218abfea132f3195cb96e5a43c934719f7558d0060118632b21a,2019-02,Merseyside Police,Merseyside Police,-2.961345,53.454038,On or near PARKINSON ROAD,E01006791,Liverpool 006D,Unable to prosecute suspect
ffba43d182cc3a7e33ec542dc720e885dc4c4bb8b84260fc2e486161be9cf5c3,2019-02,Merseyside Police,Merseyside Police,-2.753420,53.450542,On or near BOUNDARY ROAD,E01006834,St. Helens 012B,Unable to prosecute suspect
8c4c4f693fe85a6667b9247db1bb1bbf93d216537541320257d025882c0e856b,2019-02,Merseyside Police,Merseyside Police,-2.976574,53.340582,On or near Petrol Station,E01007135,Wirral 039A,Investigation complete; no suspect identified
07603b3946e5425b2cf337fd84f65da7c6e9fce2b1699fab04c0585372a7cd7b,2019-02,Merseyside Police,Merseyside Police,-2.959881,53.463884,On or near WEIGHTMAN GROVE,E01006782,Liverpool 003B,Unable to prosecute suspect
6ec3dec9dea1608d3d8fdadce1c50e3681ef872c80a597b27b79e34195c6ec24,2019-02,Merseyside Police,Merseyside Police,-3.012336,53.395108,On or near HAMILTON STREET,E01007126,Wirral 016A,Suspect charged
c0735657239e5916478b363ba238af38f4a8ef9f95afb8e2047789930750d902,2019-02,Merseyside Police,Merseyside Police,-2.921866,53.430691,On or near CLINTON ROAD,E01006618,Liverpool 016C,Suspect charged
0145fc394ec5355c6e9db30670a0005ce32bed0709d38c085b6e7263d06c53fb,2019-02,Merseyside Police,Merseyside Police,-2.962220,53.454067,On or near RICE LANE,E01006791,Liverpool 006D,Suspect charged
17afc88788a9a1ee52f60245a9dfce42722f61acb751f7f3e84528ce8748a0fb,2019-02,Merseyside Police,Merseyside Police,-2.988321,53.319217,On or near ANGUS ROAD,E01007149,Wirral 041A,Unable to prosecute suspect
e6432049530c72bb28f752a98a9cbd0aee423fb2dbf11d8d490d649325592008,2019-02,Merseyside Police,Merseyside Police,-2.970345,53.406216,On or near NEWTON WAY,E01006747,Liverpool 031B,Investigation complete; no suspect identified
a1d1a264d0aa5c16c3c28f1b8c3431d80f6413683e4fa362915ea7f0acc66242,2019-02,Merseyside Police,Merseyside Police,-3.111570,53.401173,On or near HOYLAKE ROAD,E01007227,Wirral 012D,Suspect charged
2253c17b56257628ad8815711e339f9be2db910b0eb348eb9ef42cb27faac744,2019-02,Merseyside Police,Merseyside Police,-3.123717,53.401545,On or near KESTREL ROAD,E01007228,Wirral 012E,Unable to prosecute suspect
cb3df4c89dd73e9d95ff353ff413abf78deb6af5f78039b42d9044c90c16bd7a,2019-02,Merseyside Police,Merseyside Police,-2.860155,53.431385,On or near TERRET CROFT,E01006414,Knowsley 006C,Unable to prosecute suspect
9d0faac2ea8130c41c1f94ba5e1a5db84c0ae55822d5ea216a9e7692e523e8de,2019-02,Merseyside Police,Merseyside Police,-3.123717,53.401545,On or near KESTREL ROAD,E01007228,Wirral 012E,Unable to prosecute suspect
582d995f82a147337105374f764b8a1add0eb3a9b98de75de950ee3c6477b086,2019-02,Merseyside Police,Merseyside Police,-2.921035,53.409663,On or near TAPLEY PLACE,E01032509,Liverpool 027H,Suspect charged
3e99c3b2945309c2205e91a4760f6b0bbb87cb121c7b3918923a6712c011b32a,2019-02,Merseyside Police,Merseyside Police,-3.081156,53.405875,On or near BALLIOL CLOSE,E01007120,Wirral 011A,Investigation complete; no suspect identified
8e57b6523174b1526a1422312f82be77361c31f53e8d54e53769e0f2a15a18e1,2019-02,Merseyside Police,Merseyside Police,-2.976861,53.404365,On or near UPPER NEWINGTON,E01033756,Liverpool 061C,Suspect charged
8e57b6523174b1526a1422312f82be77361c31f53e8d54e53769e0f2a15a18e1,2019-02,Merseyside Police,Merseyside Police,-2.976861,53.404365,On or near UPPER NEWINGTON,E01033756,Liverpool 061C,Suspect charged
053185f89282b0d2336fa08591a9f0ef3eedefe946cc615bb243bac3af758564,2019-02,Merseyside Police,Merseyside Police,-2.890284,53.499542,On or near BRENTWOOD GROVE,E01006490,Knowsley 002E,Unable to prosecute suspect
4c7528ab741309d99a002c8be90219c57687f50970fac663fb6cca49b827dda7,2019-02,Merseyside Police,Merseyside Police,-3.115425,53.405389,On or near BERRYLANDS CLOSE,E01007227,Wirral 012D,Unable to prosecute suspect
ef744e2447db35b78edce6826a7330de6cdf78c9a80deb4671fd30b4540286d3,2019-02,Merseyside Police,Merseyside Police,-3.013909,53.366366,On or near OLD CHESTER ROAD,E01007178,Wirral 029E,Unable to prosecute suspect
ef744e2447db35b78edce6826a7330de6cdf78c9a80deb4671fd30b4540286d3,2019-02,Merseyside Police,Merseyside Police,-3.013909,53.366366,On or near OLD CHESTER ROAD,E01007178,Wirral 029E,Unable to prosecute suspect
11c518f4fc59f38e42052a0580a0a3cc33d8ab8304866aeba9d5e24050a8714f,2019-02,Merseyside Police,Merseyside Police,-2.967077,53.457102,On or near HORNBY ROAD,E01006787,Liverpool 006A,Unable to prosecute suspect
30e2e2b0d8b48d7ed57d77b961a6b5ab7f320f66000df9cd05188eea5853dcb7,2019-02,Merseyside Police,Merseyside Police,-3.074925,53.408754,On or near Petrol Station,E01007121,Wirral 011B,Unable to prosecute suspect
f8a02832aa8500465370076709ee784c0ecf6cb1a78a3733304ba33fe863b966,2019-02,Merseyside Police,Merseyside Police,-2.947399,53.413358,On or near HALSBURY ROAD,E01006697,Liverpool 030D,Investigation complete; no suspect identified
f7c546a44be196a69d23be243c744536024678cc5b7a8de0a75d1ba8ed0c5262,2019-02,Merseyside Police,Merseyside Police,-3.013909,53.366366,On or near OLD CHESTER ROAD,E01007178,Wirral 029E,Unable to prosecute suspect
976c17f9a9021899d44b8509b91e4826eca267d95f9ab3b544acacf2b513c29b,2019-02,Merseyside Police,Merseyside Police,-2.992026,53.451657,On or near Shopping Area,E01007009,Sefton 037D,Unable to prosecute suspect
976c17f9a9021899d44b8509b91e4826eca267d95f9ab3b544acacf2b513c29b,2019-02,Merseyside Police,Merseyside Police,-2.992026,53.451657,On or near Shopping Area,E01007009,Sefton 037D,Unable to prosecute suspect
d7a6013b443f500521cf2013c4fcb1c39834149fe5f19c86887433d0f37976a3,2019-02,Merseyside Police,Merseyside Police,-2.961975,53.425269,On or near HEYES STREET,E01006562,Liverpool 018E,Investigation complete; no suspect identified
a7ba8b5ab553e5834120fad9ff8ecf20f24920efe4ac29dd9964a3663ebdba0b,2019-02,Merseyside Police,Merseyside Police,-2.958092,53.417201,On or near HUGHES STREET,E01006647,Liverpool 024C,Unable to prosecute suspect
6380c8f75dbc045d9a92d50a7a48a47ded29ae04047313e383e5a8d95eb46849,2019-02,Merseyside Police,Merseyside Police,-2.839048,53.357746,On or near HONEY HALL ROAD,E01006432,Knowsley 020E,Suspect charged
25bc8c70b50811078279a4f1fe5742c8384a6523763826e8664b124d857ceef8,2019-02,Merseyside Police,Merseyside Police,-2.896420,53.408772,On or near LINGFIELD ROAD,E01006584,Liverpool 034E,Unable to prosecute suspect
1a33906e0c8cf38ba2702e5088ace2c355ae6e40f2a538335927aa1520d3664f,2019-02,Merseyside Police,Merseyside Police,-3.002054,53.363913,On or near STANLEY ROAD,E01007139,Wirral 031C,Investigation complete; no suspect identified
01b3b5359c9d49d4796b592ebb6cf5e4bec4ecc68a31f2bb2c4b0de9049ce675,2019-02,Merseyside Police,Merseyside Police,-3.047418,53.417610,On or near STRETTON AVENUE,E01007212,Wirral 007A,Local resolution
49511efcfabfc73133da6e8f08760c2c782dbedda632ba50704898e5359b3c94,2019-02,Merseyside Police,Merseyside Police,-2.772728,53.459902,On or near ANSDELL DRIVE,E01006822,St. Helens 009A,Unable to prosecute suspect
827516cca71ffb5784e4229459a7d8176c1eb4bb0e1c445894cd52287fc86789,2019-02,Merseyside Police,Merseyside Police,-3.031140,53.410866,On or near ASHVILLE ROAD,E01007272,Wirral 008A,Unable to prosecute suspect
827516cca71ffb5784e4229459a7d8176c1eb4bb0e1c445894cd52287fc86789,2019-02,Merseyside Police,Merseyside Police,-3.031140,53.410866,On or near ASHVILLE ROAD,E01007272,Wirral 008A,Unable to prosecute suspect
827516cca71ffb5784e4229459a7d8176c1eb4bb0e1c445894cd52287fc86789,2019-02,Merseyside Police,Merseyside Police,-3.031140,53.410866,On or near ASHVILLE ROAD,E01007272,Wirral 008A,Unable to prosecute suspect
dad807fdde3b7d2b955535343cb4a471087fc68a04b0b588886d54ec630d0221,2019-02,Merseyside Police,Merseyside Police,-3.004734,53.644584,On or near ST ANDREW'S PLACE,E01006968,Sefton 004C,Suspect charged
e008c74d70d3f0e55e51c6ececadd8b2d4f9e2088d347f072ded8650fe26affe,2019-02,Merseyside Police,Merseyside Police,-2.968522,53.387543,On or near UPPER PARK STREET,E01006630,Liverpool 044B,Unable to prosecute suspect
df75492cb630937578ada90d19ac012f0969ace3a75b0b21bb4d88bdb0abfd53,2019-02,Merseyside Police,Merseyside Police,-3.043379,53.400153,On or near DAWSON AVENUE,E01032903,Wirral 010F,Offender given a caution
23c05d22d0a77110e43de0e331e75dc8350885854b63af6d4a7bff8e7c38dad5,2019-02,Merseyside Police,Merseyside Police,-2.964809,53.409497,On or near Hospital,E01006747,Liverpool 031B,Unable to prosecute suspect
f93ba454e41dfbab62c5396b87b5d376562ef9e63228c63f61749d72e53068d0,2019-02,Merseyside Police,Merseyside Police,-2.980027,53.491639,On or near HARROPS CROFT,E01007092,Sefton 023E,Investigation complete; no suspect identified
4ad3edf5dd9cd0fb2c33a857da2e079e8825c215647409a08413f3c60c0d8692,2019-02,Merseyside Police,Merseyside Police,-2.966483,53.442850,On or near DYSON STREET,E01006614,Liverpool 012B,Unable to prosecute suspect
9e00703943066d059d4f56ec0395c5a5a0ccca6c44e924c637a72502918edbad,2019-02,Merseyside Police,Merseyside Police,-2.709137,53.456134,On or near Sports/Recreation Area,E01006871,St. Helens 011D,Investigation complete; no suspect identified
793ff896aeaf0431bff09c4ef0c6db4069e760b5ed3a3dadca120d25c6498ae1,2019-02,Merseyside Police,Merseyside Police,-2.970693,53.455832,On or near HORNBY CLOSE,E01006787,Liverpool 006A,Unable to prosecute suspect
3fb428341ca7bf4ef704d73a9d25e3a4561bc66b503c8a11b1dbb3dcfa9b1511,2019-02,Merseyside Police,Merseyside Police,-3.043368,53.401537,On or near CORPORATION ROAD,E01032903,Wirral 010F,Suspect charged
dd4daf201ef77dada63ff468a3608143979bc2bd31f775799e08a8f2c37235a4,2019-02,Merseyside Police,Merseyside Police,-2.957038,53.415169,On or near BOALER STREET,E01006746,Liverpool 030E,Unable to prosecute suspect
02a516f09122be4e219ec815eab18904631425a4ec4d69b247c656343758913e,2019-02,Merseyside Police,Merseyside Police,-2.848683,53.341282,On or near FENTON CLOSE,E01006753,Liverpool 059A,Unable to prosecute suspect
d1329cef3a97adf116af0a31da5e2f2b8ab178f2ab8092ee6d486fedb058ebd8,2019-02,Merseyside Police,Merseyside Police,-2.912997,53.487370,On or near KARAN WAY,E01007039,Sefton 026A,Unable to prosecute suspect
0f6b167a2f3c4a7793fa720055179077360c668e8053ee4c446a274da12e3b97,2019-02,Merseyside Police,Merseyside Police,-2.900303,53.479350,On or near MIDDLEHAM CLOSE,E01006509,Knowsley 004E,Unable to prosecute suspect
9f4351dd8b2d6e596068478b56f244f4a90e547a68edb4181eab8df5144e15c9,2019-02,Merseyside Police,Merseyside Police,-2.957917,53.378622,On or near HINDLIP STREET,E01032506,Liverpool 050G,Unable to prosecute suspect
fed9110d9be434ae52c02e1f5c70e2a7992b032d3552ccf7967bdc73ec92fc9d,2019-02,Merseyside Police,Merseyside Police,-2.864173,53.392740,On or near CHISLEHURST AVENUE,E01006770,Liverpool 040C,Unable to prosecute suspect
f0ef60d4d5bce2dbe59a2a6a252f3e0e05f09a2b634d2921dabe2f2724a224f4,2019-02,Merseyside Police,Merseyside Police,-3.011032,53.370561,On or near RUSKIN AVENUE,E01007176,Wirral 029C,Suspect charged
4bfde8e223527db77a9a5d8270e6b4b4646f408a2e3b552acb105e70813b253a,2019-02,Merseyside Police,Merseyside Police,-2.960340,53.450873,On or near CAVENDISH DRIVE,E01006791,Liverpool 006D,Offender given a caution
c2168b7bb8f2693458b0c9e8e12bf0444adaa62c0c5845dd519348eb8e6dec1e,2019-02,Merseyside Police,Merseyside Police,-2.943712,53.416039,On or near HUNTLY ROAD,E01006695,Liverpool 028C,Unable to prosecute suspect
82b0592f4f72b4c4de1ac66e7e8bda3a5f95fdde896c375cec3a7afd04355367,2019-02,Merseyside Police,Merseyside Police,-2.978382,53.422106,On or near GREAT HOMER STREET,E01006648,Liverpool 023D,Suspect charged
90b91819416ec564f71907bb23e5c54a74a1ff40a0e45fc0a7c21510c066fc59,2019-02,Merseyside Police,Merseyside Police,-3.070300,53.421668,On or near SOUTHBOURNE ROAD,E01007315,Wirral 003E,Unable to prosecute suspect
fda4a15d92c1721cca478906331e38120a20f6766aac30f05c4d6ae7d91feaa9,2019-02,Merseyside Police,Merseyside Police,-2.970308,53.486469,On or near RONALD ROSS AVENUE,E01007087,Sefton 029C,Offender given a caution
63056d57d3ea24c913a958c186c162f258699658d81c59e645eb3ea60252addb,2019-02,Merseyside Police,Merseyside Police,-2.734840,53.452401,On or near Shopping Area,E01006872,St. Helens 014C,Suspect charged
b055f6305c6cd73bad86546e0d2fc35dc9f004d7ab1e0de883ee73ec0eef04cb,2019-02,Merseyside Police,Merseyside Police,-2.799324,53.427673,On or near BOND STREET,E01006463,Knowsley 007C,Unable to prosecute suspect
8ab3ee8b467887083c3f8c99f6eb6769566c0261f8d7686a31e156e6fb27f62d,2019-02,Merseyside Police,Merseyside Police,-2.738422,53.454878,On or near COLLEGE STREET,E01006872,St. Helens 014C,Unable to prosecute suspect
424f18fecf9074f8637cce6b40fd34e26ce725e51b5df9cda8307cfc89a9ae7e,2019-02,Merseyside Police,Merseyside Police,-3.035199,53.382255,On or near WOODVILLE ROAD,E01007244,Wirral 022E,Suspect charged
719752aa1a98fb345573695bb74259b0040b1d2c14a630eabfbc881b6b2217a6,2019-02,Merseyside Police,Merseyside Police,-2.738422,53.454878,On or near COLLEGE STREET,E01006872,St. Helens 014C,Unable to prosecute suspect
e9c7d9cee42a274b384849b065ab2487dc02ff82d8d62e5910fd7eb1b91290f2,2019-02,Merseyside Police,Merseyside Police,-3.035199,53.382255,On or near WOODVILLE ROAD,E01007244,Wirral 022E,Suspect charged
511a5304d0393460fe51393e41b2cfcae42aad831e7c6b48a8bdb4e7baef2029,2019-02,Merseyside Police,Merseyside Police,-2.910092,53.388947,On or near MAYVILLE ROAD,E01006591,Liverpool 041C,Investigation complete; no suspect identified
fb26af38dfc4ab07e54715398276a7fad18d39f3ea52b5550a45f6498e330c94,2019-02,Merseyside Police,Merseyside Police,-2.957917,53.378622,On or near HINDLIP STREET,E01032506,Liverpool 050G,Unable to prosecute suspect
cc0aed25245ea5a39a9055b8d51b75c20e130ca1ebd91fb54151fcce7f6b900b,2019-02,Merseyside Police,Merseyside Police,-3.054874,53.549115,On or near KENT ROAD,E01007075,Sefton 016A,Suspect charged
cc0aed25245ea5a39a9055b8d51b75c20e130ca1ebd91fb54151fcce7f6b900b,2019-02,Merseyside Police,Merseyside Police,-3.054874,53.549115,On or near KENT ROAD,E01007075,Sefton 016A,Suspect charged
11028c22341e19252912e7cb3252571b381c8de0eb6b025be0766835b9638f20,2019-02,Merseyside Police,Merseyside Police,-2.962247,53.397329,On or near LOWTHER STREET,E01033768,Liverpool 037F,Suspect charged
df511bed7a29b2d9c15609121eb89d879c63e557cca7d76f695964aa1023dbc5,2019-02,Merseyside Police,Merseyside Police,-3.004734,53.644584,On or near ST ANDREW'S PLACE,E01006968,Sefton 004C,Suspect charged
fe0e69d98f7fd86832d419f055293c9b8376b2721d5d4e730db2f4eaf6d47e36,2019-02,Merseyside Police,Merseyside Police,-3.028359,53.380400,On or near ST CATHERINE'S,E01007179,Wirral 021C,Unable to prosecute suspect
6b2aa5908265dfafc0a339e33cc021ae7c7eff679bdb0b806ccdbaa731f90a0a,2019-02,Merseyside Police,Merseyside Police,-2.968181,53.446019,On or near Supermarket,E01006705,Liverpool 009E,Unable to prosecute suspect
f20430839585615ecef9f709685047db78887231f2a6a0a27518b7d7f28bf7a1,2019-02,Merseyside Police,Merseyside Police,-3.054874,53.549115,On or near KENT ROAD,E01007075,Sefton 016A,Suspect charged
f6cb486c769b10d5f1d8f17fc1fccb46fe5dba409ef4ecc1d402f3d0f563be73,2019-02,Merseyside Police,Merseyside Police,-3.005753,53.372322,On or near BUXTON ROAD,E01007290,Wirral 027B,Unable to prosecute suspect
76b8d6ea5a2571be753eb487b37481834c5a2296a93e0bb24fd50828c39b02ca,2019-02,Merseyside Police,Merseyside Police,-3.054874,53.549115,On or near KENT ROAD,E01007075,Sefton 016A,Suspect charged
f9004f865c1b8856bea7e008931d9f5b15991aa2e641ae6d7332ce18b8dc87ef,2019-02,Merseyside Police,Merseyside Police,-3.054874,53.549115,On or near KENT ROAD,E01007075,Sefton 016A,Unable to prosecute suspect
97d28b9d3df52b2022e20ce28692a91a4f414bdc6f26b83a73da8b81718e8940,2019-02,Merseyside Police,Merseyside Police,-2.893565,53.520092,On or near CUNSCOUGH LANE,E01007040,Sefton 026B,Unable to prosecute suspect
0bd8c3096a4e1c04021e110a504470d875ba98df3c3be64c52667acfa81b4ece,2019-02,Merseyside Police,Merseyside Police,-2.734840,53.452401,On or near Shopping Area,E01006872,St. Helens 014C,Offender given a caution
cafa9ca0e03f889b8fa12952300ce21cd23387da15cb3f5e74c3ea8863945202,2019-02,Merseyside Police,Merseyside Police,-2.733467,53.453965,On or near Theatre/Concert Hall,E01006872,St. Helens 014C,Investigation complete; no suspect identified
af4c9f873f9e48dcf58477e071f2edf8dc4e0d50813ea0d8d5811566a443220f,2019-02,Merseyside Police,Merseyside Police,-3.060121,53.435314,On or near LINKS VIEW,E01007307,Wirral 003A,Unable to prosecute suspect
af4c9f873f9e48dcf58477e071f2edf8dc4e0d50813ea0d8d5811566a443220f,2019-02,Merseyside Police,Merseyside Police,-3.060121,53.435314,On or near LINKS VIEW,E01007307,Wirral 003A,Unable to prosecute suspect
decb251e59574838a3977f1691e2e64d6b77e79a770594209d0096131498d79d,2019-02,Merseyside Police,Merseyside Police,-2.919269,53.391250,On or near FRESHFIELD ROAD,E01006590,Liverpool 042D,Investigation complete; no suspect identified
6aaec0868af402c6a0ef279612615749d0585f59704199e0fe5451bddbbc2a3a,2019-02,Merseyside Police,Merseyside Police,-2.738275,53.452461,On or near Shopping Area,E01006832,St. Helens 012A,Offender given a caution
4cd849228d18de6c99bf509a871d5ed7dae817a3f95662c107774279bb19e629,2019-02,Merseyside Police,Merseyside Police,-2.843678,53.404958,On or near CHARLWOOD AVENUE,E01006471,Knowsley 016A,Local resolution
45e06f4f3b8830e29cca5599d722000f32a171a5bc1953df5cf24ad7fb52fd8f,2019-02,Merseyside Police,Merseyside Police,-2.757982,53.458971,On or near Sports/Recreation Area,E01006918,St. Helens 007E,Investigation complete; no suspect identified
e70a80fe1ad8bd6a30921ceec07d5291abfdeee8d25a14399feb8a3e0604df4b,2019-02,Merseyside Police,Merseyside Police,-2.912183,53.516140,On or near BEECHWAY,E01007040,Sefton 026B,Suspect charged
d58314d4cc12ff40467a77d24b557267a7556d3d0bce5733b68f44b30e1c61a6,2019-02,Merseyside Police,Merseyside Police,-2.983348,53.403224,On or near Parking Area,E01033756,Liverpool 061C,Investigation complete; no suspect identified
00ecb18c30aa08324614673bc71680aa87249b41330a67e46acbe771ec5fa0ce,2019-02,Merseyside Police,Merseyside Police,-2.915649,53.518820,On or near PARKBOURN,E01033096,Sefton 018F,Suspect charged
857255c3cf07039bb01ac3e4bb58b14d8dc96197ead194b3cb340bb1ad43a537,2019-02,Merseyside Police,Merseyside Police,-2.943214,53.375179,On or near BATTERY CLOSE,E01006629,Liverpool 052E,Unable to prosecute suspect
89ae44866c6ab1e208cbabece70ef50788d4789116e52c5013f5d1ff13842ab1,2019-02,Merseyside Police,Merseyside Police,-2.878731,53.381874,On or near NEWCROFT ROAD,E01006792,Liverpool 046A,Action to be taken by another organisation
dc82520d229f39f42a623572e82d64af17c6bc8baa8539e059e928484b6f6bb7,2019-02,Merseyside Police,Merseyside Police,-2.994654,53.408812,On or near UNION STREET,E01033753,Liverpool 062C,Unable to prosecute suspect
f417616c4c1a5e450127af86a1eefa3e2014d626bd19c5b623bd51ee685af106,2019-02,Merseyside Police,Merseyside Police,-3.018951,53.392490,On or near LORN STREET,E01007126,Wirral 016A,Unable to prosecute suspect
771ebebed67526fec2203d2c414cb9262861a42915bb2f25293c4c2472016849,2019-02,Merseyside Police,Merseyside Police,-3.004099,53.652274,On or near BANK SQUARE,E01033094,Sefton 004F,Unable to prosecute suspect
91e63560f710841be2b1a69b271e7c0e631d627f4a233f658cc4fce9dfd6c69c,2019-02,Merseyside Police,Merseyside Police,-3.024214,53.415663,On or near Parking Area,E01007277,Wirral 008D,Unable to prosecute suspect
8491ed5f7022f0a7e34a904e2558482b634e335f1633d61ccc0cdf46b7b6504c,2019-02,Merseyside Police,Merseyside Police,-2.917343,53.362536,On or near BAYFIELD ROAD,E01006684,Liverpool 056B,Suspect charged
c8363c185e7d840176bba2794a9fb58e9326a3f54193ca9785d5a49a29e7233a,2019-02,Merseyside Police,Merseyside Police,-2.984605,53.403601,On or near Parking Area,E01033756,Liverpool 061C,Unable to prosecute suspect
c8363c185e7d840176bba2794a9fb58e9326a3f54193ca9785d5a49a29e7233a,2019-02,Merseyside Police,Merseyside Police,-2.984605,53.403601,On or near Parking Area,E01033756,Liverpool 061C,Unable to prosecute suspect
e6a9d25c1056767487d6c0fd63113ac92db9114b62368226a1538e5a6938ff97,2019-02,Merseyside Police,Merseyside Police,-2.911637,53.366966,On or near OLDFIELD ROAD,E01006685,Liverpool 056C,Unable to prosecute suspect
75df0ac7c12f4d2c11431404dc396cca43cf400777a4b5e72cabe1e66bdf6fcf,2019-02,Merseyside Police,Merseyside Police,-2.853432,53.409096,On or near ANDERTON TERRACE,E01006474,Knowsley 016C,Offender given a caution
d6136f3e13ecf916a3dde24ef399a55ba1374a8be6019c3283db8d03dddef42e,2019-02,Merseyside Police,Merseyside Police,-2.694637,53.454458,On or near MALVERN ROAD,E01006819,St. Helens 011A,Suspect charged
e332b13c99e8657357e4bfc3d55467a07d68e52ed2f9242a0cddf13936fcfa74,2019-02,Merseyside Police,Merseyside Police,-2.917343,53.362536,On or near BAYFIELD ROAD,E01006684,Liverpool 056B,Unable to prosecute suspect
8b625a2957a58b921d5a2622065ac4eb933139f7375f577bc9d03188decd22fe,2019-02,Merseyside Police,Merseyside Police,-2.933721,53.444199,On or near MILDMAY ROAD,E01006730,Liverpool 011C,Offender given a caution
f21ba55d2c380934807005d681b827905e30f3970065f7c440095b815533a081,2019-02,Merseyside Police,Merseyside Police,-2.935413,53.436913,On or near BYNG ROAD,E01006603,Liverpool 011B,Offender given a caution
2b97d77e42643fd955f89c07ae6a7a09b9086e0a0058e57bea317ea473e79f95,2019-02,Merseyside Police,Merseyside Police,-2.976450,53.400836,On or near Nightclub,E01006513,Liverpool 060A,Suspect charged
0f2c905097d6f7422473481cab811d3196c8dbe8021b0184f85a6a63862c4263,2019-02,Merseyside Police,Merseyside Police,-2.935413,53.436913,On or near BYNG ROAD,E01006603,Liverpool 011B,Offender given a caution
1325b8a4a891301373f1e8c57f9fe9658e43e9cfa95b07a0f9083349695db22d,2019-02,Merseyside Police,Merseyside Police,-2.933721,53.444199,On or near MILDMAY ROAD,E01006730,Liverpool 011C,Offender given a caution
d709e1f47e730fe5b395125596ecf983014afdb0fbcc87d6100fec600a195a0e,2019-02,Merseyside Police,Merseyside Police,-2.871563,53.470286,On or near WOODENE CLOSE,E01006416,Knowsley 005A,Unable to prosecute suspect
8d4962235a515431f7e5ae5f4b5a8b28eb91ea65fe1ac6a30c26bac3e362ee82,2019-02,Merseyside Police,Merseyside Police,-2.981499,53.403914,On or near ROE ALLEY,E01033756,Liverpool 061C,Suspect charged
8d4962235a515431f7e5ae5f4b5a8b28eb91ea65fe1ac6a30c26bac3e362ee82,2019-02,Merseyside Police,Merseyside Police,-2.981499,53.403914,On or near ROE ALLEY,E01033756,Liverpool 061C,Suspect charged
f012e5f0d81fd32f9f4fec34f6bb03df0eca1ece0a8aa5290ca70a589ec927ba,2019-02,Merseyside Police,Merseyside Police,-2.994124,53.472484,On or near SOMA AVENUE,E01006976,Sefton 033A,Unable to prosecute suspect
b32187034a018cdde9add977717b65988bab762a555a65d349c73fcfff8e2601,2019-02,Merseyside Police,Merseyside Police,-2.982401,53.404563,On or near BROOKS ALLEY,E01033756,Liverpool 061C,Unable to prosecute suspect
1293153f4923d4fa8551227b918675d30f5fcb9acf55c9924ce5efb853f856a3,2019-02,Merseyside Police,Merseyside Police,-2.980826,53.402122,On or near SLATER PLACE,E01033761,Liverpool 060D,Unable to prosecute suspect
691d0a6ca70a6f92bffcb05a922c46f62a0aa603dc07d0d1de3d50100daf71fd,2019-02,Merseyside Police,Merseyside Police,-2.697032,53.445266,On or near DOWNLAND WAY,E01006875,St. Helens 017C,Unable to prosecute suspect
276d52e8d4103319e3db5c715f857a6ec1a837e28403d923f09b360a1cb817c9,2019-02,Merseyside Police,Merseyside Police,-2.979959,53.404996,On or near RANELAGH STREET,E01033756,Liverpool 061C,Investigation complete; no suspect identified
8c7d515a37f20e2ed945cfe5d259e9e748602e311f93c086a874a93745841e5d,2019-02,Merseyside Police,Merseyside Police,-2.988220,53.401872,On or near CANNING PLACE,E01033756,Liverpool 061C,Unable to prosecute suspect
657fe778cd4995ad9a1cda26e187f033a0c2ba2a38051939ea3351ba5cacf932,2019-02,Merseyside Police,Merseyside Police,-2.944718,53.412543,On or near SHEIL PLACE,E01006697,Liverpool 030D,Suspect charged
78bdaed7cc68b6c22c377ac341c9faadca03534b81b0611685f6d21774af2985,2019-02,Merseyside Police,Merseyside Police,-2.855584,53.474276,On or near Petrol Station,E01006446,Knowsley 005G,Investigation complete; no suspect identified
bb0a45b47e22754c6484e5c5d8e0830e76f23b04772479413f1a7398cef0e1f7,2019-02,Merseyside Police,Merseyside Police,-2.988220,53.401872,On or near CANNING PLACE,E01033756,Liverpool 061C,Investigation complete; no suspect identified
cb4f3ef0d3feaef9e2d6552c8047a37a69caa07d15016b32fdcf40e8f263f2c5,2019-02,Merseyside Police,Merseyside Police,-2.923590,53.402605,On or near LONG LANE,E01006727,Liverpool 035D,Unable to prosecute suspect
9e6b4b489b113157098d702141e5c45744c51432c827e4147db0c23f2b01c597,2019-02,Merseyside Police,Merseyside Police,-3.014978,53.371534,On or near PALMERSTON STREET,E01007295,Wirral 027D,Suspect charged
e47a222d8a52697697908929d6a33493737e289a4bb9feddb49e04b0547a61e6,2019-02,Merseyside Police,Merseyside Police,-2.777729,53.438521,On or near HILL SCHOOL ROAD,E01006829,St. Helens 018D,Action to be taken by another organisation
3ec5bd17038e89be48c129aaa5f831bd14709fdf5150e914c70acc133c4dbe9e,2019-02,Merseyside Police,Merseyside Police,-2.737189,53.416756,On or near ST MICHAELS ROAD,E01006910,St. Helens 022E,Unable to prosecute suspect
b72b284190ebf7a25c38557d016b3ae4b5bc72b105a1a4637bd41d73ebd3806d,2019-02,Merseyside Police,Merseyside Police,-2.725241,53.475858,On or near WASDALE AVENUE,E01006850,St. Helens 004B,Unable to prosecute suspect
bc682eb0633e4a1426bfe507934acd3023bf9938c0af245293a1fe376f5ee010,2019-02,Merseyside Police,Merseyside Police,-2.760186,53.449978,On or near BALFOUR STREET,E01006833,St. Helens 016B,Unable to prosecute suspect
f8212b55e6221af2f8b01aeb39b2865031bec40b9c708419c1a324894406de3a,2019-02,Merseyside Police,Merseyside Police,-2.754683,53.451280,On or near SILKSTONE CLOSE,E01006834,St. Helens 012B,Unable to prosecute suspect
e8962ab42dd9405fed87d1bff442ab0f3d88cef33218775496bfd7be079dfba3,2019-02,Merseyside Police,Merseyside Police,-2.760186,53.449978,On or near BALFOUR STREET,E01006833,St. Helens 016B,Unable to prosecute suspect
abd37790c55ff73a069a268879715ab553257305cd415f37e7eef352f8665a32,2019-02,Merseyside Police,Merseyside Police,-3.013485,53.367511,On or near HIGHFIELD CRESCENT,E01007176,Wirral 029C,Unable to prosecute suspect
3664148f4a55bc75406f307381d88b9f8a5fa32c0f784be94ee4f4b065dde364,2019-02,Merseyside Police,Merseyside Police,-2.980079,53.403000,On or near FLEET STREET,E01033756,Liverpool 061C,Offender given a caution
e253da4be12e2f794547d0080bff14e86a86a9e819f3f27ea715e8c5af1e4695,2019-02,Merseyside Police,Merseyside Police,-2.980079,53.403000,On or near FLEET STREET,E01033756,Liverpool 061C,Further investigation is not in the public interest
3cba67587634c473bf09086ee214512c76a93e9203a7387df9a0524dc84b893b,2019-02,Merseyside Police,Merseyside Police,-2.980079,53.403000,On or near FLEET STREET,E01033756,Liverpool 061C,Unable to prosecute suspect
e9b1cea6c17a2d3bcba70559dcddaf37df8685418196eddd70d7b6d59d73e399,2019-02,Merseyside Police,Merseyside Police,-2.941881,53.516944,On or near Parking Area,E01007095,Sefton 018C,Local resolution
a1fac05dcf5dbcd854ce857768c5f08c9f4467a7aca9baccf0f2d74cbb344141,2019-02,Merseyside Police,Merseyside Police,-2.954179,53.670075,On or near ASLAND GARDENS,E01007031,Sefton 002B,Unable to prosecute suspect
2bfd616526f657819384da6ecd6fb5461107d704edaf48c37f29a30824448b68,2019-02,Merseyside Police,Merseyside Police,-2.954179,53.670075,On or near ASLAND GARDENS,E01007031,Sefton 002B,Unable to prosecute suspect
a76bb106ad7d86a93acf72a63c97951125dabad42b3ec400864ddf5485e8016b,2019-02,Merseyside Police,Merseyside Police,-2.977302,53.402600,On or near BOLD STREET,E01033756,Liverpool 061C,Investigation complete; no suspect identified
1531aef296af523e1e0b8146c5ef01b44b4828957f9a8d8f702dca56be58c1eb,2019-02,Merseyside Police,Merseyside Police,-3.028576,53.386933,On or near CEDAR STREET,E01007130,Wirral 021A,Unable to prosecute suspect
5ced63ecf0bb6eb9baf75eab5521b804cdfa3f5660b3061eac0973da6807545d,2019-02,Merseyside Police,Merseyside Police,-2.992545,53.475841,On or near BARK ROAD,E01006984,Sefton 031E,Suspect charged
45b35b93861b2553c25af0a0bc9213b985dddea95d2d916a99cebc0c09d665e6,2019-02,Merseyside Police,Merseyside Police,-2.969045,53.414542,On or near SHAW STREET,E01006646,Liverpool 023C,Unable to prosecute suspect
d8274c5041d6827ab363e589b63cc3ccde29d44be0899d83e13201a0e04224f8,2019-02,Merseyside Police,Merseyside Police,-2.647648,53.468025,On or near ABBEYWAY SOUTH,E01006840,St. Helens 005C,Local resolution
a2549e39c300572514e6c2852dd37d56cc3f6dfac7b38c7524cdf65c80bee4d7,2019-02,Merseyside Police,Merseyside Police,-2.617983,53.456371,On or near GOLBORNE STREET,E01006856,St. Helens 015A,Unable to prosecute suspect
b7f4ba8444b0bb61e3f43aaa96e3efeb7a237907897784984075583944782243,2019-02,Merseyside Police,Merseyside Police,-3.007943,53.644053,On or near PRINCES STREET,E01006968,Sefton 004C,Local resolution
31166595102ad147a678846cb19b84a1503f7353d7ffddf8eb5a0022e156eb7e,2019-02,Merseyside Police,Merseyside Police,-3.007943,53.644053,On or near PRINCES STREET,E01006968,Sefton 004C,Local resolution
31b16ea502f403a25375a437a7334662c9fa01ce164b0a10767dc79f11ea3e02,2019-02,Merseyside Police,Merseyside Police,-3.037340,53.603578,On or near FAIRFIELD ROAD,E01006920,Sefton 011A,Unable to prosecute suspect
31b16ea502f403a25375a437a7334662c9fa01ce164b0a10767dc79f11ea3e02,2019-02,Merseyside Police,Merseyside Police,-3.037340,53.603578,On or near FAIRFIELD ROAD,E01006920,Sefton 011A,Unable to prosecute suspect
2f9f15e88ad5ffc17e183f61a66ff5fd234b3bef8e6609b07c781a3b408522c5,2019-02,Merseyside Police,Merseyside Police,-2.983186,53.404026,On or near Conference/Exhibition Centre,E01033756,Liverpool 061C,Unable to prosecute suspect
05547bc6da0c7fa0b913106cf5d7597b5c3a151196f2c000080983039b03c2c3,2019-02,Merseyside Police,Merseyside Police,-2.988434,53.329311,On or near CHESTNUT GROVE,E01007136,Wirral 039B,Unable to prosecute suspect
9b6adca1d642faf0aa0f3460590a013303bffe30b3c0cdae9185be6cf7189241,2019-02,Merseyside Police,Merseyside Police,-3.024750,53.470473,On or near STANLEY ROAD,E01006957,Sefton 032C,Unable to prosecute suspect
50c184664eeed4cfd5bede63e283198114e219c620f798a18ff87555d9f98e57,2019-02,Merseyside Police,Merseyside Police,-2.740640,53.453372,On or near WESTFIELD STREET,E01006832,St. Helens 012A,Investigation complete; no suspect identified
9aa7e65591b11e3a3a52f23056fd599093d59af6610be5e4d317ec93d0afd0f4,2019-02,Merseyside Police,Merseyside Police,-2.842134,53.359558,On or near KYLEMORE COURT,E01006431,Knowsley 020D,Unable to prosecute suspect
9371d3fa03526f52b643e0eba2c6782e0e042f0423b5499dac84422714161f1a,2019-02,Merseyside Police,Merseyside Police,-2.996558,53.652643,On or near NORTH STREET,E01006945,Sefton 004A,Suspect charged
dbcaba3da5f7fba1bc5cbaf9932f8c5d7dd8a29a28fa5663237d090e12be2c2d,2019-02,Merseyside Police,Merseyside Police,-2.869798,53.489346,On or near JARRETT ROAD,E01006448,Knowsley 001A,Investigation complete; no suspect identified
485de067cbb6d557c979fac40c48e4bd78960e8129a8ac166ebde78fcd8d3cda,2019-02,Merseyside Police,Merseyside Police,-2.964305,53.384584,On or near PARK ROAD,E01006632,Liverpool 044C,Unable to prosecute suspect
3fafb83cafb87d0d0db34cf5b37cccd2c95e3e8ab2e07e7e48939f6698e65f8f,2019-02,Merseyside Police,Merseyside Police,-3.019110,53.380281,On or near SIDNEY ROAD,E01007292,Wirral 021E,Unable to prosecute suspect
606a63199e88934a03f12126e0e989e09de9cbf25494c358a2e4d0c8fc3624af,2019-02,Merseyside Police,Merseyside Police,-2.976861,53.404365,On or near UPPER NEWINGTON,E01033756,Liverpool 061C,Suspect charged
800aec35612d33501cd9fc61d42ab4df87fbe5cf0d70be24b7f2b8ac82b38da5,2019-02,Merseyside Police,Merseyside Police,-2.976006,53.403806,On or near BENSON STREET,E01033756,Liverpool 061C,Suspect charged
1f7b51a304195e95500573377f5707e10df50e4e16fa72451f817ce340b6d709,2019-02,Merseyside Police,Merseyside Police,-2.959950,53.390812,On or near PIMHILL CLOSE,E01006677,Liverpool 043D,Suspect charged
ec5be1ccaa49fc144254868f7ced3ec879e68f8ec2e758e013e4624356c58fbf,2019-02,Merseyside Police,Merseyside Police,-2.964305,53.384584,On or near PARK ROAD,E01006632,Liverpool 044C,Unable to prosecute suspect
e1590d12a61fdb4077be00875071ead23a5d2a144d6094e4856d09fcf218d4c2,2019-02,Merseyside Police,Merseyside Police,-2.698098,53.433197,On or near HELENA ROAD,E01006900,St. Helens 022B,Investigation complete; no suspect identified
bce9c7e9b6e638037a1870b000b1c1bb742417ad53fceef3f3fe032d3361b699,2019-02,Merseyside Police,Merseyside Police,-2.995159,53.365328,On or near RIVER GROVE,E01007138,Wirral 031B,Local resolution
36099a699d2d671755c6367f918fef88815baae68d26c98be2e7f2435098e824,2019-02,Merseyside Police,Merseyside Police,-2.970308,53.486469,On or near RONALD ROSS AVENUE,E01007087,Sefton 029C,Offender given a caution
8a3328c64ffba62fc184bb18dd18aa581631c92ed3a3c6baa4d43ed5d3a63950,2019-02,Merseyside Police,Merseyside Police,-2.957038,53.415169,On or near BOALER STREET,E01006746,Liverpool 030E,Unable to prosecute suspect
dfc8b1c2b96d7cc881f5d828a66a15cf3dc81fb7217727410ad2ae74a83c11f1,2019-02,Merseyside Police,Merseyside Police,-3.049314,53.438394,On or near WELLINGTON ROAD,E01007237,Wirral 001D,Unable to prosecute suspect
2e256cddcd8cd548f98a8b92269402767ba89d081f785ef3f1d619484ae048ae,2019-02,Merseyside Police,Merseyside Police,-2.961349,53.456204,On or near BROOK ROAD,E01006787,Liverpool 006A,Offender given a drugs possession warning
92b8aef6f7baa3eec6a69aa56ebe3779c779b7353e194acb631233607785d963,2019-02,Merseyside Police,Merseyside Police,-2.976568,53.430310,On or near KIRKDALE ROAD,E01006560,Liverpool 023A,Offender given a caution
4e1837ee5c62450cc7c0c5ec96bed77b7ed87c4c0d7263a7cf28417249d3044a,2019-02,Merseyside Police,Merseyside Police,-2.976607,53.454966,On or near SUMMERS AVENUE,E01006965,Sefton 038E,Unable to prosecute suspect
2f9d7696f8d59bce30bd48468ba8e98cfe0fe08e23b9e6a317563ad5a4aeb702,2019-02,Merseyside Police,Merseyside Police,-3.012323,53.464835,On or near CECIL ROAD,E01007011,Sefton 034C,Local resolution
e1c5e8ea4b6aba8d0bf8e050bee20eefe64903af8f6178c683405415de970a02,2019-02,Merseyside Police,Merseyside Police,-2.683774,53.433478,On or near CAMELLIA GARDENS,E01006900,St. Helens 022B,Investigation complete; no suspect identified
064f444a31f4e55cc73b37cd7befdeb7e1deba871cc19f958a9513a3bd2e7b40,2019-02,Merseyside Police,Merseyside Police,-2.967615,53.440342,On or near GOODISON ROAD,E01006614,Liverpool 012B,Investigation complete; no suspect identified
217a6c33ff6d0218b9ffd526e51bf60dc7d0e9e11e58c40a7a8d501b90435eb4,2019-02,Merseyside Police,Merseyside Police,-2.981075,53.405122,On or near Shopping Area,E01033760,Liverpool 060C,Investigation complete; no suspect identified
58c8c1ca738d9339bb68854b81a217939123dccde710c39dffc4a173113ccde8,2019-02,Merseyside Police,Merseyside Police,-2.636228,53.457893,On or near SILVERDALE ROAD,E01006867,St. Helens 010B,Unable to prosecute suspect
0076072a29be16516bf7d751369d3c015e4f8a59f36e30d2cd761cb37f1d9541,2019-02,Merseyside Police,Merseyside Police,-3.005290,53.369234,On or near SEFTON ROAD,E01007289,Wirral 031E,Suspect charged
60829809925b7d9e272b9e0df3333314d337121e73ddc40592a96f4f3d7d6138,2019-02,Merseyside Police,Merseyside Police,-2.978382,53.422106,On or near GREAT HOMER STREET,E01006648,Liverpool 023D,Unable to prosecute suspect
fd9650a54e2c1317b0a1d9bcbfe7f6a9ae85718940329a578f4f8e3f9d9a4630,2019-02,Merseyside Police,Merseyside Police,-2.978537,53.331864,On or near Parking Area,E01007137,Wirral 039C,Further investigation is not in the public interest
34c5f1d500096f1af596aca9703705a3954138b0b437d8a62854e4594d0eb9e4,2019-02,Merseyside Police,Merseyside Police,-2.897369,53.483111,On or near NORBURY ROAD,E01006455,Knowsley 004A,Unable to prosecute suspect
b64c5252c5ca3280a3545a72a1ccc3eb93e66cdb6f034200ae0e85982d7ad692,2019-02,Merseyside Police,Merseyside Police,-3.037930,53.489523,On or near ASHBOURNE AVENUE,E01006940,Sefton 022E,Unable to prosecute suspect
8cfe022e6df85838793aa2a2ad93d9a8c187834618f8d93188b940c805e494e1,2019-02,Merseyside Police,Merseyside Police,-2.880405,53.351542,On or near Shopping Area,E01006743,Liverpool 058D,Offender given a caution
633a3500c61b391911bc17da1698cb4b378c32b543c59c209cbbc69568d57ea9,2019-02,Merseyside Police,Merseyside Police,-3.024045,53.405507,On or near KELVINSIDE,E01007269,Wirral 010C,Investigation complete; no suspect identified
9edc37ea3766750b01b554f028aa94f50c937513a1cd439cc34674be070fd854,2019-02,Merseyside Police,Merseyside Police,-3.041074,53.385206,On or near MATHER ROAD,E01007160,Wirral 020B,Unable to prosecute suspect
0748f174fa2649003a2186977fc0a720d513ba1541f03b2a9489ccaa50ec17a4,2019-02,Merseyside Police,Merseyside Police,-3.005609,53.647039,On or near Shopping Area,E01006968,Sefton 004C,Unable to prosecute suspect
3fed2a67b8dd7f867cee819dd5e0a1fa5f326237d28c0102e11a73860f8cb06f,2019-02,Merseyside Police,Merseyside Police,-3.003330,53.650447,On or near STANLEY STREET,E01033094,Sefton 004F,Offender given a caution
e20ee6e26dc653d10d49a63a258ed02f31fa10b76ca3c945925d837c7ded5f38,2019-02,Merseyside Police,Merseyside Police,-3.053091,53.412149,On or near BRECK PLACE,E01007213,Wirral 007B,Unable to prosecute suspect
d5467e407f116910b5602f6a344bb9b7513600a2aafc8219036c39d737b13451,2019-02,Merseyside Police,Merseyside Police,-3.000644,53.360176,On or near GROVE SQUARE,E01007139,Wirral 031C,Unable to prosecute suspect
b8659d57573bb98ac1947c199a3cf3fc55f45eb152333f1972872dbdef0bb36a,2019-02,Merseyside Police,Merseyside Police,-3.044867,53.420365,On or near LISCARD VILLAGE,E01007217,Wirral 007D,Unable to prosecute suspect
0420972a8c6cb088497ae822853d7b1e88cb0633894de98d9a09207d625e9324,2019-02,Merseyside Police,Merseyside Police,-2.988220,53.401872,On or near CANNING PLACE,E01033756,Liverpool 061C,Unable to prosecute suspect
ee1321f3db35a84bcbc057d09b4d34f98a51c0b6f6bdde216ec47922990bd631,2019-02,Merseyside Police,Merseyside Police,-3.031349,53.396518,On or near ST ANNE STREET,E01007133,Wirral 016E,Unable to prosecute suspect
f6eb467116b4eb67b13556ea3e924b623371ed7f3429f5337d4c9c2aec53eb45,2019-02,Merseyside Police,Merseyside Police,-2.988220,53.401872,On or near CANNING PLACE,E01033756,Liverpool 061C,Investigation complete; no suspect identified
22eb380b37083197ea5018a574b49415df185acc5b282a68ef1f20d8fe8276ca,2019-02,Merseyside Police,Merseyside Police,-3.070808,53.423911,On or near INCHCAPE ROAD,E01007309,Wirral 006D,Unable to prosecute suspect
343e83a9c581ee6a1596bfa7a2a10588222bfbc1ca943c54b56279e9d1758526,2019-02,Merseyside Police,Merseyside Police,-3.009040,53.375288,On or near WOBURN PLACE,E01007295,Wirral 027D,Unable to prosecute suspect
b1de6ec0398a481b75ac4babc9c4919584f57c158bd27ebe5390022d1b859f11,2019-02,Merseyside Police,Merseyside Police,-3.070808,53.423911,On or near INCHCAPE ROAD,E01007309,Wirral 006D,Unable to prosecute suspect
4774faeefa2078ee48aaa1e40c47e8cdf26836bda99fb6fbabeef5ece7a04da9,2019-02,Merseyside Police,Merseyside Police,-2.937142,53.413529,On or near PRESCOT ROAD,E01006692,Liverpool 028B,Investigation complete; no suspect identified
22c19f6093c5df24500b6e21685ad893f264e371d5137e820fbf378cf72f92eb,2019-02,Merseyside Police,Merseyside Police,-2.951424,53.433263,On or near HAZELHURST ROAD,E01006544,Liverpool 015C,Suspect charged
50170ad4798a11092a43ef82633804ec4a73e3593b743af58c8036a7420e4cd9,2019-02,Merseyside Police,Merseyside Police,-2.992308,53.640454,On or near ASH STREET,E01006996,Sefton 007D,Suspect charged
4f6fcd31ff0fd4f8f4699915f52865e1a672a21818be7a64a01c7a5a320710f9,2019-02,Merseyside Police,Merseyside Police,-2.971277,53.438542,On or near COUNTY ROAD,E01006700,Liverpool 012E,Unable to prosecute suspect
120f1b9d5f17dc811753aabcfa7de01bd165ea22f97a0494ac4d9bae6fde330b,2019-02,Merseyside Police,Merseyside Police,-2.979988,53.350622,On or near MANOR PLACE,E01007143,Wirral 036C,Unable to prosecute suspect
938fb9d4a9240fabc9adaa9ec847a7775921b9f177c5fef09e4a96699bba7987,2019-02,Merseyside Police,Merseyside Police,-2.672869,53.464470,On or near OAKTHORN GROVE,E01006838,St. Helens 006B,Unable to prosecute suspect
0cbfe382f3069b2346c27379bf64f881c1e62f1deeef262a1cad705301bcebba,2019-02,Merseyside Police,Merseyside Police,-3.015565,53.387979,On or near TUNNEL ROAD,E01007291,Wirral 021D,Local resolution
0be41a42b9d6ea7f94476d3386d3d18c2434c29fde446d8a6f1842f258102d6e,2019-02,Merseyside Police,Merseyside Police,-2.841620,53.357107,On or near TIVERTON ROAD,E01006431,Knowsley 020D,Unable to prosecute suspect
789a6e4e698285b05dbfb502bd8b8f03bbb7b2fb37ee72c1d58ae2b0ae4cab77,2019-02,Merseyside Police,Merseyside Police,-3.002084,53.636202,On or near DUKE STREET,E01006998,Sefton 007E,Suspect charged
8f78ae15a7589f1a2e506f6c7d67f2578692356c123b2ec1b37cd503d225fb1e,2019-02,Merseyside Police,Merseyside Police,-3.027016,53.385814,On or near WHETSTONE LANE,E01007128,Wirral 016C,Offender given a caution
9ee5cb5f550ed5acdef35cd89f24521d33a4a66cbfff49b001e5ec3669bea5b0,2019-02,Merseyside Police,Merseyside Police,-2.951514,53.424525,On or near NEWCOMBE STREET,E01006548,Liverpool 019D,Offender given a caution
51d0b27a191008d58c884ffabf628024bb52109bac9887442e8932c91ed6f099,2019-02,Merseyside Police,Merseyside Police,-2.971450,53.316677,On or near ELGAR AVENUE,E01007167,Wirral 042C,Unable to prosecute suspect
02a8102b6c7afa52c6548e7ede3e20a20b1ab7ac88e0f5fb3c1e7ca5114ddf3b,2019-02,Merseyside Police,Merseyside Police,-3.036995,53.388118,On or near GRANGE MOUNT,E01007129,Wirral 016D,Unable to prosecute suspect
1d878c4ce3e3b293d39a65e9615322a2918f6c4ff7409f01b4804983a51bed99,2019-02,Merseyside Police,Merseyside Police,-2.949853,53.426966,On or near TWICKENHAM STREET,E01006548,Liverpool 019D,Unable to prosecute suspect
ad57e32baa0389af3f622a3df8f1e2d5d32a90f24706243d5aced840d5221d1e,2019-02,Merseyside Police,Merseyside Police,-2.999450,53.468323,On or near RICHMOND COURT,E01007016,Sefton 034D,Suspect charged
5cc80c66d38e6f56099d1c71ccaf470978bcf13b242c13f7d47f73b21da11fc7,2019-02,Merseyside Police,Merseyside Police,-2.999450,53.468323,On or near RICHMOND COURT,E01007016,Sefton 034D,Unable to prosecute suspect
9f01c5a7a9818777b04585fd570147ca6f78830180efedd4769a99204ed378ef,2019-02,Merseyside Police,Merseyside Police,-2.855584,53.474276,On or near Petrol Station,E01006446,Knowsley 005G,Investigation complete; no suspect identified
c2cae2935a2bc48b32cbb7cfc0cdf21516fca14b3773d8ec4e039671a623fc86,2019-02,Merseyside Police,Merseyside Police,-2.997354,53.348626,On or near GLADSTONE HALL ROAD,E01007142,Wirral 036B,Suspect charged
7b1befaed8140c9056a605ac72fbd9061c0c25384ac0d80064a86062acc7e76a,2019-02,Merseyside Police,Merseyside Police,-3.015573,53.470353,On or near DEWLANDS ROAD,E01006952,Sefton 032A,Unable to prosecute suspect
044c94a9ac452101e0a04d8382f46fc102be83d0101074942b6d45ff693d42c3,2019-02,Merseyside Police,Merseyside Police,-3.048878,53.373614,On or near Supermarket,E01007245,Wirral 024B,Unable to prosecute suspect
ff214c0d8533b52901145a830f3f68de16098e6a1371ae523b27d876d507f307,2019-02,Merseyside Police,Merseyside Police,-3.008843,53.459768,On or near RIVERSIDE CLOSE,E01007005,Sefton 034B,Suspect charged
eda07a07418b769f97cf9d2518c302e372eb7e3c56f269fdc09263044ce3d2e0,2019-02,Merseyside Police,Merseyside Police,-2.640734,53.454085,On or near FOUNDRY STREET,E01006863,St. Helens 013A,Action to be taken by another organisation
95161401b2b2c0b390b65bf71a9c0b74389cc0937787cf44a86d055966f95e0b,2019-02,Merseyside Police,Merseyside Police,-2.873501,53.480322,On or near FARRIER ROAD,E01006446,Knowsley 005G,Unable to prosecute suspect
4819d4b6efe7aefd4ad145ff8157d5ead8227a2dd4b2134b9fd00f69d1afb018,2019-02,Merseyside Police,Merseyside Police,-3.064751,53.419398,On or near KELMSCOTT DRIVE,E01007312,Wirral 003C,Local resolution
191bc8f885f170ab1983c1f7c8cefd6c0195d9d627b4ec9e4542653d454dd260,2019-02,Merseyside Police,Merseyside Police,-3.039316,53.387730,On or near GRANGE MOUNT,E01007155,Wirral 020A,Suspect charged
191bc8f885f170ab1983c1f7c8cefd6c0195d9d627b4ec9e4542653d454dd260,2019-02,Merseyside Police,Merseyside Police,-3.039316,53.387730,On or near GRANGE MOUNT,E01007155,Wirral 020A,Suspect charged
372cce902e40b59659491ec99abac478a0225f0589cbfeef6a51b59b838415f5,2019-02,Merseyside Police,Merseyside Police,-2.925948,53.410740,On or near ARDLEIGH ROAD,E01032509,Liverpool 027H,Suspect charged
a26e4394291b1a6f56e3116a6a082d7d2ba8e8b6785d3b3af1b33ecdad98ed29,2019-02,Merseyside Police,Merseyside Police,-3.035515,53.418181,On or near FERNDALE AVENUE,E01007219,Wirral 005C,Unable to prosecute suspect
307f65f80ea88fe4f0797563b7dff0729a6cfe7f3c740ccf55b33467c8f312b0,2019-02,Merseyside Police,Merseyside Police,-2.924813,53.438183,On or near MORNINGSIDE VIEW,E01006600,Liverpool 011A,Unable to prosecute suspect
e486254135a7ed7e3b1554d30c6d56c266d6508cef771a354eab37a77407f6ed,2019-02,Merseyside Police,Merseyside Police,-2.994359,53.484438,On or near GORSEY AVENUE,E01007089,Sefton 024E,Unable to prosecute suspect
345d5089aebfcc649889c8b53b54c9ded8bbf4610f80bd94bd027df636116bca,2019-02,Merseyside Police,Merseyside Police,-2.738373,53.453791,On or near BALDWIN STREET,E01006872,St. Helens 014C,Offender given a caution
2756028012893a9731f872ce944a1a7cace35e8da650c5964cd9b4ecf67af20c,2019-02,Merseyside Police,Merseyside Police,-2.907732,53.480777,On or near HOULSTON ROAD,E01006508,Knowsley 004D,Unable to prosecute suspect
6393eaba5db59210e9f6590d418ca6d90bd50c4f0e9c5bf9f6186a92c01fbe98,2019-02,Merseyside Police,Merseyside Police,-2.987117,53.404218,On or near Bus/Coach Station,E01033756,Liverpool 061C,Investigation complete; no suspect identified
fb21f79de1e477a8a18b82b17026531346ccaba427fb8b6424a7747b33968ad6,2019-02,Merseyside Police,Merseyside Police,-2.738373,53.453791,On or near BALDWIN STREET,E01006872,St. Helens 014C,Offender given a caution
85c0b3fcc7da125c8b1acaca5c0a5c64c413ee2a37d5b12e289df835aefe708b,2019-02,Merseyside Police,Merseyside Police,-2.978559,53.402949,On or near Nightclub,E01033761,Liverpool 060D,Unable to prosecute suspect
da001c81cbf9ddd81546b7628296dbb2d7b3158da6e4b0f5c0f8bd991d6e0c68,2019-02,Merseyside Police,Merseyside Police,-3.176727,53.378283,On or near GRAINGER AVENUE,E01007196,Wirral 026A,Unable to prosecute suspect
cb94e88802b04fec90d11d44a92e6ac0819b5979cdb5153ebc42b89e75478ee5,2019-02,Merseyside Police,Merseyside Police,-2.999402,53.453456,On or near CRICKLADE CLOSE,E01007008,Sefton 037C,Offender given a caution
12f5c7dc3b3153ab036b02ce2f1b0539bfa1ce2b4b7496247f71de18c13228c8,2019-02,Merseyside Police,Merseyside Police,-2.948726,53.378345,On or near THIRLSTANE STREET,E01006628,Liverpool 052D,Investigation complete; no suspect identified
1637a532ca82175d7a0efdf8d478efb42da5051e8889bca816fda8c37518d8a4,2019-02,Merseyside Police,Merseyside Police,-2.922882,53.389370,On or near TRENTHAM AVENUE,E01006553,Liverpool 042A,Unable to prosecute suspect
8624cf5983bb3b81fd79b79252f3729bcd022248ff9cfcbf89aa385db3166bd9,2019-02,Merseyside Police,Merseyside Police,-2.980988,53.399999,On or near VINCENT COURT,E01033754,Liverpool 061B,Unable to prosecute suspect
e6f1f69adbcab12393d238321ddba41ad355417c61c5afc5a43faeb4201923ed,2019-02,Merseyside Police,Merseyside Police,-3.042779,53.411889,On or near DALE HEY,E01007276,Wirral 007E,Investigation complete; no suspect identified
e6e9afccac02721ab64ec13c9d875d8540a1386d74ca3997452e2f45d2df488b,2019-02,Merseyside Police,Merseyside Police,-3.023788,53.492450,On or near Parking Area,E01007105,Sefton 025C,Unable to prosecute suspect
14d09f0162b932c09c4e74768ab0bd98bacbe649627cb69458b77a7ba476d433,2019-02,Merseyside Police,Merseyside Police,-3.009940,53.462194,On or near CARADOC ROAD,E01007004,Sefton 034A,Suspect charged
73e0da63746e85e9e78c94837799844ce063678e455fb3feb3b6de130bbfc363,2019-02,Merseyside Police,Merseyside Police,-2.959005,53.414344,On or near HUTCHINSON STREET,E01006746,Liverpool 030E,Investigation complete; no suspect identified
095a4156f1a6c998a41b8982148da19df0f640d4e78109a243988804d88b3981,2019-02,Merseyside Police,Merseyside Police,-2.917766,53.442974,On or near HELMDON CLOSE,E01006599,Liverpool 010B,Suspect charged
8a6a8144825bfb76026d6b4638092275af416e11912cdf489055df7b6f2e1cb9,2019-02,Merseyside Police,Merseyside Police,-2.973390,53.440718,On or near CARISBROOKE ROAD,E01006700,Liverpool 012E,Suspect charged
a82c656a65ff064f351ce8425f4dddf804b8161e57c6f09e9d7f71cc795528a8,2019-02,Merseyside Police,Merseyside Police,-2.882026,53.477221,On or near DUNFOLD CLOSE,E01006435,Knowsley 005D,Local resolution
e5afe6ab6db633c4056577a4e80499521aa970b34a683d59b0bb4c2ae33b47cb,2019-02,Merseyside Police,Merseyside Police,-3.002980,53.457669,On or near KEATS STREET,E01007005,Sefton 034B,Unable to prosecute suspect
e0e210145551a97c91262821969bf3aabcaabb68eb87e3a0894190513450bcfa,2019-02,Merseyside Police,Merseyside Police,-2.721355,53.453742,On or near HIGHER PARR STREET,E01006873,St. Helens 014D,Unable to prosecute suspect
f5ed504ca7da9d9606d6ebe450d5f1dc3bd3acd3c112af450d864895b2f53cb0,2019-02,Merseyside Police,Merseyside Police,-2.719852,53.420070,On or near THE WILLOWS,E01006909,St. Helens 022D,Unable to prosecute suspect
a2a272d49c4fc91c6cdb8e91498ed73b786c1fdd2440bc92ec460b1ff223c13c,2019-02,Merseyside Police,Merseyside Police,-2.888273,53.393210,On or near SELWORTHY GREEN,E01006583,Liverpool 047C,Unable to prosecute suspect
76ee0cb50b8ff8bf65632707b73db2cf8d95d2547a7c1d84e3cb322afc7a6f9f,2019-02,Merseyside Police,Merseyside Police,-3.022180,53.409901,On or near LUKE STREET,E01007273,Wirral 008B,Unable to prosecute suspect
b6f8dcc96b54eca4865ebe5cf16d76abda30726226b8c28ff8b91f4e0fd0a481,2019-02,Merseyside Police,Merseyside Police,-2.940643,53.390148,On or near LANCASTER AVENUE,E01006554,Liverpool 048F,Investigation complete; no suspect identified
511b1119a5377b49c819774d6c7d13cdfaf66563e35815658e9d6b88aef2b26a,2019-02,Merseyside Police,Merseyside Police,-3.039272,53.395173,On or near Sports/Recreation Area,E01007155,Wirral 020A,Investigation complete; no suspect identified
49dfe5f3c5ca8b44903d1e2d3c97fff6fa025d1e6a1008fe9ae95675fe5a6954,2019-02,Merseyside Police,Merseyside Police,-2.941965,53.422084,On or near BELMONT DRIVE,E01006760,Liverpool 028E,Investigation complete; no suspect identified
4c454deb81299c1ac4ae1b8083bacf6e24991ac30ab0191c938a7a0d33f51d9a,2019-02,Merseyside Police,Merseyside Police,-3.091976,53.390774,On or near OAKLAND DRIVE,E01007305,Wirral 018E,Suspect charged
903b4edaf21558684830b01ebb481b84f1c13a3b3cf46a98c02b7bfd9d6d6613,2019-02,Merseyside Police,Merseyside Police,-2.983597,53.434872,On or near OWEN ROAD,E01006702,Liverpool 014C,Unable to prosecute suspect
110ada26aaa4ee7f668dfbe9aa24c72611b8e8c8f7fecef0c94303d1aba58043,2019-02,Merseyside Police,Merseyside Police,-2.872375,53.476087,On or near VALE GROVE,E01006434,Knowsley 005C,Investigation complete; no suspect identified
8f13ec29dcdb5e2b28391a4de763dd67bf362bd86141da96039031380bdaba44,2019-02,Merseyside Police,Merseyside Police,-2.928234,53.441095,On or near Supermarket,E01033759,Liverpool 010F,Suspect charged
7721b0c653fc07c776a0c7330560675818603ed838e72bab495d77b70ee12131,2019-02,Merseyside Police,Merseyside Police,-3.021548,53.607983,On or near HEATHFIELD ROAD,E01006925,Sefton 011C,Unable to prosecute suspect
1ba3df0621c2010d12be9c1be26d77386309e988485293b21ce94a20f72647a7,2019-02,Merseyside Police,Merseyside Police,-2.908825,53.404993,On or near Supermarket,E01006585,Liverpool 032B,Investigation complete; no suspect identified
ad4fc5f4c3441d81f776b2f48f3e8fd7ec21e243afbbf6a5e6e9db3f300f0f9f,2019-02,Merseyside Police,Merseyside Police,-3.016691,53.377174,On or near SOUTHWICK ROAD,E01007293,Wirral 027C,Unable to prosecute suspect
d434f70b1356014ec309b94b73a7c7ed1edfa96d70ff4ba571cca4f2d53e8dcb,2019-02,Merseyside Police,Merseyside Police,-2.757214,53.443776,On or near ROCHESTER GARDENS,E01006835,St. Helens 016C,Unable to prosecute suspect
736835798f72e42b3da61089da475405e775a99e73f31a2d885a5b7f8f6ecf6f,2019-02,Merseyside Police,Merseyside Police,-3.016691,53.377174,On or near SOUTHWICK ROAD,E01007293,Wirral 027C,Unable to prosecute suspect
efb274bb6cc2ffcff408aaf029f2fd9a15d288846a7d4163ce41fe39f895779b,2019-02,Merseyside Police,Merseyside Police,-3.061209,53.552564,On or near TYRERS CLOSE,E01007078,Sefton 015D,Investigation complete; no suspect identified
cbbb5da318ec5d6c0b71c456369da717929f86523fceaf3303c3cb4609255079,2019-02,Merseyside Police,Merseyside Police,-3.033511,53.479467,On or near MANLEY ROAD,E01006954,Sefton 028C,Unable to prosecute suspect
55adb888253ea7edde1223358a0985a2d3c8ca7f435c9f5c36a05a9fc2a7030d,2019-02,Merseyside Police,Merseyside Police,-2.711650,53.414592,On or near CRANSHAW AVENUE,E01006898,St. Helens 022A,Unable to prosecute suspect
599e18a6e66a5b2f7848821a10bfea77fd0d7f094890709f82378942e0ba8e2f,2019-02,Merseyside Police,Merseyside Police,-2.928984,53.445117,On or near COLMORE ROAD,E01006730,Liverpool 011C,Further investigation is not in the public interest
66d8b3f4276a0d336d32a56be8f7c175991c3c9aeb01c6ab47efb4445e163572,2019-02,Merseyside Police,Merseyside Police,-2.951001,53.463532,On or near DURLEY ROAD,E01006657,Liverpool 002C,Further investigation is not in the public interest
d88bb1ccfd39ffbe33591785e8d27a2bce338ad10a332f29489a9a581ff8ea6c,2019-02,Merseyside Police,Merseyside Police,-2.901777,53.454359,On or near GRIFFIN CLOSE,E01006662,Liverpool 004B,Unable to prosecute suspect
72cd500039123cf78b06c83da0235734364b67521cfeee869c59b4ba6138820b,2019-02,Merseyside Police,Merseyside Police,-2.876089,53.435485,On or near BARON'S HEY,E01006644,Liverpool 017D,Unable to prosecute suspect
6917651ca7b1d3e9b9d4172d0f2d9db7e35fccf583f383063cbfc2357f30d697,2019-02,Merseyside Police,Merseyside Police,-3.040437,53.427523,On or near ZIG ZAG ROAD,E01007233,Wirral 002C,Unable to prosecute suspect
4f5547bd76325e46b764d4dfb8a2d749e8d2c5ec1254d87f4e9b8b5544e75421,2019-02,Merseyside Police,Merseyside Police,-3.031140,53.410866,On or near ASHVILLE ROAD,E01007272,Wirral 008A,Unable to prosecute suspect
2f1c0967fb5e72d2e977d71706e71454e8a3fbe58bcdbd0e31f9e27c7dc7ba34,2019-02,Merseyside Police,Merseyside Police,-3.060106,53.403233,On or near Supermarket,E01007122,Wirral 011C,Suspect charged
2f1c0967fb5e72d2e977d71706e71454e8a3fbe58bcdbd0e31f9e27c7dc7ba34,2019-02,Merseyside Police,Merseyside Police,-3.060106,53.403233,On or near Supermarket,E01007122,Wirral 011C,Suspect charged
9c4829145829125662c0bca10d6da0d3f855e5aac3167b3d6e058752aa7606f1,2019-02,Merseyside Police,Merseyside Police,-3.013690,53.393218,On or near MORTIMER STREET,E01007126,Wirral 016A,Suspect charged
e03417dcdcfe6babab46ae7e9967990939bf779791809d0f7c6dce3d8b380b88,2019-02,Merseyside Police,Merseyside Police,-2.928234,53.441095,On or near Supermarket,E01033759,Liverpool 010F,Suspect charged
f7d40326bd4123277d82112ac895aa3827dc96083e28209216fea6e1d0555436,2019-02,Merseyside Police,Merseyside Police,-2.769979,53.441124,On or near FRECKLETON ROAD,E01006904,St. Helens 016G,Investigation complete; no suspect identified
d650894f4310ea775c21752be48689d21fd96d8d30ea4c14d043ba7bd8596d32,2019-02,Merseyside Police,Merseyside Police,-3.002980,53.457669,On or near KEATS STREET,E01007005,Sefton 034B,Unable to prosecute suspect
e80fe0933d23627c105e7ff3fed56935d8f93b1c2db52d0f9f5e090cb428b809,2019-02,Merseyside Police,Merseyside Police,-2.876089,53.435485,On or near BARON'S HEY,E01006644,Liverpool 017D,Investigation complete; no suspect identified
d650485d02f68ae985b11ac69f1c17de08b6c7a4e03264729de9ca2b5384abe4,2019-02,Merseyside Police,Merseyside Police,-3.004324,53.629262,On or near BROOME CLOSE,E01007001,Sefton 008E,Unable to prosecute suspect
c3fba792152f2ece5f9f9dea2c28ed585356da3ea5ae74a0661ca8b6157368ea,2019-02,Merseyside Police,Merseyside Police,-2.784106,53.452079,On or near GILLARS GREEN DRIVE,E01006826,St. Helens 018A,Suspect charged
b64a4c9ffb2d5c65ced1e2d024f812bcf1f8aa2dc36320a53ea3051c7e0c7de7,2019-02,Merseyside Police,Merseyside Police,-3.092776,53.395010,On or near THORNHAM CLOSE,E01007305,Wirral 018E,Suspect charged
3bc6f7326dc3279d81e9fac3b33962e7123121ea54751425d0e84afd578fac3e,2019-02,Merseyside Police,Merseyside Police,-3.021548,53.607983,On or near HEATHFIELD ROAD,E01006925,Sefton 011C,Unable to prosecute suspect
2d15cae73dc5124a86e9b9801226a0f89940325fb0eac7cc9795966e70cb92c1,2019-02,Merseyside Police,Merseyside Police,-3.023303,53.386493,On or near RODNEY STREET,E01007291,Wirral 021D,Unable to prosecute suspect
7f70f0bd30226cad0552aa8a3529ea3eaad36e50ae222145232a8196420dbfc7,2019-02,Merseyside Police,Merseyside Police,-2.734840,53.452401,On or near Shopping Area,E01006872,St. Helens 014C,Suspect charged
be68dfa3f8b3a071ad9630442be015842d4d085917f7edcd74c32a45a2785d90,2019-02,Merseyside Police,Merseyside Police,-2.929746,53.425542,On or near Supermarket,E01006761,Liverpool 020B,Unable to prosecute suspect
51849b6774e53fdc4f7a44a31131cb695ef7a4a8e80344af6180cdf84e58916a,2019-02,Merseyside Police,Merseyside Police,-2.939629,53.438301,On or near LANGLAND CLOSE,E01006616,Liverpool 015D,Suspect charged
67d293edc819a1fe71e2f1ea59c38557ea46c8fa92ca9dd59f018573ffae35a6,2019-02,Merseyside Police,Merseyside Police,-3.047666,53.412421,On or near ROSTHERNE AVENUE,E01007270,Wirral 010D,Unable to prosecute suspect
67d293edc819a1fe71e2f1ea59c38557ea46c8fa92ca9dd59f018573ffae35a6,2019-02,Merseyside Police,Merseyside Police,-3.047666,53.412421,On or near ROSTHERNE AVENUE,E01007270,Wirral 010D,Unable to prosecute suspect
b8dacb9b2aa3ffadd73b598d8bc0312f25b08401103b1b5817ebaaf6d21472a2,2019-02,Merseyside Police,Merseyside Police,-2.944635,53.465803,On or near ST PETER'S ROAD,E01006652,Liverpool 002A,Investigation complete; no suspect identified
effeece3ce241f9fc76062487552a4f2a9e0318fbce950c3154c028e77e49844,2019-02,Merseyside Police,Merseyside Police,-2.697345,53.464419,On or near WAINE STREET,E01006813,St. Helens 008D,Offender given a drugs possession warning
86cc4b19d0045918dd0c488d1d63065d274d680970dfb723e168c63357fe59df,2019-02,Merseyside Police,Merseyside Police,-2.967096,53.427429,On or near MYCROFT CLOSE,E01033747,Liverpool 018F,Unable to prosecute suspect
c6f4fbaf92af280eff501289f79dcae43db527e44d54ab3bfc721bcdf5ef6118,2019-02,Merseyside Police,Merseyside Police,-2.876089,53.435485,On or near BARON'S HEY,E01006644,Liverpool 017D,Unable to prosecute suspect
62a36867066177d2ee2b66fbdc67cdf4aeb85211e2d22ec29bb2fe8fffe8ad36,2019-02,Merseyside Police,Merseyside Police,-3.040845,53.440518,On or near MARINE PROMENADE,E01007238,Wirral 001E,Investigation complete; no suspect identified
a539e1a8beab8c74fa5a815ce0c0e8615d919c31b1ceaceac411bb53d4486ecb,2019-02,Merseyside Police,Merseyside Police,-2.651187,53.458127,On or near LANCASTER CLOSE,E01006869,St. Helens 010D,Unable to prosecute suspect
f515e6bc07cf925e70b40cca99b3501095b5dbb441916e6930d28329c1b33e88,2019-02,Merseyside Police,Merseyside Police,-3.004667,53.458940,On or near DRYDEN STREET,E01007003,Sefton 036B,Unable to prosecute suspect
fc27b0deff8dea3dde5595ea4f32c20cc4ffb22adb819bf650590a0733bf4240,2019-02,Merseyside Police,Merseyside Police,-3.044045,53.398466,On or near BRAY STREET,E01032903,Wirral 010F,Suspect charged
8005e23690f8aadc1e995626ebb7415b969c6d4f5cb1d10760400725b395bc5d,2019-02,Merseyside Police,Merseyside Police,-2.928397,53.451332,On or near COLESHILL ROAD,E01006735,Liverpool 005D,Unable to prosecute suspect
e804a4adec3f1123527a7e895c9ed612b1c97130f6aac471ef7d919859c2bf7b,2019-02,Merseyside Police,Merseyside Police,-2.850969,53.427343,On or near PARBROOK ROAD,E01006441,Knowsley 006D,Offender given a drugs possession warning
527974bfc5131e1e6f95f63e1f22c3bf66c56a1ec353d0cce2a9601217d749b2,2019-02,Merseyside Police,Merseyside Police,-2.928397,53.451332,On or near COLESHILL ROAD,E01006735,Liverpool 005D,Unable to prosecute suspect
edf1198bb052936aa0fb0e69a714faafedd2facc8daadf38fb467d5d6a04e559,2019-02,Merseyside Police,Merseyside Police,-2.789202,53.501933,On or near ELM GARDENS,E01006883,St. Helens 001B,Suspect charged
18040ccdd564271c5e7d5aebfcd1170198498e6313e2c40ede435f6edf768329,2019-02,Merseyside Police,Merseyside Police,-3.023012,53.349263,On or near FERNS ROAD,E01007118,Wirral 035C,Local resolution
eca9713d9b8ee26e4002e50ad059f0d6544e9e1af9284f14775dabd2df3a36ac,2019-02,Merseyside Police,Merseyside Police,-3.021812,53.376348,On or near GRASVILLE ROAD,E01007294,Wirral 021F,Unable to prosecute suspect
be2c6c308ed2c643ed7edc8d1328baaa8d95f27222c0af7eaddafcfb0386c927,2019-02,Merseyside Police,Merseyside Police,-2.787199,53.416580,On or near SCOTT AVENUE,E01006496,Knowsley 009C,Further investigation is not in the public interest
a392b3cfece4925879b415ff16118c45346771503e476418a543ced7aedc10ba,2019-02,Merseyside Police,Merseyside Police,-3.102715,53.319886,On or near WESTWAY,E01007190,Wirral 040E,Investigation complete; no suspect identified
010bb16d62788f603842cc98cc056783fb2331f9a015ec8da67e743cc8ef6f96,2019-02,Merseyside Police,Merseyside Police,-3.046959,53.564771,On or near MOUNT HOUSE CLOSE,E01006988,Sefton 014A,Unable to prosecute suspect
43b31ec36f633f32633f9c615203c132b2d95827dc5ee63151f25b9d65527e99,2019-02,Merseyside Police,Merseyside Police,-2.930114,53.441719,On or near BROADWAY,E01006603,Liverpool 011B,Unable to prosecute suspect
8891411cbac6b082565a932adfa882c4bd9cd796cb07ecb9c6a325d9e2ed3391,2019-02,Merseyside Police,Merseyside Police,-2.928234,53.441095,On or near Supermarket,E01033759,Liverpool 010F,Suspect charged
047c123d25e83107ad69a72912797962633e9bb77344b1bae3f16fc2958b449c,2019-02,Merseyside Police,Merseyside Police,-2.966919,53.441525,On or near LINTON STREET,E01006615,Liverpool 012C,Unable to prosecute suspect
83f995fab814ea266fad4418b500e20011057d9ffe482fc53df84e9c1565171a,2019-02,Merseyside Police,Merseyside Police,-2.767341,53.418399,On or near PARK AVENUE,E01006894,St. Helens 021D,Unable to prosecute suspect
2523c30cedcf97183d73331521944d2fdd4b82f7f9dd03bb312c58603f3ec23c,2019-02,Merseyside Police,Merseyside Police,-2.767341,53.418399,On or near PARK AVENUE,E01006894,St. Helens 021D,Unable to prosecute suspect
586d3a2787a0c29970bd58287548c125725b47f3fbc9f8adaa76b6f07cf5321c,2019-02,Merseyside Police,Merseyside Police,-2.787199,53.416580,On or near SCOTT AVENUE,E01006496,Knowsley 009C,Further investigation is not in the public interest
9e22a80a40158a2a0354794b23393126154b4712bc9622006ed80749c612cf9b,2019-02,Merseyside Police,Merseyside Police,-2.944165,53.408673,On or near BOTANIC PLACE,E01006690,Liverpool 028A,Investigation complete; no suspect identified
067ac5a9a71ff6d33af6bb7565cce181869ae9aa11578610528afd8642dc1057,2019-02,Merseyside Police,Merseyside Police,-2.900748,53.356577,On or near EARP STREET,E01006744,Liverpool 057C,Suspect charged
067ac5a9a71ff6d33af6bb7565cce181869ae9aa11578610528afd8642dc1057,2019-02,Merseyside Police,Merseyside Police,-2.900748,53.356577,On or near EARP STREET,E01006744,Liverpool 057C,Suspect charged
067ac5a9a71ff6d33af6bb7565cce181869ae9aa11578610528afd8642dc1057,2019-02,Merseyside Police,Merseyside Police,-2.900748,53.356577,On or near EARP STREET,E01006744,Liverpool 057C,Suspect charged
0c25337704c643166f62819fba35d9c2c99c180a01354fdc5d84fa4011fae0b3,2019-02,Merseyside Police,Merseyside Police,-2.865492,53.373260,On or near WOOLTON STREET,E01006533,Liverpool 055C,Unable to prosecute suspect
836511d8b4be848e31d98af8198b0fdab6eb2b32e2d0c5a902643806709efa4a,2019-02,Merseyside Police,Merseyside Police,-2.727084,53.426804,On or near OLD ELTON HEAD ROAD,E01006912,St. Helens 019G,Unable to prosecute suspect
8518854260aeebac129f3c1f2ae6f35355e64ca480128dc07ed8e2e71c7a425c,2019-02,Merseyside Police,Merseyside Police,-3.026711,53.419390,On or near WRIGHT STREET,E01007215,Wirral 005A,Unable to prosecute suspect
5d3d19b8ba1f38cb111dac2619f49e329e7df126846e75cf02884bec0e0b2a56,2019-02,Merseyside Police,Merseyside Police,-2.900748,53.356577,On or near EARP STREET,E01006744,Liverpool 057C,Unable to prosecute suspect
d075d2f888c4c5527d44a508e665c9ff27db2cf3e64b1a36f7a986807d1de317,2019-02,Merseyside Police,Merseyside Police,-3.030260,53.389426,On or near RIVER STREET,E01007128,Wirral 016C,Investigation complete; no suspect identified
32c8e5ff9f43b9dd19e8d74e18eb7b66f6b4465b61aabc52604b3fe18c60390d,2019-02,Merseyside Police,Merseyside Police,-2.918734,53.397816,On or near ROSE VILLAS,E01006588,Liverpool 042C,Offender given penalty notice
dc393b08e4bef0c8658afff2e972e7574729759016503acc1daec30c69d24d46,2019-02,Merseyside Police,Merseyside Police,-2.980993,53.401536,On or near DUKE STREET,E01033761,Liverpool 060D,Suspect charged
fcc24e7c806780e08f8cb3d4af8beba8681fc140fbc65b5f3847834c7b303a2f,2019-02,Merseyside Police,Merseyside Police,-2.661879,53.467740,On or near SHORT STREET,E01006838,St. Helens 006B,Investigation complete; no suspect identified
74e5066ff25dfa878255be1be6f4d643f9ed6a9b82538ebe429acaa51f4986f5,2019-02,Merseyside Police,Merseyside Police,-3.026711,53.419390,On or near WRIGHT STREET,E01007215,Wirral 005A,Unable to prosecute suspect
17f4e0a77f471c123a1042857f1e493468224fb9a205f79bd51b99aab589d12e,2019-02,Merseyside Police,Merseyside Police,-2.764742,53.423665,On or near FIELD WAY,E01032905,St. Helens 019J,Unable to prosecute suspect
c7708d299708eb7d1ca23fb80ae70dd34630c337ce1ece1b43753f543300465b,2019-02,Merseyside Police,Merseyside Police,-2.952912,53.416370,On or near PEAR GROVE,E01006693,Liverpool 024D,Unable to prosecute suspect
32e9021f63cd7557948a5703e1a6502041257368474c68a06232993143275828,2019-02,Merseyside Police,Merseyside Police,-2.970693,53.455832,On or near HORNBY CLOSE,E01006787,Liverpool 006A,Investigation complete; no suspect identified
a54aae710923471c56097e1afee557739be63ffe3746fd0304c9dcb4a85d0d2d,2019-02,Merseyside Police,Merseyside Police,-2.865492,53.373260,On or near WOOLTON STREET,E01006533,Liverpool 055C,Unable to prosecute suspect
b041bad76e1bcce28ee3e91b5fa99012b2230628a5bd2ef8cefc26858fc78077,2019-02,Merseyside Police,Merseyside Police,-2.989201,53.405226,On or near LORD STREET,E01033756,Liverpool 061C,Suspect charged
cce60096ebc6ac7a07c6e534b260dc29e8569c734dd908c32a4676ee544e9676,2019-02,Merseyside Police,Merseyside Police,-3.024331,53.413649,On or near BROUGHAM ROAD,E01007278,Wirral 008E,Offender given a caution
c3caf6f29e7f5552cb8b8507085a0ec6bedcf96e65b753a90c69c1406fe16a81,2019-02,Merseyside Police,Merseyside Police,-2.944718,53.412543,On or near SHEIL PLACE,E01006697,Liverpool 030D,Investigation complete; no suspect identified
c55cc6228dd060126dbc9d28b244db63a3c2d9a0bd2df05e1cc8c5b3124353ca,2019-02,Merseyside Police,Merseyside Police,-2.720903,53.434149,On or near Supermarket,E01006846,St. Helens 020B,Unable to prosecute suspect
0f5f3eb2eec45209d638e409433892759811b2a3a37ddf94903188053ca5f3d2,2019-02,Merseyside Police,Merseyside Police,-3.022446,53.387129,On or near HELENA STREET,E01007291,Wirral 021D,Investigation complete; no suspect identified
bbf894210870e58ec044287fd55e2cc32776b7f1a5f0887b9218b2045bf03fba,2019-02,Merseyside Police,Merseyside Police,-2.779420,53.455229,On or near PIKES BRIDGE FOLD,E01006825,St. Helens 009D,Unable to prosecute suspect
08f8272d442336855bdc9cc1e567f60adebf0ba00df7756e5bec6aa959c20279,2019-02,Merseyside Police,Merseyside Police,-2.990791,53.403765,On or near Parking Area,E01033756,Liverpool 061C,Investigation complete; no suspect identified
d5de5cb5ec01bf8c08334b6bf8cb5f6a681320b579ed0ea7ec39b0735487030b,2019-02,Merseyside Police,Merseyside Police,-2.983190,53.410731,On or near Parking Area,E01033762,Liverpool 060E,Suspect charged
34bae6745ffafd193ac33a0aae1a5829c37dfaf00d715cf973b4988d5cead2e2,2019-02,Merseyside Police,Merseyside Police,-2.908425,53.381274,On or near Petrol Station,E01006689,Liverpool 049D,Investigation complete; no suspect identified
fd3d277954ea9ca1a6b08e70dd7b6a1876a79c404eabdb2fa8cb96a30ffe7723,2019-02,Merseyside Police,Merseyside Police,-2.908425,53.381274,On or near Petrol Station,E01006689,Liverpool 049D,Investigation complete; no suspect identified
e789fabe1e9c4c99823819a0c134cb503693bdc69cbff31e557a4d8c8bebee3e,2019-02,Merseyside Police,Merseyside Police,-2.957038,53.415169,On or near BOALER STREET,E01006746,Liverpool 030E,Unable to prosecute suspect
5ad807d6b570f6ac5969f8a323c08367ff6769e6fd0a4979d2e674b55e7aef8e,2019-02,Merseyside Police,Merseyside Police,-2.898982,53.468187,On or near BURTONS WAY,E01006663,Liverpool 004C,Suspect charged
7927f248af74a54d9a4ae4ac2a101a22781e8ffd105e7ff045c565e75c538c39,2019-02,Merseyside Police,Merseyside Police,-3.020167,53.471573,On or near MELROSE ROAD,E01006957,Sefton 032C,Unable to prosecute suspect
8363d70ac276761d3fc8baae9897b9ca980c089e33f2127ca47c4baa596fd54a,2019-02,Merseyside Police,Merseyside Police,-2.852291,53.366290,On or near DAWLISH CLOSE,E01006430,Knowsley 018C,Unable to prosecute suspect
7a9306c85f2769c8997112301e2cd544280e4b91bc8d7bb4cd05fb121ff894f2,2019-02,Merseyside Police,Merseyside Police,-2.928234,53.441095,On or near Supermarket,E01033759,Liverpool 010F,Suspect charged
3536885d67f3126d4de2859089615d4099c65d6e13780a149cc81048bac8aedd,2019-02,Merseyside Police,Merseyside Police,-3.176250,53.394783,On or near SHAW STREET,E01007201,Wirral 014D,Unable to prosecute suspect
0aa28d5e63d4b755364dd821049d8d949ae7f82d7efbe635136ad21be2c4b2cc,2019-02,Merseyside Police,Merseyside Police,-2.969045,53.414542,On or near SHAW STREET,E01006646,Liverpool 023C,Unable to prosecute suspect
3d688f434d664bb1d90183841b3a231cadf6c0f39f2042a3bdf6c6564048d3a1,2019-02,Merseyside Police,Merseyside Police,-3.051601,53.428585,On or near MOUNT PLEASANT ROAD,E01007314,Wirral 004E,Unable to prosecute suspect
0b3a2c78bc65576b6c0c1bb287043ff10c9a3a32570438ee88d8b877a77e65b8,2019-02,Merseyside Police,Merseyside Police,-2.766053,53.417032,On or near STATION ROAD,E01006893,St. Helens 021C,Unable to prosecute suspect
358880866191fd6ab9e8a41dac36c64dc0ed4df11f6bf39430f1441fab8b435f,2019-02,Merseyside Police,Merseyside Police,-3.074927,53.380771,On or near WESTCOTT WAY,E01007162,Wirral 019C,Local resolution
2d046a555ee0e7a20132083a41d2c3a62c2502b4941c0a63973415966d5f9ddb,2019-02,Merseyside Police,Merseyside Police,-2.928234,53.441095,On or near Supermarket,E01033759,Liverpool 010F,Suspect charged
b11074fbdabb1b09f392ae1ad774e7111302f57c88a1b5077c32312213237124,2019-02,Merseyside Police,Merseyside Police,-3.017809,53.469391,On or near DURHAM ROAD,E01006953,Sefton 032B,Unable to prosecute suspect
2345e692808db82a26008b557055f58322512578361675aa79d30d426e3dbcfa,2019-02,Merseyside Police,Merseyside Police,-2.951929,53.424216,On or near ESMOND STREET,E01006548,Liverpool 019D,Unable to prosecute suspect
72e49d423474e15a7b27b092fdd7cea24ba70207eff41bcbfba23c0da2940a53,2019-02,Merseyside Police,Merseyside Police,-2.902481,53.451333,On or near REGAL ROAD,E01006664,Liverpool 004D,Investigation complete; no suspect identified
ea13e30f44023dec600eb6fe1dd9c40fbec90ccac5a2380b479492e15c5f770b,2019-02,Merseyside Police,Merseyside Police,-2.966867,53.451153,On or near Hospital,E01006791,Liverpool 006D,Unable to prosecute suspect
de5a14f1d30cecf498957bbcf95da4c87a645dd4cceb30084756c971b3e64a25,2019-02,Merseyside Police,Merseyside Police,-2.909551,53.455927,On or near STONEDALE CRESCENT,E01006663,Liverpool 004C,Unable to prosecute suspect
ab420e0b6f1d6b66da2157d1c28a283dd2617ea5d0fbcf000e37239da7dc466d,2019-02,Merseyside Police,Merseyside Police,-3.035709,53.590028,On or near CHERRY ROAD,E01006924,Sefton 011B,Unable to prosecute suspect
b86d4580bcbf35e90f507785c2d7a73290259c615ed0347b793a47440bc1d86b,2019-02,Merseyside Police,Merseyside Police,-2.901188,53.477743,On or near STRATTON WALK,E01006509,Knowsley 004E,Suspect charged
26416243a262f00bd2d315efb89278104ddfbcf42a6171a3a9ff1ba6243dda13,2019-02,Merseyside Police,Merseyside Police,-2.946348,53.405339,On or near CROSFIELD ROAD,E01033763,Liverpool 031G,Unable to prosecute suspect
650ccbf3e2a23b57caeae1e39375b108d96bd426eef3d1973ee2a944ec7b2232,2019-02,Merseyside Police,Merseyside Police,-2.775150,53.450610,On or near THE AVENUE,E01006822,St. Helens 009A,Unable to prosecute suspect
6de71983ab05475fdfbdf9cb2164008f6862a7e818921f92813cb13b400a5a7e,2019-02,Merseyside Police,Merseyside Police,-2.779420,53.455229,On or near PIKES BRIDGE FOLD,E01006825,St. Helens 009D,Unable to prosecute suspect
d06c5e21f42eb3bf38623f08da3db569697c8b2813398175331664b4fb298e97,2019-02,Merseyside Police,Merseyside Police,-3.001797,53.647044,On or near LONDON STREET,E01006968,Sefton 004C,Unable to prosecute suspect
820a2b60a20a8167eea11eff48d4fe64e3ca6ed054675cac48b54c583ce1fbb1,2019-02,Merseyside Police,Merseyside Police,-2.876947,53.468377,On or near DALRY CRESCENT,E01006418,Knowsley 005B,Offender given penalty notice
2a0400ec6b880f7aec03faa8251bfb912a5390d9abc67bee5b873f4e3286ca86,2019-02,Merseyside Police,Merseyside Police,-2.982670,53.409037,On or near VICTORIA STREET,E01033760,Liverpool 060C,Unable to prosecute suspect
ca82f6faa5b9aa708d9cccd45e71e5dffb4b304004c878e64610e0ccacd8ebe2,2019-02,Merseyside Police,Merseyside Police,-2.976003,53.401046,On or near BERRY STREET,E01006513,Liverpool 060A,Investigation complete; no suspect identified
ca60eec3df9a4d784c62469c6892703f22460f448632d32b88ebbce28b8ec02c,2019-02,Merseyside Police,Merseyside Police,-2.893601,53.415669,On or near DALEMEADOW ROAD,E01006567,Liverpool 026A,Offender given a caution
4c4a76a057273267f4fa00ff789e8612c528c2081c7808484045a0ef081499b1,2019-02,Merseyside Police,Merseyside Police,-2.953277,53.432673,On or near OAKDENE ROAD,E01006545,Liverpool 019A,Unable to prosecute suspect
c51bdb7e27defa7cb687a5dc59d2a92ad6e9d3c60752253435c77066f2dfa7f2,2019-02,Merseyside Police,Merseyside Police,-2.897796,53.421238,On or near Hospital,E01006570,Liverpool 026C,Unable to prosecute suspect
6a75dded4958fbd1407ae28fdac93046f226ed15554fd51bc1d50b24e3f598e9,2019-02,Merseyside Police,Merseyside Police,-3.056528,53.416083,On or near PALMERSTON ROAD,E01007213,Wirral 007B,Investigation complete; no suspect identified
e31091d0f75f2c894ad47dfc9ba634c82cbf09dcee40498cc3e17d7b65f4a285,2019-02,Merseyside Police,Merseyside Police,-3.176250,53.394783,On or near SHAW STREET,E01007201,Wirral 014D,Unable to prosecute suspect
f7d38899b42ee9c78ffbe0e38477916c99d49f1fc0eef4de1444bd803ffcf8dc,2019-02,Merseyside Police,Merseyside Police,-2.914497,53.430990,On or near DALTRY CLOSE,E01006617,Liverpool 021A,Unable to prosecute suspect
763d9c1be8856c4a6c923e77044c7878cd9db5e5565b1aaea27ff2863175691d,2019-02,Merseyside Police,Merseyside Police,-2.893601,53.415669,On or near DALEMEADOW ROAD,E01006567,Liverpool 026A,Unable to prosecute suspect
3ca60be7a5bc06a2729cacf61240b2a9b7de74b8383a446a9e322074a0537f22,2019-02,Merseyside Police,Merseyside Police,-2.946917,53.395087,On or near BOSWELL STREET,E01006556,Liverpool 039B,Investigation complete; no suspect identified
a9eb28c83728d63fcafce305eb8ca96f023e73fd8308a4b6fb2fea75a11d9064,2019-02,Merseyside Police,Merseyside Police,-2.898781,53.480772,On or near CORAL CLOSE,E01006455,Knowsley 004A,Suspect charged
b30f1cefd25fbe84b916982740d97191882c7ec02b831796a297af1da2718710,2019-02,Merseyside Police,Merseyside Police,-2.944718,53.412543,On or near SHEIL PLACE,E01006697,Liverpool 030D,Suspect charged
dd72b2638cdb29bdc767029842f40c34065c9a07e1ed0ce2e6760995c4ce1fc3,2019-02,Merseyside Police,Merseyside Police,-2.972510,53.437786,On or near NETLEY STREET,E01006700,Liverpool 012E,Unable to prosecute suspect
bfd6a0246e258b7a61a444f61de0731c7d585e3d4409c451a41a0fa743316be9,2019-02,Merseyside Police,Merseyside Police,-2.881901,53.421015,On or near WOODFORD ROAD,E01006642,Liverpool 025D,Investigation complete; no suspect identified
0515077955cc42d356e55dce7c9a918cc0033a0eef6cdf135dc147913153b5a0,2019-02,Merseyside Police,Merseyside Police,-2.914497,53.430990,On or near DALTRY CLOSE,E01006617,Liverpool 021A,Unable to prosecute suspect
f3545ec9f8eea61d2626cb0fa8834c638cabd331e49bc1ef62966f17441b350a,2019-02,Merseyside Police,Merseyside Police,-2.944805,53.414439,On or near SHEIL ROAD,E01006695,Liverpool 028C,Unable to prosecute suspect
40667bc8fd9ab92b9a999347fdb71a8aaa652bee57f8c5f787c76eea02416251,2019-02,Merseyside Police,Merseyside Police,-2.984716,53.442261,On or near BENEDICT STREET,E01006963,Sefton 038D,Unable to prosecute suspect
af4f92c52804c6e8e015be1fed38c48459a14bae4b06a5289c2cf67d0fbc805b,2019-02,Merseyside Police,Merseyside Police,-2.976626,53.384232,On or near CARYL STREET,E01033748,Liverpool 050I,Unable to prosecute suspect
f810f2320eeaaa7442e59d985262f83115578653f729eeb0bcfda9ede8dcd137,2019-02,Merseyside Police,Merseyside Police,-2.920032,53.428700,On or near Petrol Station,E01006618,Liverpool 016C,Unable to prosecute suspect
93890d0f3502c5ebd0b690daa57a50b682670a28da1b0a619c8e210e2b2d5928,2019-02,Merseyside Police,Merseyside Police,-2.723821,53.453484,On or near ARDWICK STREET,E01006872,St. Helens 014C,Unable to prosecute suspect
d07e36f4dd8302bb9a918626e09b636dc29bd072ffdfc836476934032a81aed8,2019-02,Merseyside Police,Merseyside Police,-2.796237,53.420367,On or near SHAW LANE,E01006459,Knowsley 009A,Investigation complete; no suspect identified
0333967a9e317692eb6752539a5ec5c4bb8af510708ea54017e5162e63340ae8,2019-02,Merseyside Police,Merseyside Police,-2.985445,53.442534,On or near MIRANDA ROAD,E01006963,Sefton 038D,Unable to prosecute suspect
f509fbb4a77ce38fa1be852d2286c6a0216094538aa975fea0f4a8ea256f730b,2019-02,Merseyside Police,Merseyside Police,-2.753818,53.430503,On or near SALHOUSE GARDENS,E01032904,St. Helens 019I,Unable to prosecute suspect
5655ad435f21a1390bd13d2db5c938b94d4c945bf57e81b51c648b41ed75f0bc,2019-02,Merseyside Police,Merseyside Police,-2.829467,53.360338,On or near CRAVENWOOD ROAD,E01006426,Knowsley 020A,Investigation complete; no suspect identified
fb6b65d3360ab55dec559362be19bf8a0fb1e3a78f7395a6c0c7d15669789150,2019-02,Merseyside Police,Merseyside Police,-2.945228,53.430805,On or near RECTOR ROAD,E01006762,Liverpool 015E,Further investigation is not in the public interest
2b33423ecfa576d0a1f6150cb8684db98abd2721b87e8c0a3f238a4fff75386c,2019-02,Merseyside Police,Merseyside Police,-2.945246,53.523119,On or near SAVILLE ROAD,E01007101,Sefton 017E,Investigation complete; no suspect identified
715c0caa1a1dfbacbf64e606668cc3b30a7ce715fcba6856ba2b10c848b5cb0c,2019-02,Merseyside Police,Merseyside Police,-2.955582,53.389814,On or near PRINCES GATE WEST,E01006675,Liverpool 043C,Unable to prosecute suspect
1eeec670c94fde1650f225fc2c5ee766e0b8b2fa58198c96eec80cc23e6b7258,2019-02,Merseyside Police,Merseyside Police,-2.955582,53.389814,On or near PRINCES GATE WEST,E01006675,Liverpool 043C,Unable to prosecute suspect
ca5ed17bfe0c6a2a7161809c70e07e6d2c4c5378bd4e544b5d996899731d8fb2,2019-02,Merseyside Police,Merseyside Police,-3.029573,53.474890,On or near MOUNT PLEASANT,E01006958,Sefton 030C,Unable to prosecute suspect
5ab97c227bd264e995ed2456428235a99a8c65487d993e66e98ab7668958acde,2019-02,Merseyside Police,Merseyside Police,-2.968308,53.443681,On or near MANDEVILLE STREET,E01006610,Liverpool 009C,Unable to prosecute suspect
39e2d42666a75152d3c3e4edbf606d829da53be328823f0662effaa753cb1a53,2019-02,Merseyside Police,Merseyside Police,-2.948811,53.422066,On or near BELMONT ROAD,E01006693,Liverpool 024D,Unable to prosecute suspect
2ba0b44a85c89108cea2283486090bd0b7b310cb6dd32ba4f0b049ef0abd6ac3,2019-02,Merseyside Police,Merseyside Police,-2.829036,53.355919,On or near ROMFORD WAY,E01006429,Knowsley 020C,Suspect charged
90c30a6a787f6eaa455904c319ac59406604d5e875215eee26ef7692f9f5febd,2019-02,Merseyside Police,Merseyside Police,-2.980711,53.385987,On or near BRUNSWICK WAY,E01033748,Liverpool 050I,Offender given a drugs possession warning
a360f0c90b391a2046e9221475558b6991bf066c9e6c9d5ece63dba6c2ac7f9f,2019-02,Merseyside Police,Merseyside Police,-2.868167,53.426437,On or near SAXBY ROAD,E01006467,Knowsley 008B,Investigation complete; no suspect identified
91d0af09635cacd9a49e3ff39911fc3ef29002b6a5bc06b9e5c1723d96a0bc95,2019-02,Merseyside Police,Merseyside Police,-3.008616,53.647517,On or near Nightclub,E01006968,Sefton 004C,Local resolution
7b037dcd7ba3167bc13fe7d3ef049f331984fb21de137a124caa79e1ea3d5b3b,2019-02,Merseyside Police,Merseyside Police,-2.898961,53.461490,On or near CREDITON CLOSE,E01006663,Liverpool 004C,Further investigation is not in the public interest
b8800e46cfcefa77531bd9864e90e45540f58eb92e6af5c81de53ba1363b7dda,2019-02,Merseyside Police,Merseyside Police,-3.033355,53.391800,On or near PATERSON STREET,E01007127,Wirral 016B,Investigation complete; no suspect identified
be2a79125e8cbb58c521a26a2b42bb4d85624411cf2020f6fdb37ccb5638ac41,2019-02,Merseyside Police,Merseyside Police,-2.960533,53.415374,On or near LAVAN CLOSE,E01006647,Liverpool 024C,Unable to prosecute suspect
c5f88b18aea1400305d6335ba7309c5777e65d548d1328ce8bbd725f0866942d,2019-02,Merseyside Police,Merseyside Police,-2.647811,53.451063,On or near PAVILION COURT,E01006863,St. Helens 013A,Unable to prosecute suspect
11071b1508d0cc763be7a437b41ec979bb6b7f44ca22b434e0844612fa377909,2019-02,Merseyside Police,Merseyside Police,-3.027655,53.410492,On or near SHAKESPEARE ROAD,E01007272,Wirral 008A,Investigation complete; no suspect identified
84b4b037d7b156b60fd2d51b6c333e4cb03167299b01efc02b84f5eb10acd549,2019-02,Merseyside Police,Merseyside Police,-3.080399,53.374816,On or near GANNEY'S MEADOW ROAD,E01007304,Wirral 025E,Action to be taken by another organisation
356f351bb0f908d25bfea040f3aa1b2aa4858d074bb4bc6f3436ebd695cccc17,2019-02,Merseyside Police,Merseyside Police,-2.879642,53.455899,On or near GLENWAY CLOSE,E01006665,Liverpool 007A,Suspect charged
382682984fd884b9eba9ec9ea79afb8f172116a9e1531dfd334ab584fd27ee6c,2019-02,Merseyside Police,Merseyside Police,-2.951759,53.447607,On or near Sports/Recreation Area,E01006613,Liverpool 009D,Unable to prosecute suspect
7865521aa521d021a8a36807a7d4cf5a1699dd9ce5c743b441304936675fc8d1,2019-02,Merseyside Police,Merseyside Police,-2.990119,53.352147,On or near NEW CHESTER ROAD,E01007140,Wirral 036A,Investigation complete; no suspect identified
5788ba3c6cc95d76f7979ea0b9271706204b2f16a1dca590b3cb83e29e1fea61,2019-02,Merseyside Police,Merseyside Police,-3.023177,53.493390,On or near MOOR LANE,E01007105,Sefton 025C,Suspect charged
4a6b1b014471334bb75a1bd352b130b7cb079f4f0fa0248ea83ffff6d8bdff1b,2019-02,Merseyside Police,Merseyside Police,-2.945610,53.378837,On or near LIVINGSTON DRIVE,E01006523,Liverpool 052B,Unable to prosecute suspect
39cf804e23e77c3ec294bb270bddc6154ef93accfd030c08619081724003d334,2019-02,Merseyside Police,Merseyside Police,-2.949065,53.480743,On or near AINTREE WAY,E01007041,Sefton 027A,Investigation complete; no suspect identified
deb76006c8528c7b4fc494e950c220b9021c1b4848821f2b0af9d8317f8bbbff,2019-02,Merseyside Police,Merseyside Police,-2.801448,53.427811,On or near KEMBLE STREET,E01006463,Knowsley 007C,Unable to prosecute suspect
ad1adfdf3b9f1fe58de9c180b9056791ed464926fed11a06a9df19d2319b4c9e,2019-02,Merseyside Police,Merseyside Police,-3.094419,53.379911,On or near BIG MEADOW ROAD,E01007300,Wirral 019D,Unable to prosecute suspect
33425753125c425dd489fa3e10e65ce9eb68d17b1a71cbc3f3396ac96407432d,2019-02,Merseyside Police,Merseyside Police,-2.995415,53.363402,On or near INGLEBY ROAD,E01007138,Wirral 031B,Unable to prosecute suspect
9ae6f1a3f3e24661b58b088847a37d88e030ffe5d355667b8f292ae3acc14dcf,2019-02,Merseyside Police,Merseyside Police,-3.005704,53.467147,On or near PRINCESS WAY,E01006977,Sefton 032E,Suspect charged
3390375438c523800f727b289f027e84b4a3410a69c72bf3e57dd3b0a8dd26b6,2019-02,Merseyside Police,Merseyside Police,-2.917056,53.390449,On or near Supermarket,E01006593,Liverpool 042E,Further investigation is not in the public interest
4ec604f62b1b09a2bafaaea8735aba98e6a6c2695cc5ee43c855871e9492038b,2019-02,Merseyside Police,Merseyside Police,-2.872216,53.437491,On or near ROUND HEY,E01006671,Liverpool 013D,Investigation complete; no suspect identified
c5f04551bd40319232dd5fd377e93f54fcc64a0974334c28020d67924a259df6,2019-02,Merseyside Police,Merseyside Police,-2.956858,53.398451,On or near CROWN STREET,E01006751,Liverpool 031F,Unable to prosecute suspect
0ad5760b9b778c9a7d55a65af68f45287f99c748b893534f26f32b5bf4b1d5e9,2019-02,Merseyside Police,Merseyside Police,-3.119819,53.376826,On or near MACDONALD DRIVE,E01007259,Wirral 023A,Unable to prosecute suspect
e1cc13f94602e1abaf50abf12ffd2bc8c0a7a77599f23ed79d0277c6b5061699,2019-02,Merseyside Police,Merseyside Police,-3.120932,53.376824,On or near Supermarket,E01007268,Wirral 023F,Unable to prosecute suspect
4906760e34bf01b7ab94a6b34389aec4324f4649c05f081ec1f9e5eb34c82c38,2019-02,Merseyside Police,Merseyside Police,-2.897369,53.483111,On or near NORBURY ROAD,E01006455,Knowsley 004A,Unable to prosecute suspect
41d803c926ac45089c0aa37860da0bd543a5cef140d31d12f263dd46e99f047b,2019-02,Merseyside Police,Merseyside Police,-2.897758,53.398730,On or near QUEENS DRIVE (WAVERTREE),E01006582,Liverpool 041A,Suspect charged
5c910b1a2fc81956bd3dd4fbd45fb67b4e4f85498da3345c54d7e4c057af6284,2019-02,Merseyside Police,Merseyside Police,-2.971900,53.408415,On or near MOOR PLACE,E01006747,Liverpool 031B,Offender given a drugs possession warning
d6339b9726a7f34628fc0155ec7f3018ac2d4df8c400f650a8ded748236c051a,2019-02,Merseyside Police,Merseyside Police,-2.873736,53.474145,On or near PINFOLD CRESCENT,E01006434,Knowsley 005C,Unable to prosecute suspect
f7d3859f3dec278f9701f19cd0a2a0c5841d20396b2a4835d5f3ee6e29a0ba0d,2019-02,Merseyside Police,Merseyside Police,-3.028576,53.386933,On or near CEDAR STREET,E01007130,Wirral 021A,Suspect charged
110ad0a691d26bdf9c3fa6614fec092de705a4b251af2a79d54251c38173539f,2019-02,Merseyside Police,Merseyside Police,-2.965268,53.480901,On or near MEADWAY,E01007046,Sefton 027C,Suspect charged
ff0cc7434265d4fcb9969f12c56cf804aa7d27e725e15d95c76e8cd3edb72e9a,2019-02,Merseyside Police,Merseyside Police,-2.995638,53.402610,On or near Parking Area,E01033752,Liverpool 062B,Suspect charged
6e3f4e511b3a7b309fa8b233d175c66b8f2d76ebd199f7e941250c7f01907695,2019-02,Merseyside Police,Merseyside Police,-2.952368,53.434424,On or near Supermarket,E01006541,Liverpool 015A,Investigation complete; no suspect identified
f77af6d2410a85f03198970ff2502b55b3382c1e2fde7283075dd94f6caf3ccc,2019-02,Merseyside Police,Merseyside Police,-2.962057,53.376899,On or near THORNTREE CLOSE,E01032505,Liverpool 050F,Suspect charged
7e696662bdd51bf11e565f1811987ef7234b5dde63a6763d10a7c91660e6b4ca,2019-02,Merseyside Police,Merseyside Police,-2.983348,53.403224,On or near Parking Area,E01033756,Liverpool 061C,Offender given a caution
46de5641f1db07e9efda053544491478be34ae2ba697fbb2aa1d5906c6484267,2019-02,Merseyside Police,Merseyside Police,-3.009252,53.624115,On or near LONGFORD ROAD,E01006929,Sefton 010A,Local resolution
7694a66427d4e833f46e6a4a6bd9c96b43205edb3c5c03f4bb50be92355ae967,2019-02,Merseyside Police,Merseyside Police,-2.897758,53.398730,On or near QUEENS DRIVE (WAVERTREE),E01006582,Liverpool 041A,Suspect charged
2d97cb47de78fc1d45d65d87dcade232414d46861b12f8edd9e98e1b23259252,2019-02,Merseyside Police,Merseyside Police,-2.999204,53.348736,On or near Petrol Station,E01007152,Wirral 036D,Unable to prosecute suspect
72ac86eef6822dd7d72106f71aa31b009d714c00f5107df7ad01f03d01f2e163,2019-02,Merseyside Police,Merseyside Police,-2.995480,53.405533,On or near WATER STREET,E01033752,Liverpool 062B,Further investigation is not in the public interest
3674f23a214a6e0bc8e22d5a10afa075ce64d057ca678c52f0dcbceebb50ace4,2019-02,Merseyside Police,Merseyside Police,-2.992837,53.339135,On or near ORCHARD PLACE,E01007142,Wirral 036B,Investigation complete; no suspect identified
cac939ab6910d60d8918e66c8eaf2d0aea7bdd98bf85baf864ec82c153b6afdd,2019-02,Merseyside Police,Merseyside Police,-2.940712,53.374219,On or near ANCASTER ROAD,E01006528,Liverpool 052C,Local resolution
2ae3cc36cafe191aa78a65a171d27f3347198d3b468595e9aef1a75c5470707f,2019-02,Merseyside Police,Merseyside Police,-2.706287,53.435918,On or near ELLEN GARDEN,E01006845,St. Helens 014A,Unable to prosecute suspect
5e9ded5bb7dd9813fba2c2d3b2e907e52424513d22118381c943d853c09fa023,2019-02,Merseyside Police,Merseyside Police,-2.873875,53.485290,On or near HARLESTON ROAD,E01006448,Knowsley 001A,Investigation complete; no suspect identified
a36804c6af36da91dde2da5db4bd7df04861311daafadb3444548930b9720fe6,2019-02,Merseyside Police,Merseyside Police,-2.873875,53.485290,On or near HARLESTON ROAD,E01006448,Knowsley 001A,Investigation complete; no suspect identified
c96241411952c48a999097fd9332b097c618c8b48638ec316964cc898798d61c,2019-02,Merseyside Police,Merseyside Police,-2.922454,53.407800,On or near BINNS WAY,E01006716,Liverpool 032E,Investigation complete; no suspect identified
6a6d6670948e673f9f3cfe6164f8583bb9e6b7d01243b587d927ddf83a181d67,2019-02,Merseyside Police,Merseyside Police,-2.907091,53.414678,On or near Supermarket,E01006565,Liverpool 029A,Investigation complete; no suspect identified
9e95bf669987724c52cad3f0d8df4ec76ee696daba44213c2c2b02732b7e53fd,2019-02,Merseyside Police,Merseyside Police,-2.742780,53.447427,On or near YORKSHIRE GARDENS,E01006832,St. Helens 012A,Local resolution
63b88f1cd0afbb72bdaf67107575015de0db5109cfa6727164614a2215a878df,2019-02,Merseyside Police,Merseyside Police,-2.948153,53.483753,On or near MOSTYN AVENUE,E01007041,Sefton 027A,Unable to prosecute suspect
6c1860941ea8ffc421c4696888da409f36d189a3ac9977f3ef308fba91bfddb3,2019-02,Merseyside Police,Merseyside Police,-3.048543,53.425448,On or near LONSDALE AVENUE,E01007235,Wirral 004B,Unable to prosecute suspect
853bf0d20e3908c8b50791d414c5f496616567bd163fcb97207ff3e84dec84ab,2019-02,Merseyside Police,Merseyside Police,-2.907091,53.414678,On or near Supermarket,E01006565,Liverpool 029A,Investigation complete; no suspect identified
6679355cdfd96e1c2f167cfa1598e3fcb65833ecba2bd286f8582c5082455fb4,2019-02,Merseyside Police,Merseyside Police,-2.933586,53.396801,On or near SOUTHEY STREET,E01006723,Liverpool 038E,Unable to prosecute suspect
56941fde00ac73a3c0c1af3274d3c6979281ba4bf6d1b47239e3e884213bca7c,2019-02,Merseyside Police,Merseyside Police,-2.953259,53.423783,On or near THORNWOOD CLOSE,E01006563,Liverpool 024B,Unable to prosecute suspect
f9e4620b4d6dd5b1881e7c4b567e33eefea33e71a9577bd8b73e6f231394d96b,2019-02,Merseyside Police,Merseyside Police,-2.737209,53.438769,On or near THE CARAVAN PARK,E01006912,St. Helens 019G,Suspect charged
e9e3da04116c1f2438a16ff2a7f73004bd4a12db751cc66db627c51fb7448ec0,2019-02,Merseyside Police,Merseyside Police,-2.983077,53.404521,On or near OLD POST OFFICE PLACE,E01033756,Liverpool 061C,Investigation complete; no suspect identified
31d08ccd68535b8e48c5fd11675052713c66df51fc1561dd2b124393385fff74,2019-02,Merseyside Police,Merseyside Police,-2.701455,53.454229,On or near EPSOM STREET,E01006819,St. Helens 011A,Investigation complete; no suspect identified
9201fb24a4ad0f37783e20e606f883b2f5ec231a0dd2b48dfdc2e0fcd9451bd4,2019-02,Merseyside Police,Merseyside Police,-2.983166,53.634345,On or near JANE'S BROOK ROAD,E01007000,Sefton 008D,Unable to prosecute suspect
62b678b4cdff9b7b5acfa3ce746b7bb1b1fedba45535359406baf80f2bf6ad69,2019-02,Merseyside Police,Merseyside Police,-3.144751,53.373191,On or near FRANKBY STILES,E01007258,Wirral 028A,Unable to prosecute suspect
e1fb924507bacafe9f101de31c045564e69b52789f30a75b829745a485228230,2019-02,Merseyside Police,Merseyside Police,-2.897432,53.348242,On or near WINDOW LANE,E01006740,Liverpool 057A,Local resolution
b4e78054e03bc603d2f39e99e4a6ab1b809047e29dfc3c03db5a89153b4adc75,2019-02,Merseyside Police,Merseyside Police,-3.001644,53.641248,On or near ST JAMES STREET,E01006994,Sefton 007C,Unable to prosecute suspect
1623afd6e748d8a64f8730ca1ed6c4f2b2e4e5d130ca7f111b59143cd0a8d884,2019-02,Merseyside Police,Merseyside Police,-2.939259,53.448173,On or near JERNINGHAM ROAD,E01006729,Liverpool 008C,Investigation complete; no suspect identified
bf7127766bcf3290d61350a70d01b3f9c7df6019dd33e3eb9f02535fc3d5e5dc,2019-02,Merseyside Police,Merseyside Police,-3.034514,53.490955,On or near VICTORIA AVENUE,E01006937,Sefton 022B,Unable to prosecute suspect
daf505dd3635bfc9449356db62ab10a9e90dd97573f104a4325d958713bb7194,2019-02,Merseyside Police,Merseyside Police,-2.988635,53.410687,On or near Further/Higher Educational Building,E01033762,Liverpool 060E,Unable to prosecute suspect
264e1b0d8e1edf0706387a966f706fcd0a36452a62435515eef5ad2f148d8802,2019-02,Merseyside Police,Merseyside Police,-2.751307,53.405045,On or near Petrol Station,E01006889,St. Helens 023B,Unable to prosecute suspect
204ca4df6bf7b01f55995f8da0c94a90ceb84947f32c932673cb7721ca6e1a64,2019-02,Merseyside Police,Merseyside Police,-3.054600,53.387416,On or near KINGSMEAD ROAD,E01007240,Wirral 020C,Unable to prosecute suspect
93cf326c33181f3a0353ab3763b188a0f15a40de21343c86f9b5004461ddb675,2019-02,Merseyside Police,Merseyside Police,-3.032429,53.418127,On or near CRESCENT ROAD,E01007220,Wirral 005D,Investigation complete; no suspect identified
cfff987f59e9fa4ee4390686be36a069dd4dbf86c114c3465791707470bc34fc,2019-02,Merseyside Police,Merseyside Police,-2.927890,53.414293,On or near FROGMORE ROAD,E01006711,Liverpool 027A,Offender given a caution
fef930478a9569f9183dbe82c880005e76c1c95f927eebc571383cfcd1291262,2019-02,Merseyside Police,Merseyside Police,-2.711851,53.450024,On or near CALDWELL STREET,E01006874,St. Helens 014E,Suspect charged
a37c155b5be7635af5a1093699309c2659b09727f74d4cc73aaf4c275a369750,2019-02,Merseyside Police,Merseyside Police,-2.860835,53.438966,On or near MILESTONE HEY,E01006413,Knowsley 006B,Unable to prosecute suspect
6477949a8e813b36a1197ee26dfebeeaafe199cb6afaee5bdbffbc7ead86e58f,2019-02,Merseyside Police,Merseyside Police,-3.025894,53.414822,On or near BELL ROAD,E01007277,Wirral 008D,Action to be taken by another organisation
48a1bd2b0819895c8e1a06648435a1b1bcfdaaeee044e5ab7366733523558b68,2019-02,Merseyside Police,Merseyside Police,-2.979217,53.443403,On or near CASSIO STREET,E01006961,Sefton 038B,Investigation complete; no suspect identified
3dbf5dc3fd4a9868909c9ca42ad7bfa07e6cb61f4ae0fff817a16874ab13de69,2019-02,Merseyside Police,Merseyside Police,-2.862102,53.436090,On or near APPLE TREE CLOSE,E01006413,Knowsley 006B,Investigation complete; no suspect identified
7a6bfb739d9cae31a12db4b04c7d279f4f721fa28bd05b60e0c7578977b881fd,2019-02,Merseyside Police,Merseyside Police,-3.020167,53.471573,On or near MELROSE ROAD,E01006957,Sefton 032C,Offender given a caution
03eded2650d49c3549b2851ca6d0e8346d3ed224fef8912ff513a9367c617913,2019-02,Merseyside Police,Merseyside Police,-2.827778,53.404180,On or near BURNS GROVE,E01006480,Knowsley 015D,Investigation complete; no suspect identified
bfb22aa16da02d9580d48db8573e03f4a3c99629ba9ec6cb8149e96bb46d9b69,2019-02,Merseyside Police,Merseyside Police,-2.801227,53.430437,On or near WYCHERLEY STREET,E01006463,Knowsley 007C,Unable to prosecute suspect
75303b5276bc6b8c426b1e7da88b9a77fde09e719e9e473dd424f9fd188943a5,2019-02,Merseyside Police,Merseyside Police,-2.759351,53.440347,On or near BATES CRESCENT,E01006831,St. Helens 016A,Unable to prosecute suspect
ee82eeeeaf9f68adf376c06f9c129e93910dc570c25529a48d4fa4905143048c,2019-02,Merseyside Police,Merseyside Police,-2.984184,53.419227,On or near LIMEKILN LANE,E01033764,Liverpool 022E,Investigation complete; no suspect identified
bb5e8ab268de00a69b9b2328dd4d62542bab4a79be1bded9a1c2186c3a2b6764,2019-02,Merseyside Police,Merseyside Police,-2.915081,53.392297,On or near SPRINGHILL COURT,E01006590,Liverpool 042D,Investigation complete; no suspect identified
5fd3c1801cb8c8a0d19a4189dcdca29d71d21d6df124a78eb9b1e9e7717cd6c8,2019-02,Merseyside Police,Merseyside Police,-3.028363,53.371860,On or near IRVINE ROAD,E01007174,Wirral 029B,Investigation complete; no suspect identified
1d6f592f63f1d136503d39f568ee4fd967b28b0e578a5f306f3d13ef27681707,2019-02,Merseyside Police,Merseyside Police,-2.971900,53.408415,On or near MOOR PLACE,E01006747,Liverpool 031B,Unable to prosecute suspect
4bdbf9350042c85ed3755b7ec15f2626e95d5ff9b7cf9bdc9205fc93e9b54e53,2019-02,Merseyside Police,Merseyside Police,-3.079724,53.382031,On or near NEVILLE CLOSE,E01007162,Wirral 019C,Unable to prosecute suspect
5b05defbd135f0a9db43b19c95d446057faed4f85ea6be7599863eeab89dfaf4,2019-02,Merseyside Police,Merseyside Police,-3.079724,53.382031,On or near NEVILLE CLOSE,E01007162,Wirral 019C,Unable to prosecute suspect
8283dab2adf903c56bf055cf9c4de09b029926df90349a7447d8cfbade159da0,2019-02,Merseyside Police,Merseyside Police,-2.992335,53.408705,On or near GEORGE STREET,E01033752,Liverpool 062B,Suspect charged
1ca16bf28a3436dc43171a5bc827fcc021c486fb30d21809ec707c3b8eccafac,2019-02,Merseyside Police,Merseyside Police,-2.973193,53.405789,On or near RUSSELL STREET,E01006513,Liverpool 060A,Investigation complete; no suspect identified
8e200d947472dd1a3f0fdc55dd33f50b0bffee064d577e6afb90f7c6fc3a08b8,2019-02,Merseyside Police,Merseyside Police,-3.031565,53.389900,On or near CORFU STREET,E01007128,Wirral 016C,Unable to prosecute suspect
29268dbc92d13fc451dccfb6089be79524cd4aae606cbea04d0fca36710484c0,2019-02,Merseyside Police,Merseyside Police,-2.908259,53.489914,On or near YEW TREE GREEN,E01007039,Sefton 026A,Local resolution
bd6c86f3aa7d0dd5a2c9f171221d9ae70cebd3036b8455687fb4b84ccd612f93,2019-02,Merseyside Police,Merseyside Police,-2.701455,53.454229,On or near EPSOM STREET,E01006819,St. Helens 011A,Investigation complete; no suspect identified
9fa4ca173eb986456667f9b05608b37b384430a9b94106f5ce52c4af7466894d,2019-02,Merseyside Police,Merseyside Police,-3.094419,53.379911,On or near BIG MEADOW ROAD,E01007300,Wirral 019D,Unable to prosecute suspect
2fff036bc617a14c2fef5d736eea47f9f0703e972ae9037315797a35d74a0440,2019-02,Merseyside Police,Merseyside Police,-2.708016,53.451215,On or near EVELYN STREET,E01006871,St. Helens 011D,Unable to prosecute suspect
e3ae35ad64dad39e4da19b50e345dac2cd5372c11749a159543e769269e8cded,2019-02,Merseyside Police,Merseyside Police,-2.957327,53.509666,On or near SEFTON DRIVE,E01007071,Sefton 020C,Unable to prosecute suspect
5b4587fac3b8a1447a7d8fcac908e22464915e2b450a1a253c21a981be85341d,2019-02,Merseyside Police,Merseyside Police,-2.921992,53.398959,On or near GRANGE TERRACE,E01006721,Liverpool 038C,Unable to prosecute suspect
6062a69bf8cddea7d65dc11199f594e9d2ca6eae1ec84a658adc9fc357763dc4,2019-02,Merseyside Police,Merseyside Police,-3.098018,53.328739,On or near MOOR LANE,E01007182,Wirral 037A,Suspect charged
a2cfd6f51c7a169f283d0fd3163baa056542639801125778adfc5053f354301c,2019-02,Merseyside Police,Merseyside Police,-2.990651,53.463102,On or near BARNTON CLOSE,E01007012,Sefton 036D,Unable to prosecute suspect
cf8c07f966c4c9b2f62ea75d0db9c3cd6a8dba1623d0e98ae71fdce945cd7edc,2019-02,Merseyside Police,Merseyside Police,-2.991160,53.475224,On or near DALEY ROAD,E01006984,Sefton 031E,Unable to prosecute suspect
b71bd5605d8b07146a1aa0f64e0fae5bf61310b576fa2fc539597583ae097b62,2019-02,Merseyside Police,Merseyside Police,-3.044867,53.420365,On or near LISCARD VILLAGE,E01007217,Wirral 007D,Offender given penalty notice
61d5a14a47b736054774080aed7f0f706dff98b86818bcba4a9ef2e111b1a033,2019-02,Merseyside Police,Merseyside Police,-2.938373,53.424369,On or near ALTON ROAD,E01006760,Liverpool 028E,Unable to prosecute suspect
1bbca9dc39bb038a27e4c30ae38f305e35cd47b2ff17d30b0598fa3a66d1b17e,2019-02,Merseyside Police,Merseyside Police,-2.971642,53.673189,On or near PILLING CLOSE,E01006948,Sefton 003B,Unable to prosecute suspect
c5d31315078e770534f32c28b4b46bbabf04ec7bf45ad58bf33adf81d155140d,2019-02,Merseyside Police,Merseyside Police,-3.035186,53.388566,On or near HENTHORNE STREET,E01007129,Wirral 016D,Unable to prosecute suspect
9b7bb4d4ea5275e49bdfa3325c09106a7666cb0aa7c51ad95010f362c675be20,2019-02,Merseyside Police,Merseyside Police,-3.021812,53.376348,On or near GRASVILLE ROAD,E01007294,Wirral 021F,Unable to prosecute suspect
fe5b1df2214c91f3d9e0a445551a3decec6bebb01280a669a9bae3192d9a93db,2019-02,Merseyside Police,Merseyside Police,-2.731876,53.452527,On or near HAYDOCK STREET,E01006872,St. Helens 014C,Investigation complete; no suspect identified
61e0b9872c54776eb291aa403238d6a37a6b56341b5e2c3ec693f9819f973049,2019-02,Merseyside Police,Merseyside Police,-2.731876,53.452527,On or near HAYDOCK STREET,E01006872,St. Helens 014C,Investigation complete; no suspect identified
a6cbf64a380f1118b14f01e9c29a6368df9bb01520a3a3215619b7a0f4ecca04,2019-02,Merseyside Police,Merseyside Police,-2.682253,53.468237,On or near GROSVENOR ROAD,E01006843,St. Helens 006D,Unable to prosecute suspect
d1f66c73caf1f6a9f9ca5b20334efe8cadbfbda3e3e54c5dc3deb8e4c38cd86f,2019-02,Merseyside Police,Merseyside Police,-3.030844,53.483841,On or near SHREWSBURY AVENUE,E01007109,Sefton 028E,Investigation complete; no suspect identified
a57d9cd877be5696b48d87554b971cc8186a31a4327fb87f06030679e981ed57,2019-02,Merseyside Police,Merseyside Police,-2.863378,53.378750,On or near CAMBRIAN WAY,E01006793,Liverpool 051A,Further investigation is not in the public interest
8ef8fd57cb91bfdd8088fd3121c26fdbdf4c34cde0810829b8d40ac6b22aa368,2019-02,Merseyside Police,Merseyside Police,-3.093031,53.372688,On or near ARCHERS WAY,E01007251,Wirral 025B,Unable to prosecute suspect
ecbf207783cf729e5fdb29afdb18bb78e27f85b1e3acbb031db2d91092a9e9a2,2019-02,Merseyside Police,Merseyside Police,-3.088124,53.382432,On or near MYRTLE WAY,E01007300,Wirral 019D,Unable to prosecute suspect
fbcb5be103cc9c6471fe84d3cfa848fa2c1037418083bed4c2d1bcc89e9eb53b,2019-02,Merseyside Police,Merseyside Police,-2.941418,53.535500,On or near PYGON'S HILL LANE,E01007067,Sefton 017A,Investigation complete; no suspect identified
43575bb2bea286bd3db3daa7c1b0ed281cf7182189090b2270195b5cb3d16211,2019-02,Merseyside Police,Merseyside Police,-2.843204,53.426625,On or near PRIMROSE COURT,E01006444,Knowsley 010D,Investigation complete; no suspect identified
62e975a1b281bbfe7364a9725aab1dfd151452751e70302bae7437140b29be02,2019-02,Merseyside Police,Merseyside Police,-2.921742,53.413154,On or near MASKELL ROAD,E01032509,Liverpool 027H,Unable to prosecute suspect
e91b27bc4253f7b729abb6a5ce746edebf7ca39829527ce8cab87ad1fbed6f82,2019-02,Merseyside Police,Merseyside Police,-2.948909,53.384546,On or near EAST ALBERT ROAD,E01006520,Liverpool 043A,Investigation complete; no suspect identified
ee22125ce72cb1c53fba355f52734622e6bcebf388cd45c1cc097b3c33891d65,2019-02,Merseyside Police,Merseyside Police,-2.979988,53.350622,On or near MANOR PLACE,E01007143,Wirral 036C,Suspect charged
995cdd489a219b76c41d9059e430ebf47cff0a1bf8bcefd6600733f6e5c97971,2019-02,Merseyside Police,Merseyside Police,-2.864332,53.356819,On or near SPEKE HALL ROAD,E01006537,Liverpool 055D,Unable to prosecute suspect
95187f99865e2fde2c48741b3c3b72cadbd3545e55683bfe5971a0071da5d310,2019-02,Merseyside Police,Merseyside Police,-2.936347,53.516295,On or near CONISTON ROAD,E01007096,Sefton 018D,Unable to prosecute suspect
ec64e832291e623bd34fbeeea5e89004a4e3abd23b305638f1cf6ec46712f55b,2019-02,Merseyside Police,Merseyside Police,-3.091825,53.381373,On or near FORD WAY,E01007300,Wirral 019D,Unable to prosecute suspect
9537b8d4ced91274586d24652607ca2252d75d11c4c8094233dc945c2864149f,2019-02,Merseyside Police,Merseyside Police,-2.971695,53.391517,On or near PARK PLACE,E01006518,Liverpool 044A,Unable to prosecute suspect
f3f163f7390a429712361e09dc0c11ee6cb014659f428c63b7b227f63ac8e46b,2019-02,Merseyside Police,Merseyside Police,-3.016820,53.466442,On or near CLAREMONT CLOSE,E01006953,Sefton 032B,Offender given a caution
a812b6438eb0c4affe9b0a796d7d1430e17785330a476001b7a72b41026e8217,2019-02,Merseyside Police,Merseyside Police,-2.921742,53.413154,On or near MASKELL ROAD,E01032509,Liverpool 027H,Unable to prosecute suspect
f11fac9487277e7e58cc1d00daa2d9b0f363fd03637b4070ce55fb95f7744e2e,2019-02,Merseyside Police,Merseyside Police,-2.922701,53.415754,On or near ST IVES GROVE,E01006711,Liverpool 027A,Unable to prosecute suspect
0696a5a477a039459889120d7888c07d52032d1080aa1c2b52f249b7f5fbe7be,2019-02,Merseyside Police,Merseyside Police,-2.858550,53.412960,On or near WOODLANDS ROAD,E01006449,Knowsley 012A,Unable to prosecute suspect
2d59abad71a183c8ad2426d2e39495b7e48b77f8ef4bc64f94f9ea4e78bb82bd,2019-02,Merseyside Police,Merseyside Police,-3.074925,53.408754,On or near Petrol Station,E01007121,Wirral 011B,Unable to prosecute suspect
fe3e90f34db361633779251df3bc48f821ce7ed3f0aa2a7f7deaedca791f07ca,2019-02,Merseyside Police,Merseyside Police,-2.928234,53.441095,On or near Supermarket,E01033759,Liverpool 010F,Suspect charged
07d51f9f244030bce8a6dc18e3c851389eddf4e0987d168a2ca24e06f6285400,2019-02,Merseyside Police,Merseyside Police,-2.906980,53.373402,On or near Sports/Recreation Area,E01006680,Liverpool 053B,Unable to prosecute suspect
600b8115992a8d21bf15f4f85141a8c78ac25bc92a16b05a8f9d2a85b4e374db,2019-02,Merseyside Police,Merseyside Police,-2.928234,53.441095,On or near Supermarket,E01033759,Liverpool 010F,Suspect charged
f46ab6d209793c39949ad8929beb4e7b94d922c14b2a4d85d9723273bbac0970,2019-02,Merseyside Police,Merseyside Police,-2.928234,53.441095,On or near Supermarket,E01033759,Liverpool 010F,Suspect charged
eb0e3a1f8a49fbbc0e78be7850ab2484df4bbb71a1f555dcedccfd166fd28ae8,2019-02,Merseyside Police,Merseyside Police,-3.070531,53.554090,On or near Parking Area,E01007081,Sefton 014D,Unable to prosecute suspect
94ff1810cc4ebd71d1d0cac72507754a7cdfb819070b0d2b0d2903695e640520,2019-02,Merseyside Police,Merseyside Police,-3.091825,53.381373,On or near FORD WAY,E01007300,Wirral 019D,Unable to prosecute suspect
6d786d71f2000575406c85144a5aab88b3eaaa57e7d663db0282167b592816e5,2019-02,Merseyside Police,Merseyside Police,-2.938373,53.424369,On or near ALTON ROAD,E01006760,Liverpool 028E,Unable to prosecute suspect
0f1dd46896655cb4973cc12a1d528a1a861f66b9c449c13f3927127c5df9d5ca,2019-02,Merseyside Police,Merseyside Police,-2.759301,53.441750,On or near FIDLER STREET,E01006831,St. Helens 016A,Investigation complete; no suspect identified
d8f74bab036142829ab0bdfaabeb61158943285b43bba53853de3353706ba824,2019-02,Merseyside Police,Merseyside Police,-2.632080,53.461502,On or near DIXON AVENUE,E01006868,St. Helens 010C,Unable to prosecute suspect
6b34db76b249b68489b6c7b1606181f896e386927a0f4905364376d140c245fb,2019-02,Merseyside Police,Merseyside Police,-2.977115,53.406242,On or near HILBRE STREET,E01006513,Liverpool 060A,Unable to prosecute suspect
3ccbfe7963b81a872238845663df0bf9c0de9aaa36a85cf3686feaf8dfbd816d,2019-02,Merseyside Police,Merseyside Police,-3.006223,53.470612,On or near RANELAGH AVENUE,E01006978,Sefton 031A,Unable to prosecute suspect
0308bb1c6054c9a6bee45271549ff2e3648a2e566e9ba72e5ba1d4be426da7a4,2019-02,Merseyside Police,Merseyside Police,-2.950128,53.428465,On or near PRIORY ROAD,E01006766,Liverpool 019E,Local resolution
53a0f16d2ce039726dfa018415f845f810e4a1d4c408c253d6e6717c970ec820,2019-02,Merseyside Police,Merseyside Police,-2.722228,53.453683,On or near Supermarket,E01006872,St. Helens 014C,Unable to prosecute suspect
faa4f6bf5531785abdd88719a968f59cb1acacb20723a180f87a1ce492850c64,2019-02,Merseyside Police,Merseyside Police,-2.769736,53.419346,On or near RATCLIFF PLACE,E01006892,St. Helens 021B,Unable to prosecute suspect
a4e04581d3ba186491758671d09f4622a08c23c4a93ff3c7448ac13e40f608a1,2019-02,Merseyside Police,Merseyside Police,-2.994247,53.426191,On or near TOWNSEND STREET,E01006778,Liverpool 014E,Investigation complete; no suspect identified
ee1b6edcea528675ac42cf4651158e629859772e52386eda286d8758119c89d6,2019-02,Merseyside Police,Merseyside Police,-2.967238,53.430386,On or near GOSCHEN STREET,E01006558,Liverpool 018B,Suspect charged
d10609f607f4c2c47eca6a80f44e86761af60aad41a88973c02572bbe6d36211,2019-02,Merseyside Police,Merseyside Police,-2.964288,53.431686,On or near BACK ROCKFIELD ROAD,E01006558,Liverpool 018B,Suspect charged
f6082d3c01404e8ab39d1c93cf4fdd39fd52bec9de1520330f0695d8edb24c59,2019-02,Merseyside Police,Merseyside Police,-3.031866,53.478115,On or near SWEDEN GROVE,E01006958,Sefton 030C,Investigation complete; no suspect identified
e4acee40c1b3f9de92848448b2f5a85faf5c018dd3c57d23664c635ff4a6b313,2019-02,Merseyside Police,Merseyside Police,-2.980369,53.403824,On or near Shopping Area,E01033756,Liverpool 061C,Suspect charged
0aa6bdd6e9b4001eca19208dd3fe3c3c6aab5b893c56fd974720f7a1f8b25ce0,2019-02,Merseyside Police,Merseyside Police,-2.720504,53.454188,On or near BOLTON CLOSE,E01006873,St. Helens 014D,Unable to prosecute suspect
62e1c4dbde1364ea3dbd8d18f39cbe92122b85cb54eb32c0066af2758aa775e0,2019-02,Merseyside Police,Merseyside Police,-2.847357,53.367575,On or near DIDCOT CLOSE,E01006430,Knowsley 018C,Investigation complete; no suspect identified
4cd849ad98ee452c2e6aec10e901b1ae7bf5f3be411df8610485324551a51462,2019-02,Merseyside Police,Merseyside Police,-2.904181,53.477451,On or near NEWICK PARK,E01006509,Knowsley 004E,Unable to prosecute suspect
d6457dd3ce6abc07f832c846c994e150b6991b04e127d7e9943370b1ea5938f8,2019-02,Merseyside Police,Merseyside Police,-3.002885,53.461921,On or near WALLER STREET,E01007003,Sefton 036B,Unable to prosecute suspect
cbc54ef61e88ca8fbf52721c811aa38f8feac8521949a71fd7855fb8e34c518b,2019-02,Merseyside Police,Merseyside Police,-2.689552,53.419458,On or near HALL LANE,E01006898,St. Helens 022A,Unable to prosecute suspect
7f15f4d04cf6ec36d719470626f5c93c25760db4eb441dd973b0b06e98ecb5a4,2019-02,Merseyside Police,Merseyside Police,-2.940916,53.424340,On or near APRIL GROVE,E01006760,Liverpool 028E,Suspect charged
2e87fac45624f6d925f518fdba823c760edc197d2a5a874df82e7b9aed0ad4d6,2019-02,Merseyside Police,Merseyside Police,-2.981499,53.403914,On or near ROE ALLEY,E01033756,Liverpool 061C,Unable to prosecute suspect
7e81dc0b75b2f873d760c744953b3c1f16bf8046a675cf3bf676b6732e455396,2019-02,Merseyside Police,Merseyside Police,-3.082207,53.395142,On or near BEECHWOOD DRIVE,E01007119,Wirral 019A,Investigation complete; no suspect identified
0fce259d3e22451b842a79262bd03402188622e9e95432705628f6564c0e87bb,2019-02,Merseyside Police,Merseyside Police,-3.066090,53.419980,On or near MOSSLANDS DRIVE,E01007312,Wirral 003C,Investigation complete; no suspect identified
3795429f30c441861ff2c990934bfa8d1ce2179cf7f2c126e76c574fcf16268f,2019-02,Merseyside Police,Merseyside Police,-3.083449,53.394313,On or near ESHER CLOSE,E01007124,Wirral 011E,Investigation complete; no suspect identified
f462238d8fc7de839a1ccfd1487e4d2d318dfecb6f370acbdb859c70d438682b,2019-02,Merseyside Police,Merseyside Police,-3.036493,53.373641,On or near WAVERLEY GROVE,E01007181,Wirral 022B,Investigation complete; no suspect identified
73edfb9b7d17acaee9df1b1abdd7a24626645f8cf946802ea2465d4152d99b2b,2019-02,Merseyside Police,Merseyside Police,-2.971306,53.639484,On or near MELLORS CLOSE,E01007060,Sefton 006C,Investigation complete; no suspect identified
2779297946e7de4aa8307da08a84934f3c2bd635f2936ea16f78f1cd88969e55,2019-02,Merseyside Police,Merseyside Police,-2.886105,53.400345,On or near Supermarket,E01006578,Liverpool 036A,Unable to prosecute suspect
b8e4043a627d785d8d4e7360065b30676b042eb5fe28335b22cc93ae67b4632d,2019-02,Merseyside Police,Merseyside Police,-2.943063,53.416655,On or near HAMPSTEAD ROAD,E01006695,Liverpool 028C,Unable to prosecute suspect
392822c1f7e86e8a135513e09721ad76a26b43adcee07d266cf0a1d7a82eb52f,2019-02,Merseyside Police,Merseyside Police,-2.933032,53.429903,On or near BROOKBRIDGE ROAD,E01006763,Liverpool 020C,Further investigation is not in the public interest
c30ff1c78751c54e7110379184ab45ec3a66811bb1adf4d7ba344e352a0e1b6e,2019-02,Merseyside Police,Merseyside Police,-3.024522,53.372145,On or near ROXBURGH AVENUE,E01007173,Wirral 029A,Investigation complete; no suspect identified
6e545dc6eda40789078952f883de4075e2691bade8f80ea993cca1b03971e93f,2019-02,Merseyside Police,Merseyside Police,-3.024076,53.391745,On or near Shopping Area,E01007128,Wirral 016C,Formal action is not in the public interest
3202c02a486ba8912dcb2c33ca156bf32c208a4079d1255064cedf5ee7a5bb21,2019-02,Merseyside Police,Merseyside Police,-2.992377,53.451177,On or near Supermarket,E01007009,Sefton 037D,Investigation complete; no suspect identified
47c5789fbd0228fd2c307b9049ad3c2cd5b232e11041c1928762a9b0bd836424,2019-02,Merseyside Police,Merseyside Police,-2.752492,53.463626,On or near HUYTON AVENUE,E01006916,St. Helens 007C,Unable to prosecute suspect
c9a581480e9e4cd8938d3ca0c7c4efafcbc73e025e943edc3981091b67e411cc,2019-02,Merseyside Police,Merseyside Police,-3.063511,53.375732,On or near MARPLE CLOSE,E01007246,Wirral 024C,Investigation complete; no suspect identified
e5b415763c5d76c22cb6ec91163ba3d526eb9e9261618667076dd5fe64db4464,2019-02,Merseyside Police,Merseyside Police,-3.017653,53.392950,On or near ARGYLE STREET,E01007126,Wirral 016A,Investigation complete; no suspect identified
e5e3110d538eb4eae62c6eeffe427bf5ecf673c193f7006fa499b77eb0829a74,2019-02,Merseyside Police,Merseyside Police,-2.776366,53.461181,On or near Parking Area,E01006823,St. Helens 009B,Suspect charged
0c171b3b179cbd53b0ca41b5585459c027240ae1216c24d5b3e9642b64a8cf1e,2019-02,Merseyside Police,Merseyside Police,-2.984844,53.462746,On or near NETHERTON ROAD,E01007019,Sefton 035A,Formal action is not in the public interest
3547cddfe9f4f37f5df38d23e63dc0a7a353c634e369161dc3ca6a5531e8f925,2019-02,Merseyside Police,Merseyside Police,-3.032384,53.392069,On or near CRAVEN STREET,E01007127,Wirral 016B,Suspect charged
93a6019bd8da412c4f00faf61354c8cec600fd6cb6c79e91878da9698572b06f,2019-02,Merseyside Police,Merseyside Police,-3.044867,53.420365,On or near LISCARD VILLAGE,E01007217,Wirral 007D,Unable to prosecute suspect
dc17458424180966b139331d4325354b812e4666bd765fb2ca488aca8a1cad91,2019-02,Merseyside Police,Merseyside Police,-2.936976,53.459382,On or near DYSON HALL DRIVE,E01006659,Liverpool 005B,Unable to prosecute suspect
e5e378cd5ea77bc4661c69a93ad2995ef5c4196a7d83d92bc2086cce74c346fe,2019-02,Merseyside Police,Merseyside Police,-2.985119,53.403704,On or near Parking Area,E01033756,Liverpool 061C,Investigation complete; no suspect identified
ca93f0ee91ab631ab91471fb110b87da168daeaad21f5c1fe20c900a79394dc3,2019-02,Merseyside Police,Merseyside Police,-3.032422,53.373731,On or near Sports/Recreation Area,E01007181,Wirral 022B,Action to be taken by another organisation
017fba8fdc062c2a066d680b585db9964cd54472349154a397464b602f93f912,2019-02,Merseyside Police,Merseyside Police,-2.948176,53.377962,On or near Supermarket,E01006628,Liverpool 052D,Investigation complete; no suspect identified
0dcd29413f077cc260afc0abd8dcca4d965e49d8afd691b3bb94be8b9d5db68e,2019-02,Merseyside Police,Merseyside Police,-2.992125,53.633974,On or near Sports/Recreation Area,E01006997,Sefton 008B,Unable to prosecute suspect
1ba1b97c9d7d23874734ee0557907cbdc3fba40dc13ec135618ada2f5024a714,2019-02,Merseyside Police,Merseyside Police,-2.981451,53.640588,On or near BALFOUR ROAD,E01007060,Sefton 006C,Unable to prosecute suspect
c7637e8f27d100651019a6649957986c07215320751f7338766e5e3f41a0777e,2019-02,Merseyside Police,Merseyside Police,-2.964305,53.384584,On or near PARK ROAD,E01006632,Liverpool 044C,Suspect charged
4364ba25b982ac829060d5a836f77a04c030587aeeee20a08db4b501fb2abafa,2019-02,Merseyside Police,Merseyside Police,-2.949436,53.394753,On or near LODGE LANE,E01006674,Liverpool 039C,Unable to prosecute suspect
3da5ed5d0bff729aa935619d57e848bea256ff9173011822666e29e49f12c639,2019-02,Merseyside Police,Merseyside Police,-2.928234,53.441095,On or near Supermarket,E01033759,Liverpool 010F,Suspect charged
4724d983656dccf0c8538e828c223eebc5cca1ab9d6d92b0fb309a4579809ef3,2019-02,Merseyside Police,Merseyside Police,-2.918523,53.433404,On or near WESTCLIFFE ROAD,E01006626,Liverpool 016E,Unable to prosecute suspect
36bce70ee6e6a1b81d79e201e2a6d7497f7288e4b7b32e551ed6b9222b9b44f0,2019-02,Merseyside Police,Merseyside Police,-2.837835,53.425287,On or near ASTLEY ROAD,E01006444,Knowsley 010D,Suspect charged
0bc8dee782f5bc05d58cdfd02b5e1788365770d30c07f876269a0df84d445ea5,2019-02,Merseyside Police,Merseyside Police,-2.924253,53.426942,On or near WEST DERBY ROAD,E01006618,Liverpool 016C,Unable to prosecute suspect
bee1dfb6f7173f309983bef8dcf05db2b8e973d68c2befd7608c3415aaf9b549,2019-02,Merseyside Police,Merseyside Police,-2.965182,53.662077,On or near Petrol Station,E01007032,Sefton 002C,Unable to prosecute suspect
30e12da42befd45011ba73e14093b128d288bfde92c6a6ba693496eef6896a32,2019-02,Merseyside Police,Merseyside Police,-2.917848,53.388797,On or near DUDDINGSTON AVENUE,E01006553,Liverpool 042A,Unable to prosecute suspect
f4ae468d50f9a70472562803f8879ba2e94babc2e4a1724aa561347f514458f4,2019-02,Merseyside Police,Merseyside Police,-2.988180,53.474745,On or near Sports/Recreation Area,E01006976,Sefton 033A,Unable to prosecute suspect
4ed8644ba4ca201b369f51bacb2096c5f6acb32d18bf7cece8b3c7b835be6265,2019-02,Merseyside Police,Merseyside Police,-2.978599,53.409277,On or near LIME STREET,E01033760,Liverpool 060C,Offender given a drugs possession warning
44206ecbdedb023797a42980a5f4dc3d5e1c4f8e1ce9acbfb35808454817b8af,2019-02,Merseyside Police,Merseyside Police,-2.987014,53.405648,On or near Shopping Area,E01033760,Liverpool 060C,Investigation complete; no suspect identified
af20698bfd78e58774218e9511da81341b56c44fa237cdc9749baff2b8273a19,2019-02,Merseyside Police,Merseyside Police,-2.931827,53.427827,On or near GORSEBURN ROAD,E01006765,Liverpool 020E,Unable to prosecute suspect
fd307ebe92de452a8e8833a4d72b9ce83797ec057fcef3792dc4efe26b2afd23,2019-02,Merseyside Police,Merseyside Police,-2.928952,53.421584,On or near BRAINERD STREET,E01006761,Liverpool 020B,Investigation complete; no suspect identified
b6ba884b36d94ebf520f2c87ae4b9fc5b0e63d621a9f449e4a4dd40487325af2,2019-02,Merseyside Police,Merseyside Police,-2.943530,53.414647,On or near GENEVA ROAD,E01006695,Liverpool 028C,Unable to prosecute suspect
611d9fe8e2c991c681a854d211fa5ca2a1fa40613b995a5e4e05762362d77228,2019-02,Merseyside Police,Merseyside Police,-2.826697,53.418255,On or near DEVON WAY,E01006483,Knowsley 011C,Unable to prosecute suspect
fefd565b4e025b20c7188b064bed2244a1572da9d0c674feca75841b77237661,2019-02,Merseyside Police,Merseyside Police,-2.945610,53.378837,On or near LIVINGSTON DRIVE,E01006523,Liverpool 052B,Unable to prosecute suspect
d6c0caaba3dae908387d180eaa0f5d1342b0487c2d0120c6815e089915aa8601,2019-02,Merseyside Police,Merseyside Police,-2.983077,53.404521,On or near OLD POST OFFICE PLACE,E01033756,Liverpool 061C,Suspect charged
63128b9486ac5f1e0108befaee3c1d5233db0374a76474e7f1831451a8c9373d,2019-02,Merseyside Police,Merseyside Police,-2.984126,53.492918,On or near MILL COURT,E01007092,Sefton 023E,Unable to prosecute suspect
906b0d98c7974f96748dbb7415bc479077bf479384f6887fb34ed638a6bb6f73,2019-02,Merseyside Police,Merseyside Police,-3.007156,53.645948,On or near MARKET STREET,E01006968,Sefton 004C,Unable to prosecute suspect
d131e0338c131613293db00a85b9493a6ae9e6fd9696102db691a2f7ad96fd2d,2019-02,Merseyside Police,Merseyside Police,-3.007156,53.645948,On or near MARKET STREET,E01006968,Sefton 004C,Unable to prosecute suspect
e2762f365514cb4fb75c5f8d559040b3e24df0390103ae68fe8401f4b5c63dc1,2019-02,Merseyside Police,Merseyside Police,-3.094440,53.325041,On or near Parking Area,E01007189,Wirral 040D,Investigation complete; no suspect identified
ce8d112ada6d1569aec9b59e9d92be5dd33c90eb0d84afca71feca22d72e1e5f,2019-02,Merseyside Police,Merseyside Police,-2.701715,53.438003,On or near MARSLAND GROVE,E01006844,St. Helens 020A,Offender given a caution
54cea8d9947292e852d13363968bf58f6bc9df80ee9898d7bf066620989b3eee,2019-02,Merseyside Police,Merseyside Police,-3.040782,53.437911,On or near MASON STREET,E01007238,Wirral 001E,Suspect charged
f4d9fb1d49854a99576fb8092a857c73d3f6634c7ac8c329589066a9572a54a8,2019-02,Merseyside Police,Merseyside Police,-2.749200,53.452914,On or near ST PAUL STREET,E01006880,St. Helens 012D,Further investigation is not in the public interest
f603d107a850933825adafcb0b1583f13d8234e4a895dfa2e65ad01db4d56003,2019-02,Merseyside Police,Merseyside Police,-2.946043,53.416668,On or near SHEIL ROAD,E01006694,Liverpool 030B,Unable to prosecute suspect
cb14c0d248a5d45f8bcd780365694eff91ba75b355f641e4235857b8940a8da8,2019-02,Merseyside Police,Merseyside Police,-3.033346,53.382721,On or near BOROUGH ROAD,E01007131,Wirral 021B,Unable to prosecute suspect
ed4a468fe6ec8e0d6466d276a45d453bb09aa012da91dba57caf2cd8d02ea7bf,2019-02,Merseyside Police,Merseyside Police,-2.988024,53.438809,On or near PORTIA STREET,E01006778,Liverpool 014E,Unable to prosecute suspect
ea35dae553fbaa2b0455ded33ebf75d0ed2b0832f183f44ffafced402b28b3d7,2019-02,Merseyside Police,Merseyside Police,-3.003426,53.651956,On or near BOOTH STREET,E01033097,Sefton 004G,Unable to prosecute suspect
49159ac3124e7d14610c8b4aedd73460f67de69d683fdfdbf6441419f222fdd6,2019-02,Merseyside Police,Merseyside Police,-2.849925,53.448186,On or near RIDING HILL ROAD,E01006439,Knowsley 005F,Investigation complete; no suspect identified
493ba8d072bfbe2e13656dac923e91d0d7e3f1d0b5f9666b34be185c9b3867e6,2019-02,Merseyside Police,Merseyside Police,-2.850755,53.449061,On or near BERRY HILL AVENUE,E01006439,Knowsley 005F,Investigation complete; no suspect identified
cd722282b79474eab2fd9cd679de59be91f515bf92ea4da745fe868a524dca73,2019-02,Merseyside Police,Merseyside Police,-2.906921,53.405259,On or near WALDGRAVE ROAD,E01006575,Liverpool 034A,Unable to prosecute suspect
363d9d7ea6ed7f70d7f809fd8b95b57070345d34dbdc308afcc58808abcd1127,2019-02,Merseyside Police,Merseyside Police,-2.958143,53.427511,On or near OAKFIELD ROAD,E01006547,Liverpool 019C,Unable to prosecute suspect
aa0bc53031303a1d3508694d5cd12b8838c9d45bcb6547c2798a2ecbd8fa3124,2019-02,Merseyside Police,Merseyside Police,-2.969045,53.414542,On or near SHAW STREET,E01006646,Liverpool 023C,Unable to prosecute suspect
a37f267a8a037a115f1f8549d4b7b3205d149144e7d298f6b2d177ba99421b8a,2019-02,Merseyside Police,Merseyside Police,-2.787025,53.411224,On or near KINGSNORTH,E01006504,Knowsley 013D,Investigation complete; no suspect identified
01cfa134db90dfa965e5732efe7b154ad990595ce7e6fdb398ddda27102e73dc,2019-02,Merseyside Police,Merseyside Police,-3.031906,53.393421,On or near KNOWLES STREET,E01007127,Wirral 016B,Unable to prosecute suspect
60f739caa48f7e333f5638cbc803fd4342ec58912292128f4e085584d352285c,2019-02,Merseyside Police,Merseyside Police,-2.849925,53.448186,On or near RIDING HILL ROAD,E01006439,Knowsley 005F,Investigation complete; no suspect identified
bc25ff69304274a80ff2c4e5840cdcfad9e7a6d7866df9d89ff78ed445899372,2019-02,Merseyside Police,Merseyside Police,-2.927262,53.465606,On or near HARRISMITH ROAD,E01006660,Liverpool 001E,Investigation complete; no suspect identified
6294c2d71d44ada7dc501745991acdd8672c27e181c8d768d379ae1260a6abb8,2019-02,Merseyside Police,Merseyside Police,-3.027442,53.390403,On or near COVENTRY STREET,E01007128,Wirral 016C,Suspect charged
b622bb0c6b1a73ee72bc56c7259864892c3c86e8a7ad71ec262d2f91b1a5f947,2019-02,Merseyside Police,Merseyside Police,-2.984269,53.486085,On or near ST BERNARD'S CLOSE,E01007090,Sefton 029E,Investigation complete; no suspect identified
81f199560eab4379e38fe486d9d3d50b3fd37508cb33f89b6acd25c3f78f0778,2019-02,Merseyside Police,Merseyside Police,-2.889155,53.432602,On or near REGIMENT WAY,E01006640,Liverpool 021F,Local resolution
809842b085fd0f64804b1a5c23c88e76a18d626b269b32880ac9b132c98df2ba,2019-02,Merseyside Police,Merseyside Police,-3.007673,53.368953,On or near QUEENS ROAD,E01007295,Wirral 027D,Unable to prosecute suspect
232943f63797586c7c8488040a0371835b07ac3d80ec8d225fe730e3dbc9e954,2019-02,Merseyside Police,Merseyside Police,-2.889155,53.432602,On or near REGIMENT WAY,E01006640,Liverpool 021F,Local resolution
026d6e69b97fc627cb71654cf65dcd41f6e70217894d3c0610a90c4ddd6f7a2b,2019-02,Merseyside Police,Merseyside Police,-3.018951,53.392490,On or near LORN STREET,E01007126,Wirral 016A,Investigation complete; no suspect identified
35264362882c55a193925a6e4abcae0604cd4feefcdb92e1ca0f8bcc9bdf1d09,2019-02,Merseyside Police,Merseyside Police,-2.946126,53.470555,On or near SEEDS LANE,E01006652,Liverpool 002A,Investigation complete; no suspect identified
5c36b206549ef3e5e110461e235fb021f23de0422ce1bac0bc130d4ba8390c15,2019-02,Merseyside Police,Merseyside Police,-2.999686,53.464276,On or near LILY ROAD,E01007016,Sefton 034D,Unable to prosecute suspect
795e3091d12c0afd5676e1bcc486318563877a65a898e85509be7b415e22bdc9,2019-02,Merseyside Police,Merseyside Police,-2.918078,53.456059,On or near EAST LANCASHIRE ROAD,E01006660,Liverpool 001E,Investigation complete; no suspect identified
703916a456af5069cf75435758f122b8a185c90be0955551114fdbed038e3a03,2019-02,Merseyside Police,Merseyside Police,-2.733889,53.444425,On or near Shopping Area,E01006912,St. Helens 019G,Investigation complete; no suspect identified
9920485bcf6e50a7a1965ccef910ead2be6bdbddaca26c8d1c399c56739d1b38,2019-02,Merseyside Police,Merseyside Police,-2.860171,53.435151,On or near JUNIPER CLOSE,E01006413,Knowsley 006B,Unable to prosecute suspect
df5920ea11f50a24c796e383deb433433c7b950db5b39435eb51ac7ae553e416,2019-02,Merseyside Police,Merseyside Police,-2.976612,53.644592,On or near CYPRESS ROAD,E01007059,Sefton 006B,Unable to prosecute suspect
ba96226ac5cde7308a97fe9cd7daa75fbd199bf5ab46e077529894ad092dba62,2019-02,Merseyside Police,Merseyside Police,-3.112337,53.359673,On or near BROOK MEADOW,E01007280,Wirral 033A,Suspect charged
9b55cc63cdf15bd059a7a17cd260e083bfbbf8f65506e943f76c4c0309a078d1,2019-02,Merseyside Police,Merseyside Police,-2.737771,53.453813,On or near Shopping Area,E01006872,St. Helens 014C,Suspect charged
23f68fa2c59606bd4dee814b4665da85c401aa42f091486407a66b6470beba5d,2019-02,Merseyside Police,Merseyside Police,-3.003546,53.650014,On or near Shopping Area,E01033094,Sefton 004F,Investigation complete; no suspect identified
ea13c9630ae0927efc035eb06c6e4b6a8d2d6d40826f461b69ef8b5d96e7e38a,2019-02,Merseyside Police,Merseyside Police,-2.934070,53.392834,On or near SMITHDOWN ROAD,E01006557,Liverpool 038B,Offender given a caution
f053adad82466e09c30d9e6b4aee6040d825d876f6b742836eaf1fce8baf5136,2019-02,Merseyside Police,Merseyside Police,-2.734840,53.452401,On or near Shopping Area,E01006872,St. Helens 014C,Unable to prosecute suspect
103678a7e5d52557aaf201530b5eebc38cdc4f3c0f2bb180a01485f9b6d9afe9,2019-02,Merseyside Police,Merseyside Police,-2.909792,53.369929,On or near INCEMORE ROAD,E01006680,Liverpool 053B,Further investigation is not in the public interest
a80119e7f65dd80fe2dd5e9f20819f692401385a1f9fea7d25df814f3b1cfe18,2019-02,Merseyside Police,Merseyside Police,-2.929366,53.415702,On or near NEWTON ROAD,E01006711,Liverpool 027A,Unable to prosecute suspect
a80119e7f65dd80fe2dd5e9f20819f692401385a1f9fea7d25df814f3b1cfe18,2019-02,Merseyside Police,Merseyside Police,-2.929366,53.415702,On or near NEWTON ROAD,E01006711,Liverpool 027A,Unable to prosecute suspect
7a3155a9eae8a3972c4fe100c2649e48922b32e5562c76a1f5237c844e4160c0,2019-02,Merseyside Police,Merseyside Police,-2.944718,53.412543,On or near SHEIL PLACE,E01006697,Liverpool 030D,Investigation complete; no suspect identified
6c76df1362f2e4954046c6ad8d4d6e98471426206f79efeac7424ea0e54bcf38,2019-02,Merseyside Police,Merseyside Police,-3.002528,53.365572,On or near HASSAL ROAD,E01007289,Wirral 031E,Local resolution
b34d7ebf57382825a15d7ffb853c22ee4312ed1f301215a0d3de6721a33c1f9a,2019-02,Merseyside Police,Merseyside Police,-2.987117,53.404218,On or near Bus/Coach Station,E01033756,Liverpool 061C,Unable to prosecute suspect
47e66bcaa3cc20c1519e5fa873673766f5be1380eb8537431502d65feee2cbff,2019-02,Merseyside Police,Merseyside Police,-2.977115,53.406242,On or near HILBRE STREET,E01006513,Liverpool 060A,Unable to prosecute suspect
7f2f95fdd0ea22aa8868cefcec88bb255004f088f43eca404ee54336682941a1,2019-02,Merseyside Police,Merseyside Police,-2.993206,53.453166,On or near Parking Area,E01007009,Sefton 037D,Offender given a caution
33481889864a8c150d509dfe7bfed5cd6bf05a6923cf5b08845e8b0e6d615da1,2019-02,Merseyside Police,Merseyside Police,-2.860171,53.435151,On or near JUNIPER CLOSE,E01006413,Knowsley 006B,Unable to prosecute suspect
61b2acaf657f5cd37c6668da50dd3e227faa8176927c35b2d58c4c08fffc5ca2,2019-02,Merseyside Police,Merseyside Police,-2.875262,53.481657,On or near MINSTEAD AVENUE,E01006446,Knowsley 005G,Unable to prosecute suspect
affa93d9068f8ce433f8ecd04e46acb4dbd486db948ea539e8b91d8b11ac75fe,2019-02,Merseyside Police,Merseyside Police,-2.940452,53.412856,On or near LILLY VALE,E01006690,Liverpool 028A,Unable to prosecute suspect
50a705acd23c2eb40b2302da96eb679bfcfc2a1f1f77df8eacc9201b7c8701b6,2019-02,Merseyside Police,Merseyside Police,-2.990098,53.406935,On or near SWEETING STREET,E01033752,Liverpool 062B,Investigation complete; no suspect identified
b9163c634308688510d3cbc99f1b433785545acd17f8d1d9030cf013e4e95e09,2019-02,Merseyside Police,Merseyside Police,-2.957038,53.415169,On or near BOALER STREET,E01006746,Liverpool 030E,Unable to prosecute suspect
97717ef177497bf00f6c78ff18ac7d63266b2215252ec78b069cdbe575df6009,2019-02,Merseyside Police,Merseyside Police,-2.954644,53.425166,On or near SPRING BANK ROAD,E01006547,Liverpool 019C,Suspect charged
83f6a4586cf71915ca1062f81481da0bc3bd82d71b4e083c86efc5a17deb1c72,2019-02,Merseyside Police,Merseyside Police,-2.983878,53.406618,On or near Supermarket,E01033760,Liverpool 060C,Unable to prosecute suspect
19fccec416f327b74d7b0d9b87f311f9275d6aaa3a70a9fc934ce48caba79028,2019-02,Merseyside Police,Merseyside Police,-3.026163,53.381641,On or near LIVERSIDGE ROAD,E01007131,Wirral 021B,Unable to prosecute suspect
08ccac3d42aa762c349a8c421b122bb75dc1242e98b06ca25c0156af6a5e4828,2019-02,Merseyside Police,Merseyside Police,-2.715567,53.436366,On or near SPENCER GARDENS,E01006845,St. Helens 014A,Investigation complete; no suspect identified
4c1a56ed74aba1b2279a3bb71dee404d2108af67e69dbc7acb7fd4d84548d5e2,2019-02,Merseyside Police,Merseyside Police,-2.972611,53.400031,On or near MOUNT STREET,E01006514,Liverpool 037A,Unable to prosecute suspect
58dd347b8b7847b4dd1d07bbe31724a2ea3ff8e21fce53a8e7a831dd690159cd,2019-02,Merseyside Police,Merseyside Police,-3.039272,53.395173,On or near Sports/Recreation Area,E01007155,Wirral 020A,Investigation complete; no suspect identified
9ee21371dbda3d180035eb99241b94a95a0490a0be17b0aa1afab48889ea7087,2019-02,Merseyside Police,Merseyside Police,-3.039272,53.395173,On or near Sports/Recreation Area,E01007155,Wirral 020A,Suspect charged
6d9180abbfdf48f2cd58f6c67a6af170308a490fbbd51fae1f6ad84ef6227a39,2019-02,Merseyside Police,Merseyside Police,-3.035379,53.434902,On or near KIRKLAND ROAD,E01007230,Wirral 001B,Unable to prosecute suspect
404a229a2144abd938fe7a5ef3d11b6e474d41cc5e11d553fb92e71ad882c390,2019-02,Merseyside Police,Merseyside Police,-2.994885,53.652891,On or near COURT ROAD,E01006945,Sefton 004A,Unable to prosecute suspect
33debf60e4a938083a2a5b926ab791a00e38c3d5415de8beb0b22a91fba1629d,2019-02,Merseyside Police,Merseyside Police,-2.994885,53.652891,On or near COURT ROAD,E01006945,Sefton 004A,Unable to prosecute suspect
7d7b906d5a3b6a6bbd7349f07f85d93082bcea0abedfe8a6a6ad5e2227f570bf,2019-02,Merseyside Police,Merseyside Police,-2.844511,53.407559,On or near THE ROOLEY,E01006475,Knowsley 016D,Investigation complete; no suspect identified
ba8166b6cfc30212e47b138f60a3770b332b931d48cabe07087672c9aae59740,2019-02,Merseyside Police,Merseyside Police,-2.636285,53.451610,On or near Parking Area,E01006864,St. Helens 013B,Suspect charged
6930ddd3eba97a11f20a82480c37849a6a657357c5815410e5d38c299628dcde,2019-02,Merseyside Police,Merseyside Police,-3.019277,53.380954,On or near HOLT ROAD,E01007291,Wirral 021D,Suspect charged
dd287b221b84aa5cef50ac2f37e938916d44b4206416c475be0d1211688d3be0,2019-02,Merseyside Police,Merseyside Police,-2.970741,53.442744,On or near COUNTY ROAD,E01006698,Liverpool 012D,Investigation complete; no suspect identified
f590fe2c511e5c1546de5ce37acd29ca370dc3d3adda0c79f62d8d43f872dd7c,2019-02,Merseyside Police,Merseyside Police,-3.043346,53.419677,On or near Supermarket,E01007214,Wirral 007C,Investigation complete; no suspect identified
ab49792aa8d409256f6e84522f207acc73ab95963a7aaf087c04f1ed133afb51,2019-02,Merseyside Police,Merseyside Police,-2.766933,53.465943,On or near STUART ROAD,E01006914,St. Helens 007A,Unable to prosecute suspect
712742aac581300528237dc909da8a7a5a643e78c9bb59a6061129d4655c86d0,2019-02,Merseyside Police,Merseyside Police,-3.013690,53.393218,On or near MORTIMER STREET,E01007126,Wirral 016A,Suspect charged
763e4bf7a25d76d7e7602d145c540c5394ee3a4e4f8e782ca1189e1be4c5fb8e,2019-02,Merseyside Police,Merseyside Police,-2.711217,53.492274,On or near GREENFIELD VIEW,E01006806,St. Helens 002C,Unable to prosecute suspect
95716d73681a5b0f3eaa665e24c3acd89ee619dc18d82b9e43b8a2527f837406,2019-02,Merseyside Police,Merseyside Police,-3.040590,53.411584,On or near LINDETH AVENUE,E01007271,Wirral 010E,Investigation complete; no suspect identified
341e784d91315efab1d33c7af5ffd6fa29061ab4ed06dc3d73cc5d1cb93b361d,2019-02,Merseyside Police,Merseyside Police,-2.877408,53.452770,On or near MISTLETHRUSH WAY,E01006666,Liverpool 007B,Unable to prosecute suspect
49009853688dc5dc226a3426b676ed02d8e0740093459caf458a9167f58894e6,2019-02,Merseyside Police,Merseyside Police,-2.872841,53.448147,On or near WATTON CLOSE,E01006668,Liverpool 007D,Unable to prosecute suspect
920e98bee72ce5214c971d78a812cc24bde377506b8584cdb5fe93002c12a0aa,2019-02,Merseyside Police,Merseyside Police,-3.040147,53.388495,On or near EATON ROAD,E01007155,Wirral 020A,Unable to prosecute suspect
c46d3e8479437bf5008f0f4d5008b1cd6644ec678540cf812b56877f126da60d,2019-02,Merseyside Police,Merseyside Police,-2.872841,53.448147,On or near WATTON CLOSE,E01006668,Liverpool 007D,Unable to prosecute suspect
8709414dc65b857e384804952b878093ceeb76b071ff161be93e625f29b9d5e5,2019-02,Merseyside Police,Merseyside Police,-3.038151,53.396675,On or near HARCOURT STREET,E01032903,Wirral 010F,Unable to prosecute suspect
2442d87dc3d4f3f4388122b75601078ba1f2e96e03d2f3b80fea065862504f40,2019-02,Merseyside Police,Merseyside Police,-2.974400,53.401958,On or near LEECE STREET,E01006513,Liverpool 060A,Unable to prosecute suspect
f6ac6ca8a71dcff73a00e5c60f2f4290760f6f1318994142b1e59876a3b3123a,2019-02,Merseyside Police,Merseyside Police,-2.736164,53.451485,On or near Shopping Area,E01006832,St. Helens 012A,Unable to prosecute suspect
65f02b02a7cbaa4251940ba81a22bc40207595bffc8b96d1e3455510c9eb1ca5,2019-02,Merseyside Police,Merseyside Police,-2.695012,53.435948,On or near TELFORD DRIVE,E01006900,St. Helens 022B,Unable to prosecute suspect
8f45f16c76e88238602f25aba2e8069ad463a74ed8695ff6b7adfec914b63d76,2019-02,Merseyside Police,Merseyside Police,-3.097430,53.413395,On or near CASTLE CLOSE,E01007205,Wirral 006B,Investigation complete; no suspect identified
51e0626c46d88e1c238c8ccc0f49758014f87105533c529a0174ab47e483c3ea,2019-02,Merseyside Police,Merseyside Police,-3.042619,53.406578,On or near MILLBROOK ROAD,E01007270,Wirral 010D,Unable to prosecute suspect
a745ad22690a69b84f61d906c7103a72c748a293cf08efb735388c14d22bbf3f,2019-02,Merseyside Police,Merseyside Police,-2.995997,53.453395,On or near GEMINI CLOSE,E01007007,Sefton 037B,Unable to prosecute suspect
05b0dddd189e93b981340d6d718d1aff0f5ab88694452a14a1170853d360fd99,2019-02,Merseyside Police,Merseyside Police,-2.723572,53.475158,On or near HONISTER AVENUE,E01006850,St. Helens 004B,Unable to prosecute suspect
3c7836be36324a231dfdadc4a1cfccea1ba6f231a703e95fb03f67047b45bf91,2019-02,Merseyside Police,Merseyside Police,-2.937142,53.413529,On or near PRESCOT ROAD,E01006692,Liverpool 028B,Unable to prosecute suspect
ce4232e1f90077e1187598f7617f18ed77a4c2c91eea6f4040b050bfa8778351,2019-02,Merseyside Police,Merseyside Police,-3.131732,53.400310,On or near HUNTINGDON CLOSE,E01007223,Wirral 013D,Unable to prosecute suspect
eeeb4f788b62204d40e6490c2c5de5ba95bd8cf81c5f8dc891bb782f35be0620,2019-02,Merseyside Police,Merseyside Police,-2.646474,53.453245,On or near CROWN STREET,E01006863,St. Helens 013A,Further investigation is not in the public interest
268af652904515fdfd42dc4c4c705df85c3d6fdff403a90a9d7c13f23201045f,2019-02,Merseyside Police,Merseyside Police,-2.723320,53.475402,On or near WYTHBURN CRESCENT,E01006850,St. Helens 004B,Unable to prosecute suspect
230623e55557f21378f0b149e0e87327a74a8db9a12b96ddb9d820650ea4da88,2019-02,Merseyside Police,Merseyside Police,-3.029300,53.390154,On or near Parking Area,E01007128,Wirral 016C,Suspect charged
230bad67c76429351e3b98011670dda5070d993bbe3e0f9f9f0e4c0e58498adc,2019-02,Merseyside Police,Merseyside Police,-3.035628,53.477930,On or near HARBORD ROAD,E01006954,Sefton 028C,Local resolution
bfdc8d472252c4687ac40c3f21de3b1448134dbcf4eb78d30083bad9ec1dcb86,2019-02,Merseyside Police,Merseyside Police,-3.027655,53.410492,On or near SHAKESPEARE ROAD,E01007272,Wirral 008A,Unable to prosecute suspect
82ba38a79f6255a3160fb680adb625e49b1160a8e3a820b21ab0831bc6ce6f9e,2019-02,Merseyside Police,Merseyside Police,-3.027655,53.410492,On or near SHAKESPEARE ROAD,E01007272,Wirral 008A,Unable to prosecute suspect
0aac6310d1161c29d77ded0f4733e1fc410cc9f2089563d8d11fcc9e85e3acdc,2019-02,Merseyside Police,Merseyside Police,-3.026567,53.391552,On or near PINE COURT,E01007128,Wirral 016C,Unable to prosecute suspect
2e66e584bed01c52c3c33df6a6f427d6a64a50ee4eb6626109f409ef6bd15e70,2019-02,Merseyside Police,Merseyside Police,-2.837132,53.427027,On or near MARTON ROAD,E01006440,Knowsley 010A,Unable to prosecute suspect
439001c2c19badde6225ea6139d01a76a562883c3043ceabcb9d989d97cc3558,2019-02,Merseyside Police,Merseyside Police,-3.026567,53.391552,On or near PINE COURT,E01007128,Wirral 016C,Unable to prosecute suspect
d67022373a961d246793a3b5bbc984230801e0430be2d162239e4f8ea3a3d6e7,2019-02,Merseyside Police,Merseyside Police,-2.762834,53.454069,On or near RENNIE AVENUE,E01006879,St. Helens 016F,Unable to prosecute suspect
a2b8b31df21a118cdded62977eed5faeff874dc2d5b6e5c017563485c609e888,2019-02,Merseyside Police,Merseyside Police,-3.095165,53.350429,On or near PENSBY CLOSE,E01007256,Wirral 034C,Unable to prosecute suspect
5fb5b2e90c73ec67802ed7f0d9d3b9afa3328b5414461598c5f46b119cc30c13,2019-02,Merseyside Police,Merseyside Police,-2.990899,53.405796,On or near Supermarket,E01033752,Liverpool 062B,Unable to prosecute suspect
2bfcdab9c055344ee8277dcbbf095a2d50dd0f3fbac21af9adf0a1e74727b3c3,2019-02,Merseyside Police,Merseyside Police,-2.980571,53.403472,On or near Nightclub,E01033756,Liverpool 061C,Unable to prosecute suspect
f05a626d98f7badf372c4fdde49d2dcfdf32b4ce3741c2032f0b82654affd3f5,2019-02,Merseyside Police,Merseyside Police,-2.936976,53.459382,On or near DYSON HALL DRIVE,E01006659,Liverpool 005B,Unable to prosecute suspect
184f7dec6e1ce8b172d2a960b7f9378b49e6c960ad42cbe0930e8d43306afbb2,2019-02,Merseyside Police,Merseyside Police,-2.992125,53.633974,On or near Sports/Recreation Area,E01006997,Sefton 008B,Investigation complete; no suspect identified
08b105e62e4a3c4969fd8b0145c08b4bf8e4da3e438d298bdb42f67e6af6ea71,2019-02,Merseyside Police,Merseyside Police,-2.934674,53.471823,On or near PAPILLON DRIVE,E01006655,Liverpool 001C,Unable to prosecute suspect
0000f14947fbf3dec8d708a2e8f405daeed0f441b3d6e677724ee7ba273772f8,2019-02,Merseyside Police,Merseyside Police,-2.870462,53.374474,On or near MOUNT STREET,E01006799,Liverpool 051E,Investigation complete; no suspect identified
a8b5de979bc06bebac11995534bc77c1c01d773706f3ce52b022b1a13afba5d5,2019-02,Merseyside Police,Merseyside Police,-2.855772,53.368243,On or near CARKINGTON ROAD,E01006531,Liverpool 055B,Investigation complete; no suspect identified
d47f224296eb4a1c872f21e34533fc2fdf3fc66d67fc14d3c3be003ee190534b,2019-02,Merseyside Police,Merseyside Police,-2.964486,53.440449,On or near BARDSAY ROAD,E01006615,Liverpool 012C,Suspect charged
a66ebee81f1b008c306d0606fb7a5065b02600bbfe8cf36e490970bf6c2f3fac,2019-02,Merseyside Police,Merseyside Police,-2.960340,53.450873,On or near CAVENDISH DRIVE,E01006791,Liverpool 006D,Unable to prosecute suspect
3ed2bd7d854753741b729546742d89dcc205fb87c9a59e8cd531c28762bbc1e6,2019-02,Merseyside Police,Merseyside Police,-3.002942,53.467557,On or near BEACH ROAD,E01007016,Sefton 034D,Unable to prosecute suspect
16cba53485a953a6d13a31b798afe6a4db92f192236aaa8745e43e44fa580fd8,2019-02,Merseyside Police,Merseyside Police,-2.964486,53.440449,On or near BARDSAY ROAD,E01006615,Liverpool 012C,Suspect charged
ccbee254161cccd902410626286cdb0c1df84734fadd699804b110452fc6e62d,2019-02,Merseyside Police,Merseyside Police,-3.010684,53.375526,On or near FAIRHAVEN CLOSE,E01007293,Wirral 027C,Unable to prosecute suspect
598e45a8f917115bdf62ebe51f77802c4d302b7ada69cd8bb8ea8da5b81e2389,2019-02,Merseyside Police,Merseyside Police,-2.862240,53.426543,On or near ASHBURY ROAD,E01006467,Knowsley 008B,Unable to prosecute suspect
865843f4535453c43019877a921aa3d964ee38d64a36dca11bccbd8189d5693f,2019-02,Merseyside Police,Merseyside Police,-2.896900,53.484454,On or near KIRKBY ROW,E01006455,Knowsley 004A,Unable to prosecute suspect
08236ec7b33cce90bec7d94ea5651405102601bd5197630f361a75c3225362a5,2019-02,Merseyside Police,Merseyside Police,-2.880824,53.468654,On or near DIGMOOR ROAD,E01006418,Knowsley 005B,Investigation complete; no suspect identified
0084d5ef4dd99e67e5efccbf8bfdf2308910830483db2e8715fd73036b82c94b,2019-02,Merseyside Police,Merseyside Police,-2.977115,53.406242,On or near HILBRE STREET,E01006513,Liverpool 060A,Unable to prosecute suspect
bae0f56283da6fd2891353f988394951965b2e9fc778a7ec6efcde23ef391311,2019-02,Merseyside Police,Merseyside Police,-3.088124,53.382432,On or near MYRTLE WAY,E01007300,Wirral 019D,Unable to prosecute suspect
4667e2606582326ef857223ca1d6f2fa6a42fd6642f703bc84ac40beee8933df,2019-02,Merseyside Police,Merseyside Police,-2.878580,53.432950,On or near SOUTH CANTRIL AVENUE,E01006645,Liverpool 017E,Unable to prosecute suspect
3ea8e4a54d24de1bee625e0c11596a926ba2406be78305e1e3fe9d5873b1d358,2019-02,Merseyside Police,Merseyside Police,-3.023788,53.492450,On or near Parking Area,E01007105,Sefton 025C,Investigation complete; no suspect identified
d6012ff9b521c78bd85c159c092009f0184b3a5983077c757463e488299c367e,2019-02,Merseyside Police,Merseyside Police,-2.720382,53.422027,On or near CLOCK FACE ROAD,E01006896,St. Helens 020E,Suspect charged
d6012ff9b521c78bd85c159c092009f0184b3a5983077c757463e488299c367e,2019-02,Merseyside Police,Merseyside Police,-2.720382,53.422027,On or near CLOCK FACE ROAD,E01006896,St. Helens 020E,Suspect charged
c9cf5294710fbf38dc1cc55275d0b977de03c7dafe8d79edcee37c9aff113edb,2019-02,Merseyside Police,Merseyside Police,-3.005290,53.369234,On or near SEFTON ROAD,E01007289,Wirral 031E,Suspect charged
0680dfff41a26ba2cc0ca770f20bb42a61cae9c909ce7481b7fec6c5644c368b,2019-02,Merseyside Police,Merseyside Police,-2.989130,53.401514,On or near STRAND STREET,E01033756,Liverpool 061C,Unable to prosecute suspect
584ada2aa10572305129f3509e6ea776c0b7dda233c14b02f52752cd0c88e93c,2019-02,Merseyside Police,Merseyside Police,-2.895780,53.472777,On or near DICKENS CLOSE,E01006415,Knowsley 003A,Offender given penalty notice
00fe866b7053de475c33d4d1dec009a9d7f1d1b7e6145b45a1a519b91118cfbc,2019-02,Merseyside Police,Merseyside Police,-3.060475,53.402375,On or near TAPESTRY GARDENS,E01007123,Wirral 011D,Unable to prosecute suspect
9b0f70d9f3ee1eac1ceff9712c1281e755f122f4853d436c8e07f66db82b4759,2019-02,Merseyside Police,Merseyside Police,-3.034340,53.419387,On or near SERPENTINE ROAD,E01007219,Wirral 005C,Local resolution
72a44a05018cba2604b237d645bac5c94136b795bf6a57c0e4f53ada445fd548,2019-02,Merseyside Police,Merseyside Police,-2.987781,53.444573,On or near Sports/Recreation Area,E01006961,Sefton 038B,Suspect charged
511910b2c9f4c5d506ef97397ca09c7e55f306b4c8c17aaa0ab638a4aa828b09,2019-02,Merseyside Police,Merseyside Police,-2.985464,53.402353,On or near DUKE STREET LANE,E01033754,Liverpool 061B,Unable to prosecute suspect
ff04ef96fa54269696629782c3ad2e338769c6340cfbdfdaeecf649b5c662de3,2019-02,Merseyside Police,Merseyside Police,-2.629508,53.442379,On or near VULCAN CLOSE,E01006862,St. Helens 015G,Unable to prosecute suspect
9740e97d57a4a414529e9e2d71b93bf5eb37835fdb04851530ce8badfc50347e,2019-02,Merseyside Police,Merseyside Police,-2.754104,53.460290,On or near TENNIS STREET,E01006918,St. Helens 007E,Unable to prosecute suspect
0741624458238771da236b93d3e7e960e00fdb2a2914a2f94572bfb363f463b3,2019-02,Merseyside Police,Merseyside Police,-3.025168,53.388391,On or near LOWWOOD GROVE,E01007128,Wirral 016C,Investigation complete; no suspect identified
435eb9238a7f3f6dbcfe460efd7de0e2266d8bf9d8b059d157f9dd4a80cec6cc,2019-02,Merseyside Police,Merseyside Police,-2.637501,53.451352,On or near RAILWAY STREET,E01006863,St. Helens 013A,Unable to prosecute suspect
1f1d101f5d343d1d4dfa63581bae38b88fcf7c0a762e2f4f7447b69111a73c6d,2019-02,Merseyside Police,Merseyside Police,-2.911901,53.415189,On or near ORLEANS ROAD,E01006713,Liverpool 029E,Unable to prosecute suspect
2c27becc79d43c8b1af9385f6c63fe617a23e68d923235f28bd7f0a8e8554540,2019-02,Merseyside Police,Merseyside Police,-3.086644,53.379245,On or near NEWBRIDGE CLOSE,E01007303,Wirral 025D,Investigation complete; no suspect identified
ea2706e9c005c6791c318e0bad9362b50428cf35580797fbada73f63ae8f7f44,2019-02,Merseyside Police,Merseyside Police,-2.829413,53.342082,On or near EASTERN AVENUE,E01006755,Liverpool 059C,Suspect charged
4b21822ac37e48e9aac6f5c8eae378e696049f06558cb4a456a8011283a326cd,2019-02,Merseyside Police,Merseyside Police,-2.746538,53.452221,On or near LYON STREET,E01006880,St. Helens 012D,Investigation complete; no suspect identified
9a8780eac90bf467506e91c27d5bfdeb21c0caee126ff8870f6ed478f95290bf,2019-02,Merseyside Police,Merseyside Police,-2.979959,53.404996,On or near RANELAGH STREET,E01033756,Liverpool 061C,Unable to prosecute suspect
55740bc5c10208fbd60f882d108b4bea6680d4f313b6869991bcd2001718df6b,2019-02,Merseyside Police,Merseyside Police,-2.917848,53.388797,On or near DUDDINGSTON AVENUE,E01006553,Liverpool 042A,Investigation complete; no suspect identified
4bd80cf432b56edf7a427bb6e2a2e13f97c6c539719e79464cc97ffac6e66592,2019-02,Merseyside Police,Merseyside Police,-2.965012,53.461676,On or near MATLOCK AVENUE,E01006784,Liverpool 003C,Unable to prosecute suspect
2460a317264cfbd42fbca0205116aa5c2b26995a33af9766c1e4e46795ab8ae4,2019-02,Merseyside Police,Merseyside Police,-3.043379,53.400153,On or near DAWSON AVENUE,E01032903,Wirral 010F,Unable to prosecute suspect
fa133eb37a2902b105363b5dd0b7898661cfbd5316d7fec1e7e5846c3565743f,2019-02,Merseyside Police,Merseyside Police,-2.904129,53.404120,On or near BEECHTREE ROAD,E01006575,Liverpool 034A,Unable to prosecute suspect
4e0fb14a19b0e70c6c169f64c14ccaec46c0959462e0901d6f3f2a3ecf7393f1,2019-02,Merseyside Police,Merseyside Police,-2.878580,53.432950,On or near SOUTH CANTRIL AVENUE,E01006645,Liverpool 017E,Unable to prosecute suspect
4d0e0776f6c69c799bbe671f289884fafb6396ce66d8f53e6da21bc97f8131a2,2019-02,Merseyside Police,Merseyside Police,-2.869434,53.374202,On or near ALLERTON ROAD,E01006799,Liverpool 051E,Unable to prosecute suspect
0e9d4a609fa8a29f03c92882d0ac3fdab84a0bd3e5d020b3b3859cad57717426,2019-02,Merseyside Police,Merseyside Police,-2.926774,53.517152,On or near HODDER AVENUE,E01033096,Sefton 018F,Investigation complete; no suspect identified
af5ab7c830799a2b3f9d9454df85472cb637912f7f41ff9feb509e492ce70c16,2019-02,Merseyside Police,Merseyside Police,-2.973398,53.402892,On or near Further/Higher Educational Building,E01006513,Liverpool 060A,Unable to prosecute suspect
cf1236ba698e6c61bed51f954d30fda179d0c255645f0baa5c61fdb4abd81c41,2019-02,Merseyside Police,Merseyside Police,-2.744980,53.434667,On or near SUTTON HEATH ROAD,E01006905,St. Helens 019D,Suspect charged
cf1236ba698e6c61bed51f954d30fda179d0c255645f0baa5c61fdb4abd81c41,2019-02,Merseyside Police,Merseyside Police,-2.744980,53.434667,On or near SUTTON HEATH ROAD,E01006905,St. Helens 019D,Suspect charged
e6f3b4d1372acbfc94c1f830b5870a3b24b1ae6b2594281dcf13f7f5f9ed4ed4,2019-02,Merseyside Police,Merseyside Police,-2.825160,53.398697,On or near HAWKE GREEN,E01006424,Knowsley 017B,Investigation complete; no suspect identified
ceafbbb51edc3cde66bdde9fc817920447d38dc0febe0f0788f88d5b0ed67425,2019-02,Merseyside Police,Merseyside Police,-2.995548,53.360093,On or near WINSTANLEY ROAD,E01007138,Wirral 031B,Unable to prosecute suspect
f9b548cb91a976528ac94904275a4a01265637b504c035838981374b353f2eb2,2019-02,Merseyside Police,Merseyside Police,-2.954132,53.430536,On or near FINCHLEY ROAD,E01006545,Liverpool 019A,Unable to prosecute suspect
b594e128aa4df20c635c6a0187a8d20fbb85038208568b375f42262d01597585,2019-02,Merseyside Police,Merseyside Police,-2.966573,53.489924,On or near FREDERICK BANTING CLOSE,E01007087,Sefton 029C,Unable to prosecute suspect
960ba816f48d1e39be2a474dfcac39cde1e99db0bbab4b153c5ecd0df2c5168f,2019-02,Merseyside Police,Merseyside Police,-2.985188,53.407335,On or near Theatre/Concert Hall,E01033760,Liverpool 060C,Unable to prosecute suspect
7faf913c3773518d61cc2cad60f2f006d9768415f908a53378c9878ad98a0ddf,2019-02,Merseyside Police,Merseyside Police,-2.965012,53.461676,On or near MATLOCK AVENUE,E01006784,Liverpool 003C,Unable to prosecute suspect
afa9163857926dc7b455d6bad4b581abd05e5a11de9e5120fa66b97a89f304be,2019-02,Merseyside Police,Merseyside Police,-2.874887,53.417291,On or near KEMSLEY ROAD,E01006572,Liverpool 025A,Unable to prosecute suspect
cb168aab7caf83b59d9e6e8143253f06a7a92c91a029c4ef1f7dbf996ec1ea38,2019-02,Merseyside Police,Merseyside Police,-2.989457,53.413691,On or near VAUXHALL ROAD,E01033751,Liverpool 062A,Investigation complete; no suspect identified
e2f4bed9d009a5ddbd71997c55df01eaebb13985a27429cdd5ec3c1a6d2dac23,2019-02,Merseyside Police,Merseyside Police,-3.026625,53.475131,On or near Bus/Coach Station,E01006956,Sefton 030B,Suspect charged
9aa12ee9bbd6df98ecabb8b39969031dd3c16ef596d6aba4daa3544e0ff14da8,2019-02,Merseyside Police,Merseyside Police,-2.744236,53.417898,On or near HARRIER COURT,E01006910,St. Helens 022E,Investigation complete; no suspect identified
91243f6e320abb4d651b5fbcc9b5ee15ccc47975fc16d9c456353923b20417c3,2019-02,Merseyside Police,Merseyside Police,-2.980064,53.468403,On or near GARDNER AVENUE,E01007047,Sefton 033E,Offender given a caution
7d0933214a4a3db0952ec61a58000c0cbc6cdbd21b0f07d0e8db7bd4c6feecba,2019-02,Merseyside Police,Merseyside Police,-2.985464,53.402353,On or near DUKE STREET LANE,E01033754,Liverpool 061B,Suspect charged
0ec64228d2e99694cf8eaf20b4634e2a9d81de469fed6998b32b96501f7e72ca,2019-02,Merseyside Police,Merseyside Police,-2.980571,53.403472,On or near Nightclub,E01033756,Liverpool 061C,Unable to prosecute suspect
6186fefe99b5dc438e029aa30ca9d7ae2b9f58e490c3309008a7952549ca38c9,2019-02,Merseyside Police,Merseyside Police,-2.837518,53.413020,On or near Parking Area,E01006481,Knowsley 015E,Suspect charged
804b7c5aa8f924e8f75dae1dcc111a8a3200c2e0d026251b8860f0ebdf5fb7f7,2019-02,Merseyside Police,Merseyside Police,-3.000194,53.481387,On or near FARM VIEW,E01006980,Sefton 024B,Unable to prosecute suspect
ab9eb4eb3d54f4936a46970838f57baaf5c43224df761324f617ba5962ef7fd8,2019-02,Merseyside Police,Merseyside Police,-2.983763,53.451159,On or near MILL LANE,E01006967,Sefton 037A,Unable to prosecute suspect
0ddcdd43b8160e97272e391a840a3272df0ae386389c07d318849e45a753a8c0,2019-02,Merseyside Police,Merseyside Police,-2.995131,53.456260,On or near HORNBY ROAD,E01007006,Sefton 036C,Unable to prosecute suspect
e77ed0afc5e4fb9395e73ae413a183fd6eb264fe59fa3584728e14f02ddf3642,2019-02,Merseyside Police,Merseyside Police,-2.709549,53.451053,On or near Supermarket,E01006874,St. Helens 014E,Investigation complete; no suspect identified
863f77502aa17dbb88ebae6b1fe2c688de6dd90a7321a53b6b8345d73a769e6a,2019-02,Merseyside Police,Merseyside Police,-2.983814,53.428632,On or near LEMON STREET,E01006778,Liverpool 014E,Unable to prosecute suspect
135cd0c5e9c5f5db8e18e48eac158caa1e8e3d0ebcd1f150edfcc5b31fb49734,2019-02,Merseyside Police,Merseyside Police,-3.034820,53.375319,On or near PRENTONPARK ROAD,E01007181,Wirral 022B,Suspect charged
3f669ccef3d1ea26ebd31468d2e11375de86a0f875a562791e510c9ceecc211c,2019-02,Merseyside Police,Merseyside Police,-3.062582,53.427166,On or near TAUNTON ROAD,E01007308,Wirral 003B,Unable to prosecute suspect
f694e0b9f8c8197057b16c2f899fb9e04caeb6fb843d2ce309bb9cf9250f172f,2019-02,Merseyside Police,Merseyside Police,-2.938202,53.426141,On or near LOWNDES ROAD,E01006767,Liverpool 019F,Investigation complete; no suspect identified
09afb0e40827d7c9cfb560dcc9d4a91a5b116850ca502b1858e438134b94bcfa,2019-02,Merseyside Police,Merseyside Police,-2.930571,53.468808,On or near LONGMOOR CLOSE,E01006655,Liverpool 001C,Investigation complete; no suspect identified
c0b04ef19270b18b116fafed22e35af8303daa99f1961ea37a7f63c6b85f7595,2019-02,Merseyside Police,Merseyside Police,-2.859045,53.427833,On or near MELBURY ROAD,E01006467,Knowsley 008B,Unable to prosecute suspect
db0c19bd5404671a0e1fa4d9d22b004deedeea9eaa697f5b63b35c4b920990b9,2019-02,Merseyside Police,Merseyside Police,-2.843204,53.426625,On or near PRIMROSE COURT,E01006444,Knowsley 010D,Unable to prosecute suspect
07c868b12519a6b9d1f1fd2e9fcae7de312891d414cacff2b46c4b4a0aa64986,2019-02,Merseyside Police,Merseyside Police,-2.876947,53.468377,On or near DALRY CRESCENT,E01006418,Knowsley 005B,Unable to prosecute suspect
7b576fe7cc1f070550b6427f753227e644a8fda00941797bc88331d51aaba949,2019-02,Merseyside Police,Merseyside Police,-2.981323,53.407376,On or near Theatre/Concert Hall,E01033760,Liverpool 060C,Unable to prosecute suspect
7b576fe7cc1f070550b6427f753227e644a8fda00941797bc88331d51aaba949,2019-02,Merseyside Police,Merseyside Police,-2.981323,53.407376,On or near Theatre/Concert Hall,E01033760,Liverpool 060C,Unable to prosecute suspect
7b576fe7cc1f070550b6427f753227e644a8fda00941797bc88331d51aaba949,2019-02,Merseyside Police,Merseyside Police,-2.981323,53.407376,On or near Theatre/Concert Hall,E01033760,Liverpool 060C,Unable to prosecute suspect
f70b7b5f84c8755637773fe2389a54757ebd9526a806660c02b716d6f9695a33,2019-02,Merseyside Police,Merseyside Police,-2.981323,53.407376,On or near Theatre/Concert Hall,E01033760,Liverpool 060C,Suspect charged
d4486ff0c929cce812af177719923ee5301a410d372bb2b75d256fabbf4064d6,2019-02,Merseyside Police,Merseyside Police,-2.911614,53.420765,On or near PALLADIO ROAD,E01006719,Liverpool 027F,Unable to prosecute suspect
4158174693f8a9501873537041d98c01e969286497b14d80c63d265a25ca02d5,2019-02,Merseyside Police,Merseyside Police,-2.935477,53.397344,On or near Supermarket,E01006722,Liverpool 038D,Unable to prosecute suspect
d50f97e244fa37235d538a72ad17c412a3164ca848393d9a56dda0590a283577,2019-02,Merseyside Police,Merseyside Police,-2.969718,53.423624,On or near HEYWORTH STREET,E01006564,Liverpool 023B,Unable to prosecute suspect
5bbd0473f9d04f98b857fab96263917981cc5eabb3d3a9e54f94474aa5e2c986,2019-02,Merseyside Police,Merseyside Police,-2.976937,53.403736,On or near RENSHAW STREET,E01033756,Liverpool 061C,Unable to prosecute suspect
500a27520f2a00b5581f915a4c176192af5ec7db133ca27d183abf19849b8474,2019-02,Merseyside Police,Merseyside Police,-2.974299,53.457412,On or near WILLIAMS AVENUE,E01006965,Sefton 038E,Investigation complete; no suspect identified
f67bbdb0ea0a0ad21a13c2e3a108dcb019e29bd82dfd1d34696c6abad2a3e11c,2019-02,Merseyside Police,Merseyside Police,-2.861615,53.475986,On or near DELTIC WAY,E01006446,Knowsley 005G,Investigation complete; no suspect identified
b8f4f70c55e636925cc3bfc0314bbe1175df414e14ebd0039ed01df79cc85702,2019-02,Merseyside Police,Merseyside Police,-2.971483,53.388166,On or near PROPHET WALK,E01006630,Liverpool 044B,Unable to prosecute suspect
27d958e6b57e97822dd8a9da64f03facb447e81132521502d8a72fd85859bc17,2019-02,Merseyside Police,Merseyside Police,-2.892027,53.354817,On or near HAMLIN ROAD,E01006743,Liverpool 058D,Investigation complete; no suspect identified
2886cc981a21beb6a5b330623eac241977c9bd63b4aab03e5361ba0aad715983,2019-02,Merseyside Police,Merseyside Police,-2.962117,53.421546,On or near HORNET CLOSE,E01006564,Liverpool 023B,Suspect charged
131a4df54fb676ce02731396be59120e304b7ea1fe4d352cc29e07e94872fc7d,2019-02,Merseyside Police,Merseyside Police,-2.882036,53.489329,On or near HIGHWOOD COURT,E01006495,Knowsley 001E,Suspect charged
d2fe34dc89c76ac73e03b648b14f501c36f2a51b3e9cf1912ebbfde903430e47,2019-02,Merseyside Police,Merseyside Police,-2.854260,53.347543,On or near BRAY ROAD,E01006741,Liverpool 058C,Investigation complete; no suspect identified
0a2cd6a7ca9fccb0d5e82b9a0e2653629683b346405e8338b2778f2fc2470ad9,2019-02,Merseyside Police,Merseyside Police,-2.936976,53.459382,On or near DYSON HALL DRIVE,E01006659,Liverpool 005B,Unable to prosecute suspect
24ce6c5c57a145a10c1591008424c1226b6347c4ad4d5225516c3e2565671a01,2019-02,Merseyside Police,Merseyside Police,-2.911616,53.413106,On or near AYLESFORD ROAD,E01006573,Liverpool 029C,Further investigation is not in the public interest
26b0a8d09443caf33850d94c7c2995e870aa24f1be4a5af6cb0e0b106d761164,2019-02,Merseyside Police,Merseyside Police,-3.027292,53.420401,On or near KINGLAKE ROAD,E01007215,Wirral 005A,Unable to prosecute suspect
f2df903e496686f37552fa6033e3a8162dce0ac957ccbfe30c9756232201c639,2019-02,Merseyside Police,Merseyside Police,-2.995335,53.650810,On or near BRADLEY STREET,E01006945,Sefton 004A,Unable to prosecute suspect
cac630d0b8413e9c23c6d0d6db5d1639f21de56ab9de0aeb070c22bf52d63d6a,2019-02,Merseyside Police,Merseyside Police,-3.024522,53.372145,On or near ROXBURGH AVENUE,E01007173,Wirral 029A,Unable to prosecute suspect
804790910d5a7f7ff02cba2c8eac3763e88f163f830a5bf105bc329622f043ba,2019-02,Merseyside Police,Merseyside Police,-2.976921,53.431251,On or near KEARSLEY CLOSE,E01033764,Liverpool 022E,Investigation complete; no suspect identified
5b9c54103e38e7d2332d20213cfa5d8cefa1f9f9dcf2752c880eeb01df422f08,2019-02,Merseyside Police,Merseyside Police,-2.958185,53.396606,On or near CARLINGFORD CLOSE,E01006679,Liverpool 039D,Unable to prosecute suspect
02181cfc6f6679a956bbd370f9b08f3be5cd4fe0e16987d89a9502aafcd2c81c,2019-02,Merseyside Police,Merseyside Police,-2.995131,53.456260,On or near HORNBY ROAD,E01007006,Sefton 036C,Unable to prosecute suspect
6ecaf387be7c5f77e2ce7a7674ce36527e813f8970ccba380871757b62ff1cc0,2019-02,Merseyside Police,Merseyside Police,-2.999518,53.650470,On or near UNION STREET,E01033097,Sefton 004G,Investigation complete; no suspect identified
6973544e0b94117f2326c6ded87cfa1ea3fbee87d030f981c597624bb6631e11,2019-02,Merseyside Police,Merseyside Police,-2.958222,53.454432,On or near CEDARDALE ROAD,E01006788,Liverpool 006B,Unable to prosecute suspect
16860bfd5f2da628a712c3f5570ec6c4e63183dc15b27e15f2b688bd25f450f5,2019-02,Merseyside Police,Merseyside Police,-2.969155,53.439871,On or near ANDREW STREET,E01006611,Liverpool 012A,Investigation complete; no suspect identified
8d9c16c08b3bb961a5cf7618f4cc9a4f924e700e385d7fce10359c0bbab04f92,2019-02,Merseyside Police,Merseyside Police,-2.729274,53.414072,On or near WINNBOURNE GARDENS,E01006910,St. Helens 022E,Unable to prosecute suspect
bdc937e6e53c7e3b5391af34d00bb823b767a09cbb00302a7e25c601c08bfd58,2019-02,Merseyside Police,Merseyside Police,-3.030307,53.396950,On or near VITTORIA STREET,E01007133,Wirral 016E,Local resolution
1c1ae01d72e600cc6176474a7cde1e0d38c1b8d7daec211290a18cb9ccd5569c,2019-02,Merseyside Police,Merseyside Police,-2.976937,53.403736,On or near RENSHAW STREET,E01033756,Liverpool 061C,Unable to prosecute suspect
97b2d0c7fab75d6244d6234ed97dcc7cb394bad04da6cb2499e794138c964dba,2019-02,Merseyside Police,Merseyside Police,-2.942657,53.446555,On or near ABINGDON GROVE,E01006612,Liverpool 008B,Suspect charged
97b2d0c7fab75d6244d6234ed97dcc7cb394bad04da6cb2499e794138c964dba,2019-02,Merseyside Police,Merseyside Police,-2.942657,53.446555,On or near ABINGDON GROVE,E01006612,Liverpool 008B,Suspect charged
9b2f5898efa2a6f693f9b610baee312c1c1c80bd042703e1823986bf7d26b8b0,2019-02,Merseyside Police,Merseyside Police,-2.967393,53.431913,On or near ATTWOOD STREET,E01006558,Liverpool 018B,Investigation complete; no suspect identified
8c5ac2f21c2a06646eb429dfed737ea3ea5759dd18551e83344b3d204e5b0303,2019-02,Merseyside Police,Merseyside Police,-2.838262,53.356735,On or near LICHFIELD ROAD,E01006432,Knowsley 020E,Unable to prosecute suspect
13735c4c4970e6d50ab7bba412227880cc6cdae858d30b31555c533645ed3ba0,2019-02,Merseyside Police,Merseyside Police,-2.961981,53.426851,On or near ST DOMINGO VALE,E01033747,Liverpool 018F,Unable to prosecute suspect
21b55eef022b4e7db04050691f9dc176886acb4a3ea2f571bc949d50fef7bb24,2019-02,Merseyside Police,Merseyside Police,-2.943168,53.390110,On or near BROMPTON AVENUE,E01006549,Liverpool 043B,Suspect charged
4c8f5b9b2110c05c891ca9608ab139d89de6ad881cb0248dc3d9a31ec4a2e268,2019-02,Merseyside Police,Merseyside Police,-2.973622,53.413363,On or near SIM STREET,E01006646,Liverpool 023C,Unable to prosecute suspect
8efe9384584dbc0a77c1886e08f019150a75706f714a9e8ea915097023a4ed5b,2019-02,Merseyside Police,Merseyside Police,-3.088824,53.414579,On or near CAMERON ROAD,E01007210,Wirral 006C,Unable to prosecute suspect
d75896212f34f3ea6bf34ad29c55c00fb4ece6df82d820ac189040362686deb2,2019-02,Merseyside Police,Merseyside Police,-2.756057,53.462525,On or near HAMMILL STREET,E01006916,St. Helens 007C,Unable to prosecute suspect
4da544faecf403f4ecac548106063a3a40b3ae4024b0fc6708f3ef0072f957bf,2019-02,Merseyside Police,Merseyside Police,-2.999316,53.465825,On or near Supermarket,E01007016,Sefton 034D,Investigation complete; no suspect identified
ba524de13c1a5ff88f7fd2db52c61434512d16166c9979882416143b6626336d,2019-02,Merseyside Police,Merseyside Police,-2.713898,53.418524,On or near WRAY AVENUE,E01006908,St. Helens 022C,Suspect charged
f8e10b89c456f4b5a1a5ded3b877bb21af463614a1f061b75f7f213c7eb7ff31,2019-02,Merseyside Police,Merseyside Police,-2.999316,53.465825,On or near Supermarket,E01007016,Sefton 034D,Investigation complete; no suspect identified
abd9b4f5da715d5fd74ecd7868cc818f4adcaa2c11e12fe279bbf7c7be8c042e,2019-02,Merseyside Police,Merseyside Police,-2.652620,53.454362,On or near SEFTON STREET,E01006865,St. Helens 013C,Unable to prosecute suspect
fb1efa56cce14f511cd2d8239ad99d8010ab37d377b360ce7044919581f66628,2019-02,Merseyside Police,Merseyside Police,-2.866469,53.362925,On or near HILLFOOT GREEN,E01006533,Liverpool 055C,Investigation complete; no suspect identified
55dc9fce011b0a45d2f9ea457796f8b289a22c15a383c3724660d579005ec991,2019-02,Merseyside Police,Merseyside Police,-2.912564,53.416623,On or near WHARNCLIFFE ROAD,E01006712,Liverpool 029D,Unable to prosecute suspect
9f8736110cce29840f1417b7a069ca6f6d169354a5b945559b3f23c791df3a7f,2019-02,Merseyside Police,Merseyside Police,-2.882664,53.350339,On or near SPEKE ROAD,E01006743,Liverpool 058D,Unable to prosecute suspect
6fb9d778aa58ddcda305a2c6c62b0fb2522db094a65e1f2f7fcd50e7bf53024b,2019-02,Merseyside Police,Merseyside Police,-3.087847,53.324365,On or near LIGHTFOOT LANE,E01007189,Wirral 040D,Unable to prosecute suspect
989982ca85c9dd2d17195ffdbe34f4bebd3fc93610bfd9b84f2b2c1445b9926e,2019-02,Merseyside Police,Merseyside Police,-3.051116,53.365612,On or near PRENTON DELL AVENUE,E01007253,Wirral 030C,Suspect charged
17ce3af661ebc41675fd7bdfd7ef9e480c37d070c5e4a91fe6693d70f6b2b13a,2019-02,Merseyside Police,Merseyside Police,-2.991478,53.399022,On or near Parking Area,E01033750,Liverpool 061A,Investigation complete; no suspect identified
484f7e21c18b7e57ac3f4e9eef4e0accac603d20259d9455cb8d3ff58bd9e3ea,2019-02,Merseyside Police,Merseyside Police,-2.684819,53.446047,On or near Supermarket,E01006899,St. Helens 017D,Unable to prosecute suspect
abc1b02ecb37fb7b3fae2fcf9772d4698b21fc5afb160fbafaf3a105b3fa0c0c,2019-02,Merseyside Police,Merseyside Police,-2.929746,53.425542,On or near Supermarket,E01006761,Liverpool 020B,Suspect charged
af7fa85913f29ddfb2ced845d6f7f92ab5176c248dcbcb909ecaeed8bd532a2b,2019-02,Merseyside Police,Merseyside Police,-2.709549,53.451053,On or near Supermarket,E01006874,St. Helens 014E,Investigation complete; no suspect identified
26c6f274a5e6dc7dde7051f5e3edbefa7c3580f00d735086530da4bf2489a744,2019-02,Merseyside Police,Merseyside Police,-2.842357,53.389911,On or near BRAMBLEWOOD CLOSE,E01006706,Liverpool 045A,Unable to prosecute suspect
460fcca5dc86821c9d2abbbb240a20cc375b4457c419d18cc98f3c52e6466779,2019-02,Merseyside Police,Merseyside Police,-2.962570,53.456923,On or near STOKER WAY,E01006787,Liverpool 006A,Unable to prosecute suspect
ac8331d6212e6bac96127c895806a8627766f8529040c5cfb04d8936d70e9d57,2019-02,Merseyside Police,Merseyside Police,-3.044867,53.420365,On or near LISCARD VILLAGE,E01007217,Wirral 007D,Suspect charged
3e4bcd064d895b0e2e4db1ba4a915316bc8b72c2c8dfef38f2d9ba0348ffa51a,2019-02,Merseyside Police,Merseyside Police,-3.031140,53.410866,On or near ASHVILLE ROAD,E01007272,Wirral 008A,Unable to prosecute suspect
8e53b1e44bafdb96ff673d4d63547b1d05eb46ea815e9d0900f5e648b94e2cb6,2019-02,Merseyside Police,Merseyside Police,-3.007716,53.370167,On or near HAWKHURST DRIVE,E01007295,Wirral 027D,Investigation complete; no suspect identified
e8f4437e5d9b63f1950253bb20154b1bd51562528f8586068384f7c4c720f46e,2019-02,Merseyside Police,Merseyside Police,-3.007529,53.636192,On or near GROVE STREET,E01006998,Sefton 007E,Unable to prosecute suspect
0efe8521f1884e09d9b016892448ee81ed44a8f77590943c4916758ee0d7b604,2019-02,Merseyside Police,Merseyside Police,-2.967238,53.430386,On or near GOSCHEN STREET,E01006558,Liverpool 018B,Unable to prosecute suspect
64a3742fd71100e4c4f03b7740eff55de010fede762022791deda624c51d9954,2019-02,Merseyside Police,Merseyside Police,-2.965362,53.438563,On or near BULLENS ROAD,E01006615,Liverpool 012C,Suspect charged
c858c97068a844c2be796395c4f15bca2f54da707906ac97f2a7694081800861,2019-02,Merseyside Police,Merseyside Police,-3.021131,53.410710,On or near THE BIRCHES,E01007274,Wirral 008C,Unable to prosecute suspect
5cd324b8053530b2ccb3b026954dca765e598aa1d412416829a850ab871cf74c,2019-02,Merseyside Police,Merseyside Police,-3.052077,53.398495,On or near CLIFFORD STREET,E01007125,Wirral 015A,Unable to prosecute suspect
3355f78061acbe76bef4be9274e2dda6dc35ded2866797e255fcf7be84ae5146,2019-02,Merseyside Police,Merseyside Police,-2.652620,53.454362,On or near SEFTON STREET,E01006865,St. Helens 013C,Unable to prosecute suspect
989a79e6884d5a6b26fd5f50b559b6dfaa05e3883653ec8431f0833741545812,2019-02,Merseyside Police,Merseyside Police,-3.103028,53.328531,On or near Supermarket,E01007182,Wirral 037A,Investigation complete; no suspect identified
a5206748f2f16af8273899ac3afe17e2a2ab20516ddbab2487d60cab5d749d20,2019-02,Merseyside Police,Merseyside Police,-2.941859,53.390076,On or near SYDENHAM AVENUE,E01006549,Liverpool 043B,Investigation complete; no suspect identified
e24480964c0d2a76877ed750aa8270cf8c958021164106adfbf08d3a24912049,2019-02,Merseyside Police,Merseyside Police,-2.760541,53.415090,On or near ASHFIELD,E01006895,St. Helens 023D,Unable to prosecute suspect
2d672d821ed3aa7c1ea37cc9f8de85e759b39b1a9a3eff6d328931f0d18640f9,2019-02,Merseyside Police,Merseyside Police,-3.013690,53.393218,On or near MORTIMER STREET,E01007126,Wirral 016A,Suspect charged
51c196d8ac8925a1db64c12a03d78389bf4ff1cc9a292213454ce90fcf2bb8b9,2019-02,Merseyside Police,Merseyside Police,-3.049427,53.421593,On or near VALKYRIE ROAD,E01007314,Wirral 004E,Investigation complete; no suspect identified
232349849763601f909d20e603140cdb4f5cd7ea75195c3fdb7e514f2eeef7fd,2019-02,Merseyside Police,Merseyside Police,-2.737209,53.438769,On or near THE CARAVAN PARK,E01006912,St. Helens 019G,Suspect charged
6cb558ccc762739b38c1b3ecaf683c841d6a9c8702f2628a16cd9bfc9ced2780,2019-02,Merseyside Police,Merseyside Police,-2.972033,53.426140,On or near ALBION STREET,E01006560,Liverpool 023A,Unable to prosecute suspect
99b35061099afb1fb7285a436357bc531fa20a215656cf3130e43d580353dbb3,2019-02,Merseyside Police,Merseyside Police,-3.033202,53.374928,On or near PARKHURST ROAD,E01007181,Wirral 022B,Suspect charged
1e8d9e95e2d86956e0830fdd98b129d37171c61f3cffbff3d0c16dfe2d89305a,2019-02,Merseyside Police,Merseyside Police,-3.001318,53.359470,On or near WINDSOR CLOSE,E01007141,Wirral 031D,Unable to prosecute suspect
2d313e38758b142d36849b7c7e98b35822f6de4a4a667bf0217ddda55f0503ef,2019-02,Merseyside Police,Merseyside Police,-2.928952,53.421584,On or near BRAINERD STREET,E01006761,Liverpool 020B,Offender given penalty notice
b88c605f81e736358d4fa7ea730e4b134c04747a6f047297153c2719db04bee1,2019-02,Merseyside Police,Merseyside Police,-2.728026,53.474852,On or near GRIZEDALE AVENUE,E01006849,St. Helens 004A,Unable to prosecute suspect
0e6ff39a3d250e4c558b93b433bb87e55b45597fd3210e2f22ded8b2ff564e88,2019-02,Merseyside Police,Merseyside Police,-2.928311,53.397670,On or near BISLEY STREET,E01006721,Liverpool 038C,Investigation complete; no suspect identified
5e856748ccfe9e0fc153cc000c4b9980525f2cdf33ba19323bfa300fc50dc69e,2019-02,Merseyside Police,Merseyside Police,-2.992766,53.407200,On or near EXCHANGE PASSAGE WEST,E01033752,Liverpool 062B,Investigation complete; no suspect identified
bf178ff7841fcaa69f382df9b781da48495de0284f04dfe7648bfe7cff63aedd,2019-02,Merseyside Police,Merseyside Police,-3.028750,53.389143,On or near Supermarket,E01007128,Wirral 016C,Unable to prosecute suspect
424d2d542e5971900e5fedaa62aa2533500c45367d9d4de06680ec2f58f3fdf4,2019-02,Merseyside Police,Merseyside Police,-2.813176,53.428002,On or near BEESLEY ROAD,E01006464,Knowsley 007D,Investigation complete; no suspect identified
4ab8e6284b40a4104b06a3235e350f6cd5b1564fc6a4fe62120ca469784a8ece,2019-02,Merseyside Police,Merseyside Police,-2.730647,53.473056,On or near TARN GROVE,E01006849,St. Helens 004A,Action to be taken by another organisation
f958d16dbb196a2ee51a4249206489d06f92aaf2c65e83f2125eb2025249cefc,2019-02,Merseyside Police,Merseyside Police,-2.744236,53.417898,On or near HARRIER COURT,E01006910,St. Helens 022E,Unable to prosecute suspect
cbe9d70952ab1bc7cf371f425464dada177f168b2ede9d002189e8f0dbde75ef,2019-02,Merseyside Police,Merseyside Police,-2.730647,53.473056,On or near TARN GROVE,E01006849,St. Helens 004A,Unable to prosecute suspect
ca78280957e6055ca424e445b863ad7c978aca7aa8ebff9f1b34909bd61a65ba,2019-02,Merseyside Police,Merseyside Police,-2.730647,53.473056,On or near TARN GROVE,E01006849,St. Helens 004A,Unable to prosecute suspect
5e5a468460bf7095678c60f91245abf02137f7cb75c3f4dc5b524e03fa08c800,2019-02,Merseyside Police,Merseyside Police,-2.989462,53.483867,On or near CARR MEADOW HEY,E01007090,Sefton 029E,Unable to prosecute suspect
16b38a9e7fcebf754a95d9d407ca8c6b7731dbc7764a2765f30d1e9ea71aa260,2019-02,Merseyside Police,Merseyside Police,-2.730647,53.473056,On or near TARN GROVE,E01006849,St. Helens 004A,Unable to prosecute suspect
c2f67978acdf92e1d4d54be6ccc58282362b565776303e050e3c846a8f625eb2,2019-02,Merseyside Police,Merseyside Police,-2.784833,53.450663,On or near SEDDON CLOSE,E01006826,St. Helens 018A,Suspect charged
9d2389b9535c671b96e88dbe0ad6df025fc3899c5cdf826fcea12bf2f0617892,2019-02,Merseyside Police,Merseyside Police,-2.943724,53.403706,On or near WAVERTREE ROAD,E01006720,Liverpool 035A,Investigation complete; no suspect identified
f4557c0e1ecca6655c0bd11f918f692bde35671439808ae85bb657d4d89ec277,2019-02,Merseyside Police,Merseyside Police,-3.024941,53.376420,On or near CHURCH ROAD,E01007180,Wirral 022A,Unable to prosecute suspect
16082caa381221fdd64b462b2762cdf4369273687c58e8e7198a77dca702522a,2019-02,Merseyside Police,Merseyside Police,-2.694442,53.445299,On or near MADISON CLOSE,E01006899,St. Helens 017D,Unable to prosecute suspect
e4a92483f6f41bb879e283044643fe0445de31209c1dbe923bb2b4b5ae56e228,2019-02,Merseyside Police,Merseyside Police,-2.742359,53.455267,On or near Parking Area,E01006877,St. Helens 012C,Suspect charged
bebb4db8c50875b1a16519dd8a32dc7f18f8d3228f74c91cf3c527f4533b0527,2019-02,Merseyside Police,Merseyside Police,-2.920521,53.518809,On or near PARK LANE,E01033096,Sefton 018F,Unable to prosecute suspect
3a9d1183b99ec1d23c0c492921810b726c9a830beabe74af50ba9eeb49ee5f4f,2019-02,Merseyside Police,Merseyside Police,-2.757169,53.411570,On or near BIRNAM DRIVE,E01006888,St. Helens 023A,Investigation complete; no suspect identified
dc39debd8330c6f625a4636fe6d1691700746bcb151f786d867e63ffef24553e,2019-02,Merseyside Police,Merseyside Police,-2.734840,53.452401,On or near Shopping Area,E01006872,St. Helens 014C,Unable to prosecute suspect
f0704513a524d9cb58185bad0887d5ebe0ec2548f6f7d8a333253cb425836a56,2019-02,Merseyside Police,Merseyside Police,-2.733416,53.452779,On or near Parking Area,E01006872,St. Helens 014C,Unable to prosecute suspect
5febb314d7fce4ad32639c3f46605155334bf7e835187ad5890b667b04cce53e,2019-02,Merseyside Police,Merseyside Police,-2.723821,53.453484,On or near ARDWICK STREET,E01006872,St. Helens 014C,Unable to prosecute suspect
031a1f3961b65d76ad6050aefac232df06940013aacddefc1f31ad8738e0cb08,2019-02,Merseyside Police,Merseyside Police,-2.978384,53.413710,On or near Police Station,E01006648,Liverpool 023D,Investigation complete; no suspect identified
70b880ef992ad9cadeb88f3dec4f6407cb54b6b1b676f5b54a431fc6092c781c,2019-02,Merseyside Police,Merseyside Police,-2.878420,53.434668,On or near MAB LANE,E01006645,Liverpool 017E,Suspect charged
a64f156395d63333895c784a646baf49d35696f502cc56e98ecada10507ee4d6,2019-02,Merseyside Police,Merseyside Police,-3.002565,53.645006,On or near TULKETH STREET,E01006968,Sefton 004C,Offender given penalty notice
77337dbf1b9a23d794f9d1cee082a1984788e5df3ad89f4f37f5bcb96c38b6ef,2019-02,Merseyside Police,Merseyside Police,-2.973102,53.394535,On or near ANGLICAN COURT,E01006515,Liverpool 037B,Investigation complete; no suspect identified
71335f9f9e8497b42ef6482ee58780e1d1f3fc9b84f272e6c25ef363861eefe3,2019-02,Merseyside Police,Merseyside Police,-2.954454,53.423423,On or near HENNAWOOD CLOSE,E01006563,Liverpool 024B,Unable to prosecute suspect
a763077922cc50bb1909df5354b5db4f983643d8f96e007a110428db5196dee1,2019-02,Merseyside Police,Merseyside Police,-2.990742,53.452099,On or near STANLEY ROAD,E01006967,Sefton 037A,Suspect charged
48747d24458a2e3436f13605a4d14ce7f0bf5cd03b4394a732303502db048587,2019-02,Merseyside Police,Merseyside Police,-2.924953,53.437705,On or near MORNINGSIDE ROAD,E01006604,Liverpool 016A,Unable to prosecute suspect
991aae789adcc4f5fc1c648a0c4044eabd5de7066036405d56ec7b37fa6d6269,2019-02,Merseyside Police,Merseyside Police,-3.040265,53.409987,On or near Further/Higher Educational Building,E01007269,Wirral 010C,Investigation complete; no suspect identified
1fcaf4683b2c364b4571b9b913184ae7755051ef9479ff24072778fd8d033a85,2019-02,Merseyside Police,Merseyside Police,-2.894286,53.345758,On or near BRUNSWICK STREET,E01006740,Liverpool 057A,Investigation complete; no suspect identified
82c9a28a021fa5cbfe09a65e172cf7de6ebfcb9969f92b67f316dfc3d069e6ff,2019-02,Merseyside Police,Merseyside Police,-2.695585,53.451639,On or near Supermarket,E01006817,St. Helens 017B,Suspect charged
8034daa6470c67a01e6e071b6ae87b13f6dca967f903961a5b3af0d9893c5ef0,2019-02,Merseyside Police,Merseyside Police,-3.019521,53.411937,On or near DEMESNE STREET,E01007274,Wirral 008C,Investigation complete; no suspect identified
aece44b896adffae8000c17da5baf1a35f79f7dc94574a9352e01738c2f688e0,2019-02,Merseyside Police,Merseyside Police,-2.899233,53.465093,On or near PORTAL WAY,E01006663,Liverpool 004C,Suspect charged
065f534ce53edc7e132fce5d9449787bf7c14cffe460c309dea9d143c5e8ae7c,2019-02,Merseyside Police,Merseyside Police,-2.996125,53.656709,On or near AVONDALE ROAD NORTH,E01006945,Sefton 004A,Unable to prosecute suspect
e7b12dca6b1b767220180a5ff57a715144f056a457025db89aa28f8891ba56c8,2019-02,Merseyside Police,Merseyside Police,-2.936309,53.393454,On or near Supermarket,E01006557,Liverpool 038B,Investigation complete; no suspect identified
45d46ac8b8993c2de02533ac71cb6078d476cf981ad5a2e4b0a56bf608e5488b,2019-02,Merseyside Police,Merseyside Police,-3.006260,53.487430,On or near CARRFIELD AVENUE,E01007026,Sefton 024D,Suspect charged
ba54dbb6a589ac40f274b904c8f5ba06b0972343b943eedc1d0f3e69022a28ab,2019-02,Merseyside Police,Merseyside Police,-2.858404,53.418409,On or near LINCOMBE ROAD,E01006450,Knowsley 012B,Unable to prosecute suspect
3e5fb82cd11fac7a311f064ea132f50740006e879073755d9615d353f7608ffb,2019-02,Merseyside Police,Merseyside Police,-2.928322,53.410604,On or near CLYDE ROAD,E01006692,Liverpool 028B,Investigation complete; no suspect identified
e785574e052726a099d1ba2879ff0ed459f681ad89214b459b2bba5f137caac2,2019-02,Merseyside Police,Merseyside Police,-2.709549,53.451053,On or near Supermarket,E01006874,St. Helens 014E,Investigation complete; no suspect identified
be1dac2573b5f4b72b12bf1da790741141a86cccb5b5a18294e7d3c5ba1e7e9a,2019-02,Merseyside Police,Merseyside Police,-3.006260,53.487430,On or near CARRFIELD AVENUE,E01007026,Sefton 024D,Unable to prosecute suspect
582738b4c08ee00127c66fbcf8217a16541a3165045d39579a689b3b5896d6f1,2019-02,Merseyside Police,Merseyside Police,-2.972134,53.464854,On or near ALEXANDRA DRIVE,E01007049,Sefton 035B,Investigation complete; no suspect identified
154c7f42679d25fd629df3538381e64d5743dc3aea0174517e4cbe865b58e55c,2019-02,Merseyside Police,Merseyside Police,-2.838808,53.341684,On or near NORTH PARADE,E01006755,Liverpool 059C,Investigation complete; no suspect identified
9aa097d0cad3d529f4e9546ceac9f084f413595d972cf14a60273d5fb1f20287,2019-02,Merseyside Police,Merseyside Police,-2.858404,53.418409,On or near LINCOMBE ROAD,E01006450,Knowsley 012B,Unable to prosecute suspect
95b6d9db44d3f813d85f81ae56625660618cfc5aca210f7b19867c1557119f33,2019-02,Merseyside Police,Merseyside Police,-2.936309,53.393454,On or near Supermarket,E01006557,Liverpool 038B,Investigation complete; no suspect identified
2637b261a28111db35d8a3f8affb5dc931377e9e8b30c0a5dbfdb85f2251cd7b,2019-02,Merseyside Police,Merseyside Police,-2.878420,53.434668,On or near MAB LANE,E01006645,Liverpool 017E,Suspect charged
e6605346842352af0cd34f7370925ed9a6196203718a9285fee745e5624e0761,2019-02,Merseyside Police,Merseyside Police,-2.836347,53.342591,On or near UPTON GREEN,E01006755,Liverpool 059C,Unable to prosecute suspect
3f5092077c74ac821081a6d489f39489307d4a57c133a15bd00ddc15961acc56,2019-02,Merseyside Police,Merseyside Police,-2.921742,53.413154,On or near MASKELL ROAD,E01032509,Liverpool 027H,Suspect charged
e436d06e548eaf6f184b2f0a4eb10cfd67502a3233e0ea91f85fba4cc088f6d7,2019-02,Merseyside Police,Merseyside Police,-2.877849,53.398941,On or near HARTSBOURNE CLOSE,E01006769,Liverpool 040B,Local resolution
e7eaf1686a82e46173dfac3e20796ea5c1bc98b87289ce46499f7f84a464f458,2019-02,Merseyside Police,Merseyside Police,-2.921742,53.413154,On or near MASKELL ROAD,E01032509,Liverpool 027H,Suspect charged
30d3706fc9fb83f77516588274cfc9c574872bb3dbd2731561c3ae4bf4cf989b,2019-02,Merseyside Police,Merseyside Police,-3.131402,53.377669,On or near MARTLESHAM CRESCENT,E01007268,Wirral 023F,Unable to prosecute suspect
c058fb3fb0fb077a4e50af540b7a336c5bd5a6f21231cfd103de63ea44a4752d,2019-02,Merseyside Police,Merseyside Police,-2.973034,53.436361,On or near FORDHAM STREET,E01006700,Liverpool 012E,Unable to prosecute suspect
0b2494c5a26247308adb872984df7cd71bd73ddca1b9b024b4858c9bf7604d65,2019-02,Merseyside Police,Merseyside Police,-2.951929,53.424216,On or near ESMOND STREET,E01006548,Liverpool 019D,Unable to prosecute suspect
0b2494c5a26247308adb872984df7cd71bd73ddca1b9b024b4858c9bf7604d65,2019-02,Merseyside Police,Merseyside Police,-2.951929,53.424216,On or near ESMOND STREET,E01006548,Liverpool 019D,Unable to prosecute suspect
0b2494c5a26247308adb872984df7cd71bd73ddca1b9b024b4858c9bf7604d65,2019-02,Merseyside Police,Merseyside Police,-2.951929,53.424216,On or near ESMOND STREET,E01006548,Liverpool 019D,Unable to prosecute suspect
f71b869bf89757ff34f32705063e26a797a0fd232a13d9dc320dcfa393d0f84a,2019-02,Merseyside Police,Merseyside Police,-3.174735,53.366518,On or near VILLAGE ROAD,E01007281,Wirral 028D,Investigation complete; no suspect identified
ca7d6ddd023f789481bad2f7468809a207e1c6bdfd8731b3db1bdaff3a754902,2019-02,Merseyside Police,Merseyside Police,-2.951929,53.424216,On or near ESMOND STREET,E01006548,Liverpool 019D,Unable to prosecute suspect
0a9da6216bc53a0490c72737acb220d2b15fd527419bb55e3a970207343fdcac,2019-02,Merseyside Police,Merseyside Police,-2.805664,53.427918,On or near MARKET PLACE,E01006463,Knowsley 007C,Formal action is not in the public interest
8b308eff5bf07c4e36d32d89766f17c70733d68e859564bb9a9aca23ff8d4e0d,2019-02,Merseyside Police,Merseyside Police,-2.987867,53.407403,On or near PROGRESS LANE,E01033760,Liverpool 060C,Unable to prosecute suspect
0674ab10db989467544a2b1a8edd436cf33bf858a7d054c48a160751707f89b7,2019-02,Merseyside Police,Merseyside Police,-3.021809,53.369301,On or near BEBINGTON ROAD,E01007173,Wirral 029A,Unable to prosecute suspect
5671ab67fa8cdb8e7f50760154a9304461a82a0fe17459c41ec4f69b12429c12,2019-02,Merseyside Police,Merseyside Police,-3.115964,53.380017,On or near Petrol Station,E01007267,Wirral 023E,Unable to prosecute suspect
adb211dd515efc1538e8f54c3c2a4e5e1ea43dc1a55755f470998362e69be3ea,2019-02,Merseyside Police,Merseyside Police,-3.022565,53.496119,On or near HALSALL CLOSE,E01007022,Sefton 021B,Unable to prosecute suspect
7bc6a76d464a8463ee1c89e440a705767a171d02f2bfea97d87b4ead9a4784e5,2019-02,Merseyside Police,Merseyside Police,-3.000846,53.454666,On or near SEAFIELD ROAD,E01007008,Sefton 037C,Unable to prosecute suspect
e9a0af69f007e2651b3a8eeedaf40478fbe771ca50930ffb70a95dfbf53e07d4,2019-02,Merseyside Police,Merseyside Police,-3.072291,53.370422,On or near A552,E01007304,Wirral 025E,Unable to prosecute suspect
66e2f35e9244486eb5c579c0fbc20d843528a4f9f7ac0792d096448662bee363,2019-02,Merseyside Police,Merseyside Police,-2.695585,53.451639,On or near Supermarket,E01006817,St. Helens 017B,Unable to prosecute suspect
6be1711fa92994fa8066cc5ff7415a38d0d68dc2dedb85f929d3face285799ac,2019-02,Merseyside Police,Merseyside Police,-2.928234,53.441095,On or near Supermarket,E01033759,Liverpool 010F,Suspect charged
9f6bd4c327c0dd48222eac1f4e3a83ee9775aecc9d6ea722c7976e2aed0233f3,2019-02,Merseyside Police,Merseyside Police,-2.967166,53.432499,On or near SAKER STREET,E01006558,Liverpool 018B,Suspect charged
282046f456a97d7d039a9ba3fdb28e24688aa3992f8e43e0238a616319443431,2019-02,Merseyside Police,Merseyside Police,-3.013277,53.468207,On or near KINGS PARK,E01006952,Sefton 032A,Suspect charged
517df535b19f7da7f4996f6d21f98727201f62168e04172e44bd98d9dff2f863,2019-02,Merseyside Police,Merseyside Police,-2.962570,53.456923,On or near STOKER WAY,E01006787,Liverpool 006A,Suspect charged
3327e45361e049a59b8b50f479597895317bbfa30e6cda8a7dfe8abdaf45b421,2019-02,Merseyside Police,Merseyside Police,-2.799058,53.429553,On or near Supermarket,E01006466,Knowsley 007E,Unable to prosecute suspect
783c58f22c186a27878b267925ebc586a840eb129a4aa816034f3589af686f8d,2019-02,Merseyside Police,Merseyside Police,-2.720667,53.443346,On or near CLEVELAND STREET,E01006845,St. Helens 014A,Unable to prosecute suspect
e5ed427c03e95560fd6cf7ab789c80a140ea77fcb664cb947d10ceb9f751d70e,2019-02,Merseyside Police,Merseyside Police,-2.747232,53.454922,On or near GRANT CLOSE,E01006877,St. Helens 012C,Investigation complete; no suspect identified
e64ee3dc20f6a0623b426eb1c9256b3f469ffdc862faa390bae62d3539dcf995,2019-02,Merseyside Police,Merseyside Police,-3.004792,53.647037,On or near Shopping Area,E01006968,Sefton 004C,Unable to prosecute suspect
4d5bfa7053a73eb72a4fd3530bd1621ce35482f02e9dfc348935d8dc6b6f9731,2019-02,Merseyside Police,Merseyside Police,-2.928775,53.395527,On or near ROSE COURT,E01006721,Liverpool 038C,Investigation complete; no suspect identified
d369e4d01585b4e1475e0b262db69fd13f8e69fb5055d3f6610cd4b3387fc699,2019-02,Merseyside Police,Merseyside Police,-2.779321,53.449818,On or near PINFOLD DRIVE,E01006826,St. Helens 018A,Investigation complete; no suspect identified
a2e18d9e419904cff6a7f9dd247f472dddf1a5d69aa1d211a5d950b6fb64578a,2019-02,Merseyside Police,Merseyside Police,-3.134951,53.401475,On or near TANWORTH GROVE,E01007223,Wirral 013D,Unable to prosecute suspect
c407aebd8938570b097e3b2ca2946f90e84894c54699bdbae34d1c69df8d4452,2019-02,Merseyside Police,Merseyside Police,-2.915649,53.518820,On or near PARKBOURN,E01033096,Sefton 018F,Unable to prosecute suspect
d8ce6596fe3e0dd404b2c8c0bd0a93cd49c7d4f606256178eadd73ed6d6f559c,2019-02,Merseyside Police,Merseyside Police,-2.658025,53.449371,On or near WHARF ROAD,E01006865,St. Helens 013C,Local resolution
033f824ccc3a54ddaabf0c4120e97dd0ca92ad7e1b762e82a2d8b59d561c3c93,2019-02,Merseyside Police,Merseyside Police,-2.731914,53.456527,On or near CLIFTON STREET,E01006870,St. Helens 014B,Unable to prosecute suspect
e42d99f8a98886b3536a62f70432150c4890748246c2e0228dda1992e73a9587,2019-02,Merseyside Police,Merseyside Police,-2.841099,53.346684,On or near CLOUGH ROAD,E01006755,Liverpool 059C,Investigation complete; no suspect identified
75ed6c82eb260da3a5ee5bee23a64dd071879bfc0a3473c5c22517eb1f0d1ad5,2019-02,Merseyside Police,Merseyside Police,-2.941773,53.469214,On or near Supermarket,E01006654,Liverpool 005A,Unable to prosecute suspect
7488a2cb140527f5dce25eb82c46f03c6ddb751d65593df7571ae5afbe4c868d,2019-02,Merseyside Police,Merseyside Police,-2.855573,53.363597,On or near BANCROFT CLOSE,E01006531,Liverpool 055B,Suspect charged
9659b714f1679415fca518a8f29de09b3e34ffe06dfcf4ffb3ca023257ed9c84,2019-02,Merseyside Police,Merseyside Police,-2.953710,53.395537,On or near PAVILION CLOSE,E01006679,Liverpool 039D,Unable to prosecute suspect
39bfd82be31ebe891cbf5a45fdd50c573dbca157522a9c5321761e9c03614bb7,2019-02,Merseyside Police,Merseyside Police,-2.798888,53.423676,On or near Parking Area,E01006460,Knowsley 007A,Unable to prosecute suspect
7f0ff45f4bc800f9c34e6ff567cbe851bef12005ad10a52ce337332722dcdec7,2019-02,Merseyside Police,Merseyside Police,-2.969400,53.442027,On or near Supermarket,E01006611,Liverpool 012A,Investigation complete; no suspect identified
b3cb5b70eaa35d4963d94d0294858aab862241fb8d3ef9b0ad1c3e2ce809a59b,2019-02,Merseyside Police,Merseyside Police,-2.844467,53.450122,On or near PARKLANDS,E01006439,Knowsley 005F,Unable to prosecute suspect
0b0f55456f2a8e0c28aea063c2c3355621c899a7f1e0ee08e568b9003807477c,2019-02,Merseyside Police,Merseyside Police,-3.030876,53.391875,On or near BENTINCK STREET,E01007127,Wirral 016B,Unable to prosecute suspect
928af2646034315eae3402a898b5596e77a60d656e153876ce66cc24f25b9464,2019-02,Merseyside Police,Merseyside Police,-2.980427,53.341584,On or near CROFT GREEN,E01007143,Wirral 036C,Investigation complete; no suspect identified
7051be75edf3916057dea9f9079eecaa67be45581b7a9364778bb014f0796b8d,2019-02,Merseyside Police,Merseyside Police,-2.897758,53.398730,On or near QUEENS DRIVE (WAVERTREE),E01006582,Liverpool 041A,Investigation complete; no suspect identified
9052b21c11a9c1191989adf770222967e65574b4fbe576179cffb154f5f72f86,2019-02,Merseyside Police,Merseyside Police,-3.022762,53.357040,On or near CAREY AVENUE,E01007116,Wirral 032E,Unable to prosecute suspect
72d15b431eda362b277c2ed4be234ec8daea772fc1d4cc131cac935f59be8261,2019-02,Merseyside Police,Merseyside Police,-3.022762,53.357040,On or near CAREY AVENUE,E01007116,Wirral 032E,Unable to prosecute suspect
7e3bd85edf6d6bdd1b1f44983c2a4333b5c7f1ecec8529d2ba64de4ca0772cd4,2019-02,Merseyside Police,Merseyside Police,-2.998693,53.464320,On or near LINACRE ROAD,E01007016,Sefton 034D,Unable to prosecute suspect
f8172477da7af938bd7e3da046f0ce3d1ec5cc4d0fa769b95dbd322f224fa6a4,2019-02,Merseyside Police,Merseyside Police,-3.013300,53.466669,On or near BEACONSFIELD ROAD,E01006953,Sefton 032B,Unable to prosecute suspect
8c92b121000ed512bfa6678f7e8b771ced601618e360304c3380f904d2111992,2019-02,Merseyside Police,Merseyside Police,-2.963883,53.389837,On or near MERLIN STREET,E01006676,Liverpool 044D,Unable to prosecute suspect
71255aca5341bc2afab36dff6a86f60b1f4878d10b44e2d9b2582c98ee9b8e32,2019-02,Merseyside Police,Merseyside Police,-3.009936,53.460756,On or near BELLINI CLOSE,E01007005,Sefton 034B,Unable to prosecute suspect
041ce55d53f9add6af06ef6d6c5743ecba779c9696213091536805e72ef4bfba,2019-02,Merseyside Police,Merseyside Police,-2.980571,53.403472,On or near Nightclub,E01033756,Liverpool 061C,Investigation complete; no suspect identified
693619cd1ea0743a5058066ae71d4579558acecc50bca243fa2a0319e9596cb4,2019-02,Merseyside Police,Merseyside Police,-2.733628,53.469433,On or near Pedestrian Subway,E01006851,St. Helens 004C,Unable to prosecute suspect
1fa685b784ef771cd92eb3ecf9ceacf1190ba6ed5d90c83430f1b9d78d512ebe,2019-02,Merseyside Police,Merseyside Police,-3.000313,53.478087,On or near WATLING AVENUE,E01006983,Sefton 031D,Unable to prosecute suspect
daab037c3d5439c86312b2ea3d55a3b674d1cf669f35eb35f543bc7592db5ae2,2019-02,Merseyside Police,Merseyside Police,-2.890110,53.353699,On or near Sports/Recreation Area,E01006743,Liverpool 058D,Investigation complete; no suspect identified
bc8fccb76e2a78314817658ab7ce6cfcc3d20cb83bf096be581d473c33838ff0,2019-02,Merseyside Police,Merseyside Police,-3.023632,53.474725,On or near HOUGOUMONT AVENUE,E01006956,Sefton 030B,Unable to prosecute suspect
198bf1f203b778d1217f52d6bbc2a4756070eb541680e02ee483edb854a8839d,2019-02,Merseyside Police,Merseyside Police,-3.043346,53.419677,On or near Supermarket,E01007214,Wirral 007C,Investigation complete; no suspect identified
9ddfc2f922b32e597f401c26c1e01a123ca8fe6fcbf4897565905e34366822db,2019-02,Merseyside Police,Merseyside Police,-3.033346,53.382721,On or near BOROUGH ROAD,E01007131,Wirral 021B,Unable to prosecute suspect
2c2cbc6d111ec5a38487027d90de7c14b92eb72151d2aadff10f5f04194e8838,2019-02,Merseyside Police,Merseyside Police,-3.047666,53.412421,On or near ROSTHERNE AVENUE,E01007270,Wirral 010D,Offender given a drugs possession warning
7d866428156a2a24a3e4960486f3a88d6d943e504c63165dc3494c76d5aa9c6a,2019-02,Merseyside Police,Merseyside Police,-2.979865,53.425761,On or near SKIRVING STREET,E01033764,Liverpool 022E,Unable to prosecute suspect
108aa1ecab6721a0b4e4b57853c076628ab33d7c4898bacce1d561c337019bad,2019-02,Merseyside Police,Merseyside Police,-3.019365,53.410464,On or near FELL STREET,E01007274,Wirral 008C,Offender given a caution
5a5b972eb58d662e45b5c915b569a6660834c6c7b52303587607041c3a22b143,2019-02,Merseyside Police,Merseyside Police,-3.024435,53.411095,On or near WICKHAM CLOSE,E01007278,Wirral 008E,Suspect charged
eea78808b22c8ac092ad72e632c98cb14570d2824e428cf3534be41f34f3926d,2019-02,Merseyside Police,Merseyside Police,-3.019389,53.410832,On or near ABBOTSFORD STREET,E01007274,Wirral 008C,Offender given a drugs possession warning
e645fb939de135fb11cc57a699f935d1d1e7996771fbb3ea69c273366ed9548e,2019-02,Merseyside Police,Merseyside Police,-2.966806,53.441850,On or near FRODSHAM STREET,E01006614,Liverpool 012B,Investigation complete; no suspect identified
ba3c206617e0a77efb345a0d716341efdf71e5e0ac49c0144d9795e794abc0cf,2019-02,Merseyside Police,Merseyside Police,-3.036793,53.398386,On or near ST ANNE'S PLACE,E01007133,Wirral 016E,Unable to prosecute suspect
d1ab944985749f7df09ce1917e6ef96b7e9f1d038de17a4a606b70476bfd08dc,2019-02,Merseyside Police,Merseyside Police,-2.882989,53.377681,On or near MENLOVE AVENUE,E01006532,Liverpool 047A,Offender given a drugs possession warning
e9ebfcf9fe34fedd1076c95092644964082c8d85b35124a6f0584ae37fed4ab0,2019-02,Merseyside Police,Merseyside Police,-3.083156,53.387493,On or near UPTON ROAD,E01007119,Wirral 019A,Investigation complete; no suspect identified
bffdaff61fd420ca201df8283c185fc1d77bb0d123dc5fa9eab4794963d20e15,2019-02,Merseyside Police,Merseyside Police,-2.893366,53.347733,On or near DURHAM STREET,E01006738,Liverpool 058A,Unable to prosecute suspect
c0711442fada7a575a9c93a19c48f7fd2981ad3e70a391967f67d67a1543619d,2019-02,Merseyside Police,Merseyside Police,-3.022611,53.335019,On or near MOUNT ROAD,E01007144,Wirral 038A,Unable to prosecute suspect
3a15f60b103bcd682c88544cf04287427401d963a4a7fb77f68886b961f820a9,2019-02,Merseyside Police,Merseyside Police,-3.009186,53.354118,On or near ACRES ROAD,E01007151,Wirral 035D,Unable to prosecute suspect
1c239b2bacaff90f116eb5480e55b733c7cf43ec1f2ef3975a1d66e3720163a6,2019-02,Merseyside Police,Merseyside Police,-2.720667,53.443346,On or near CLEVELAND STREET,E01006845,St. Helens 014A,Unable to prosecute suspect
f574594591e06d319b41b04fb1e40e48dc2749bbf85ab31fef7ac8a5d9e0f253,2019-02,Merseyside Police,Merseyside Police,-2.955146,53.413979,On or near FARNWORTH STREET,E01006696,Liverpool 030C,Unable to prosecute suspect
347bf17a0a0c26f7a6abe48f1548ad0a9903e1b5fd4cd1828cd4a0a778a7db31,2019-02,Merseyside Police,Merseyside Police,-3.012888,53.469594,On or near SANDY ROAD,E01006952,Sefton 032A,Unable to prosecute suspect
055901ee28e066c9f170a26fe6440c7da6c113e6c36015db26f6e724b779b62d,2019-02,Merseyside Police,Merseyside Police,-2.979865,53.425761,On or near SKIRVING STREET,E01033764,Liverpool 022E,Unable to prosecute suspect
d99e94509bb45ef2bcc1898eb2cd13e1bfe71e955ae95312fec47e47e3e31717,2019-02,Merseyside Police,Merseyside Police,-3.012888,53.469594,On or near SANDY ROAD,E01006952,Sefton 032A,Unable to prosecute suspect
1e754b0ce7e2007f3e0bc4ed005c882592a257ada226bc1662cc32efead705bf,2019-02,Merseyside Police,Merseyside Police,-2.928234,53.441095,On or near Supermarket,E01033759,Liverpool 010F,Suspect charged
82f3b4123292ec407fae8c4ce7b224579efa3e26a070de7c0700b63e07c4175f,2019-02,Merseyside Police,Merseyside Police,-2.707199,53.462752,On or near LINK AVENUE,E01006815,St. Helens 008F,Unable to prosecute suspect
1094031f5cb14bb7145b9ea18e566473732511e959e6cae6749c1a47320a1be6,2019-02,Merseyside Police,Merseyside Police,-3.034563,53.596932,On or near BRIAR ROAD,E01006920,Sefton 011A,Unable to prosecute suspect
346733a09ea4c28898a76dbdde4498dbff06539297ec4b7061539f59dcbf474c,2019-02,Merseyside Police,Merseyside Police,-3.008616,53.647517,On or near Nightclub,E01006968,Sefton 004C,Investigation complete; no suspect identified
5b62785c01583234f2fad40ffcd35df958af148d5b72dddfbacaacb4b02243e3,2019-02,Merseyside Police,Merseyside Police,-2.876625,53.426420,On or near MAX ROAD,E01006639,Liverpool 017C,Unable to prosecute suspect
4d2f03bbf8cd17c0204c04110a305691c2d26fa30a84c30ad667764ad80126d4,2019-02,Merseyside Police,Merseyside Police,-3.043346,53.419677,On or near Supermarket,E01007214,Wirral 007C,Investigation complete; no suspect identified
215ef3d8497a7c1cb1fd63c8b859277730bcc74d1e86389e04912ccee910b0ae,2019-02,Merseyside Police,Merseyside Police,-2.839058,53.411742,On or near Further/Higher Educational Building,E01006481,Knowsley 015E,Investigation complete; no suspect identified
82a86960cf221ae7c0ff582ef3f16d890b92a7a786ca129d61d97190d7c12efd,2019-02,Merseyside Police,Merseyside Police,-3.056876,53.349399,On or near STATION ROAD,E01007110,Wirral 035A,Unable to prosecute suspect
3684780c69684f89fc61bc91191af07645f6e306499b349a6e1cc83de5a2b773,2019-02,Merseyside Police,Merseyside Police,-2.912944,53.384502,On or near HEYDALE ROAD,E01006596,Liverpool 049C,Investigation complete; no suspect identified
2c6abee66b83a24ca2e726aa205a4ca4b2eb6391bc78bfbb0a5191b97290c6d7,2019-02,Merseyside Police,Merseyside Police,-2.748529,53.468712,On or near WHALLEY AVENUE,E01006919,St. Helens 007F,Investigation complete; no suspect identified
260f51b162cedb980a2a98a8f406914ba1e2d7dc8c8fb81396752ecb17b965dd,2019-02,Merseyside Police,Merseyside Police,-2.987117,53.404218,On or near Bus/Coach Station,E01033756,Liverpool 061C,Unable to prosecute suspect
12570c8800f747f8260265730acf8f468c441af164a4e44f1a1f33fc156b3a59,2019-02,Merseyside Police,Merseyside Police,-2.987117,53.404218,On or near Bus/Coach Station,E01033756,Liverpool 061C,Investigation complete; no suspect identified
86079429465ca48da93d096d58298f9bb23e633a1001dd0a5ae09e2180e1f573,2019-02,Merseyside Police,Merseyside Police,-3.064751,53.419398,On or near KELMSCOTT DRIVE,E01007312,Wirral 003C,Investigation complete; no suspect identified
c37ee8b80de2105b4390cf18a0b3a202838afd0654ea7e98990d5b1c3da28cd5,2019-02,Merseyside Police,Merseyside Police,-2.880713,53.486561,On or near SYCAMORE DRIVE,E01006447,Knowsley 003E,Unable to prosecute suspect
f5f1e1b1976d483c514930886b50728461ed64cacdc0b9ed18238e8d84d290aa,2019-02,Merseyside Police,Merseyside Police,-2.725621,53.457509,On or near WATERSIDE,E01006872,St. Helens 014C,Investigation complete; no suspect identified
02fc9756f0752dd56ac09ba7f643cb148b12dbcd57088a537484202297a4d4cd,2019-02,Merseyside Police,Merseyside Police,-3.052922,53.434533,On or near BALL AVENUE,E01007237,Wirral 001D,Unable to prosecute suspect
99d37efae5c5af5cb93d006445b96e4839780f39182e0d2ad9612cf2b7c0d89c,2019-02,Merseyside Police,Merseyside Police,-2.764339,53.438104,On or near UPLAND ROAD,E01006904,St. Helens 016G,Unable to prosecute suspect
cbd2f00ade10efa02b6e18d922ddea5b32fc92c7d6d3409b2365e7922ba9b252,2019-02,Merseyside Police,Merseyside Police,-2.833554,53.427268,On or near LYME CROSS ROAD,E01006440,Knowsley 010A,Unable to prosecute suspect
58deaee83c22c62524f987bfac65a616387ee5118b410943afafed037f4aeb1b,2019-02,Merseyside Police,Merseyside Police,-2.707346,53.448945,On or near BRECCIA GARDENS,E01006871,St. Helens 011D,Unable to prosecute suspect
b97cc5b7bdaf77804f23614d9609943c8a3b7544126c7783f065c95ef602b45e,2019-02,Merseyside Police,Merseyside Police,-3.044867,53.420365,On or near LISCARD VILLAGE,E01007217,Wirral 007D,Suspect charged
68b4e74da9cda983705a1a4dd6533f17d730e5248230942e4f45bac5f5650b3d,2019-02,Merseyside Police,Merseyside Police,-2.914422,53.468114,On or near Supermarket,E01006510,Knowsley 004F,Unable to prosecute suspect
a92f9a7b53864a1b0aa24da0d72941f72f51ec6bcb522dc64b6d19cf39ad1466,2019-02,Merseyside Police,Merseyside Police,-3.058064,53.372499,On or near HOLMSIDE LANE,E01007245,Wirral 024B,Unable to prosecute suspect
6a245b715c6ba11f0ccae28af7fd5bff1b11ad3c239d30a8afb6ec98c6ceed1f,2019-02,Merseyside Police,Merseyside Police,-3.024797,53.393617,On or near Parking Area,E01007126,Wirral 016A,Unable to prosecute suspect
e9719c1d1e0e3bdd0a2598cba252cf2f0e98b44b12da09aa2d848bdd4d9c42ae,2019-02,Merseyside Police,Merseyside Police,-2.748529,53.468712,On or near WHALLEY AVENUE,E01006919,St. Helens 007F,Unable to prosecute suspect
d8dbd521e255a0996bbce9e5bdad78be144e5e8f127bf8d9e75dca3b3c8dd617,2019-02,Merseyside Police,Merseyside Police,-2.770102,53.413006,On or near EDEN CLOSE,E01006891,St. Helens 023C,Unable to prosecute suspect
cd32ab09ee2c39fcf9249dc2e8e526357aed61e7b1a13036488148d4ef0977ea,2019-02,Merseyside Police,Merseyside Police,-2.965637,53.422147,On or near HARROGATE DRIVE,E01006564,Liverpool 023B,Unable to prosecute suspect
87ea2135d10cb20edb633491e642b924c6e53e416a7aaba30912820e961e2728,2019-02,Merseyside Police,Merseyside Police,-2.930309,53.387236,On or near GREENBANK DRIVE,E01006551,Liverpool 048E,Unable to prosecute suspect
93547153401790e007097c6e7052ad9082ec0d38aace63e1fe2a6f115c588366,2019-02,Merseyside Police,Merseyside Police,-2.838262,53.356735,On or near LICHFIELD ROAD,E01006432,Knowsley 020E,Unable to prosecute suspect
3bd269701997b65b7e3ba1f261fcbc6001858308b64c5853f1915d9e590b3784,2019-02,Merseyside Police,Merseyside Police,-2.916768,53.444887,On or near STALISFIELD GROVE,E01006598,Liverpool 010A,Suspect charged
8d45f588d7d111a237b9baf0d63ab122fb5e90179047e61deea299fe15c7c2a0,2019-02,Merseyside Police,Merseyside Police,-3.030984,53.384521,On or near LARCH ROAD,E01007130,Wirral 021A,Investigation complete; no suspect identified
a9ff27446fd9beb6ac703bd47628f3a316e7a5a874e18f91142970eec0b61687,2019-02,Merseyside Police,Merseyside Police,-2.979358,53.403024,On or near Nightclub,E01033756,Liverpool 061C,Investigation complete; no suspect identified
0ef0bf7768a02097d3ac96e77a08d8319708d5d26f8ceda46ff2f2a1971c4506,2019-02,Merseyside Police,Merseyside Police,-2.920439,53.436383,On or near CIRCULAR ROAD EAST,E01006604,Liverpool 016A,Unable to prosecute suspect
d556e5d47d3b3396131ca6faab55a595310c7c63f3e468a8432cf34e83ece976,2019-02,Merseyside Police,Merseyside Police,-2.814795,53.400943,On or near STRETTON WAY,E01006424,Knowsley 017B,Investigation complete; no suspect identified
9c430cc484f947064230370f49c17bf4dfe3911ea29956441b82dae98aff9baa,2019-02,Merseyside Police,Merseyside Police,-2.973888,53.424345,On or near JOHN BAGOT CLOSE,E01006646,Liverpool 023C,Unable to prosecute suspect
f67f2fc45e8a061eb571dfce7cd2db492fabf76e60cf740ea330337c049a6ea9,2019-02,Merseyside Police,Merseyside Police,-2.899909,53.403748,On or near Petrol Station,E01006575,Liverpool 034A,Investigation complete; no suspect identified
cdc8550ead110a5681482408c921e6b5ceff83d135980b3986fcc6046997e3bc,2019-02,Merseyside Police,Merseyside Police,-2.892027,53.354817,On or near HAMLIN ROAD,E01006743,Liverpool 058D,Investigation complete; no suspect identified
b400fe830e9051b23165c8793f98c1a59418728eb2db6b0d6c01420e4b691a32,2019-02,Merseyside Police,Merseyside Police,-2.973888,53.424345,On or near JOHN BAGOT CLOSE,E01006646,Liverpool 023C,Unable to prosecute suspect
244ef830ba3e7ddf4916e5d89a128bd0ae2f7c6b38d8f7495431e05f1973c958,2019-02,Merseyside Police,Merseyside Police,-2.973888,53.424345,On or near JOHN BAGOT CLOSE,E01006646,Liverpool 023C,Unable to prosecute suspect
d51156c7ef156b22691108a1b50fcfc4e037f30988cf098bd34aeb3b4df70688,2019-02,Merseyside Police,Merseyside Police,-2.637501,53.451352,On or near RAILWAY STREET,E01006863,St. Helens 013A,Unable to prosecute suspect
7d1143de8706d657342c49e812e16c16a0992420b62b2fbaab17f577a326d156,2019-02,Merseyside Police,Merseyside Police,-2.928008,53.423137,On or near GREEN LANE,E01006761,Liverpool 020B,Suspect charged
144249ab9f817d11c6286863fdf35f074f9ce57176b65fe2c1e3b6bf30d0d864,2019-02,Merseyside Police,Merseyside Police,-2.987117,53.404218,On or near Bus/Coach Station,E01033756,Liverpool 061C,Suspect charged
144249ab9f817d11c6286863fdf35f074f9ce57176b65fe2c1e3b6bf30d0d864,2019-02,Merseyside Police,Merseyside Police,-2.987117,53.404218,On or near Bus/Coach Station,E01033756,Liverpool 061C,Suspect charged
01a9788c27e2b00c172b67ec6be3b6aefa6170a9e1349d14f36ad9213b0d2c4d,2019-02,Merseyside Police,Merseyside Police,-3.053238,53.398628,On or near FALKLAND STREET,E01007125,Wirral 015A,Suspect charged
9f8dfdf5e7dcc824c3c0ec919269f6e21e4fe315324c6e2135b75e6c5ba49413,2019-02,Merseyside Police,Merseyside Police,-3.050328,53.424560,On or near Supermarket,E01007314,Wirral 004E,Suspect charged
a2e715140a9d7e7c70b8124782750a7a8c72cad792f5ed11891fe2e52ab7c073,2019-02,Merseyside Police,Merseyside Police,-3.053238,53.398628,On or near FALKLAND STREET,E01007125,Wirral 015A,Offender given a drugs possession warning
732114a7a897e8d7feb89db6af176a7065fcf632344e18b94f96ea19957ccde3,2019-02,Merseyside Police,Merseyside Police,-3.038492,53.388465,On or near ALEXANDRA ROAD,E01007129,Wirral 016D,Unable to prosecute suspect
a631019ddb146b27d2cbbfdeb7f1ee5b3c403e8cf961c6e7f8520794b1128d0a,2019-02,Merseyside Police,Merseyside Police,-3.002310,53.366518,On or near NEW CHESTER ROAD,E01007289,Wirral 031E,Unable to prosecute suspect
db08313a9d84de194f60bbb9952839588b875746235ff96321342d3f962dbef0,2019-02,Merseyside Police,Merseyside Police,-2.723638,53.452497,On or near MCCULLOCH STREET,E01006872,St. Helens 014C,Further investigation is not in the public interest
f9f56faba905ab3eef686ecab10561fb76c0f3bec811035826047f018e22ca3d,2019-02,Merseyside Police,Merseyside Police,-2.908425,53.381274,On or near Petrol Station,E01006689,Liverpool 049D,Investigation complete; no suspect identified
e2628dc4cf468418cc67e741b02ad7d4499279390950bd4c2accd87084b42337,2019-02,Merseyside Police,Merseyside Police,-2.736947,53.457566,On or near COLLEGE STREET,E01006881,St. Helens 012E,Unable to prosecute suspect
028aece6f424f953dc6720aa3d787f97ed422ca5f2607542774d907237d299dc,2019-02,Merseyside Police,Merseyside Police,-3.115235,53.384887,On or near JEFFREYS DRIVE,E01007265,Wirral 017C,Unable to prosecute suspect
99618a646d8474ffdf5ccdb2264eb8840252c17909433083b7ba663ad9b1659d,2019-02,Merseyside Police,Merseyside Police,-2.983878,53.406618,On or near Supermarket,E01033760,Liverpool 060C,Suspect charged
bdfd66c72a81330ea023732da8dd85b2aeace2a94c310c2a0c919b1fa264d63a,2019-02,Merseyside Police,Merseyside Police,-3.000943,53.358214,On or near BEBINGTON ROAD,E01007141,Wirral 031D,Investigation complete; no suspect identified
6a5b65dcd932585fb333c48400cc129078dc2eee861159b2d1326d266528f89c,2019-02,Merseyside Police,Merseyside Police,-2.849884,53.367701,On or near CAMBERLEY DRIVE,E01006433,Knowsley 018D,Offender given a caution
b5d1e3ca4d080f035a532961202f8e0bd98beb878d2a7165d381c4b0462a3dff,2019-02,Merseyside Police,Merseyside Police,-2.958841,53.318055,On or near ST DAVID ROAD,E01007164,Wirral 042A,Investigation complete; no suspect identified
bb6fa7b10da502fe4d2b3143c46b45b512031991a289c066638231ef2474c57e,2019-02,Merseyside Police,Merseyside Police,-2.987569,53.473725,On or near CHURCH ROAD,E01006976,Sefton 033A,Unable to prosecute suspect
9165214e0147456fb526c1751b116580fb9c8d0e5dbcbf6209f1587000e444d5,2019-02,Merseyside Police,Merseyside Police,-2.840276,53.422385,On or near Sports/Recreation Area,E01006445,Knowsley 010E,Offender given a drugs possession warning
ab7e2eb1b2b76cf7d26e43ef2ce26e97c2211b942f8565eec15e2ba29707496a,2019-02,Merseyside Police,Merseyside Police,-3.019611,53.391172,On or near BANK STREET,E01007126,Wirral 016A,Unable to prosecute suspect
bb5584bd1750dc3e947104c1edc9deae18a2e02326cb298c71a73eee55963a2a,2019-02,Merseyside Police,Merseyside Police,-2.909639,53.439611,On or near MEADOW WAY,E01006625,Liverpool 016D,Offender given a caution
16e9621ecf05a6cc3564e7cdacff362c98cdddfab4c3b1e7238aa9a399876954,2019-02,Merseyside Police,Merseyside Police,-2.745763,53.467291,On or near BIRCH AVENUE,E01006919,St. Helens 007F,Investigation complete; no suspect identified
2126864971ffbc9f694957b1fb8947a4f46bd8b056555324033796dda077a6ab,2019-02,Merseyside Police,Merseyside Police,-2.996245,53.408016,On or near NEW QUAY,E01033753,Liverpool 062C,Unable to prosecute suspect
bc9763669dcf9dc35e9138a99d0bbb9c54dfa93e49be699894e6c97e6d9ef9a7,2019-02,Merseyside Police,Merseyside Police,-2.633177,53.446152,On or near BARLEY MERE CLOSE,E01006860,St. Helens 015E,Unable to prosecute suspect
16194185b336701e0b9a325fbba389a7d9294b2ab1a4a70f079d4cd2e6699eda,2019-02,Merseyside Police,Merseyside Police,-3.024527,53.394869,On or near PARK STREET,E01007126,Wirral 016A,Unable to prosecute suspect
216975e70259f4a6c2e9901e4d74361d8140c1cbd102a33cff221ece7347e28d,2019-02,Merseyside Police,Merseyside Police,-2.852060,53.372809,On or near FELSTED AVENUE,E01006433,Knowsley 018D,Unable to prosecute suspect
028aa7353d4606d151fb7d9f080e93ddcd0b2c3ad73d47c1bc1794b570f477fc,2019-02,Merseyside Police,Merseyside Police,-2.980819,53.494599,On or near HIGHER END PARK,E01007091,Sefton 023D,Unable to prosecute suspect
4f083e99c5c41fe82fe043370de2c62cfcb955315c48718c4acbb733891b8998,2019-02,Merseyside Police,Merseyside Police,-2.984716,53.442261,On or near BENEDICT STREET,E01006963,Sefton 038D,Unable to prosecute suspect
2e7e57e5fcb94fc2cccca438d0012317bf94b4918ece81bef79d8eb90fd4fd2e,2019-02,Merseyside Police,Merseyside Police,-2.924080,53.434907,On or near ANGUS ROAD,E01006604,Liverpool 016A,Unable to prosecute suspect
145c01b124545e921dc67541a377ce73d84cd3d065ba02628e7c5c5a41a9fa8e,2019-02,Merseyside Police,Merseyside Police,-2.920408,53.450298,On or near HASELBEECH CRESCENT,E01006734,Liverpool 005C,Unable to prosecute suspect
add0c1bf24f2a6e813e4d0c265c7c717534fce475d42d6b23ab3d064f71b70ec,2019-02,Merseyside Police,Merseyside Police,-2.967908,53.409535,On or near DAULBY STREET,E01006747,Liverpool 031B,Unable to prosecute suspect
99e2c35ee1ee17bb7fab8fbb0504f746727a34db856c36cf1dcf7a1d7760def7,2019-02,Merseyside Police,Merseyside Police,-3.047054,53.553327,On or near CARTMEL DRIVE,E01007075,Sefton 016A,Unable to prosecute suspect
b70e1624e2a9f399fd50211c5cbff0ae7311215dfbb78d3e5f9e32558f845bcd,2019-02,Merseyside Police,Merseyside Police,-2.963946,53.314751,On or near Petrol Station,E01007169,Wirral 042E,Action to be taken by another organisation
092343d5c888b20373695b9800f53b40f9e144c1419d2151c378ec9c37ddacce,2019-02,Merseyside Police,Merseyside Police,-3.019372,53.383075,On or near OLIVE CRESCENT,E01007291,Wirral 021D,Suspect charged
c47306e68c92dc462817b55fae0f8572c106d0b06ca65e9ac8ff38c186429c3d,2019-02,Merseyside Police,Merseyside Police,-3.050328,53.424560,On or near Supermarket,E01007314,Wirral 004E,Unable to prosecute suspect
975a9b2d7f86321d3edb1b9bb5a834f54b2a7b8e0d2d615d8e046f580f85aee6,2019-02,Merseyside Police,Merseyside Police,-2.831828,53.346524,On or near Pedestrian Subway,E01006756,Liverpool 059D,Unable to prosecute suspect
306a86cce9ec7f42f3182bfe5238d3e44564eb98a7e2c72ff339dcce63f79232,2019-02,Merseyside Police,Merseyside Police,-2.787139,53.501218,On or near LEYLAND ROAD,E01006883,St. Helens 001B,Investigation complete; no suspect identified
2d73949c4635c42b724aa8db0a5ce54a3b07b1aba4c08f5e280eeebf3cb03d5f,2019-02,Merseyside Police,Merseyside Police,-3.051116,53.365612,On or near PRENTON DELL AVENUE,E01007253,Wirral 030C,Suspect charged
ebeee3a2e108f0974822e1236dfbe962377810c7bd01453eebc0bf1d703125de,2019-02,Merseyside Police,Merseyside Police,-2.985496,53.399180,On or near CORNHILL,E01033754,Liverpool 061B,Unable to prosecute suspect
627696bb17cc5f4e344fb138cd38183a62ff5831edcda72801bdbd880aa8e77e,2019-02,Merseyside Police,Merseyside Police,-3.022611,53.335019,On or near MOUNT ROAD,E01007144,Wirral 038A,Unable to prosecute suspect
47bc2fae7a5b5b576a4818c1e2322b22cde9d40905205aae051e1859765bf8f2,2019-02,Merseyside Police,Merseyside Police,-3.021809,53.369301,On or near BEBINGTON ROAD,E01007173,Wirral 029A,Unable to prosecute suspect
f833d08c8ae1762ba4c537b4f753094254a1f3e2a332b013202be470a2e49bc3,2019-02,Merseyside Police,Merseyside Police,-3.047934,53.441040,On or near KING'S PARADE,E01007230,Wirral 001B,Local resolution
d9e75ff4826cfed8bd5cfe9e0e7848ddf993ca6fd0131d9710f50790bf0f6e1d,2019-02,Merseyside Police,Merseyside Police,-3.021809,53.369301,On or near BEBINGTON ROAD,E01007173,Wirral 029A,Unable to prosecute suspect
1636dc2522e8d5c5140b771e081e8e9b93ec2214006ba0a7545247287de7a409,2019-02,Merseyside Police,Merseyside Police,-2.969552,53.483069,On or near Petrol Station,E01007088,Sefton 029D,Investigation complete; no suspect identified
4227a2ec032f0ab0ee55b8f24c998ced6d6cffff06d8ddb463e1e2417b888141,2019-02,Merseyside Police,Merseyside Police,-2.966873,53.388419,On or near PECKSNIFF CLOSE,E01006676,Liverpool 044D,Unable to prosecute suspect
2d4bfe1fcf95a33be332ab7f67651b096f4ec585b9163067c22979354a450ed6,2019-02,Merseyside Police,Merseyside Police,-3.017647,53.391413,On or near HINSON STREET,E01007126,Wirral 016A,Unable to prosecute suspect
550e7d15af3dd78fe0397ea1dcb2640d4802a9b30acf89b58268482fcde9f75d,2019-02,Merseyside Police,Merseyside Police,-2.910353,53.432846,On or near WEST DERBY VILLAGE,E01006617,Liverpool 021A,Investigation complete; no suspect identified
98805deff6d50a31c016133df2fe278aae513db6a724079ab503ef0efbf28129,2019-02,Merseyside Police,Merseyside Police,-2.904871,53.416403,On or near CLAYFORD CRESCENT,E01006569,Liverpool 029B,Investigation complete; no suspect identified
3b32e92b0803a2718f65b07aa52a05e60a5c504536e877d2da85abf78d629096,2019-02,Merseyside Police,Merseyside Police,-2.858856,53.395295,On or near GENOA CLOSE,E01006775,Liverpool 040F,Unable to prosecute suspect
173451a6e26635ca1c96a3c2be058c078ee5b75f2a1e64eae2909b14c258046d,2019-02,Merseyside Police,Merseyside Police,-3.092856,53.325344,On or near WEST DRIVE,E01007189,Wirral 040D,Unable to prosecute suspect
0b0d4b4a3e7333c71eedeb12db5cbe2dddefc84fff4e5cf8e60488ab5ccf771c,2019-02,Merseyside Police,Merseyside Police,-2.983495,53.405686,On or near Shopping Area,E01033760,Liverpool 060C,Suspect charged
8aca9f5068651fba4bc6aec843de860a49232b20d24fbd094266abd3192accdd,2019-02,Merseyside Police,Merseyside Police,-3.061639,53.378427,On or near HARGRAVE AVENUE,E01007246,Wirral 024C,Unable to prosecute suspect
50bde46d959a5c02d08d52d88473ca1c9158a10028e51f55f265ee86316c5f9e,2019-02,Merseyside Police,Merseyside Police,-2.992447,53.656039,On or near Hospital,E01006944,Sefton 003A,Unable to prosecute suspect
5643ca1be6f24b6b8d18b2705bd771db7bc0ab0c14ff5ca2dde9911261c58f94,2019-02,Merseyside Police,Merseyside Police,-2.918890,53.385509,On or near OLIVEDALE ROAD,E01006593,Liverpool 042E,Unable to prosecute suspect
941c0087f6195029a9d4f2c801c0d00e212b9b813bf63a10ef291e3b58111abd,2019-02,Merseyside Police,Merseyside Police,-2.988635,53.410687,On or near Further/Higher Educational Building,E01033762,Liverpool 060E,Unable to prosecute suspect
40ed73ef52a14db42f376925c08f646b6b29cd8809ac81457f2d10dca051cce3,2019-02,Merseyside Police,Merseyside Police,-2.928234,53.441095,On or near Supermarket,E01033759,Liverpool 010F,Suspect charged
c34c1f4dda9534ee8e789e15c3d283a93e5cc60ce89d165c5b83f81db858f8d5,2019-02,Merseyside Police,Merseyside Police,-3.005555,53.366472,On or near Sports/Recreation Area,E01007289,Wirral 031E,Unable to prosecute suspect
778a51a933552d3f22624eda6cf9ea3f7963ea3247a6ab5e257bc81e6b46e07d,2019-02,Merseyside Police,Merseyside Police,-3.007970,53.373275,On or near Parking Area,E01007295,Wirral 027D,Unable to prosecute suspect
b2316c9af4400d75b2e71145b40c4844f42ff4aa9b69d1daf48ff0ce4fab7e98,2019-02,Merseyside Police,Merseyside Police,-2.847357,53.367575,On or near DIDCOT CLOSE,E01006430,Knowsley 018C,Unable to prosecute suspect
247bc8b005b11289369699ac4778c004fbb24949d986ff52bb3641ce55b22ccd,2019-02,Merseyside Police,Merseyside Police,-2.711834,53.495785,On or near HAWTHORN CLOSE,E01006806,St. Helens 002C,Unable to prosecute suspect
a29011741c58db2c87e0032951f47727736ffa73d83ceaf5c5dd587eb23547f2,2019-02,Merseyside Police,Merseyside Police,-2.908425,53.381274,On or near Petrol Station,E01006689,Liverpool 049D,Investigation complete; no suspect identified
adc541de9377b33ebef6149c94335ca6775cae188df37d1e35ab39d6c050b92a,2019-02,Merseyside Police,Merseyside Police,-2.993026,53.656852,On or near PARK ROAD WEST,E01006944,Sefton 003A,Unable to prosecute suspect
de44254f021dd502413afcb1032bb3fb7bcc127671b4c04f5560dab539c04bc4,2019-02,Merseyside Police,Merseyside Police,-2.992447,53.656039,On or near Hospital,E01006944,Sefton 003A,Suspect charged
d28c7db16398610321c79c4113cbc566eb53b81f7fecc168f60608a0ef5687dc,2019-02,Merseyside Police,Merseyside Police,-2.976003,53.401046,On or near BERRY STREET,E01006513,Liverpool 060A,Unable to prosecute suspect
44e89ad0542c4929a4133563c2005f6351d08a72429dc12c2524b61d0c19bfb6,2019-02,Merseyside Police,Merseyside Police,-2.966873,53.388419,On or near PECKSNIFF CLOSE,E01006676,Liverpool 044D,Unable to prosecute suspect
8ae0f29ab0a1330cbe1e261eb5c38b64e729d6bdf9643f56e527e23ab967216a,2019-02,Merseyside Police,Merseyside Police,-2.982670,53.409037,On or near VICTORIA STREET,E01033760,Liverpool 060C,Unable to prosecute suspect
bd01dec92e0a8da86ae71a6d500aef7f23f54dbe3f485d405386234fab5cc5da,2019-02,Merseyside Police,Merseyside Police,-2.992447,53.656039,On or near Hospital,E01006944,Sefton 003A,Suspect charged
fc68733cac910f71a27e598225610f97d6236efd775ea12daf2713f3ec1db91c,2019-02,Merseyside Police,Merseyside Police,-2.976214,53.420101,On or near COURTIER CLOSE,E01006648,Liverpool 023D,Investigation complete; no suspect identified
321cd3a0e77b1fe54f4045dbc0b1ade8ac4ee00b51311dc468c9a9644c7cc908,2019-02,Merseyside Police,Merseyside Police,-2.824567,53.416229,On or near WARWICK CLOSE,E01006483,Knowsley 011C,Unable to prosecute suspect
0c0300f8f8e254c0c59848e73172ed8671082b48e0e86e848f7500fb021617fe,2019-02,Merseyside Police,Merseyside Police,-3.089967,53.412780,On or near OXLEY AVENUE,E01007204,Wirral 009A,Unable to prosecute suspect
c4cc50de646f43242367ce75996d24579d17c87432adf52e7c021ccdb3cd4555,2019-02,Merseyside Police,Merseyside Police,-2.944644,53.500805,On or near Supermarket,E01007066,Sefton 020B,Further investigation is not in the public interest
63c7fc87996ea977113f8d74fa7edb344198b8f71d7ce4dcf1d004912d47fb84,2019-02,Merseyside Police,Merseyside Police,-2.683341,53.449660,On or near LUTHER GROVE,E01006816,St. Helens 017A,Unable to prosecute suspect
18dc8fce3e727cb407a3c8d5e9efd95b13fa5e34ed2074d81694afd99f1f230f,2019-02,Merseyside Police,Merseyside Police,-2.737102,53.451731,On or near Shopping Area,E01006832,St. Helens 012A,Suspect charged
f6d34535877d7967531f808f1da36227efc704cbfe5c1338253e424076303829,2019-02,Merseyside Police,Merseyside Police,-3.049427,53.421593,On or near VALKYRIE ROAD,E01007314,Wirral 004E,Investigation complete; no suspect identified
23b07f635cd4899c5a84e6920adc27c3550ecad1385ee5b5c4afefefba0afef7,2019-02,Merseyside Police,Merseyside Police,-2.979600,53.406392,On or near ELLIOT STREET,E01033760,Liverpool 060C,Unable to prosecute suspect
4603f7967825d08a0092c1126b7f4b9243dfd624f3a399efac30009b1479ad28,2019-02,Merseyside Police,Merseyside Police,-3.008369,53.647951,On or near WEST STREET,E01006968,Sefton 004C,Investigation complete; no suspect identified
ba2bea8438bb1ebf4b8d423cbce7faa49352c17c8d7615686125a46b6c2cc624,2019-02,Merseyside Police,Merseyside Police,-2.937720,53.423403,On or near WEST DERBY ROAD,E01006760,Liverpool 028E,Unable to prosecute suspect
04c7b319d159d49f6befedaea2ef8765fa19a3c8644223842279f84c487fc0c8,2019-02,Merseyside Police,Merseyside Police,-2.860378,53.390996,On or near HEDGEFIELD ROAD,E01006771,Liverpool 040D,Local resolution
0df74965f9fa0d14dd6e73c4012e9d597cdc32db79071f1d926c2dab05f7d8db,2019-02,Merseyside Police,Merseyside Police,-2.723638,53.452497,On or near MCCULLOCH STREET,E01006872,St. Helens 014C,Unable to prosecute suspect
9952f98cb902ed8d67aef3c4133afee00012bcb3ea7d1c8d90373099c7a5da5a,2019-02,Merseyside Police,Merseyside Police,-2.708775,53.414501,On or near OAKS CLOSE,E01006898,St. Helens 022A,Unable to prosecute suspect
f2022fb406f51c286bea073ed7a6801d9f5a8f2fed4f941b831a8439552b9c07,2019-02,Merseyside Police,Merseyside Police,-3.021245,53.487600,On or near Sports/Recreation Area,E01007105,Sefton 025C,Investigation complete; no suspect identified
c50e11a4b2bf72f4edd1003d72dea6129085898024d8e4062cef9945fee09962,2019-02,Merseyside Police,Merseyside Police,-2.907431,53.376212,On or near ABBOTTSHEY AVENUE,E01006689,Liverpool 049D,Unable to prosecute suspect
4b0215b11bd4b2c2e4533d6a61db44f0b075cfb8e2e093dade63dc01eea65106,2019-02,Merseyside Police,Merseyside Police,-2.740640,53.453372,On or near WESTFIELD STREET,E01006832,St. Helens 012A,Investigation complete; no suspect identified
eece5442dea1bd3cfd9c2876e0a9f5dec996949fe79d0c5441b3b4e8d852f62f,2019-02,Merseyside Police,Merseyside Police,-2.952138,53.491460,On or near ORMSKIRK ROAD,E01007038,Sefton 021F,Unable to prosecute suspect
a3b7d306c9193bdc4bcfe0b0e6de8805a47348cdbdcc60893266df4e11794986,2019-02,Merseyside Police,Merseyside Police,-3.001348,53.642149,On or near BRIDGE GROVE,E01006994,Sefton 007C,Investigation complete; no suspect identified
7e89b63a1552e0c62cf2b9716bc763f3d207f2cc70be208d70fdc15a91ad180f,2019-02,Merseyside Police,Merseyside Police,-2.939974,53.485957,On or near ORIEL DRIVE,E01007042,Sefton 026C,Unable to prosecute suspect
710cecb73ed2f2b64a3ca6c8c1a05892ea59abb3a581b106170b4be2f49ded0e,2019-02,Merseyside Police,Merseyside Police,-3.064661,53.422411,On or near Supermarket,E01007313,Wirral 003D,Formal action is not in the public interest
8b04201a85a7bec4b912f6bce4d6d5b7225618ad84d57335bb2d7343d1666639,2019-02,Merseyside Police,Merseyside Police,-2.978559,53.402949,On or near Nightclub,E01033761,Liverpool 060D,Unable to prosecute suspect
0729b78f3bf830b3715b4fee99ef3017973f4a5e91104fc6950f2a20d9efc181,2019-02,Merseyside Police,Merseyside Police,-2.941492,53.423167,On or near GRANGE STREET,E01006540,Liverpool 024A,Unable to prosecute suspect
a6847615457646eaf7affc83389bd4e6f4e8dad4942f632742b85a75a482138b,2019-02,Merseyside Police,Merseyside Police,-2.943475,53.415555,On or near RADSTOCK ROAD,E01006695,Liverpool 028C,Investigation complete; no suspect identified
0ce4878d9854780685fc8f5e744f6b8285d9fa751c4fdcf496a335cb0c1a88b1,2019-02,Merseyside Police,Merseyside Police,-3.015729,53.372759,On or near INGLEMERE ROAD,E01007296,Wirral 027E,Unable to prosecute suspect
48be772864d666b12ef83909067b16479bbf76dc70c3fcb04d9c90b5f7fefa1b,2019-02,Merseyside Police,Merseyside Police,-2.999933,53.484373,On or near FORD VIEW,E01006980,Sefton 024B,Investigation complete; no suspect identified
615ee752602ee98c81546c2aedc4779fbac274362e97379a959bab628373ed79,2019-02,Merseyside Police,Merseyside Police,-2.943159,53.423037,On or near ROSSETT STREET,E01006540,Liverpool 024A,Investigation complete; no suspect identified
272c359bfc46819ed117f556f98a0eebf6ad86ebd36a7ce48a24a1d90fc9cfb8,2019-02,Merseyside Police,Merseyside Police,-2.975672,53.409562,On or near WILDE STREET,E01033758,Liverpool 060B,Unable to prosecute suspect
1ca07d9fdc2b8856cfea9abd584a4b2c207c093d381d73700cd99e6ef30842bd,2019-02,Merseyside Police,Merseyside Police,-2.938149,53.396415,On or near LANGTON ROAD,E01006722,Liverpool 038D,Offender given penalty notice
0752498c709e6b840776a1f02f0d6d2197603eece02a9076e5b1ed22a9ee3056,2019-02,Merseyside Police,Merseyside Police,-3.026495,53.473460,On or near WESLEY STREET,E01006957,Sefton 032C,Unable to prosecute suspect
ef171669f71053f8dfcfb41daeed309078161dc8fb98d549e00fb7e9d588dc08,2019-02,Merseyside Police,Merseyside Police,-2.971469,53.402063,On or near SOUTH HUNTER STREET,E01006513,Liverpool 060A,Unable to prosecute suspect
2f38c908616543cbcf23f7691a2eefc2a966f9a4cbec0535ebae00137862c4bd,2019-02,Merseyside Police,Merseyside Police,-2.993474,53.476876,On or near FERGUSON ROAD,E01006984,Sefton 031E,Unable to prosecute suspect
586006bee24e22cfd73b015bb77f65136d5d3af58acca3f1e37754475c6d8e5e,2019-02,Merseyside Police,Merseyside Police,-2.983763,53.451159,On or near MILL LANE,E01006967,Sefton 037A,Unable to prosecute suspect
2ce33b3ff6655378553dd9f0dae7b72546068bc4719dbf78eb7b2c80bc18fe16,2019-02,Merseyside Police,Merseyside Police,-2.987162,53.407472,On or near Nightclub,E01033762,Liverpool 060E,Suspect charged
a5b6e723cf5657d0961953faa88a811f21d2fdc79ca740d4df4611de0a82fe5e,2019-02,Merseyside Police,Merseyside Police,-2.971587,53.417137,On or near GARDEN LANE,E01006648,Liverpool 023D,Unable to prosecute suspect
9758983dcf1e7111bad88df40e77b7bca38068be2affcf7c288892b9b9f96ac7,2019-02,Merseyside Police,Merseyside Police,-2.976450,53.400836,On or near Nightclub,E01006513,Liverpool 060A,Unable to prosecute suspect
47432f04b5ab32d4b70b8c86b59314f94ef677872df769ddbdec1888eb0d9ae1,2019-02,Merseyside Police,Merseyside Police,-3.005882,53.649608,On or near NEVILL STREET,E01033094,Sefton 004F,Investigation complete; no suspect identified
230887ceb481f4bc723878913ee7ac01556b7fed9a82013555246f4da57b0bbf,2019-02,Merseyside Police,Merseyside Police,-2.976585,53.467128,On or near SPRAKELING PLACE,E01007049,Sefton 035B,Unable to prosecute suspect
a75a8aa2e409fc24531a933c5cb6459e14a059b1d71c207548f68a19f71ad9df,2019-02,Merseyside Police,Merseyside Police,-2.985464,53.402353,On or near DUKE STREET LANE,E01033754,Liverpool 061B,Suspect charged
a75a8aa2e409fc24531a933c5cb6459e14a059b1d71c207548f68a19f71ad9df,2019-02,Merseyside Police,Merseyside Police,-2.985464,53.402353,On or near DUKE STREET LANE,E01033754,Liverpool 061B,Suspect charged
f5e89df560ab24041d12ee9405021e8f20432c124e88f3150626840e5d2979b6,2019-02,Merseyside Police,Merseyside Police,-2.912564,53.416623,On or near WHARNCLIFFE ROAD,E01006712,Liverpool 029D,Unable to prosecute suspect
e182b501fd4a0d5c6e35cf8b0ed4c99bbbd2bc0f3e0e643abd93a09e94c639f5,2019-02,Merseyside Police,Merseyside Police,-2.855368,53.385612,On or near JONES FARM ROAD,E01006709,Liverpool 040A,Suspect charged
6af852fe28ed7ec5ab84a536c7c83a2055a66e9f6cf6a998bbaffb02c2986acc,2019-02,Merseyside Police,Merseyside Police,-2.740985,53.459402,On or near CHAPEL STREET,E01006877,St. Helens 012C,Unable to prosecute suspect
b5714759cb10d4dad2075fe3c5cb9cdb00efc8a23fe3e4ef424aeb80c30f34b8,2019-02,Merseyside Police,Merseyside Police,-2.971587,53.417137,On or near GARDEN LANE,E01006648,Liverpool 023D,Unable to prosecute suspect
9d4dffcf35d5dd31f6cd37b47673d6bdaf3fc698d3ef97f14eafb8f34f03561c,2019-02,Merseyside Police,Merseyside Police,-2.945312,53.441366,On or near LAURISTON ROAD,E01006616,Liverpool 015D,Unable to prosecute suspect
01be1094d552306d0e8a27575fe4f68d0d21beec3deb2049b042346705c257a9,2019-02,Merseyside Police,Merseyside Police,-2.949942,53.395153,On or near EDEN STREET,E01006674,Liverpool 039C,Investigation complete; no suspect identified
36380a5466726caf74c74b44e378cc50f24471ea90c8dbabc55d704baaf44a91,2019-02,Merseyside Police,Merseyside Police,-2.971587,53.417137,On or near GARDEN LANE,E01006648,Liverpool 023D,Unable to prosecute suspect
271d2d542d4169185e406765ad781104903f14beab4f922b7a17375d0f87e3ea,2019-02,Merseyside Police,Merseyside Police,-3.082371,53.402206,On or near ST OSWALD'S AVENUE,E01007124,Wirral 011E,Unable to prosecute suspect
1633071adbafdbf3a8c2356017db1b3328dbb9e7e95b3d8b493c1127d85585a8,2019-02,Merseyside Police,Merseyside Police,-2.960412,53.381289,On or near TOXTETH GROVE,E01006633,Liverpool 050B,Unable to prosecute suspect
ec0d4804160b65bf2ba5539bdc41f7e330def11902b87a0fe101c81fcf053e16,2019-02,Merseyside Police,Merseyside Police,-3.002084,53.636202,On or near DUKE STREET,E01006998,Sefton 007E,Unable to prosecute suspect
7cef19126b66e198c72da08990c17e5b4f23f3452be32e840b9da3a3b65242d4,2019-02,Merseyside Police,Merseyside Police,-2.670847,53.497631,On or near PALM AVENUE,E01006805,St. Helens 003B,Action to be taken by another organisation
29239db896d654fbca63fbf3bfb1d915b96ee76ce1714c40afca586b0f7a7fee,2019-02,Merseyside Police,Merseyside Police,-3.130279,53.401097,On or near MORPETH CLOSE,E01007222,Wirral 013C,Investigation complete; no suspect identified
9d1d113a7da575b2abc4efd8e4f9d87300972adb0f490ff149073ec9f47e5a28,2019-02,Merseyside Police,Merseyside Police,-2.980571,53.403472,On or near Nightclub,E01033756,Liverpool 061C,Unable to prosecute suspect
5580a0218cace26d8053817f9a07c688b03cd996686ca361e4d654bb33a95c34,2019-02,Merseyside Police,Merseyside Police,-2.656800,53.466609,On or near ROSE AVENUE,E01006839,St. Helens 005B,Unable to prosecute suspect
11f6a5c1610f7e545d28f234c791a3332e4b34d36a33ba71429ae7e09ccb0114,2019-02,Merseyside Police,Merseyside Police,-2.996456,53.450478,On or near BANK ROAD,E01007007,Sefton 037B,Unable to prosecute suspect
5770861af9ec6a8df53f358aee419be0cdd43602a1a374805cec0f5bdfb2a1db,2019-02,Merseyside Police,Merseyside Police,-2.798028,53.422000,On or near KINGSWAY,E01006460,Knowsley 007A,Unable to prosecute suspect
b4bf426f52b889227fff9980fafa7cbf8b2ef897ea5ff09d53158544467c6e68,2019-02,Merseyside Police,Merseyside Police,-2.976601,53.440260,On or near LEIGHTON STREET,E01006699,Liverpool 014A,Unable to prosecute suspect
98be0f0940130d12ba73c6453143d5976c381582a76cd26cd312adf933d57ad1,2019-02,Merseyside Police,Merseyside Police,-2.826122,53.346636,On or near HUTTFIELD ROAD,E01006754,Liverpool 059B,Unable to prosecute suspect
c13c434848eb707763e9a7935cb67519c365d45299eb3a1dc2f3b3fb7e1466d4,2019-02,Merseyside Police,Merseyside Police,-2.744959,53.453256,On or near ABBERLEY CLOSE,E01006877,St. Helens 012C,Unable to prosecute suspect
98267adfd6d2ee1760bfcc9f01ff1510ca4d349b891604a220f00567da0825fd,2019-02,Merseyside Police,Merseyside Police,-2.711834,53.495785,On or near HAWTHORN CLOSE,E01006806,St. Helens 002C,Unable to prosecute suspect
8126b4beffef736d7f0f9973bf6e2bf5ec16673858c778d3cfe2d8312601c718,2019-02,Merseyside Police,Merseyside Police,-3.055599,53.389492,On or near HOWBECK DRIVE,E01007160,Wirral 020B,Further investigation is not in the public interest
b22feeba3ed6a00449262ee252f41c29262d5c42346866f2fdbb85f260c8895c,2019-02,Merseyside Police,Merseyside Police,-2.928952,53.421584,On or near BRAINERD STREET,E01006761,Liverpool 020B,Unable to prosecute suspect
7d3249dce025107f23d721d36b95453e898719d066b2c14887ae025fa2a101df,2019-02,Merseyside Police,Merseyside Police,-2.935572,53.441407,On or near UTTING AVENUE,E01006603,Liverpool 011B,Unable to prosecute suspect
ac39117ff4839a1f8f3668a4a5b059b8e5523124d4fc570fc0f2bd510772302e,2019-02,Merseyside Police,Merseyside Police,-3.074912,53.432072,On or near BAYVIEW DRIVE,E01007308,Wirral 003B,Unable to prosecute suspect
9ab5676632787a28c63d1749437f80b22f22bdc957108bbe61c62bfc53dec3da,2019-02,Merseyside Police,Merseyside Police,-2.988635,53.410687,On or near Further/Higher Educational Building,E01033762,Liverpool 060E,Unable to prosecute suspect
63ba652a6a78c83d746138507889dbb440259de710ae5fc00419050b54774926,2019-02,Merseyside Police,Merseyside Police,-2.988508,53.449277,On or near Parking Area,E01006967,Sefton 037A,Unable to prosecute suspect
040ed4d0017fc99bff4e19b8323783511a5d7430c1c56648678aceb391ada501,2019-02,Merseyside Police,Merseyside Police,-2.994373,53.407070,On or near OLD CHURCH YARD,E01033752,Liverpool 062B,Suspect charged
8e7ecd9aad2fda31f55636dcd16b68fb37dbb74dfa68adde4cc9e96df776e3b4,2019-02,Merseyside Police,Merseyside Police,-2.993265,53.421489,On or near FRANCINE CLOSE,E01006776,Liverpool 022B,Unable to prosecute suspect
e0829f0712f4ccd4f1c5b14ac0a1f5aa8047437bade7a17aaf43fd291a211546,2019-02,Merseyside Police,Merseyside Police,-2.998566,53.656311,On or near KNOWSLEY ROAD,E01006950,Sefton 004B,Unable to prosecute suspect
9b1864dccb4b3abf06a4697625a6c8e331abd22f306be3cce0cf86a1878ac16e,2019-02,Merseyside Police,Merseyside Police,-2.801459,53.426769,On or near Shopping Area,E01006463,Knowsley 007C,Suspect charged
16e6e914a5ecc613973838f03a76f70f655e2c90d89ae3fce292eae60fd46415,2019-02,Merseyside Police,Merseyside Police,-2.736164,53.451485,On or near Shopping Area,E01006832,St. Helens 012A,Offender given a caution
48893f9496cfb0a8cb355f1a79a0b69cb20a4fea2c4a1c9cb1a617788030b55a,2019-02,Merseyside Police,Merseyside Police,-2.755405,53.450412,On or near BRIDGEMAN STREET,E01006834,St. Helens 012B,Unable to prosecute suspect
4d02cdc03078f70e5eede0e98e1ceb91dad6c072dacbe226cbf3ff8ada541d57,2019-02,Merseyside Police,Merseyside Police,-3.055232,53.365549,On or near GARRICK ROAD,E01007253,Wirral 030C,Suspect charged
358b04be1e01b609266be467ca699d2696bf393598abc3c30fab9bc9aa253573,2019-02,Merseyside Police,Merseyside Police,-2.876353,53.497281,On or near WOODSIDE WAY,E01006492,Knowsley 001B,Action to be taken by another organisation
efd4bcc5cbd64dddf1bbb7b0d7728df17d5f29444f5541e4f5573d410f0a4978,2019-02,Merseyside Police,Merseyside Police,-2.990791,53.403765,On or near Parking Area,E01033756,Liverpool 061C,Unable to prosecute suspect
3dbd781cfe7171741a5a5d7490fb2e3ac372a24ab7b39616ea29dcc960e8d957,2019-02,Merseyside Police,Merseyside Police,-3.030984,53.384521,On or near LARCH ROAD,E01007130,Wirral 021A,Unable to prosecute suspect
77156a1ce4f789f25d3163d02ef9393ed16db9fdd219422d7d35554146b31879,2019-02,Merseyside Police,Merseyside Police,-2.964742,53.395915,On or near UPPER HAMPTON STREET,E01006673,Liverpool 037D,Unable to prosecute suspect
3af292910f179bfd8e6f9d0612e18c685509aa9ccaba322119f8da9683591513,2019-02,Merseyside Police,Merseyside Police,-3.022050,53.404481,On or near A554,E01007269,Wirral 010C,Investigation complete; no suspect identified
8bbf68bf3f7c99d2fded57d321490697a2c0695105ce33f378c42c869f98acd2,2019-02,Merseyside Police,Merseyside Police,-2.952277,53.464673,On or near PRETORIA ROAD,E01006657,Liverpool 002C,Investigation complete; no suspect identified
c88da385c32d57a88f90d01cd635e8686f208bf5697695563199daf23be73e7d,2019-02,Merseyside Police,Merseyside Police,-2.990791,53.403765,On or near Parking Area,E01033756,Liverpool 061C,Unable to prosecute suspect
06197709887f0e7e479feb72009a359e4169f580a50adb585e7d11e3bad7998d,2019-02,Merseyside Police,Merseyside Police,-2.985464,53.402353,On or near DUKE STREET LANE,E01033754,Liverpool 061B,Suspect charged
5c58bb79d6432cbcda7682e26f967d74e7bb6e09301be33352a5eec1d09cf8b7,2019-02,Merseyside Police,Merseyside Police,-2.925948,53.410740,On or near ARDLEIGH ROAD,E01032509,Liverpool 027H,Investigation complete; no suspect identified
8880a1f967889026a5ea96d32aeb2a441e5a20f7d5ca1054fb08fc0a2331f15d,2019-02,Merseyside Police,Merseyside Police,-2.954771,53.479161,On or near HEYSHAM ROAD,E01007041,Sefton 027A,Unable to prosecute suspect
c6a197c0413ab3d7d54e009fb65b67cad27ce327d4c7fc9d2d707d57d01b904a,2019-02,Merseyside Police,Merseyside Police,-3.015810,53.362286,On or near WOODFIELD AVENUE,E01007114,Wirral 032D,Investigation complete; no suspect identified
6bf8c03d75f531774f7968f4052f2ace3f0e013b1f4455f8704211943515caf2,2019-02,Merseyside Police,Merseyside Police,-3.023076,53.383933,On or near PEARSON ROAD,E01007291,Wirral 021D,Unable to prosecute suspect
ef326fbdd3259280f9d3c6343280712417dca09e1608d12a245226cfda5ec6b4,2019-02,Merseyside Police,Merseyside Police,-2.875234,53.421001,On or near GEMINI DRIVE,E01006641,Liverpool 025C,Unable to prosecute suspect
d0ba3b78f6adc0e1f2ec08e323c8722f47775d358046302b3b3feab79f589cfb,2019-02,Merseyside Police,Merseyside Police,-2.928984,53.445117,On or near COLMORE ROAD,E01006730,Liverpool 011C,Unable to prosecute suspect
f3e965e3c3b906f03d688995ba2c220da06fb5e7065ecceb49c2780b980e8ae4,2019-02,Merseyside Police,Merseyside Police,-2.801227,53.430437,On or near WYCHERLEY STREET,E01006463,Knowsley 007C,Investigation complete; no suspect identified
ba2e3079e83396cb71dbeb5320127202d185bf4d624727387ba163112931c34b,2019-02,Merseyside Police,Merseyside Police,-2.856162,53.354757,On or near CASCADE ROAD,E01006537,Liverpool 055D,Unable to prosecute suspect
d7ef1875ca67cf11107f0f4c79505fc79ee55a3576f12fabd60d01320c22c707,2019-02,Merseyside Police,Merseyside Police,-3.044867,53.420365,On or near LISCARD VILLAGE,E01007217,Wirral 007D,Further investigation is not in the public interest
ec10b2a077702d5191804a78ffe59a629e410682af28bfa6364287dc72add677,2019-02,Merseyside Police,Merseyside Police,-2.959881,53.463884,On or near WEIGHTMAN GROVE,E01006782,Liverpool 003B,Investigation complete; no suspect identified
2cca82a2f0137d6cd54bfaa59bd400c1c24da6c937ec7f02e3110e165b5c382f,2019-02,Merseyside Police,Merseyside Police,-3.002980,53.457669,On or near KEATS STREET,E01007005,Sefton 034B,Unable to prosecute suspect
eadfa918966964999adfd3ecc0144db516a201dd536004a84f7f221da264fd88,2019-02,Merseyside Police,Merseyside Police,-2.987162,53.407472,On or near Nightclub,E01033762,Liverpool 060E,Unable to prosecute suspect
d6cc47090607501ec0aa21e602c2a977f3a3bdc914227fc4a2aedfec30ceeb28,2019-02,Merseyside Police,Merseyside Police,-2.944718,53.412543,On or near SHEIL PLACE,E01006697,Liverpool 030D,Offender given penalty notice
5cfa813cd011497170a9da60185ff9e2ccb2458b778638042e2d4311a2f95e0d,2019-02,Merseyside Police,Merseyside Police,-2.755405,53.450412,On or near BRIDGEMAN STREET,E01006834,St. Helens 012B,Unable to prosecute suspect
7a6192d18c5eeed9b96c43c2fd52087063809fa36a52ace85492fe4c2d86d9d8,2019-02,Merseyside Police,Merseyside Police,-2.970741,53.442744,On or near COUNTY ROAD,E01006698,Liverpool 012D,Investigation complete; no suspect identified
35c874114ee8a5be9b9572cb486f81bb4c4cb496e8349713ef4f2c6623a2be2d,2019-02,Merseyside Police,Merseyside Police,-2.838251,53.346200,On or near Petrol Station,E01006755,Liverpool 059C,Investigation complete; no suspect identified
e6f70a982a4d33ac13ff8a33e796a1e312c329452857bf6e1f71f3c7d5717a77,2019-02,Merseyside Police,Merseyside Police,-2.955090,53.409503,On or near LEOPOLD ROAD,E01006748,Liverpool 031C,Unable to prosecute suspect
1bb278e95e2f9e850bd56d43de463dc2c4c70938be3302ebbe1923da733e015d,2019-02,Merseyside Police,Merseyside Police,-2.985464,53.402353,On or near DUKE STREET LANE,E01033754,Liverpool 061B,Investigation complete; no suspect identified
2225ac5adcf009c5c7a91d344567f4f456a2b5e678fc8cffe39a0154ecd6c8cd,2019-02,Merseyside Police,Merseyside Police,-2.971277,53.438542,On or near COUNTY ROAD,E01006700,Liverpool 012E,Offender given a drugs possession warning
724cd761467fbc25f847cdd6e009418ffa9cd2d8894b4a23b9a715cc41911b81,2019-02,Merseyside Police,Merseyside Police,-2.895593,53.347186,On or near CHESTERTON STREET,E01006740,Liverpool 057A,Suspect charged
8aaf5a367491f2c496359507199e20c2eb26d5145860301a70af675546fbe10d,2019-02,Merseyside Police,Merseyside Police,-2.975044,53.389998,On or near WARWICK STREET,E01033765,Liverpool 061D,Investigation complete; no suspect identified
6522c32965e3c86f51d2667fe60af606ccfc49314760694b76f83945c9c4d379,2019-02,Merseyside Police,Merseyside Police,-3.084381,53.394304,On or near EVERLEIGH CLOSE,E01007124,Wirral 011E,Unable to prosecute suspect
a67832cfdb45d6d5de9b831d669aefaf6c9a9c0fcdac2bb0fe65f5791a88310f,2019-02,Merseyside Police,Merseyside Police,-2.870288,53.417523,On or near ALDWARK ROAD,E01006643,Liverpool 025E,Further investigation is not in the public interest
980aca03022cd315322a76bf9f890b416351808b47756d18e1593079946d740e,2019-02,Merseyside Police,Merseyside Police,-2.895593,53.347186,On or near CHESTERTON STREET,E01006740,Liverpool 057A,Suspect charged
b6ccb661c972a2e4b6cca01d653075d8e5a7a89183253103f15d93d044cfc2eb,2019-02,Merseyside Police,Merseyside Police,-2.961643,53.420561,On or near TAMAR CLOSE,E01006564,Liverpool 023B,Investigation complete; no suspect identified
78fc19ab6de47cd6d3ae9b80d637ee611a0ecca5133108a05612c5890d6e6afb,2019-02,Merseyside Police,Merseyside Police,-2.970741,53.442744,On or near COUNTY ROAD,E01006698,Liverpool 012D,Investigation complete; no suspect identified
1b830eb4944afcabda498b83078d6f8320202a743a5610bd013af2d2f22ffdfb,2019-02,Merseyside Police,Merseyside Police,-2.841238,53.424616,On or near ST GEORGE'S ROAD,E01006444,Knowsley 010D,Unable to prosecute suspect
ca6355e010c90d03f8a6b06b0b412e159c672722b305dc6cf766601919d83afe,2019-02,Merseyside Police,Merseyside Police,-2.937560,53.431845,On or near BARKERVILLE CLOSE,E01006606,Liverpool 020A,Unable to prosecute suspect
039baea8f483dc581bcb40a5b1a420c153951ad53bd5af9128d1fb05b0cc9b64,2019-02,Merseyside Police,Merseyside Police,-2.961643,53.420561,On or near TAMAR CLOSE,E01006564,Liverpool 023B,Unable to prosecute suspect
780958e8df93a0ddc02fcb92278594a6ae163094fbbfa1fbb8a2a767257b29a6,2019-02,Merseyside Police,Merseyside Police,-2.892701,53.346120,On or near WINDFIELD ROAD,E01006738,Liverpool 058A,Suspect charged
bbbd226b44c294bcf456b8c3f550d7df6b36da796038da2554e4bc7742a196ee,2019-02,Merseyside Police,Merseyside Police,-2.967471,53.447274,On or near RICE LANE,E01006705,Liverpool 009E,Offender given a drugs possession warning
c1e890abe6bf6d04359844dc194907bf5a1c74aa2a456c9d3e8ecb72270fa23c,2019-02,Merseyside Police,Merseyside Police,-2.971799,53.394753,On or near LESTOCK STREET,E01006515,Liverpool 037B,Unable to prosecute suspect
8c43020a5e970d49fc8c992c64351f727ca0a55602a5fec5bb389c5a5d032420,2019-02,Merseyside Police,Merseyside Police,-2.897432,53.348242,On or near WINDOW LANE,E01006740,Liverpool 057A,Suspect charged
8df017d07e239d3dfa472b022f4d102b2efe3de0fd6c395f07f3bc69e3e8e179,2019-02,Merseyside Police,Merseyside Police,-2.978384,53.413710,On or near Police Station,E01006648,Liverpool 023D,Suspect charged
9b057613b4cbb6d6fdd072633a4922df0df83a03c9e164c20b98e2aafb650beb,2019-02,Merseyside Police,Merseyside Police,-2.897432,53.348242,On or near WINDOW LANE,E01006740,Liverpool 057A,Suspect charged
c9ac80b6336fcf9d81f110d08dfd2e9dcba5be20dffcf775565a76f74596bb5b,2019-02,Merseyside Police,Merseyside Police,-2.858075,53.381161,On or near THE NOOK,E01006794,Liverpool 046B,Unable to prosecute suspect
d4e0ea5f2799095f1f7c882d9af1533382099d8a3ae9274dc09146487a61f15b,2019-02,Merseyside Police,Merseyside Police,-3.133592,53.368435,On or near IRBYSIDE ROAD,E01007261,Wirral 023B,Investigation complete; no suspect identified
f7e41eb2f5524c91a85f0d52ef738bf2c0a8c9b5aab4d3be52c4af4e16027c5d,2019-02,Merseyside Police,Merseyside Police,-2.929557,53.514775,On or near BEECHFIELD,E01007097,Sefton 019B,Unable to prosecute suspect
ad26e89614aff31d0cfdb49c758da5a63b23a85eb767cff904c398558898e6df,2019-02,Merseyside Police,Merseyside Police,-2.955090,53.409503,On or near LEOPOLD ROAD,E01006748,Liverpool 031C,Unable to prosecute suspect
9df9c32153cf902405d6e7e8abdfd531aa5e65586c0e9c89211e542b430d7549,2019-02,Merseyside Police,Merseyside Police,-2.931827,53.427827,On or near GORSEBURN ROAD,E01006765,Liverpool 020E,Investigation complete; no suspect identified
76cb2d62967cbfef3e80ed1fe201f1dd170be7af13d8ed10fea75e7c57d22b56,2019-02,Merseyside Police,Merseyside Police,-3.004491,53.471256,On or near MOSS BANK PARK,E01006978,Sefton 031A,Unable to prosecute suspect
a9b22d66c2f3f49ed7d77a709e9b682f8d64ed647b1a5fe74fa50ea0dfc06a5c,2019-02,Merseyside Police,Merseyside Police,-2.942657,53.446555,On or near ABINGDON GROVE,E01006612,Liverpool 008B,Unable to prosecute suspect
b57c67e72ab1fdd0e9e2f24c3d0bbb6cbb46e7a29979052b59e9014d3327ec8b,2019-02,Merseyside Police,Merseyside Police,-2.740640,53.453372,On or near WESTFIELD STREET,E01006832,St. Helens 012A,Unable to prosecute suspect
287692f79f6250b0b21439ff57b14b6030ea669aa6c55eaa4b53f393a66ee530,2019-02,Merseyside Police,Merseyside Police,-3.019365,53.410464,On or near FELL STREET,E01007274,Wirral 008C,Investigation complete; no suspect identified
674ca15932e9eaa1b27b36adb8a840fc8afcf4df999aec6a0f4fa753df857ce2,2019-02,Merseyside Police,Merseyside Police,-2.710170,53.463858,On or near BILLINGE CRESCENT,E01006811,St. Helens 008B,Unable to prosecute suspect
315f5befb028af3d265044ac3112c024c0bbe846e2dc6746749cd47c3fd6f834,2019-02,Merseyside Police,Merseyside Police,-2.919535,53.443338,On or near RUSHMERE ROAD,E01006598,Liverpool 010A,Suspect charged
474eadbc0f1c6bd8e8931372ebc7e3c5afb1a5835d64bb22d1425b318674a7da,2019-02,Merseyside Police,Merseyside Police,-2.990771,53.406138,On or near CASTLE STREET,E01033752,Liverpool 062B,Unable to prosecute suspect
4d416ffc50808ec8141b7343d7f67e8ef3bc50e9054027a1c7b9e81dfc5dda3a,2019-02,Merseyside Police,Merseyside Police,-3.032334,53.470731,On or near Park/Open Space,E01006954,Sefton 028C,Unable to prosecute suspect
74218d6fbe79b98d23b3ded5bdb6b5ebb04e43f1ad78c45e2b3ebb8da612bf6a,2019-02,Merseyside Police,Merseyside Police,-2.988869,53.407143,On or near PRINCES STREET,E01033760,Liverpool 060C,Suspect charged
a1e313c123cacf7bfdaad131ef6b7f8a827ea6921c4155f237cfd549bdf165b4,2019-02,Merseyside Police,Merseyside Police,-2.865273,53.438071,On or near CUSTLEY HEY,E01006412,Knowsley 006A,Unable to prosecute suspect
08f57bb86af545f0f41fbdcd7021ef5d316d3af3c8a2840ce283b60e69cab264,2019-02,Merseyside Police,Merseyside Police,-3.056093,53.435539,On or near NORTH DRIVE,E01007307,Wirral 003A,Unable to prosecute suspect
5cc887d579408a856ec08a02bee19f19d988c8b3d62e13285e0a9fb43e25df4b,2019-02,Merseyside Police,Merseyside Police,-2.974226,53.332448,On or near Petrol Station,E01007135,Wirral 039A,Unable to prosecute suspect
c0644968fcbe24de11c03c27e2a898deccda1f5a00f361ab0b9e220493ac275d,2019-02,Merseyside Police,Merseyside Police,-3.028236,53.473220,On or near DEACON CLOSE,E01006957,Sefton 032C,Investigation complete; no suspect identified
f8bbaee8537e7eb69e97d171388da71b91da568527c06fcfe0c5d597250143f0,2019-02,Merseyside Police,Merseyside Police,-2.978384,53.413710,On or near Police Station,E01006648,Liverpool 023D,Suspect charged
1bc6deb955a8fe406f5a3e1cf8c0f2326e57a06ecc5220fe0ad5b499600ce56c,2019-02,Merseyside Police,Merseyside Police,-2.852401,53.346226,On or near RAMSBROOK CLOSE,E01006741,Liverpool 058C,Unable to prosecute suspect
719714d7c0161d2acfbf0d83bb92ddd1df04e307ce023e79d65e00379efef042,2019-02,Merseyside Police,Merseyside Police,-2.943120,53.381814,On or near LIVINGSTON AVENUE,E01006522,Liverpool 048A,Unable to prosecute suspect
09918f341fe22e870abf93b25004e2d14d5b606a88a35946db7af1728477ad60,2019-02,Merseyside Police,Merseyside Police,-2.852401,53.346226,On or near RAMSBROOK CLOSE,E01006741,Liverpool 058C,Unable to prosecute suspect
45d7c2ae2d2fdf7ea91f64298ab9699806cb5e1275d02893d22dd7c8bfed7650,2019-02,Merseyside Police,Merseyside Police,-2.670263,53.469204,On or near CHIRTON CLOSE,E01006841,St. Helens 006C,Investigation complete; no suspect identified
f2187bd16fe6b76d40d1304003148293422e670b23a7f8af93d44f99e89fb912,2019-02,Merseyside Police,Merseyside Police,-2.964002,53.414403,On or near BRIGHT STREET,E01006647,Liverpool 024C,Unable to prosecute suspect
55406135be67a817e3f2acf0d43825b59dc5e35d630dfa385f6e8b1701a4a6b5,2019-02,Merseyside Police,Merseyside Police,-3.028416,53.382170,On or near ASPENDALE ROAD,E01007131,Wirral 021B,Unable to prosecute suspect
ab51b0f0f82a5a496a6dc8794cde9fa8c2d6b0edb887f259f84c2671a39c0ede,2019-02,Merseyside Police,Merseyside Police,-2.982670,53.409037,On or near VICTORIA STREET,E01033760,Liverpool 060C,Unable to prosecute suspect
ab51b0f0f82a5a496a6dc8794cde9fa8c2d6b0edb887f259f84c2671a39c0ede,2019-02,Merseyside Police,Merseyside Police,-2.982670,53.409037,On or near VICTORIA STREET,E01033760,Liverpool 060C,Unable to prosecute suspect
633ab632c6af542356854e4fc2624a6afbd59deab28765dc12ac12c474965ce2,2019-02,Merseyside Police,Merseyside Police,-2.740640,53.453372,On or near WESTFIELD STREET,E01006832,St. Helens 012A,Unable to prosecute suspect
5d54059f4abbbe3fdd2485fcbf193da0306277aaa3dfcfef80150d3723eaf5c9,2019-02,Merseyside Police,Merseyside Police,-2.735690,53.451039,On or near FOUNDRY STREET,E01006832,St. Helens 012A,Unable to prosecute suspect
e9ae9f6db5e8d71270b7bb0ebbcc204a16826de30d4105fbbd0cabf69de5b04e,2019-02,Merseyside Police,Merseyside Police,-3.181732,53.370107,On or near DUNRAVEN ROAD,E01007198,Wirral 026C,Unable to prosecute suspect
be31316dd964ec91891eb1c86c9a1cd52d8be8a20f802bf385104f0661ec6c02,2019-02,Merseyside Police,Merseyside Police,-3.038269,53.422517,On or near WITHEN'S LANE,E01007218,Wirral 002A,Unable to prosecute suspect
35cce91761323bb81cc8f07c5a8295cba124a09464acd19f60284634d83acfb0,2019-02,Merseyside Police,Merseyside Police,-2.977044,53.460904,On or near RAINFORD AVENUE,E01007052,Sefton 035E,Unable to prosecute suspect
0748a38d5c028273b1354d9fec98c947148aabec40bad0d10bbe3c366384e8d0,2019-02,Merseyside Police,Merseyside Police,-2.952120,53.468431,On or near ROWSLEY GROVE,E01006656,Liverpool 002B,Unable to prosecute suspect
dfe1a6abc7f124956e06e4e60f08debd34ed374991f54b23399bba37af5d032b,2019-02,Merseyside Police,Merseyside Police,-2.983625,53.425641,On or near ST GERARD'S CLOSE,E01006779,Liverpool 022D,Unable to prosecute suspect
f36bdaa25bdc9f78f4d624a6f9c04f71703426df63b381e14497b765dbebb433,2019-02,Merseyside Police,Merseyside Police,-2.873277,53.438553,On or near STEERS CROFT,E01006671,Liverpool 013D,Investigation complete; no suspect identified
2546e0a50684f0533d51b3d2604c263dd74251bb4f5e841420f027ed8d0b918b,2019-02,Merseyside Police,Merseyside Police,-3.009186,53.354118,On or near ACRES ROAD,E01007151,Wirral 035D,Unable to prosecute suspect
00c7d85909431b876bd5eded12126890076e5e195c47ffdcef0c1f125c5fc9d9,2019-02,Merseyside Police,Merseyside Police,-2.926136,53.414568,On or near CHUDLEIGH ROAD,E01006711,Liverpool 027A,Suspect charged
0dcfd6be077a07975758d47a058c41f65b6666a0dfe99602ce482d92d3020a60,2019-02,Merseyside Police,Merseyside Police,-2.984289,53.455703,On or near RUTLAND STREET,E01006966,Sefton 038F,Investigation complete; no suspect identified
d845c4971e2d0af5bcfd908d1e48d60b28dd7e756156a0f07b2c0625dd96d4f4,2019-02,Merseyside Police,Merseyside Police,-2.985335,53.491739,On or near WHALLEY COURT,E01007092,Sefton 023E,Unable to prosecute suspect
3fddae449a63a0c3d0e80cc94310ec4041b4feb52f5ac64974101e1d6f62d669,2019-02,Merseyside Police,Merseyside Police,-3.014508,53.463630,On or near BARKELEY DRIVE,E01007004,Sefton 034A,Unable to prosecute suspect
cacbfc2f4c3c028591fc78bad4fd87031f3ff4559c61fb8cfdc184f0442bb7ba,2019-02,Merseyside Police,Merseyside Police,-2.950247,53.431124,On or near WENLOCK ROAD,E01006545,Liverpool 019A,Further investigation is not in the public interest
d911459fc143ec572dba2f8bf7cad7b69bb230ddd17dc89bd378a06b52d0c6dc,2019-02,Merseyside Police,Merseyside Police,-2.987595,53.406057,On or near Nightclub,E01033760,Liverpool 060C,Offender given a caution
16d3ea90b3f143223ad37cfa7e0f24030f2c52c7700d29c73669f15a060b7040,2019-02,Merseyside Police,Merseyside Police,-2.939623,53.409383,On or near Parking Area,E01006690,Liverpool 028A,Unable to prosecute suspect
0a4360b06cc4ebc935a52143ada937eaeae6758843e1ad6367abdd7cc6957ad0,2019-02,Merseyside Police,Merseyside Police,-2.939623,53.409383,On or near Parking Area,E01006690,Liverpool 028A,Unable to prosecute suspect
234488f5bb8a9bb3a685626ef24535beec7321b67c74638d6648e097794453fc,2019-02,Merseyside Police,Merseyside Police,-2.982769,53.402249,On or near Parking Area,E01033756,Liverpool 061C,Investigation complete; no suspect identified
e9c2300341c9359dcf015e2ac98b3f8d90119807c425cc4155fd12d0ad5ca043,2019-02,Merseyside Police,Merseyside Police,-2.964172,53.438545,On or near MURIEL STREET,E01006615,Liverpool 012C,Unable to prosecute suspect
1b83aa6a5575ffa302bc5c900779ff6364320be4117329f06b38288e09ce85a9,2019-02,Merseyside Police,Merseyside Police,-2.981499,53.403914,On or near ROE ALLEY,E01033756,Liverpool 061C,Offender given a caution
f52e6e0848da6fb52637449843f5cef11b5ccdf4916ba1c04d642065a2fba89e,2019-02,Merseyside Police,Merseyside Police,-2.922882,53.389370,On or near TRENTHAM AVENUE,E01006553,Liverpool 042A,Unable to prosecute suspect
243d968ec62dc981aaa75520f5d0a43ef2f094bc2fbe70396136cfdfc1f04f41,2019-02,Merseyside Police,Merseyside Police,-3.101572,53.343116,On or near GLENEAGLES CLOSE,E01007279,Wirral 034D,Unable to prosecute suspect
a58d2f8cda23ac0822853ee1e4202352d85bd47e309b15abd92d4707f58b0db5,2019-02,Merseyside Police,Merseyside Police,-2.980826,53.402122,On or near SLATER PLACE,E01033761,Liverpool 060D,Investigation complete; no suspect identified
66217834c6ac3cec519a80f6d9d60498292a811abf90183ed197feb691eb5827,2019-02,Merseyside Police,Merseyside Police,-2.957251,53.417279,On or near KILSHAW STREET,E01006647,Liverpool 024C,Unable to prosecute suspect
221c80637430efb47639c8951d28d9cf559bb85e9194b1edf1c822b0681c514e,2019-02,Merseyside Police,Merseyside Police,-2.889845,53.400084,On or near SCORE LANE,E01006579,Liverpool 034D,Unable to prosecute suspect
c3ed4d95fc6cb14a89f006e3902768e6de1cb78a893ffdbeeba89a87f7879ad8,2019-02,Merseyside Police,Merseyside Police,-2.988341,53.407057,On or near Nightclub,E01033760,Liverpool 060C,Unable to prosecute suspect
4d500c58c422f0a31696e6c384ab87729d88aac5631c0f121f736c7ecdb1e5cb,2019-02,Merseyside Police,Merseyside Police,-2.944644,53.500805,On or near Supermarket,E01007066,Sefton 020B,Further investigation is not in the public interest
0a1a19a41c42a38214a976907c1f3146a7fd9c5f09101419a1a14c2698ee4551,2019-02,Merseyside Police,Merseyside Police,-2.686560,53.468149,On or near BETHANY CLOSE,E01006843,St. Helens 006D,Unable to prosecute suspect
01156faf168712ff30376ce3d2344f94530f37248bfdc0b8959b7de04b6633e6,2019-02,Merseyside Police,Merseyside Police,-2.988508,53.449277,On or near Parking Area,E01006967,Sefton 037A,Unable to prosecute suspect
ad89b1cce5fc6223b7f4aa708eed0b80fd58099bd69226e6950fea714114e276,2019-02,Merseyside Police,Merseyside Police,-2.787987,53.421753,On or near COOK STREET,E01006499,Knowsley 009E,Investigation complete; no suspect identified
fb614ef51054d1b9b2c3df643412cc83afc854e851c31fe75d3d1aa195259e9b,2019-02,Merseyside Police,Merseyside Police,-2.952291,53.378478,On or near BRYANSTON ROAD,E01006628,Liverpool 052D,Unable to prosecute suspect
9e3160f8b4c940eff30634d081069c3cfed614bf6b5cf13331cb719b77c39d6f,2019-02,Merseyside Police,Merseyside Police,-2.934492,53.431995,On or near LONDONDERRY ROAD,E01006606,Liverpool 020A,Investigation complete; no suspect identified
76914860abecec9b173839ff1d16a4f1230ac1e361e42d55941eb2a33323eb47,2019-02,Merseyside Police,Merseyside Police,-2.934492,53.431995,On or near LONDONDERRY ROAD,E01006606,Liverpool 020A,Investigation complete; no suspect identified
146e64bd7bbb785a97c250dc6eed6815c98645aac87006aab5f83cd4d559dd19,2019-02,Merseyside Police,Merseyside Police,-3.002084,53.636202,On or near DUKE STREET,E01006998,Sefton 007E,Unable to prosecute suspect
b92d19951bfe8b0482f296fde713a9ee8bbea4ca8d0535ca6aef7df2bc361f34,2019-02,Merseyside Police,Merseyside Police,-3.030365,53.411206,On or near MAY AVENUE,E01007272,Wirral 008A,Investigation complete; no suspect identified
c1226b740f96f3bcc10ebe5f3a72fe66137556171427112b014755abeab861ad,2019-02,Merseyside Police,Merseyside Police,-3.031812,53.389548,On or near MENAI STREET,E01007128,Wirral 016C,Unable to prosecute suspect
6659b7fc10f099f9287982254b33f32a0c73445687936220040a062a6db80e1c,2019-02,Merseyside Police,Merseyside Police,-2.937105,53.503516,On or near HUDSON ROAD,E01007074,Sefton 019A,Unable to prosecute suspect
73f2e41f30237b4b92feea1dd87908c4e17cf4cd1fa4c3f13c386e2de4b8ec4a,2019-02,Merseyside Police,Merseyside Police,-2.974878,53.438000,On or near BACK WESTMINSTER ROAD,E01006701,Liverpool 014B,Unable to prosecute suspect
16063b782365cbef63d0ce60a6bdf9db611b953b149123b20ef9566341f0c62b,2019-02,Merseyside Police,Merseyside Police,-2.940627,53.520945,On or near WITHENS ROAD,E01007095,Sefton 018C,Unable to prosecute suspect
c32a9e7d1a85658c4a8d11c809f6f5018f3ba5b26ccaf7673d012ef6b0754bfc,2019-02,Merseyside Police,Merseyside Police,-2.964742,53.395915,On or near UPPER HAMPTON STREET,E01006673,Liverpool 037D,Unable to prosecute suspect
c5ec243c03c4442843151a56cba33c846a82519d93ed958274e5e7c7a9ee5721,2019-02,Merseyside Police,Merseyside Police,-2.699562,53.447184,On or near BROMILOW ROAD,E01006875,St. Helens 017C,Suspect charged
abae34264c4c5e33b33d7e2a01d155b1e723aaf9025234e77ca82897515af993,2019-02,Merseyside Police,Merseyside Police,-2.964742,53.395915,On or near UPPER HAMPTON STREET,E01006673,Liverpool 037D,Unable to prosecute suspect
8e8d3fce032ea1efd3a8b6fe0c0f1d8de83b26fb89b0d4f44c3c79c020f93c89,2019-02,Merseyside Police,Merseyside Police,-2.631615,53.458583,On or near RUSKIN AVENUE,E01006868,St. Helens 010C,Suspect charged
ae8b7a474c76463d846cc71e90508fc5a22617e34ed2e6f149366892b356b598,2019-02,Merseyside Police,Merseyside Police,-3.011382,53.371978,On or near BEDFORD ROAD,E01007295,Wirral 027D,Unable to prosecute suspect
5bfeff94b88502d20a04b1da4d0b9ddfec514c9891edec00a4de975e24533bdc,2019-02,Merseyside Police,Merseyside Police,-3.025158,53.493022,On or near ALLENGATE,E01007021,Sefton 025A,Suspect charged
c3c06c50a484626c5a8d4ece13e7a636ca06ed97e47b9e1dea29f6bb70646cd4,2019-02,Merseyside Police,Merseyside Police,-2.988735,53.405247,On or near LORD STREET,E01033756,Liverpool 061C,Offender given a caution
45839ca8149891bb9b9184b448c0ded64f07424e2bcae9b9d5e24270684ed082,2019-02,Merseyside Police,Merseyside Police,-2.971900,53.408415,On or near MOOR PLACE,E01006747,Liverpool 031B,Investigation complete; no suspect identified
cd2de7d79730f6c551826d2614a15ed367a89f501191e9115a2886bcc4323809,2019-02,Merseyside Police,Merseyside Police,-2.898681,53.477465,On or near DOWNGREEN CLOSE,E01006455,Knowsley 004A,Offender given a drugs possession warning
0a01a05930a62a48995001f2ab261e82196ee80ac4b7aa361d71c3286dae4d6d,2019-02,Merseyside Police,Merseyside Police,-2.741108,53.462133,On or near CITY ROAD,E01006881,St. Helens 012E,Unable to prosecute suspect
4a1eca6b8d1d40e2ae3f65c55fe76afe4a700c991ea6dbf5d2dfaa0c703d50c7,2019-02,Merseyside Police,Merseyside Police,-3.099262,53.383507,On or near MILMAN CLOSE,E01007302,Wirral 018D,Suspect charged
53be04cfeb4f1c6c64302582b560382e479db6de4f7f1409423f9a69725c662e,2019-02,Merseyside Police,Merseyside Police,-3.023846,53.389077,On or near Shopping Area,E01007128,Wirral 016C,Offender given a caution
fd46940ea1749889f37d1ad053abcfa95dd2bab31194450f3e34feb87aa215be,2019-02,Merseyside Police,Merseyside Police,-2.885276,53.351704,On or near ALMOND COURT,E01006743,Liverpool 058D,Unable to prosecute suspect
873462fe036d22054694bb9469b65940ad109643f61732334212239f22e11cae,2019-02,Merseyside Police,Merseyside Police,-2.708645,53.462735,On or near ASHURST DRIVE,E01006812,St. Helens 008C,Unable to prosecute suspect
6f2697ea64bd72a79ee10c7dfab77ed9ee317cb09a9e42004d71f3e56dda117e,2019-02,Merseyside Police,Merseyside Police,-3.078299,53.371419,On or near HOME FARM ROAD,E01007304,Wirral 025E,Unable to prosecute suspect
9eac949c4b727fd4202b6a2fb06c4df9f8003da4513db9918459c1b76347dd0e,2019-02,Merseyside Police,Merseyside Police,-2.683341,53.449660,On or near LUTHER GROVE,E01006816,St. Helens 017A,Unable to prosecute suspect
93a52f5da8c12c4bafaaf9c59249d45b67834207406f61ac198ffcd3f4b83b24,2019-02,Merseyside Police,Merseyside Police,-2.729402,53.411851,On or near SHELLEY STREET,E01006910,St. Helens 022E,Unable to prosecute suspect
f8b4938e91672b1660b7c0127d6b3b3277b8d473c99a2456a0fa3e07a851616a,2019-02,Merseyside Police,Merseyside Police,-3.030984,53.384521,On or near LARCH ROAD,E01007130,Wirral 021A,Unable to prosecute suspect
56943c6eba8868ef0cedb0c4fc0e13b1c4a4c18afb99426075e3139c9688db4d,2019-02,Merseyside Police,Merseyside Police,-3.056227,53.401487,On or near MIRIAM PLACE,E01007122,Wirral 011C,Unable to prosecute suspect
b9af480e1af4faa8b451c734d0fab4d9ebc95728674f2a3f3fb7201f84244e24,2019-02,Merseyside Police,Merseyside Police,-2.939990,53.442388,On or near Supermarket,E01006612,Liverpool 008B,Unable to prosecute suspect
f8af3d3a93bf72eebda1a315f273fcf70b8840ffc2816df1d36b5b804e5310cc,2019-02,Merseyside Police,Merseyside Police,-2.949515,53.382051,On or near PARKFIELD ROAD,E01006520,Liverpool 043A,Unable to prosecute suspect
2b62d36b1d25195a48eda4fefece777237d641fcb2ce0b326b4621eaf0417610,2019-02,Merseyside Police,Merseyside Police,-3.032395,53.421723,On or near Supermarket,E01007215,Wirral 005A,Unable to prosecute suspect
ba722e2df10022f60655724daa943f0b999ffc8ad96e48081a4b94c73ae4a088,2019-02,Merseyside Police,Merseyside Police,-2.933244,53.391519,On or near ROSSETT AVENUE,E01006557,Liverpool 038B,Unable to prosecute suspect
cfde4ff9ff3c83da435fa5edb0097ec0d9ca782ed71d4c99f786d19d57784e76,2019-02,Merseyside Police,Merseyside Police,-2.712964,53.457118,On or near BALL STREET,E01006873,St. Helens 014D,Investigation complete; no suspect identified
5466d118e6d96bdee9e52bfe4982cf11e14c2d281da0b4ec787764b969a37067,2019-02,Merseyside Police,Merseyside Police,-2.728816,53.417167,On or near HAZELWOOD CLOSE,E01006910,St. Helens 022E,Action to be taken by another organisation
772af2471fbef917fb3832967d8799d1ffbcb90b2164ffba6b348c95bc946f8c,2019-02,Merseyside Police,Merseyside Police,-2.928234,53.441095,On or near Supermarket,E01033759,Liverpool 010F,Suspect charged
2d04ec20d08951b150dfc10e804e63b8f4a6f127673d83d7cae2c0dd1ca3e22b,2019-02,Merseyside Police,Merseyside Police,-3.111102,53.405726,On or near WEST WAY,E01007207,Wirral 009C,Local resolution
361832acc467ead6b3aa6a1204f791d73b8ea70f71b1a9879a36de57c66e9b5e,2019-02,Merseyside Police,Merseyside Police,-2.893481,53.407086,On or near JUBILEE AVENUE,E01006576,Liverpool 034B,Investigation complete; no suspect identified
049bea9b7851fe5e2e99cb2fba6dc5d9d20eeda7f6f9a7c0c9c57676944d7ca5,2019-02,Merseyside Police,Merseyside Police,-2.657669,53.471197,On or near BISHOP REEVES ROAD,E01006842,St. Helens 005D,Unable to prosecute suspect
729de24d5dab97be59bdcb70afa1e353f214c022bba8116fcb6a069d7f7b92bc,2019-02,Merseyside Police,Merseyside Police,-2.964992,53.439501,On or near GWLADYS STREET,E01006615,Liverpool 012C,Unable to prosecute suspect
f7b890d8564de9140759f44fcb68df7633c4ed01128441c26aec047ac1e510cf,2019-02,Merseyside Police,Merseyside Police,-2.737209,53.438769,On or near THE CARAVAN PARK,E01006912,St. Helens 019G,Unable to prosecute suspect
19d236246369a58aa3d50dbaaf8e7ec5868fd9d48f599e4bec4fbf0887b68584,2019-02,Merseyside Police,Merseyside Police,-2.893481,53.407086,On or near JUBILEE AVENUE,E01006576,Liverpool 034B,Investigation complete; no suspect identified
11dea8643f615b58f47cb0da72c9ccebe637b953d03dd221692607ef7c6d8dd1,2019-02,Merseyside Police,Merseyside Police,-2.879440,53.473114,On or near MIDDLEWOOD,E01006435,Knowsley 005D,Unable to prosecute suspect
87a0d5fa7e12ce74bc551e989e81acd78b48db6f5885fed89c6b8311d59db706,2019-02,Merseyside Police,Merseyside Police,-2.859885,53.348617,On or near BOGNOR CLOSE,E01006739,Liverpool 058B,Unable to prosecute suspect
6351f9362f4b7b848e9a922082b6848a56aee09d6030003df6b3263d9a7d1ca7,2019-02,Merseyside Police,Merseyside Police,-3.121796,53.404539,On or near ELEANOR ROAD,E01007228,Wirral 012E,Unable to prosecute suspect
bbe92e04dd034222e6fd02e216706b4fb5f66b50de6741a80cc5a8731f0885ed,2019-02,Merseyside Police,Merseyside Police,-2.786912,53.414083,On or near BRAEMAR CLOSE,E01006504,Knowsley 013D,Suspect charged
ee624983ee4f2918c45784356088da57da6c6d9e4dea58b8342d3f246e848a06,2019-02,Merseyside Police,Merseyside Police,-2.705282,53.434342,On or near JOSEPH STREET,E01006844,St. Helens 020A,Unable to prosecute suspect
7bffb8de4063d0f2a6a322483e19a4e435e85c825a58d62f9b598217505865dc,2019-02,Merseyside Police,Merseyside Police,-2.962220,53.454067,On or near RICE LANE,E01006791,Liverpool 006D,Offender given penalty notice
4490d6295cda82bb3d496b4eabc77d3050b37e7633c43e07b63b95f04d33086e,2019-02,Merseyside Police,Merseyside Police,-3.018991,53.374053,On or near ALBANY ROAD,E01007296,Wirral 027E,Investigation complete; no suspect identified
1db557b69f2581f446ac0aa6cc988e6a426654c8a33a49e33ba47d08a37cbedd,2019-02,Merseyside Police,Merseyside Police,-3.028920,53.413016,On or near HARTISMERE ROAD,E01007272,Wirral 008A,Unable to prosecute suspect
1219bb791477e6976e4bbf3b2adf3712a53123f8067d94301314901a516e3163,2019-02,Merseyside Police,Merseyside Police,-2.953320,53.491712,On or near DUNNINGS BRIDGE ROAD,E01007053,Sefton 027D,Investigation complete; no suspect identified
d1b9d822892f990218bc6470033e27d413accd18818628106a87ec4ab9dc7403,2019-02,Merseyside Police,Merseyside Police,-3.040779,53.440275,On or near Theme/Adventure Park,E01007238,Wirral 001E,Suspect charged
9b203bf04a325e78895148fcd00429679229c2c6726f4f47b262584a77889e70,2019-02,Merseyside Police,Merseyside Police,-2.714399,53.447510,On or near HAMMOND STREET,E01006874,St. Helens 014E,Unable to prosecute suspect
8384260f39490de6a98b64e7137ebc5329b2f05477fad1e4f23717815124aa3c,2019-02,Merseyside Police,Merseyside Police,-2.806755,53.417160,On or near CORONATION DRIVE,E01006461,Knowsley 007B,Unable to prosecute suspect
067cc2a2d2b183d1e36858fa1f2449ab2cea22fd4ff9ab005afe3b9f1e62326a,2019-02,Merseyside Police,Merseyside Police,-2.918946,53.398587,On or near HIGH STREET,E01006588,Liverpool 042C,Unable to prosecute suspect
9fa4e6d0a6a6773bf8115caafcd162d0e1430d24f26dddbd4d4def4a912ef6f6,2019-02,Merseyside Police,Merseyside Police,-2.902958,53.409226,On or near THE GREEN,E01006567,Liverpool 026A,Unable to prosecute suspect
8255bf53b1527fd9eab6ac0166bc77549164116756b66f770fc299d0c62dc370,2019-02,Merseyside Police,Merseyside Police,-2.715377,53.437625,On or near EXTENSION VIEW,E01006845,St. Helens 014A,Unable to prosecute suspect
8255bf53b1527fd9eab6ac0166bc77549164116756b66f770fc299d0c62dc370,2019-02,Merseyside Police,Merseyside Police,-2.715377,53.437625,On or near EXTENSION VIEW,E01006845,St. Helens 014A,Unable to prosecute suspect
8255bf53b1527fd9eab6ac0166bc77549164116756b66f770fc299d0c62dc370,2019-02,Merseyside Police,Merseyside Police,-2.715377,53.437625,On or near EXTENSION VIEW,E01006845,St. Helens 014A,Unable to prosecute suspect
8255bf53b1527fd9eab6ac0166bc77549164116756b66f770fc299d0c62dc370,2019-02,Merseyside Police,Merseyside Police,-2.715377,53.437625,On or near EXTENSION VIEW,E01006845,St. Helens 014A,Unable to prosecute suspect
8255bf53b1527fd9eab6ac0166bc77549164116756b66f770fc299d0c62dc370,2019-02,Merseyside Police,Merseyside Police,-2.715377,53.437625,On or near EXTENSION VIEW,E01006845,St. Helens 014A,Unable to prosecute suspect
8255bf53b1527fd9eab6ac0166bc77549164116756b66f770fc299d0c62dc370,2019-02,Merseyside Police,Merseyside Police,-2.715377,53.437625,On or near EXTENSION VIEW,E01006845,St. Helens 014A,Unable to prosecute suspect
8255bf53b1527fd9eab6ac0166bc77549164116756b66f770fc299d0c62dc370,2019-02,Merseyside Police,Merseyside Police,-2.715377,53.437625,On or near EXTENSION VIEW,E01006845,St. Helens 014A,Unable to prosecute suspect
b7ac5e0ec272c1604797af7a6c20097dc9d20922a0db60b267374823deea40f8,2019-02,Merseyside Police,Merseyside Police,-2.943712,53.416039,On or near HUNTLY ROAD,E01006695,Liverpool 028C,Offender given a caution
25378591820bbe0f5bdd834798fc407816efeb994717468549c52b50a23b6c74,2019-02,Merseyside Police,Merseyside Police,-2.886584,53.492729,On or near DEVONSHIRE CLOSE,E01006493,Knowsley 001C,Unable to prosecute suspect
a3f2b2f34351026ea5c494dd9ace118807bf75bc829a8526aa455b64c157d2ec,2019-02,Merseyside Police,Merseyside Police,-3.033477,53.379448,On or near NORTH ROAD,E01007244,Wirral 022E,Unable to prosecute suspect
adece17742e868b4efc919abab25fd2edf7f6713310b9abf2e6ca9f11e2c5785,2019-02,Merseyside Police,Merseyside Police,-2.988662,53.407963,On or near DALE STREET,E01033760,Liverpool 060C,Investigation complete; no suspect identified
d1e6275d9cacb839ac99d005b1417f0d8eff24a3be6f56fced1ce569fac7cf7b,2019-02,Merseyside Police,Merseyside Police,-2.984539,53.427449,On or near HERIOT STREET,E01006779,Liverpool 022D,Unable to prosecute suspect
96ace28eca8a894c2d8fbd0a6760504c56e99eb38b6a3ec537aed5e2d31d3839,2019-02,Merseyside Police,Merseyside Police,-3.060236,53.372201,On or near WRENBURY CLOSE,E01007246,Wirral 024C,Investigation complete; no suspect identified
1cb1db60174434b4e48ddb70b2c1082d61001ecffe4daea69181e5dc431a1747,2019-02,Merseyside Police,Merseyside Police,-3.035067,53.379299,On or near MERLIN ROAD,E01007244,Wirral 022E,Unable to prosecute suspect
d298ff2d22b1d380267d1f0870f30735891b9517a5c9aa8cf4ace8fa0e35b0bc,2019-02,Merseyside Police,Merseyside Police,-2.886721,53.502939,On or near TERN CLOSE,E01006490,Knowsley 002E,Unable to prosecute suspect
3b36d5f17f428700d83337235465b2c1a6f800e11830d1d09f57ab808418167c,2019-02,Merseyside Police,Merseyside Police,-2.918946,53.398587,On or near HIGH STREET,E01006588,Liverpool 042C,Unable to prosecute suspect
c84f5c1d0787d606a80e5555020a6ddd976a7ef649f0fa6d4f8e14ac62beda1c,2019-02,Merseyside Police,Merseyside Police,-2.715377,53.437625,On or near EXTENSION VIEW,E01006845,St. Helens 014A,Offender given a caution
bf28ec4676c3f2acb1a633c7b8d08ce30966d96239710e57e9f101427c991d0a,2019-02,Merseyside Police,Merseyside Police,-3.013300,53.466669,On or near BEACONSFIELD ROAD,E01006953,Sefton 032B,Unable to prosecute suspect
378dd70100b3c96535184c6b652f5ba4c2c3c11a76592e5710d5d58b2ca84c4d,2019-02,Merseyside Police,Merseyside Police,-2.973545,53.444240,On or near HAHNEMANN ROAD,E01006698,Liverpool 012D,Investigation complete; no suspect identified
38ff902987d389e63ab40605d03af5567b64bde7667ba9f2971e4e4eb7540651,2019-02,Merseyside Police,Merseyside Police,-2.901175,53.450121,On or near AMPULLA ROAD,E01006664,Liverpool 004D,Investigation complete; no suspect identified
8301364d3576434584c659163177b402ef378f8c5e3b6a48f5493b137665608f,2019-02,Merseyside Police,Merseyside Police,-3.013300,53.466669,On or near BEACONSFIELD ROAD,E01006953,Sefton 032B,Unable to prosecute suspect
27e358d663d8abc896509e8ae6d337e3961e7c4cb19672be0066f0ce643df7b2,2019-02,Merseyside Police,Merseyside Police,-2.985484,53.320553,On or near ROSECROFT,E01007172,Wirral 041E,Unable to prosecute suspect
3ec814240bec5473f05d7bafffac59c9452386be3a5c8fec9f0378ddc0ede88c,2019-02,Merseyside Police,Merseyside Police,-2.922701,53.415754,On or near ST IVES GROVE,E01006711,Liverpool 027A,Unable to prosecute suspect
cfa4984219d669e4d86c02e7c342199f73291eb512dbd53bcc0950b3bcda3477,2019-02,Merseyside Police,Merseyside Police,-2.946713,53.410936,On or near CHISWELL STREET,E01006690,Liverpool 028A,Suspect charged
cdd13d1f8579fdc8fb3e8461ecf7b653443fd35779c516433224c0784e5c3d89,2019-02,Merseyside Police,Merseyside Police,-2.790867,53.413994,On or near BRACKENWOOD GROVE,E01006504,Knowsley 013D,Unable to prosecute suspect
84e39d5db4fcff62c6f3cebd20fa2d4893646b2c09a8a09c02158d080cb99571,2019-02,Merseyside Police,Merseyside Police,-2.902958,53.409226,On or near THE GREEN,E01006567,Liverpool 026A,Unable to prosecute suspect
c030c54bee40c63bd020617a1a7f18e2b47a073aeac2f0afda76a07db5a011cb,2019-02,Merseyside Police,Merseyside Police,-2.790867,53.413994,On or near BRACKENWOOD GROVE,E01006504,Knowsley 013D,Unable to prosecute suspect
3aae36c7e7cf29ac3144208ee783206dc82a049eff59fa85447cbe5bb48556d6,2019-02,Merseyside Police,Merseyside Police,-2.902958,53.409226,On or near THE GREEN,E01006567,Liverpool 026A,Unable to prosecute suspect
09dbdba53e955b0beb73eb649df2c51695ecb4732a2b2d49b40593b0eaca7a0f,2019-02,Merseyside Police,Merseyside Police,-3.026527,53.413630,On or near HOOD STREET,E01007278,Wirral 008E,Suspect charged
08b1f267df99fbbd6d5177d25e5496f7f8bacec3f970d2973452176d8be796ee,2019-02,Merseyside Police,Merseyside Police,-2.841762,53.369619,On or near RAMSONS CLOSE,E01006419,Knowsley 019A,Investigation complete; no suspect identified
a7bcc1dd9ecf63e74019a3cb960e7322864b89cb54039fb9db01004cffc8c75a,2019-02,Merseyside Police,Merseyside Police,-2.740464,53.455378,On or near NEW CROSS STREET,E01006877,St. Helens 012C,Investigation complete; no suspect identified
94a8c0b3e3502758c4acfef6c156ea192613bdcced0258f4b80cf63509d399db,2019-02,Merseyside Police,Merseyside Police,-2.740464,53.455378,On or near NEW CROSS STREET,E01006877,St. Helens 012C,Investigation complete; no suspect identified
0924ec2d83b1f1da259299b0acd71df568bc00657bcacb3b1cc80de4366f36f9,2019-02,Merseyside Police,Merseyside Police,-2.902958,53.409226,On or near THE GREEN,E01006567,Liverpool 026A,Unable to prosecute suspect
8c6dd487031caf1a5ef01d2711259d2b7e2c3b15df5029d1aa78477f28574374,2019-02,Merseyside Police,Merseyside Police,-2.841096,53.358711,On or near LONSDALE ROAD,E01006432,Knowsley 020E,Unable to prosecute suspect
431fcfd942d3fc1d2c8dbb97b26bc1aa0d0109882778ce7cd9257568deee8827,2019-02,Merseyside Police,Merseyside Police,-2.846730,53.423822,On or near PENNARD AVENUE,E01006442,Knowsley 010B,Unable to prosecute suspect
9e3789a2e2c5c42ba56a53c1ff774947dfd6eb0b3c2edcd07c9a2146a9cf62ae,2019-02,Merseyside Police,Merseyside Police,-3.035067,53.379299,On or near MERLIN ROAD,E01007244,Wirral 022E,Unable to prosecute suspect
3e2d558412e44ea8d6321077c8e3f49ccfa62c75ed441b80c04ed9bbd52d5d2f,2019-02,Merseyside Police,Merseyside Police,-2.841762,53.369619,On or near RAMSONS CLOSE,E01006419,Knowsley 019A,Investigation complete; no suspect identified
438e8faee0808319abe22228dbbb09741c8fbaa286ce4f4541bcf530f742f794,2019-02,Merseyside Police,Merseyside Police,-2.949054,53.397830,On or near YANWATH STREET,E01006556,Liverpool 039B,Unable to prosecute suspect
7f7b2af6b500acc55662c1a2b0aa2c1525b64e337f893bd7be60ab7bf8314031,2019-02,Merseyside Police,Merseyside Police,-2.987624,53.636771,On or near FALKLAND ROAD,E01006995,Sefton 008A,Investigation complete; no suspect identified
4ac2a9f6b91a7129d5017b73798435d6a405f379e3798c60f8e47aff88910541,2019-02,Merseyside Police,Merseyside Police,-2.988819,53.356976,On or near ECCLESHALL ROAD,E01007140,Wirral 036A,Unable to prosecute suspect
fcbd7698b5dbb8d316b1bd185f1bd84b7f557e7761b7bdbbc43f031f0fae2e4b,2019-02,Merseyside Police,Merseyside Police,-3.084352,53.392552,On or near DELAMERE CLOSE,E01007119,Wirral 019A,Unable to prosecute suspect
2ea8ae6d5efcd2a957b92fa61747f6f202fa93527fc142a70f8b5a2e7160c366,2019-02,Merseyside Police,Merseyside Police,-2.739434,53.459420,On or near QUEEN STREET,E01006881,St. Helens 012E,Unable to prosecute suspect
68a2ec63305fb16e9ae5655fb11562bf8be5f7d8a47d19d5e3108f469de29695,2019-02,Merseyside Police,Merseyside Police,-2.855737,53.359766,On or near Supermarket,E01006538,Liverpool 055E,Investigation complete; no suspect identified
6bd668b440007555fc489a4f528d5e2da8abe521d6c7138d75aea5a45ed74552,2019-02,Merseyside Police,Merseyside Police,-2.855737,53.359766,On or near Supermarket,E01006538,Liverpool 055E,Investigation complete; no suspect identified
5809b089aab3e3ee816a7abbd2e04321c8b905d88b7aa38be5f2924fcfeb4699,2019-02,Merseyside Police,Merseyside Police,-2.786421,53.420064,On or near Hospital,E01006499,Knowsley 009E,Suspect charged
72f5565ac569ec483bc2044b4c56f9bce82afe9ac42623f782ce466937ca28ba,2019-02,Merseyside Police,Merseyside Police,-3.004096,53.457722,On or near PEEL ROAD,E01007005,Sefton 034B,Unable to prosecute suspect
e4b08b179bdb245e8e7e26d90bb3f4ad5f1a5ef1daa349a3b45ae7344537468f,2019-02,Merseyside Police,Merseyside Police,-2.984504,53.643745,On or near MAPLE STREET,E01007059,Sefton 006B,Unable to prosecute suspect
9ea6292d59cbea62431713c5b4e49b62e9cfbaca59066cb885e783b61727b659,2019-02,Merseyside Police,Merseyside Police,-2.836532,53.403382,On or near WHEAT HILL ROAD,E01006479,Knowsley 015C,Suspect charged
1dc4271ec8321fdca047df75e99fe9b7f54ce4c1ec65780fb1dbd2def7a407f2,2019-02,Merseyside Police,Merseyside Police,-2.713771,53.433410,On or near KIDSTONE CLOSE,E01006847,St. Helens 020C,Unable to prosecute suspect
5cb4008c57d250b5b47112baf49992a489f945fa8f81bfb71cfa1e3c76573b9f,2019-02,Merseyside Police,Merseyside Police,-2.827462,53.357674,On or near RUSHOLME CLOSE,E01006429,Knowsley 020C,Unable to prosecute suspect
3ca77a1c507b52d7ce342e3a902f2ee2edd53e3a29138b1db1085bfd058bb22c,2019-02,Merseyside Police,Merseyside Police,-2.965271,53.400702,On or near MYRTLE PARADE,E01006512,Liverpool 031A,Investigation complete; no suspect identified
639ce28cfacadf0f900ede6b740d6a7cedc968d6d1a0cf5a31cca02acef0c1f4,2019-02,Merseyside Police,Merseyside Police,-2.928234,53.441095,On or near Supermarket,E01033759,Liverpool 010F,Suspect charged
71b3ce421a8df82ec47d0f2b14a9426294c5ce9215890a2cb57e9c772df84da0,2019-02,Merseyside Police,Merseyside Police,-2.761195,53.445782,On or near GROSVENOR ROAD,E01006835,St. Helens 016C,Suspect charged
b1587c6df1cb5359305c28c9bff8d9258637c6c46aff1d1cff76b66a81e8b6df,2019-02,Merseyside Police,Merseyside Police,-2.789081,53.409323,On or near ABBEYWOOD GROVE,E01006501,Knowsley 013C,Investigation complete; no suspect identified
09f5aa55de970ee747e80beb40cde7077e7bfa4ef9e901fd8e21f1b706070a57,2019-02,Merseyside Police,Merseyside Police,-2.983692,53.469605,On or near HARRIS DRIVE,E01007047,Sefton 033E,Investigation complete; no suspect identified
a70f8ac0960f1ff1836d0429a5bd751fd9c31ae5a04f8e9b82d99f217c0f9774,2019-02,Merseyside Police,Merseyside Police,-3.000126,53.365682,On or near CARGILL GROVE,E01007289,Wirral 031E,Investigation complete; no suspect identified
ad192123f9291f321ffe83c76a9bec9a4bd4d1ef71a0c660e6e921b5b50481a5,2019-02,Merseyside Police,Merseyside Police,-2.947851,53.410046,On or near HOLT ROAD,E01006691,Liverpool 030A,Unable to prosecute suspect
3b253ff190a5e1be6479390d87f8ba900eafca45366c5f783f9646eb30e04bed,2019-02,Merseyside Police,Merseyside Police,-2.969045,53.414542,On or near SHAW STREET,E01006646,Liverpool 023C,Unable to prosecute suspect
fe2556c3a754cb69983ae20c55410b9760572698f38c39cff2a8370ed6a6a5de,2019-02,Merseyside Police,Merseyside Police,-3.069772,53.404827,On or near HURRELL ROAD,E01007121,Wirral 011B,Unable to prosecute suspect
ecbf59826ae3805f9a335ebcdd22d302a96ebe7d0820eaf6dcc7dd193cc3edab,2019-02,Merseyside Police,Merseyside Police,-2.984718,53.432589,On or near STANLEY ROAD,E01006778,Liverpool 014E,Unable to prosecute suspect
f1395a9190622b33fc93871a70525c6425704de0362036ec5a573a23ceed1c2f,2019-02,Merseyside Police,Merseyside Police,-2.992026,53.451657,On or near Shopping Area,E01007009,Sefton 037D,Suspect charged
35e7a0e736a43c56079064758b6d5484623b76bbcfda432839c9e41302d87748,2019-02,Merseyside Police,Merseyside Police,-3.024842,53.370434,On or near BEDFORD DRIVE,E01007173,Wirral 029A,Unable to prosecute suspect
bd0d9b52f2338e5fe3a0fe03734ef4b7aa8081074705a0bbda1e1773f0bd4fdc,2019-02,Merseyside Police,Merseyside Police,-2.906134,53.452438,On or near PORCHFIELD CLOSE,E01006662,Liverpool 004B,Unable to prosecute suspect
64c5977fc9a8ceaa90f115112a9d695ff74f5732224b045b5ff8356f6abfe803,2019-02,Merseyside Police,Merseyside Police,-2.787940,53.431407,On or near BEECH AVENUE,E01006828,St. Helens 018C,Investigation complete; no suspect identified
9851ca77f4076d7cbdf9be05b5306c20fcadb2865251385ebfd0ce4bb20f919a,2019-02,Merseyside Police,Merseyside Police,-2.865565,53.358320,On or near Petrol Station,E01006537,Liverpool 055D,Investigation complete; no suspect identified
ce8991614152f97a1f54becf562f5413edf4265edc4ae94476407e3a95b28800,2019-02,Merseyside Police,Merseyside Police,-2.938462,53.507604,On or near HALL LANE,E01007099,Sefton 019D,Unable to prosecute suspect
934ddbcc9a576532ba71f5fcba08e82f94ce807537fb142830a072a03d4de409,2019-02,Merseyside Police,Merseyside Police,-2.933552,53.452955,On or near BULFORD ROAD,E01032510,Liverpool 008F,Unable to prosecute suspect
084b21b2e95aecca58bd77c084bbc3811de653db678a4782c79f927fc235c400,2019-02,Merseyside Police,Merseyside Police,-2.866403,53.378908,On or near ACREFIELD ROAD,E01006793,Liverpool 051A,Investigation complete; no suspect identified
eb183902d501eee670388a68e538cc2340be62f311a36c7b984a3a1741ad351a,2019-02,Merseyside Police,Merseyside Police,-2.977044,53.460904,On or near RAINFORD AVENUE,E01007052,Sefton 035E,Unable to prosecute suspect
261e67ef75b98f05d1250111cb64f7bb03f19666b978c93e2973bdb504a04376,2019-02,Merseyside Police,Merseyside Police,-2.843204,53.426625,On or near PRIMROSE COURT,E01006444,Knowsley 010D,Investigation complete; no suspect identified
718eab09a0c6819208b9594eb7afbf98622199ace3e57e4db31bb68fbe02fdbc,2019-02,Merseyside Police,Merseyside Police,-3.049798,53.593411,On or near NEWBY CLOSE,E01006923,Sefton 012C,Unable to prosecute suspect
071930357f922ed4fe87ab1abdd206d8404afe8ec3db101dc45bfa1f4c372433,2019-02,Merseyside Police,Merseyside Police,-3.000265,53.369016,On or near ST PETER'S MEWS,E01007290,Wirral 027B,Unable to prosecute suspect
3a6ee5bcde6ece25760033b5255c92fa330fa8c8571a0eae50dd7615ddde7d71,2019-02,Merseyside Police,Merseyside Police,-3.073386,53.551206,On or near QUEEN'S ROAD,E01006992,Sefton 015B,Unable to prosecute suspect
449f42ca60bb669ee3c2d75ed5206351f910ed5eb9c98197b64ae7ef30167829,2019-02,Merseyside Police,Merseyside Police,-3.153883,53.354577,On or near LINKS HEY ROAD,E01007283,Wirral 028E,Investigation complete; no suspect identified
d119c880f3a9c722d56d98687c4edd025827b51ed029f6ec3ba981ff58394a98,2019-02,Merseyside Police,Merseyside Police,-3.030865,53.393277,On or near CRAVEN CLOSE,E01007127,Wirral 016B,Unable to prosecute suspect
57536a12066a9ebc5e91c0b1266fbeaeb27e137b7c4bed5cd6cb19912d6d27d3,2019-02,Merseyside Police,Merseyside Police,-2.836532,53.403382,On or near WHEAT HILL ROAD,E01006479,Knowsley 015C,Suspect charged
8362ef3dd91033c8f51fffb3c2a9d5903109313ab0e960e30a898e66424fdc1a,2019-02,Merseyside Police,Merseyside Police,-2.932467,53.397242,On or near BANNER STREET,E01006721,Liverpool 038C,Unable to prosecute suspect
e19ac2354bbf9b8a2ca9335787782914314394ffb73a4fe54aa7a804da2f5fe6,2019-02,Merseyside Police,Merseyside Police,-2.729515,53.449234,On or near LINKWAY EAST,E01006912,St. Helens 019G,Suspect charged
6e78d29c12b51ad2e0d2f7eafd0c897c9f6166390d046dd5269c145e812f4abf,2019-02,Merseyside Police,Merseyside Police,-2.971635,53.437074,On or near SPRINGFIELD SQUARE,E01006700,Liverpool 012E,Unable to prosecute suspect
29e50d834c93db7026bf96d12723b96af6bc16bc4a73d4bd2cbcaae337381557,2019-02,Merseyside Police,Merseyside Police,-3.001399,53.358426,On or near SANDRINGHAM CLOSE,E01007141,Wirral 031D,Suspect charged
973b660fc18441610fa8c5d432eb70128c5af019f35ef412c13b57baaacb7ae0,2019-02,Merseyside Police,Merseyside Police,-2.920086,53.417257,On or near ELLISON STREET,E01006711,Liverpool 027A,Investigation complete; no suspect identified
893b9aaf52e8c8bde69c99b9d38631834766ffa73b5d674c0b013a965b3aaa11,2019-02,Merseyside Police,Merseyside Police,-2.876625,53.426420,On or near MAX ROAD,E01006639,Liverpool 017C,Unable to prosecute suspect
e3724464542de88c7daf44b92d9672ee6a669d2416fff0d16d6c0991f02ba4ff,2019-02,Merseyside Police,Merseyside Police,-2.915649,53.518820,On or near PARKBOURN,E01033096,Sefton 018F,Unable to prosecute suspect
90dfb1b5c6eca8589716ce97fd1871c3c1758bdbb35d391bed13df6a4a4c48df,2019-02,Merseyside Police,Merseyside Police,-2.733889,53.444425,On or near Shopping Area,E01006912,St. Helens 019G,Unable to prosecute suspect
235c40df584d5fcf20dac841bc344fd798c431f0f37c31f1ac396b748b3e3a04,2019-02,Merseyside Police,Merseyside Police,-2.985692,53.431709,On or near HAREBELL STREET,E01006778,Liverpool 014E,Unable to prosecute suspect
fc6d401cb9231c7f38908658ec9433c707c551a922d9ddf290c78de00bf42367,2019-02,Merseyside Police,Merseyside Police,-2.937011,53.452757,On or near TILSTON ROAD,E01032510,Liverpool 008F,Unable to prosecute suspect
751ed31f53e958de3b530a14d106d5a5cb97b8bd42e52063e8c36a49a9d92dcc,2019-02,Merseyside Police,Merseyside Police,-3.027684,53.411696,On or near NAPLES ROAD,E01007278,Wirral 008E,Unable to prosecute suspect
9cd09e89579873b79e7eea55aa7e3169add572786e3db1b4e29229a06cc454c5,2019-02,Merseyside Police,Merseyside Police,-2.746063,53.450049,On or near BANNER STREET,E01006832,St. Helens 012A,Unable to prosecute suspect
267e5ac771a785616cafb357a42b7e413f728254dab7446d638302643072a80b,2019-02,Merseyside Police,Merseyside Police,-2.937011,53.452757,On or near TILSTON ROAD,E01032510,Liverpool 008F,Unable to prosecute suspect
f2881b3ba1e781256ba50eff60423d4d5f9708f2cd409443645bccbee81d0f5f,2019-02,Merseyside Police,Merseyside Police,-2.915649,53.518820,On or near PARKBOURN,E01033096,Sefton 018F,Unable to prosecute suspect
63fada03ab1493688c7a1770420913ff80d3871c8235d15336627db970c24a9d,2019-02,Merseyside Police,Merseyside Police,-2.960412,53.381289,On or near TOXTETH GROVE,E01006633,Liverpool 050B,Unable to prosecute suspect
a49243ddc6e5cf4bb5fdae42b1697e94aabbb03f080fb1b0eb06154090aacf25,2019-02,Merseyside Police,Merseyside Police,-2.928292,53.367773,On or near HONITON ROAD,E01006519,Liverpool 056A,Unable to prosecute suspect
621c2a96b712681f0e249e95a5d6ca910a831293cfae48191c0899bef4400b22,2019-02,Merseyside Police,Merseyside Police,-2.880659,53.480314,On or near THISTLEY HEY ROAD,E01006437,Knowsley 003D,Unable to prosecute suspect
c914b84e7a4a426e88243ab0b44f618bc5a25888c3d460777a9f628208ca25c7,2019-02,Merseyside Police,Merseyside Police,-3.101278,53.400451,On or near GABRIEL CLOSE,E01007208,Wirral 012A,Unable to prosecute suspect
bc5f9d18208d3790cc7ebb02ad7faed839b7d22944f0ca0fa37715cf2480d8a4,2019-02,Merseyside Police,Merseyside Police,-2.939222,53.449207,On or near WALTON HALL AVENUE,E01032510,Liverpool 008F,Unable to prosecute suspect
efed643f6e3b034bef6e425e31f4af6273082a8c13cc13544293cbe002fc269f,2019-02,Merseyside Police,Merseyside Police,-3.021949,53.390864,On or near Parking Area,E01007128,Wirral 016C,Investigation complete; no suspect identified
48c788a75f914ec38fbb6f9b19ea6f31142025f27fcdfe79e9562d0b782b50b4,2019-02,Merseyside Police,Merseyside Police,-2.826315,53.403974,On or near COWPER WAY,E01006480,Knowsley 015D,Unable to prosecute suspect
8199b94c37c8fcb14e640a6425bbf2301100a5854e8e81e0a28f096f37b6510b,2019-02,Merseyside Police,Merseyside Police,-2.991200,53.443340,On or near QUEEN'S ROAD,E01007010,Sefton 037E,Investigation complete; no suspect identified
ab17abebda82c262abbc5cd5c9983e2417c40edeec04523b85dfdefba493f562,2019-02,Merseyside Police,Merseyside Police,-3.012679,53.349369,On or near HEATHCOTE GARDENS,E01007151,Wirral 035D,Investigation complete; no suspect identified
d1a24fba49f14c22f79cd9ba56ce9b4229d01a6db951ed46d26b15209a1a5d0a,2019-02,Merseyside Police,Merseyside Police,-2.920381,53.417713,On or near SANDSTONE ROAD WEST,E01006718,Liverpool 027E,Unable to prosecute suspect
ad72c89df94d90a543c8d022fc6f690652cc0594e798ebceefcc4c78162958ac,2019-02,Merseyside Police,Merseyside Police,-3.033906,53.424452,On or near MANOR LANE,E01007218,Wirral 002A,Unable to prosecute suspect
d0e08981e1019306c465efe7ecdf6357f9f5a79726028cd516ab5dcc0044a755,2019-02,Merseyside Police,Merseyside Police,-2.741607,53.454427,On or near KING STREET,E01006877,St. Helens 012C,Unable to prosecute suspect
55b42851117dda4267896f1159ca7c20161357731eff3417de059160237ef84e,2019-02,Merseyside Police,Merseyside Police,-2.741607,53.454427,On or near KING STREET,E01006877,St. Helens 012C,Unable to prosecute suspect
7b58b2b43b6be7eec8f33d7ead4557de3aa5300512c99162deee6f84bb391f13,2019-02,Merseyside Police,Merseyside Police,-2.931138,53.434852,On or near GRENFELL ROAD,E01006606,Liverpool 020A,Unable to prosecute suspect
c3ba744f18c087a5c75562f34119aaf622e3f161951c03154088b97c1c7985c6,2019-02,Merseyside Police,Merseyside Police,-2.875018,53.498360,On or near BLACKLEY GROVE,E01006493,Knowsley 001C,Unable to prosecute suspect
2eceb046467691f8122415b65cacd05ec822e5f5f1b9b7aadb9522b19a35363d,2019-02,Merseyside Police,Merseyside Police,-2.770095,53.449213,On or near BOWDON CLOSE,E01006829,St. Helens 018D,Unable to prosecute suspect
6a52c38fbb7fd83713a06e1140c188d7017fa20337e03754d759352a4d26ca76,2019-02,Merseyside Police,Merseyside Police,-3.024151,53.351644,On or near KENNET ROAD,E01007118,Wirral 035C,Unable to prosecute suspect
49a7d18de0237338fb35d99d4176844c582c849e68acec6c6e9915a259da90a3,2019-02,Merseyside Police,Merseyside Police,-2.985879,53.449568,On or near LANGDALE STREET,E01006967,Sefton 037A,Unable to prosecute suspect
caa89cc2d42491c85839266ab13b53f9e62b8234e3121b87274f6343b489a935,2019-02,Merseyside Police,Merseyside Police,-2.978842,53.422498,On or near Parking Area,E01033764,Liverpool 022E,Investigation complete; no suspect identified
6617acef5f1c449724f95e5846ee29b988f6f9f773f1e6b6835b18b89fa150f2,2019-02,Merseyside Police,Merseyside Police,-3.023591,53.475508,On or near BACK SOUTH ROAD,E01006956,Sefton 030B,Unable to prosecute suspect
dc900fef400a5dd563f2f0e5784b20c9042829fe2b6427d0fd145faa884b6271,2019-02,Merseyside Police,Merseyside Police,-3.051116,53.365612,On or near PRENTON DELL AVENUE,E01007253,Wirral 030C,Suspect charged
564b00696dd412d9baf5138c0b3b2b1f8b3615a62ef68426903b8ec5b2efc859,2019-02,Merseyside Police,Merseyside Police,-2.924601,53.388188,On or near NEWBOROUGH AVENUE,E01006553,Liverpool 042A,Unable to prosecute suspect
c5fb0d3b250ff026d6a41bdac25c8d65fb0515ac8c310a200b9844294a366e85,2019-02,Merseyside Police,Merseyside Police,-2.979963,53.445042,On or near DOWNING ROAD,E01006962,Sefton 038C,Suspect charged
ade05efe384d4f39818beb91cc3b7837340695a4e684dffca62a16ef5619bf0a,2019-02,Merseyside Police,Merseyside Police,-3.002084,53.636202,On or near DUKE STREET,E01006998,Sefton 007E,Suspect charged
9dc0055290118be2087770964533a4e54a72da9de4843b1158af5f4a623a48c8,2019-02,Merseyside Police,Merseyside Police,-2.924092,53.420903,On or near TYNWALD PLACE,E01006717,Liverpool 027D,Investigation complete; no suspect identified
faabd9dc2b66c941ded7b298d34854047aa8f866cf60a103ab22effca7012b6b,2019-02,Merseyside Police,Merseyside Police,-2.989783,53.441311,On or near BIANCA STREET,E01007010,Sefton 037E,Investigation complete; no suspect identified
ba6a4d92bd666be87529666f12f9a3f8860d1c9453b304e6e7a419855a890a3c,2019-02,Merseyside Police,Merseyside Police,-2.971635,53.437074,On or near SPRINGFIELD SQUARE,E01006700,Liverpool 012E,Investigation complete; no suspect identified
23ea95aa36a73677b4bb68a8d360d49d65ce2ebfc9918a743927daa33f661adb,2019-02,Merseyside Police,Merseyside Police,-2.878275,53.500574,On or near AVON CLOSE,E01006492,Knowsley 001B,Investigation complete; no suspect identified
57cd9d1d66eb4f3a650f71b9eed519bbc0af656d74eb1bde4914e631c781e918,2019-02,Merseyside Police,Merseyside Police,-2.920381,53.417713,On or near SANDSTONE ROAD WEST,E01006718,Liverpool 027E,Unable to prosecute suspect
782091184b8523639ce3a064d132ce1cc28bbf2b2a4a6316375d0c8bb851e9da,2019-02,Merseyside Police,Merseyside Police,-2.901175,53.450121,On or near AMPULLA ROAD,E01006664,Liverpool 004D,Unable to prosecute suspect
7d529ed0bbd9b9c5c6a81eb3a5dc88fb8dfa369eef951dde761592267f63ae1a,2019-02,Merseyside Police,Merseyside Police,-3.028920,53.413016,On or near HARTISMERE ROAD,E01007272,Wirral 008A,Unable to prosecute suspect
0cd6c317ea8acdcc44938ea517392cca287d2186e19560bc5faf391307ae0beb,2019-02,Merseyside Police,Merseyside Police,-2.941211,53.381137,On or near AIGBURTH DRIVE,E01006522,Liverpool 048A,Offender given a caution
e0aeebbea4eedfcbe818c77360536126bf35305e0f179a9f7513b923e6b16aaa,2019-02,Merseyside Police,Merseyside Police,-2.837848,53.406078,On or near GLENDEVON ROAD,E01006479,Knowsley 015C,Unable to prosecute suspect
036d6b49321a408d42b112218572eba8959cd5ada9926ab0ce7fde20becaeeb9,2019-02,Merseyside Police,Merseyside Police,-3.056093,53.435539,On or near NORTH DRIVE,E01007307,Wirral 003A,Unable to prosecute suspect
ad9edc7f25ebbe5e6ac9ecd852c6b296fd2ad9da5393fd1a911c52ac47756bc6,2019-02,Merseyside Police,Merseyside Police,-2.941965,53.422084,On or near BELMONT DRIVE,E01006760,Liverpool 028E,Investigation complete; no suspect identified
897e9ee6c05974ebf92bfc921100dfecbbbe5c4d4197339d44eb2f8dc0605be5,2019-02,Merseyside Police,Merseyside Police,-2.861936,53.370616,On or near BRENDOR ROAD,E01006530,Liverpool 055A,Investigation complete; no suspect identified
6c1b2f0ca36cfcaee16c68bec3d4446b952206d987365178ee297f1a32c9d020,2019-02,Merseyside Police,Merseyside Police,-3.031304,53.384078,On or near ASH ROAD,E01007131,Wirral 021B,Investigation complete; no suspect identified
53035041ee9ccc242da55085ccab35258e21e7e0dc0e6e0dbfb14df4f65a85ca,2019-02,Merseyside Police,Merseyside Police,-2.941264,53.426476,On or near MELFORD GROVE,E01006767,Liverpool 019F,Unable to prosecute suspect
f43af788c7c23c5d8402927b2342eed48114cb94211a7d1ff347104614e526f1,2019-02,Merseyside Police,Merseyside Police,-2.837848,53.406078,On or near GLENDEVON ROAD,E01006479,Knowsley 015C,Unable to prosecute suspect
18567bc9eabedd9822731cecef7a4805dec905298cdb0547bcfc7d64f02a68e3,2019-02,Merseyside Police,Merseyside Police,-2.952545,53.421461,On or near GWENT CLOSE,E01006693,Liverpool 024D,Offender given a drugs possession warning
0eb7a50e4bcc1471d12139155e42b78fa53044eabefde78ee87920e869800e16,2019-02,Merseyside Police,Merseyside Police,-3.030260,53.389426,On or near RIVER STREET,E01007128,Wirral 016C,Investigation complete; no suspect identified
6eb637b611c7a1f64930887c6ed9d7ba823c271bed1a963350c689a156038ede,2019-02,Merseyside Police,Merseyside Police,-3.018566,53.382659,On or near HOLBORN HILL,E01007291,Wirral 021D,Unable to prosecute suspect
746bf7cbe0998bd98a2e2c7d3b52b5b04c0448ff3e904a70d25ab7d575f74341,2019-02,Merseyside Police,Merseyside Police,-2.918155,53.415627,On or near SHAFTESBURY TERRACE,E01006711,Liverpool 027A,Investigation complete; no suspect identified
d6c4f5204665d414e8cf1b57b1e82d1fd94042dae8fe02c09f2bf513eba29b11,2019-02,Merseyside Police,Merseyside Police,-2.746214,53.464681,On or near PINE AVENUE,E01006915,St. Helens 007B,Unable to prosecute suspect
1c05b3835d72c50c2ac427b3822525878cf38369b5ff2b64e86502c1d3cf7867,2019-02,Merseyside Police,Merseyside Police,-2.723059,53.420168,On or near FARRIER WALK,E01006909,St. Helens 022D,Unable to prosecute suspect
007797902477475bcb84f7d79e99fca9753e6c4558cf607cc9cc4824f853b813,2019-02,Merseyside Police,Merseyside Police,-2.633630,53.461431,On or near ELSTON AVENUE,E01006866,St. Helens 010A,Unable to prosecute suspect
eaa9dadb288b01f6f3a38d5d53be9c47fc3af5a370b1890064e80e7cdff60bfd,2019-02,Merseyside Police,Merseyside Police,-3.077488,53.382789,On or near NETHERFIELD CLOSE,E01007162,Wirral 019C,Unable to prosecute suspect
2ac9ae9d1a33878b8ccb923999b49c0763d5cae71571153be7dbd36b343e28fe,2019-02,Merseyside Police,Merseyside Police,-2.954046,53.470366,On or near MELLING AVENUE,E01006656,Liverpool 002B,Offender given a drugs possession warning
a0553ba77591827a6fbfeff2333ef30e233bcbddd74ad7a1ef55cc140391ad53,2019-02,Merseyside Police,Merseyside Police,-2.944385,53.398892,On or near LINDLEY STREET,E01006752,Liverpool 035F,Offender given a caution
e234fa74744a7c434e8b4fdaed7266d30f866416735778fb9e0b5fb0fd396f46,2019-02,Merseyside Police,Merseyside Police,-3.008369,53.647951,On or near WEST STREET,E01006968,Sefton 004C,Suspect charged
eda48bcf3bf417473b4517ad6220994bc8345e361829705c8f69fb7fda2a0612,2019-02,Merseyside Police,Merseyside Police,-3.040147,53.388495,On or near EATON ROAD,E01007155,Wirral 020A,Unable to prosecute suspect
6c182c52112a93b90994d3f760056061fab41aad09f848bc385d2ba285080473,2019-02,Merseyside Police,Merseyside Police,-3.004792,53.647037,On or near Shopping Area,E01006968,Sefton 004C,Suspect charged
6c182c52112a93b90994d3f760056061fab41aad09f848bc385d2ba285080473,2019-02,Merseyside Police,Merseyside Police,-3.004792,53.647037,On or near Shopping Area,E01006968,Sefton 004C,Suspect charged
f3bd98d17671910e12427609d3a87f4779366254d6f3725c42e7eada959608b2,2019-02,Merseyside Police,Merseyside Police,-2.909551,53.455927,On or near STONEDALE CRESCENT,E01006663,Liverpool 004C,Investigation complete; no suspect identified
ab232eca49e43e261a4b962ec0cca05d5ba890d04b27688e8f51aa5dee39705d,2019-02,Merseyside Police,Merseyside Police,-2.771477,53.436557,On or near CUMBERLAND AVENUE,E01006830,St. Helens 019A,Offender given penalty notice
789dd05852e81582b48cb4af7c20b3c9a50ad7ea3b3472fa2bbb5c9232be3539,2019-02,Merseyside Police,Merseyside Police,-2.982670,53.409037,On or near VICTORIA STREET,E01033760,Liverpool 060C,Offender given a caution
e3d40248d1e4d621f9c127756975839ca9819f18a416761ebbdf72357c4a7812,2019-02,Merseyside Police,Merseyside Police,-2.887043,53.436707,On or near GLAN ABER PARK,E01006624,Liverpool 013B,Unable to prosecute suspect
567c1b029c359e0babf3c873b909667ee0e44e9f46c869c2edf251baf99c4093,2019-02,Merseyside Police,Merseyside Police,-3.040024,53.397018,On or near ASQUITH AVENUE,E01032903,Wirral 010F,Suspect charged
cb8a21004a02985a0a785830e70c45b214d09248291e6e609a822f89625588d6,2019-02,Merseyside Police,Merseyside Police,-2.957504,53.488784,On or near Police Station,E01007087,Sefton 029C,Suspect charged
04df8a6ee8743c6fb2f9c49488f228b8b8f20d9ed9bbfb9fb7cb559b32dcafc9,2019-02,Merseyside Police,Merseyside Police,-3.004792,53.647037,On or near Shopping Area,E01006968,Sefton 004C,Suspect charged
eac17940bb47bb2ff5e334f5d379a7344ddc6c03dd0c2ed147badad74d1e1f86,2019-02,Merseyside Police,Merseyside Police,-2.988220,53.401872,On or near CANNING PLACE,E01033756,Liverpool 061C,Unable to prosecute suspect
b1eaa1d56ae9a29685c02346e535f79a7b847d70aa9576cef7fb7f14dc32dfeb,2019-02,Merseyside Police,Merseyside Police,-2.897152,53.459994,On or near NEWDOWN ROAD,E01006661,Liverpool 004A,Unable to prosecute suspect
54b2df38ba5ea861dbcad6fb4bdf29e0a4ec6376ac74a18bde26c78f87be4733,2019-02,Merseyside Police,Merseyside Police,-2.791451,53.501235,On or near ASH GROVE,E01006883,St. Helens 001B,Investigation complete; no suspect identified
95376553f65b9d166602d7df9b6e931b99f7d8fd3c5b0abf4f6d564e262e2bb8,2019-02,Merseyside Police,Merseyside Police,-2.947680,53.398263,On or near DARREL DRIVE,E01006752,Liverpool 035F,Unable to prosecute suspect
102b272c2ae255cfb593bf91ac32eb680b2cc85d90dd87c4822cc707f753c032,2019-02,Merseyside Police,Merseyside Police,-2.990742,53.452099,On or near STANLEY ROAD,E01006967,Sefton 037A,Investigation complete; no suspect identified
5867108a3d60a791fd32f58999a1e711f8966784d1e47b41e4602ce9d1d907b8,2019-02,Merseyside Police,Merseyside Police,-2.932467,53.397242,On or near BANNER STREET,E01006721,Liverpool 038C,Unable to prosecute suspect
ecdf028bb6e52326bd83d1f7bfacf23a57f912d705d860bc368260aff11cd28d,2019-02,Merseyside Police,Merseyside Police,-3.089157,53.413461,On or near WILKES AVENUE,E01007204,Wirral 009A,Unable to prosecute suspect
daa666d65f4f16e5eecb791f6ad9f47309739b0cbc90c8137e6f007393fa4029,2019-02,Merseyside Police,Merseyside Police,-3.021368,53.382914,On or near KINGSDOWN STREET,E01007292,Wirral 021E,Unable to prosecute suspect
2991a64f8b6a2507f42a9908ba231a051049b518de86947ddf94e899945974b4,2019-02,Merseyside Police,Merseyside Police,-2.978382,53.422106,On or near GREAT HOMER STREET,E01006648,Liverpool 023D,Further investigation is not in the public interest
6b140c0a22d28fa3efabdd94e29c26593b23be5fb9365c46d11f63da97ff5ecc,2019-02,Merseyside Police,Merseyside Police,-2.933244,53.391519,On or near ROSSETT AVENUE,E01006557,Liverpool 038B,Unable to prosecute suspect
a6ac3dd8a87d2a79ee627760f6dbedb322fde0c9c172b1cc6a878cb04abc628b,2019-02,Merseyside Police,Merseyside Police,-2.961409,53.388149,On or near HIGH PARK STREET,E01006677,Liverpool 043D,Unable to prosecute suspect
d9942c2dde3e7f24fe31834f3bf2a66c04a1cf04332ddeb6a8ce9b2ff853d2a9,2019-02,Merseyside Police,Merseyside Police,-3.093197,53.416148,On or near LIVINGSTONE ROAD,E01007204,Wirral 009A,Unable to prosecute suspect
5f61c81c89d9de096a0911c310e70032b95d44c42542d33f0bb692ce5993ae52,2019-02,Merseyside Police,Merseyside Police,-2.990742,53.452099,On or near STANLEY ROAD,E01006967,Sefton 037A,Investigation complete; no suspect identified
94b665b95fd0307ba7d2bbffb9b09f6f6a26b2c7f88966b4484370ad47ace5dd,2019-02,Merseyside Police,Merseyside Police,-2.977364,53.407939,On or near Shopping Area,E01033760,Liverpool 060C,Unable to prosecute suspect
1fbfc5d6ec4d0137e318b527b95f9a9431f96383fef69df55435d58f385a5d61,2019-02,Merseyside Police,Merseyside Police,-2.894293,53.411377,On or near Parking Area,E01006567,Liverpool 026A,Unable to prosecute suspect
fb335712ad00f6a1e40e3076c870bf173a5d862633e8a2643665b55638cf432f,2019-02,Merseyside Police,Merseyside Police,-2.848377,53.410543,On or near GRINTON CRESCENT,E01006474,Knowsley 016C,Unable to prosecute suspect
06c8023cfde987548dc957611271328f7378e2f18ddbd88dd07284d5d1b1342c,2019-02,Merseyside Police,Merseyside Police,-2.993105,53.452043,On or near Shopping Area,E01007009,Sefton 037D,Suspect charged
efdeb8ce7a6a4d7fb2c1e9ed099efbb5ff4fe83b2729fcacf05d7c36f2cb2b5e,2019-02,Merseyside Police,Merseyside Police,-2.946241,53.422230,On or near ELLEL GROVE,E01006540,Liverpool 024A,Suspect charged
95968c9e520ac12b11592a6d2ca7873f98c687760d20631a473f5466d4d8a2af,2019-02,Merseyside Police,Merseyside Police,-2.894293,53.411377,On or near Parking Area,E01006567,Liverpool 026A,Unable to prosecute suspect
d7cdd5fb620fba2d03908ca5186b4b44bca4c8e7a01abf3c8ff2d37f58cec93b,2019-02,Merseyside Police,Merseyside Police,-2.839764,53.420851,On or near BOWER ROAD,E01006484,Knowsley 011D,Unable to prosecute suspect
e712218190481e3c1e60d2485a678886864a2144e58974d77377e24e97c66b4a,2019-02,Merseyside Police,Merseyside Police,-2.745892,53.460045,On or near BRIARS GREEN,E01006915,St. Helens 007B,Unable to prosecute suspect
998f3f754de6f8f0fbc18aa963af13ec7866df4708a86a56da51a0bc458dce23,2019-02,Merseyside Police,Merseyside Police,-2.898681,53.477465,On or near DOWNGREEN CLOSE,E01006455,Knowsley 004A,Unable to prosecute suspect
7217721f6a5d1a95c95e65243bbbce69d5068678f77b2e2db4a077ef750095fd,2019-02,Merseyside Police,Merseyside Police,-2.899461,53.385342,On or near CALDER DRIVE,E01006597,Liverpool 041E,Investigation complete; no suspect identified
43dd6fee189de2c1347b2f68d3959304c6a1d915de0fb931b985d6972e776572,2019-02,Merseyside Police,Merseyside Police,-2.801839,53.424582,On or near SPEAKMAN WAY,E01006463,Knowsley 007C,Unable to prosecute suspect
86ec987ea55363b0a64f383ea34d7b985aba7ea631876a7b81a8ac815852038f,2019-02,Merseyside Police,Merseyside Police,-2.895536,53.353083,On or near Supermarket,E01006745,Liverpool 057D,Investigation complete; no suspect identified
3de3db10c010e15f6fb7e52acf761bfb90e391896063fe4d8227b9a3fb98804f,2019-02,Merseyside Police,Merseyside Police,-2.837518,53.413020,On or near Parking Area,E01006481,Knowsley 015E,Suspect charged
fe3df42d66cb917e82a2dfbd90e7521a91840982562a62628b76a34ec0148fdd,2019-02,Merseyside Police,Merseyside Police,-3.019611,53.391172,On or near BANK STREET,E01007126,Wirral 016A,Unable to prosecute suspect
62dc59d42f222a3e8eef4b95e84ffab584a53a275627b5c0119f8c98863be9cd,2019-02,Merseyside Police,Merseyside Police,-2.862324,53.396511,On or near DALEBROOK CLOSE,E01006775,Liverpool 040F,Unable to prosecute suspect
dc879597efcf070a40faa9922dd4922357cf87f0683565c182d64623a77c1410,2019-02,Merseyside Police,Merseyside Police,-2.873611,53.418892,On or near SOMERFORD ROAD,E01006643,Liverpool 025E,Unable to prosecute suspect
0eedad6f445c31a4e28dae729357164ba67cfaceadfeb40be3c39f1ba4005204,2019-02,Merseyside Police,Merseyside Police,-2.994894,53.404891,On or near QUEENSWAY (MERSEY TUNNEL),E01033752,Liverpool 062B,Investigation complete; no suspect identified
389c9f7e2dd24f0ecc82aac412bc95cb8f2ed878434136e5679ea8e5965fa283,2019-02,Merseyside Police,Merseyside Police,-3.028576,53.386933,On or near CEDAR STREET,E01007130,Wirral 021A,Unable to prosecute suspect
4dacb0055a2e173fe0f185adbc292a4cf743829b7176c3f87a28a0d0d668cf87,2019-02,Merseyside Police,Merseyside Police,-2.791082,53.412564,On or near WEXWOOD GROVE,E01006504,Knowsley 013D,Unable to prosecute suspect
dee85025537269ccee32fc83588274bd9a16841ba027061359f65da1bcc4aa20,2019-02,Merseyside Police,Merseyside Police,-2.944718,53.412543,On or near SHEIL PLACE,E01006697,Liverpool 030D,Suspect charged
a5803f9b479b203b1ffb242403e045c65c445db36fdf5935a16dc629aa139d20,2019-02,Merseyside Police,Merseyside Police,-2.951427,53.419250,On or near MONTGOMERY WAY,E01006693,Liverpool 024D,Unable to prosecute suspect
7b4876cd4ad41480a8f500f7738dc4afefb16111b04782b94f0f42963de4513d,2019-02,Merseyside Police,Merseyside Police,-3.032411,53.411808,On or near TRENTHAM ROAD,E01007275,Wirral 005E,Suspect charged
0a29f45200a65dc07b1cbbedaa1917c68783bbc9bb573c1795ba154294cd43aa,2019-02,Merseyside Police,Merseyside Police,-2.876625,53.426420,On or near MAX ROAD,E01006639,Liverpool 017C,Unable to prosecute suspect
6a0ee8b0127d77cd5d9d5bcfa774544be7e6a503bf5b48ac6a773f31d03fb185,2019-02,Merseyside Police,Merseyside Police,-2.720078,53.427215,On or near NEW STREET,E01006896,St. Helens 020E,Unable to prosecute suspect
c85150e8f0b5c254235c417b53228ecc7ab164d53022cd1ea3797a13ded1a030,2019-02,Merseyside Police,Merseyside Police,-2.977198,53.662726,On or near BRAEMAR AVENUE,E01006948,Sefton 003B,Suspect charged
3aecdde90b55e9c47fc1b68562a4e06f58b4c8e1cfd6b6997966f091c58f6d66,2019-02,Merseyside Police,Merseyside Police,-2.991441,53.487302,On or near ST ANDREW'S GROVE,E01007089,Sefton 024E,Unable to prosecute suspect
a3141cd617eb867cf439d37390259cc6bedf7c23d765ce198550cd7b9038a80a,2019-02,Merseyside Police,Merseyside Police,-2.978382,53.422106,On or near GREAT HOMER STREET,E01006648,Liverpool 023D,Further investigation is not in the public interest
37038e638b3b84baa83a3644004490e8963a5b436aafa5e2038fe1fd01d59132,2019-02,Merseyside Police,Merseyside Police,-2.837518,53.413020,On or near Parking Area,E01006481,Knowsley 015E,Suspect charged
fa0a9b4c83a64d9b998f8a961269687eee69c1fe0411e75128dcd5c643ed14a8,2019-02,Merseyside Police,Merseyside Police,-2.950586,53.431472,On or near SKIPTON ROAD,E01006545,Liverpool 019A,Unable to prosecute suspect
fe1f28d6cd46b99019bc3b4e6b20b20aae3bb7f8ce077b7895484ca83525a3c7,2019-02,Merseyside Police,Merseyside Police,-3.024644,53.379704,On or near CHURCH TERRACE,E01007292,Wirral 021E,Suspect charged
37bf077e43510421dbd9ff95341f3405753458beb778930ff391bf4c96cb6c04,2019-02,Merseyside Police,Merseyside Police,-3.024644,53.379704,On or near CHURCH TERRACE,E01007292,Wirral 021E,Suspect charged
249bb6b6a121db78ac61cd834d85d246cd232e3df569c1646f93c903ce462923,2019-02,Merseyside Police,Merseyside Police,-2.883985,53.366985,On or near Sports/Recreation Area,E01006535,Liverpool 054B,Formal action is not in the public interest
88b87d04af6a0fcc95f58cf1c7f40fba1b15d0200a741cf13937fed628b55f70,2019-02,Merseyside Police,Merseyside Police,-2.962939,53.387346,On or near Police Station,E01006678,Liverpool 044E,Suspect charged
76d644bd19a5e58a3ae18201af29bd08fb4b21dc90f63673cba07cbf80d79746,2019-02,Merseyside Police,Merseyside Police,-2.951615,53.380497,On or near ALEXANDRA PARK,E01006520,Liverpool 043A,Unable to prosecute suspect
dcb968f6656e7fe020a551c57fed9bda9413f0fd01c6c8dacc5aae1971d0b843,2019-02,Merseyside Police,Merseyside Police,-3.002532,53.648072,On or near HOGHTON PLACE,E01006968,Sefton 004C,Investigation complete; no suspect identified
e8ec5db9ea6d9d4f3ffbd9fc80a1f28aeb57f8859c805b713c7b612ddfc164dd,2019-02,Merseyside Police,Merseyside Police,-3.006127,53.458901,On or near BOSWELL STREET,E01007005,Sefton 034B,Unable to prosecute suspect
b36a78b78ea3595e4527db8a30ff20091a894d3b85fb6a3e9abe1d4727ce5fdf,2019-02,Merseyside Police,Merseyside Police,-2.945228,53.430805,On or near RECTOR ROAD,E01006762,Liverpool 015E,Unable to prosecute suspect
d4bed36718e0d9482e6ee38cb9caa3f62c82e511dfbb63075c97d29e637201ce,2019-02,Merseyside Police,Merseyside Police,-3.028920,53.413016,On or near HARTISMERE ROAD,E01007272,Wirral 008A,Unable to prosecute suspect
6f40268e213d4b8410a7b8087d33db5791660c046729632eafe462d4f9b392fc,2019-02,Merseyside Police,Merseyside Police,-2.978744,53.629536,On or near EDENFIELD CLOSE,E01007002,Sefton 008F,Unable to prosecute suspect
0fd612a92a912b58c8f7a8baa84c80123e326b42fb5da70d262f9d9a5637d6d1,2019-02,Merseyside Police,Merseyside Police,-2.976525,53.463884,On or near THE CRESCENT,E01007051,Sefton 035D,Unable to prosecute suspect
70694caba770b4e98d4f5f176f0e91f958bdd9a95cb2414ed07d5ea87017ddee,2019-02,Merseyside Police,Merseyside Police,-3.004544,53.456910,On or near LONGFELLOW STREET,E01007008,Sefton 037C,Unable to prosecute suspect
0ad75a3b58a34fa87bcafb15b976911818978cf3f331d1c325e88ee0129b1f6e,2019-02,Merseyside Police,Merseyside Police,-3.022999,53.497248,On or near LONGFIELD AVENUE,E01007022,Sefton 021B,Unable to prosecute suspect
8a4c5839ef9083568a30df7eff205bf05946db6b65aee4a598736e194d6de230,2019-02,Merseyside Police,Merseyside Police,-3.006986,53.464008,On or near HAWARDEN GROVE,E01007011,Sefton 034C,Unable to prosecute suspect
d7484c6e206c6b04197f732685a8e29e36132b7b34b5de26d47adc6b50fee5fa,2019-02,Merseyside Police,Merseyside Police,-2.987014,53.405648,On or near Shopping Area,E01033760,Liverpool 060C,Investigation complete; no suspect identified
fe7464f8e745f7e8027b097426596feb4e4fa8534a64ac1c07c434d39dc364f4,2019-02,Merseyside Police,Merseyside Police,-2.967366,53.650393,On or near OLD PARK LANE,E01007057,Sefton 005C,Unable to prosecute suspect
a11f86a18130bd912030bb7b2663771d2adfd62d85f82d2dadcfec31f02bc010,2019-02,Merseyside Police,Merseyside Police,-2.760452,53.384771,On or near CHAPEL LANE,E01006503,Knowsley 017D,Investigation complete; no suspect identified
44f9f3d0cb64073486e5254972b51a34a218352b160968b152908b460bad107c,2019-02,Merseyside Police,Merseyside Police,-2.880025,53.395042,On or near WELL LANE,E01006800,Liverpool 046C,Investigation complete; no suspect identified
0710f71966c69ee413f0721f1f3eb3dbcf65ba05d9d66a360bbbe7655612bc76,2019-02,Merseyside Police,Merseyside Police,-2.959309,53.422477,On or near AGATE STREET,E01006563,Liverpool 024B,Suspect charged
ea81956f7d1db0f8c1be6ccae3c4709018cb7d1f4fd29a4516376e7114126c8a,2019-02,Merseyside Police,Merseyside Police,-2.977644,53.382093,On or near HARRISON WAY,E01033748,Liverpool 050I,Investigation complete; no suspect identified
2fbe9143db40eeb8ae4e65dd2ca58839fc6e32d09d8ab347c948318f825a0989,2019-02,Merseyside Police,Merseyside Police,-3.016653,53.392626,On or near DOUGLAS STREET,E01007126,Wirral 016A,Unable to prosecute suspect
969bdf66cf4df2fe4be373cc5c845d3deccd0a72f59a16846b15e4a0832c1931,2019-02,Merseyside Police,Merseyside Police,-3.092902,53.352976,On or near Petrol Station,E01007256,Wirral 034C,Investigation complete; no suspect identified
55e98138d175ac331e2bc06ea1056751285b7f8716f0e8be78b71747e959a810,2019-02,Merseyside Police,Merseyside Police,-3.014967,53.614655,On or near CENTRAL AVNUE,E01006933,Sefton 010E,Investigation complete; no suspect identified
da65ba4a4c5aaa60c2009838068975c34539e9656a42031ad04f9e8c5c764dbc,2019-02,Merseyside Police,Merseyside Police,-2.997473,53.495774,On or near HUMPHREYS HEY,E01007024,Sefton 024C,Action to be taken by another organisation
9aef2be996526af4a656dc749bbddf1528fbac5230fa963e9754926a6795563a,2019-02,Merseyside Police,Merseyside Police,-2.928292,53.367773,On or near HONITON ROAD,E01006519,Liverpool 056A,Unable to prosecute suspect
d55d4d224de4c530af721a5164c992ab300bfbc0a90170d863be7f995e8a8eb3,2019-02,Merseyside Police,Merseyside Police,-3.127402,53.399236,On or near WOOLER CLOSE,E01007222,Wirral 013C,Unable to prosecute suspect
b8d6553e3bc2f2fdfcae9ca0cc0e6c9d122079362ef335e544ce4fd306ab55ec,2019-02,Merseyside Police,Merseyside Police,-3.095464,53.370840,On or near Hospital,E01007251,Wirral 025B,Further investigation is not in the public interest
13093b14717b2c332d39cb482bbf0fc7e721d04f30b9eecf3c701b432de9a909,2019-02,Merseyside Police,Merseyside Police,-2.995311,53.462686,On or near LANDER ROAD,E01007013,Sefton 036E,Unable to prosecute suspect
f13fc22205564421864aee77d7825595e4ab5a33ff28d865473bc42e05c24fef,2019-02,Merseyside Police,Merseyside Police,-2.877053,53.488853,On or near WINGATE ROAD,E01006447,Knowsley 003E,Investigation complete; no suspect identified
74e4e4ce997693b35b26836df6b8445b66f5021b7f3a90057a4ec931eb4dca1a,2019-02,Merseyside Police,Merseyside Police,-2.759057,53.449167,On or near CONSTANCE STREET,E01006833,St. Helens 016B,Unable to prosecute suspect
59d45b56525170c31861ded50e62f124790a01a4d09644747a4e99580f1634fc,2019-02,Merseyside Police,Merseyside Police,-2.894777,53.362743,On or near STAMFORDHAM PLACE,E01006536,Liverpool 054C,Further investigation is not in the public interest
f94076fa72cd71a9c8881c1c3d0c7e178128103e4f0a1290593d9e656acf73b2,2019-02,Merseyside Police,Merseyside Police,-2.912077,53.429732,On or near HOLLY MOUNT,E01006617,Liverpool 021A,Investigation complete; no suspect identified
94bee19f4638caf94a06945e3d04df17da29d035303bc5d514ddfbff1d8ec658,2019-02,Merseyside Police,Merseyside Police,-3.023391,53.380775,On or near HAMPDEN GROVE,E01007292,Wirral 021E,Unable to prosecute suspect
fd4984007e8479bba121c4400944e42b589bfe76b37452317ba55522930b31d3,2019-02,Merseyside Police,Merseyside Police,-2.937142,53.413529,On or near PRESCOT ROAD,E01006692,Liverpool 028B,Unable to prosecute suspect
0fa4879c5ca9c9aa249235967704f8f26eecd13fe1169a068495b2dc74aabdfc,2019-02,Merseyside Police,Merseyside Police,-2.955736,53.409462,On or near ADELAIDE ROAD,E01006748,Liverpool 031C,Unable to prosecute suspect
eaadecb91ea183f5fcb5b134746c43113aaa07ed048e66bf343d9363f6057e57,2019-02,Merseyside Police,Merseyside Police,-2.969003,53.463612,On or near VICTORIA DRIVE,E01006786,Liverpool 003E,Investigation complete; no suspect identified
c2d9c9d61888214252d70c44b560989ceb6c676c2fe8d5e7023d7b7c2d445739,2019-02,Merseyside Police,Merseyside Police,-2.764742,53.423665,On or near FIELD WAY,E01032905,St. Helens 019J,Unable to prosecute suspect
e783de7cc62d61889160569ca41452dbc2b7b1169fccd9c75fde91bc19ebe82c,2019-02,Merseyside Police,Merseyside Police,-2.891051,53.346231,On or near BANK'S WAY,E01006738,Liverpool 058A,Unable to prosecute suspect
c7187e036cb2d07bec0910ea2afa66e9ffab054419f9604061cbb71b50a1d737,2019-02,Merseyside Police,Merseyside Police,-3.049342,53.427337,On or near TURRET ROAD,E01007235,Wirral 004B,Suspect charged
f6fb563d889f9ccdc0cbaec384341a4d9dcefc8500907f047b5741d8bbd3139d,2019-02,Merseyside Police,Merseyside Police,-2.941281,53.523870,On or near ALEXANDER DRIVE,E01007101,Sefton 017E,Unable to prosecute suspect
638c42432bffca21277f59db1a394737210cb9739365cbdb7f19a5c62e16a91d,2019-02,Merseyside Police,Merseyside Police,-2.973583,53.327950,On or near MENDELL CLOSE,E01007170,Wirral 039D,Unable to prosecute suspect
6184b236450b5314e988bd31091476acb0fbf536986ed9f19aca83d90379de58,2019-02,Merseyside Police,Merseyside Police,-3.003435,53.460362,On or near COLLINS CLOSE,E01007003,Sefton 036B,Investigation complete; no suspect identified
f93a3f040372c0761a455e8b2f4d668e5e8cb9f0e0d82971f7b1e73a0882d61f,2019-02,Merseyside Police,Merseyside Police,-2.899233,53.465093,On or near PORTAL WAY,E01006663,Liverpool 004C,Investigation complete; no suspect identified
5d7c8d0093cb013eefa95a897d3e50f6e0c31201c985b84b5308c8ea754902f7,2019-02,Merseyside Police,Merseyside Police,-3.065466,53.534549,On or near GRANGE ROAD,E01007076,Sefton 016B,Unable to prosecute suspect
62cc711f980293ea57a4102ddfc537ac91d8d24ecf27fcc9081557e19265c67b,2019-02,Merseyside Police,Merseyside Police,-3.005811,53.499686,On or near THE CRESCENT,E01007037,Sefton 021E,Investigation complete; no suspect identified
5c56dafb17883200bf0d5235bbcadb37f01c6d6f880894a6ae869c8047f7cf8f,2019-02,Merseyside Police,Merseyside Police,-3.001522,53.466751,On or near PENRHYN AVENUE,E01007016,Sefton 034D,Unable to prosecute suspect
419ecee95fcb0b2cc0cb8cf3f889a0db56ec244e205940e09a30d1a2149d0793,2019-02,Merseyside Police,Merseyside Police,-2.949065,53.480743,On or near AINTREE WAY,E01007041,Sefton 027A,Investigation complete; no suspect identified
662c8eaadb5c828e86b3776c0764fb667bd4056fc79e9da8db2e3487b3bfd2d6,2019-02,Merseyside Police,Merseyside Police,-2.730647,53.473056,On or near TARN GROVE,E01006849,St. Helens 004A,Unable to prosecute suspect
f23ed16a41ef8d7ac9ac8892f1465a7cabd99d1249504f785c9e24230bb74bdf,2019-02,Merseyside Police,Merseyside Police,-2.955291,53.395641,On or near ST BERNARD'S CLOSE,E01006679,Liverpool 039D,Further investigation is not in the public interest
5c3d5c2350778d0205d9dc9e74ae268e507aa2f972426dccd1aca96e7255d10c,2019-02,Merseyside Police,Merseyside Police,-2.966750,53.386308,On or near ROPER STREET,E01006678,Liverpool 044E,Suspect charged
5c3d5c2350778d0205d9dc9e74ae268e507aa2f972426dccd1aca96e7255d10c,2019-02,Merseyside Police,Merseyside Police,-2.966750,53.386308,On or near ROPER STREET,E01006678,Liverpool 044E,Suspect charged
3bbf06aa7aed44ffedaa6acab8114e2b0db217b16aa8f882e11443706b431dd8,2019-02,Merseyside Police,Merseyside Police,-2.897758,53.398730,On or near QUEENS DRIVE (WAVERTREE),E01006582,Liverpool 041A,Suspect charged
c5a438367f393a057943083963bd347a133d89b8ed3294ef0beb694e2b579a12,2019-02,Merseyside Police,Merseyside Police,-2.955133,53.430879,On or near SUNBURY ROAD,E01006546,Liverpool 019B,Unable to prosecute suspect
f46c030751d1201a9c494165020f4e439592254a49fb1d590a1943821d6c15df,2019-02,Merseyside Police,Merseyside Police,-2.870026,53.422414,On or near TURRIFF ROAD,E01006641,Liverpool 025C,Unable to prosecute suspect
30ebe4a09e0844486abf2bf1a81976ec4106275097cca64f4a0093ec04b6d19d,2019-02,Merseyside Police,Merseyside Police,-2.721241,53.417644,On or near HAMMERSLEY AVENUE,E01006909,St. Helens 022D,Unable to prosecute suspect
6096ff39b7d49446fd9338d75f9360b986a69c227bcabb0a1220700025d95163,2019-02,Merseyside Police,Merseyside Police,-3.062822,53.401159,On or near MERCER ROAD,E01007123,Wirral 011D,Unable to prosecute suspect
22324977b8a078172c0c5183f9974e9640a796fec5213e894d5b50351c281895,2019-02,Merseyside Police,Merseyside Police,-2.966919,53.441525,On or near LINTON STREET,E01006615,Liverpool 012C,Unable to prosecute suspect
7f6403a26179980b50be43e0be8a727d9d5ebfe0791fe351be8b1c818a34c3a7,2019-02,Merseyside Police,Merseyside Police,-2.907594,53.442539,On or near WINGRAVE WAY,E01006672,Liverpool 010E,Unable to prosecute suspect
e0f8849d3670a56caeb5d64a6b4723180d0a2122a3ee8ebd83ecaca3bb2e3218,2019-02,Merseyside Police,Merseyside Police,-3.053185,53.490199,On or near THE SERPENTINE,E01006936,Sefton 022A,Offender given a drugs possession warning
f0d8c8060666e2177ca3b69a790c77296f959319e509911241ab4e43b925c2e3,2019-02,Merseyside Police,Merseyside Police,-2.969643,53.465261,On or near WEMBLEY GARDENS,E01006781,Liverpool 003A,Unable to prosecute suspect
3fe391892a9ba0e791c23cf6ef6c7a73723b0c0d325f8fa452ca1de84a34d405,2019-02,Merseyside Police,Merseyside Police,-2.817424,53.428188,On or near LIVERPOOL ROAD,E01006464,Knowsley 007D,Suspect charged
3fe391892a9ba0e791c23cf6ef6c7a73723b0c0d325f8fa452ca1de84a34d405,2019-02,Merseyside Police,Merseyside Police,-2.817424,53.428188,On or near LIVERPOOL ROAD,E01006464,Knowsley 007D,Suspect charged
3fe391892a9ba0e791c23cf6ef6c7a73723b0c0d325f8fa452ca1de84a34d405,2019-02,Merseyside Police,Merseyside Police,-2.817424,53.428188,On or near LIVERPOOL ROAD,E01006464,Knowsley 007D,Suspect charged
5fb760d9deb1ba02dd5965005fccf86bb872bbe5f36aa01b8fef9a84cc69d431,2019-02,Merseyside Police,Merseyside Police,-2.992324,53.452778,On or near Parking Area,E01007009,Sefton 037D,Unable to prosecute suspect
30f3c65ac7d026ffa0da995cec39038f704fb39bfeaa5c7da642fb2d61146d9c,2019-02,Merseyside Police,Merseyside Police,-3.038478,53.368743,On or near PROSPECT ROAD,E01007254,Wirral 030D,Investigation complete; no suspect identified
94a0f7fd5cb26aedebd20d0dff2fb28d70f8eff74111cd7150cafc04e81a1faf,2019-02,Merseyside Police,Merseyside Police,-2.987014,53.405648,On or near Shopping Area,E01033760,Liverpool 060C,Investigation complete; no suspect identified
624e47e03356a4271c18193b85497cedae0154b34d5f2f0a4ba11cefef30cafe,2019-02,Merseyside Police,Merseyside Police,-3.038478,53.368743,On or near PROSPECT ROAD,E01007254,Wirral 030D,Investigation complete; no suspect identified
337e3b83a6bb3285bb00258d78d82e18a4bca684e8b893308878128433aa8236,2019-02,Merseyside Police,Merseyside Police,-2.964809,53.409497,On or near Hospital,E01006747,Liverpool 031B,Unable to prosecute suspect
ba3138e53334539a561b95617bd4b857b271e2f7151c941f005e320368d5fafe,2019-02,Merseyside Police,Merseyside Police,-2.965311,53.444972,On or near PENUEL ROAD,E01006610,Liverpool 009C,Unable to prosecute suspect
e0af01f6710f8a3ff62942c1a9c8fb96118dd789c0857687fd3c719cf4042fa6,2019-02,Merseyside Police,Merseyside Police,-3.089431,53.388308,On or near THE STABLES,E01007305,Wirral 018E,Unable to prosecute suspect
b7058e81b853cd2f13db3617058341f4777c2fda264c09dd3dbd789796e030ed,2019-02,Merseyside Police,Merseyside Police,-3.013680,53.619628,On or near SHAFTESBURY ROAD,E01006933,Sefton 010E,Unable to prosecute suspect
47b821cab14ca34d9f3a1e5fc357db01464cbd768acba8cc01064c1c5f4643ac,2019-02,Merseyside Police,Merseyside Police,-2.964822,53.449938,On or near GLADSTONE ROAD,E01006791,Liverpool 006D,Unable to prosecute suspect
50e0476ef47237ade4858c9d5bfa18a61403d96c26ad4e82015494c439e2a77d,2019-02,Merseyside Police,Merseyside Police,-2.964822,53.449938,On or near GLADSTONE ROAD,E01006791,Liverpool 006D,Unable to prosecute suspect
a9443ed39ee86f0ec4b67136adcc3ed53d62ebf77b4cb455e878292d5fd67709,2019-02,Merseyside Police,Merseyside Police,-2.928008,53.457007,On or near Sports/Recreation Area,E01006659,Liverpool 005B,Unable to prosecute suspect
dd0ed32fe3c43ab5a98b208cc1a1a553f26ed28bd1124b6152dfd0857668a6b8,2019-02,Merseyside Police,Merseyside Police,-2.977198,53.662726,On or near BRAEMAR AVENUE,E01006948,Sefton 003B,Unable to prosecute suspect
1b9b3b20a9dacebfe33f23e189ee5c1f0019ab6d1a5877a5db993b76293ada8d,2019-02,Merseyside Police,Merseyside Police,-3.011382,53.371978,On or near BEDFORD ROAD,E01007295,Wirral 027D,Unable to prosecute suspect
c3f6094c5e4892f27d6e31e208e5449f6fbe3cb6fbaa8c78c35777c85185401a,2019-02,Merseyside Police,Merseyside Police,-3.028750,53.389143,On or near Supermarket,E01007128,Wirral 016C,Suspect charged
2e6a19a49eba3b1818cdd104e0df4841e505ba395f56c00a9ffbf4c2e9868524,2019-02,Merseyside Police,Merseyside Police,-2.838874,53.345028,On or near Supermarket,E01006755,Liverpool 059C,Unable to prosecute suspect
f56da94f94cbac1b5f41c56c2e3502c2dc9be6d1af256ebdd4a4a23a3a90c233,2019-02,Merseyside Police,Merseyside Police,-3.022611,53.335019,On or near MOUNT ROAD,E01007144,Wirral 038A,Unable to prosecute suspect
de9866895d506051b7013fbf6c1e778fefeee2b4cb1b6a57df27efbc0307a7ad,2019-02,Merseyside Police,Merseyside Police,-3.117613,53.405090,On or near HARVEST LANE,E01007227,Wirral 012D,Unable to prosecute suspect
1fdc798777fef5ae0f8727d1a884f3cdfc47278405cbc9838d0d54be5688d1cc,2019-02,Merseyside Police,Merseyside Police,-3.039036,53.399076,On or near STOKE STREET,E01032903,Wirral 010F,Unable to prosecute suspect
69f0785d870837489012388b80b389ba90c847fac775a3a17d676ae2d6c20f5d,2019-02,Merseyside Police,Merseyside Police,-3.093197,53.416148,On or near LIVINGSTONE ROAD,E01007204,Wirral 009A,Unable to prosecute suspect
03149323a7cbeaa10b4ec653bfe7caa2105461e7660fb2ab431ec662e3a68196,2019-02,Merseyside Police,Merseyside Police,-2.996676,53.648651,On or near CHURCH STREET,E01006969,Sefton 004D,Investigation complete; no suspect identified
26c12316cedab5a5665c6a0d1203b9f214a65290a9b97ae1f1e1724cc19b8c5f,2019-02,Merseyside Police,Merseyside Police,-3.001522,53.466751,On or near PENRHYN AVENUE,E01007016,Sefton 034D,Unable to prosecute suspect
26de63784b66ba3ebac23b319a1de15ae8590d1ed6d2d919a737cf47af4713ba,2019-02,Merseyside Police,Merseyside Police,-2.971449,53.444734,On or near BRIDE STREET,E01006698,Liverpool 012D,Unable to prosecute suspect
8cd1d3aeb37ee5089b7ec07ff08f0fc320eff4d6e29149f8be3dc1fa94f42292,2019-02,Merseyside Police,Merseyside Police,-3.043362,53.381025,On or near VICTORIA LANE,E01007242,Wirral 020E,Investigation complete; no suspect identified
c583c3f7d3103e98b4cb5501fa1297970dc30ebbc1905aacbd00408a6e4f62a1,2019-02,Merseyside Police,Merseyside Police,-2.859032,53.419698,On or near PENCOMBE ROAD,E01006453,Knowsley 008A,Unable to prosecute suspect
c5ac69241d97ab4fd46d74d3f8aa4b66dee0c4f25e76edd5ec73f9ccdb518673,2019-02,Merseyside Police,Merseyside Police,-2.855584,53.474276,On or near Petrol Station,E01006446,Knowsley 005G,Investigation complete; no suspect identified
564b8e6d862aab071d200eb614113cf0a98838ef537e939edf3cc11c8fd37d2a,2019-02,Merseyside Police,Merseyside Police,-2.991140,53.407753,On or near EXCHANGE STREET EAST,E01033752,Liverpool 062B,Investigation complete; no suspect identified
4871444676f7cab0c4417f596496080dad1d5aedc32a38a7b1068f7efaf8f25e,2019-02,Merseyside Police,Merseyside Police,-2.734840,53.452401,On or near Shopping Area,E01006872,St. Helens 014C,Suspect charged
d4802b7759d2330e958026b6fdb85f49b01536a248f141e371725aa66c32248a,2019-02,Merseyside Police,Merseyside Police,-2.729515,53.449234,On or near LINKWAY EAST,E01006912,St. Helens 019G,Suspect charged
2709a1f7a115f76ad9a6e860447c2b11d9b0890a9aa50048fb43f27b4fef9d9f,2019-02,Merseyside Police,Merseyside Police,-2.860350,53.421640,On or near LIVERPOOL ROAD,E01006453,Knowsley 008A,Investigation complete; no suspect identified
c873d5bc0d205f7677558ec25dff2633464499fe526f5c7b8ae784cc3bae3a42,2019-02,Merseyside Police,Merseyside Police,-2.961345,53.454038,On or near PARKINSON ROAD,E01006791,Liverpool 006D,Unable to prosecute suspect
a98a68f2d00c01f058145a2bd6288419b0e0c35148ed4a25c5a80be4984d8c01,2019-02,Merseyside Police,Merseyside Police,-2.896900,53.484454,On or near KIRKBY ROW,E01006455,Knowsley 004A,Unable to prosecute suspect
c458410c36b7023da8e27c455ae78b9083cf4429b9aa80c724c88ca8c3309db8,2019-02,Merseyside Police,Merseyside Police,-2.907745,53.384614,On or near Parking Area,E01006596,Liverpool 049C,Unable to prosecute suspect
200a0d4f1927b064b535704c553a12f3edb3c21a2b645b134d5e98142491741e,2019-02,Merseyside Police,Merseyside Police,-3.035444,53.396096,On or near NEWLING STREET,E01032903,Wirral 010F,Unable to prosecute suspect
4a5d9881f95a36cf87e388013e2108d926df048cb2c18a423a3a403f2719d443,2019-02,Merseyside Police,Merseyside Police,-3.035444,53.396096,On or near NEWLING STREET,E01032903,Wirral 010F,Unable to prosecute suspect
ba35c028870f418694c3fd1c93b1868a3d20837deee8574475fa315bd4e2a929,2019-02,Merseyside Police,Merseyside Police,-2.970434,53.409479,On or near Supermarket,E01033758,Liverpool 060B,Suspect charged
2239ff7b2b19c30e0fca977e113a89dc7b5af1c469401ba33a4aed4a1bd49505,2019-02,Merseyside Police,Merseyside Police,-3.008318,53.642666,On or near TALBOT STREET,E01006970,Sefton 007B,Unable to prosecute suspect
a7cb452931f23ad8ba88520907841c6d6d265d4e969c74cd915491bd0609c3e6,2019-02,Merseyside Police,Merseyside Police,-3.015484,53.379539,On or near BROUGHAM AVENUE,E01007293,Wirral 027C,Unable to prosecute suspect
ebb314b776bd60b43c1349d4a42d416a62f21c49f68e18e9d9d571ef4a48db4b,2019-02,Merseyside Police,Merseyside Police,-2.979196,53.448365,On or near FERNHILL CLOSE,E01006962,Sefton 038C,Investigation complete; no suspect identified
c89642992977eaf9822f89bdc3decef1fcbf2f8c46523789a1556ac20ef30589,2019-02,Merseyside Police,Merseyside Police,-2.957610,53.410481,On or near EDINBURGH ROAD,E01006746,Liverpool 030E,Investigation complete; no suspect identified
9ba346639d24760937e4b0f69ddcffb8503d660f5fe6ae3922c840f75152d85e,2019-02,Merseyside Police,Merseyside Police,-2.930114,53.441719,On or near BROADWAY,E01006603,Liverpool 011B,Further investigation is not in the public interest
0ceb5c5c8938a38e9c2229540b7a27e81209104351c99cfeea2a36c51ba9ca57,2019-02,Merseyside Police,Merseyside Police,-2.933231,53.414971,On or near PRESCOT DRIVE,E01006759,Liverpool 028D,Unable to prosecute suspect
ef03a87a896c3213f44a94f39305c68c14a47894b0e55d5afb0acc768c65cef8,2019-02,Merseyside Police,Merseyside Police,-2.953465,53.428950,On or near EDGWORTH ROAD,E01006546,Liverpool 019B,Unable to prosecute suspect
6c5ba0ad7ad80ca032fe2decf5e1ffc5df41d85ba6b041bcebe2e8957726193f,2019-02,Merseyside Police,Merseyside Police,-3.069506,53.402007,On or near KESWICK PLACE,E01007121,Wirral 011B,Unable to prosecute suspect
fe5b49826d7d55253f8611f50427d686c9a177c680c0a137633700d9b4244389,2019-02,Merseyside Police,Merseyside Police,-3.034455,53.386298,On or near CARTMEL CLOSE,E01007239,Wirral 022C,Investigation complete; no suspect identified
97ddf886f6d14c614ced2d79da8dce3a34ffb64e8372a7d9470180859a95d9d6,2019-02,Merseyside Police,Merseyside Police,-2.736947,53.457566,On or near COLLEGE STREET,E01006881,St. Helens 012E,Unable to prosecute suspect
3474a69b71e0eb4add814535b392fdca025d564ca647127c13abfe15df0aee2a,2019-02,Merseyside Police,Merseyside Police,-3.008369,53.647951,On or near WEST STREET,E01006968,Sefton 004C,Unable to prosecute suspect
c1d8890dac4e6e7a3814db0e9e2530cec9b0b772645dd905169ae3d1aa6a8161,2019-02,Merseyside Police,Merseyside Police,-2.758609,53.436693,On or near Police Station,E01006903,St. Helens 019C,Offender given penalty notice
ac4eaafe5ed473bc3214628e3df610637b6c73e87d8c5a55f0c1d8dfe7a2c044,2019-02,Merseyside Police,Merseyside Police,-2.682543,53.451534,On or near WINTER GROVE,E01006816,St. Helens 017A,Unable to prosecute suspect
0c28d0482281d37a43a4c93dd4d459ad5af61c24f6967fffca608c9788f6ed6a,2019-02,Merseyside Police,Merseyside Police,-3.003339,53.642555,On or near RIDING STREET,E01006970,Sefton 007B,Investigation complete; no suspect identified
9181f2f04357beaab3373939956783e3b3934668187bd69ab79ce0f65128b786,2019-02,Merseyside Police,Merseyside Police,-2.927093,53.441248,On or near Supermarket,E01033759,Liverpool 010F,Investigation complete; no suspect identified
4056b7898a1f63fd31174ab53c8faf65b60e47141b4a4f19a10eb9cc82603587,2019-02,Merseyside Police,Merseyside Police,-2.930071,53.441126,On or near BRIDGEWAY,E01006603,Liverpool 011B,Investigation complete; no suspect identified
ae7bad7caff70bf2557c9f0adb82d00497c5d6495ad409254f87bfdd453c03ed,2019-02,Merseyside Police,Merseyside Police,-3.005609,53.647039,On or near Shopping Area,E01006968,Sefton 004C,Investigation complete; no suspect identified
ef78eb83f63eb5a44ec506e74910b83d0206a3e35ff2f427f32e2f43c708f7f1,2019-02,Merseyside Police,Merseyside Police,-2.929734,53.424293,On or near SANTON AVENUE,E01006761,Liverpool 020B,Unable to prosecute suspect
c83640e15d68623250370e4acbb3138797e271d36463cd51913dbb6ac7b34e1c,2019-02,Merseyside Police,Merseyside Police,-2.625707,53.448061,On or near PEARTREE CRESCENT,E01006861,St. Helens 015F,Unable to prosecute suspect
84a68566d060fba68a86249a1ba46fc703ce367b540901ae2129080b6ea9a901,2019-02,Merseyside Police,Merseyside Police,-3.050328,53.424560,On or near Supermarket,E01007314,Wirral 004E,Investigation complete; no suspect identified
70e660dad92bb076cac88f9e6dd8f07a2d9757885c4b81f094c8dd415631767c,2019-02,Merseyside Police,Merseyside Police,-2.930071,53.441126,On or near BRIDGEWAY,E01006603,Liverpool 011B,Investigation complete; no suspect identified
31f57c1522b3cae4a9c4034a026d4fcc431169a5621dd79e35761ec138fb4663,2019-02,Merseyside Police,Merseyside Police,-3.053611,53.400935,On or near CONNAUGHT WAY,E01032903,Wirral 010F,Unable to prosecute suspect
204146a4f55e4580f15a7365b327f73b58d2e35a3bd4aee249f232a3faf904b0,2019-02,Merseyside Police,Merseyside Police,-2.948695,53.429033,On or near CATHEDRAL ROAD,E01006766,Liverpool 019E,Suspect charged
f2852b9e5d46de0ca132646325b6df3b54496e2c28f2e98ade45862c12011725,2019-02,Merseyside Police,Merseyside Police,-3.041825,53.482379,On or near WARRENHOUSE ROAD,E01006942,Sefton 028B,Investigation complete; no suspect identified
a1fdbae9893493458232883cd5e2cba6fd22c57e72631cde0eed4724d1495ea1,2019-02,Merseyside Police,Merseyside Police,-2.891552,53.423469,On or near HONEY'S GREEN LANE,E01006622,Liverpool 021E,Unable to prosecute suspect
f1db52a6ece66fbad22ad2db9ff43f57fd1a1460d6303df955a9d4996826b60f,2019-02,Merseyside Police,Merseyside Police,-3.002177,53.650960,On or near Shopping Area,E01033097,Sefton 004G,Unable to prosecute suspect
038d6686a79270a82f759d5097551323c36a1dfe87a559a024bad170214aa280,2019-02,Merseyside Police,Merseyside Police,-2.696507,53.453701,On or near MENDIP GROVE,E01006820,St. Helens 011B,Suspect charged
d3c9dca1a39b6589ff7f16d72379d8d883a2b9cebaa7f6570dafb309d7ee5bd8,2019-02,Merseyside Police,Merseyside Police,-2.744804,53.456430,On or near YORK CLOSE,E01006877,St. Helens 012C,Unable to prosecute suspect
c9898b7b56b2ea3487e132f444ffecc7c303e958b2d4ad99f6e10e14397e1be2,2019-02,Merseyside Police,Merseyside Police,-2.957610,53.410481,On or near EDINBURGH ROAD,E01006746,Liverpool 030E,Investigation complete; no suspect identified
38915cf6530160af3689743422559a3ee1d01713e545bc46b23620b17d166ee8,2019-02,Merseyside Police,Merseyside Police,-2.993433,53.451295,On or near WASHINGTON PARADE,E01007009,Sefton 037D,Unable to prosecute suspect
ce8146ed9735fa7827b1a8d9490c25fb9350b8680ed8e31a7929bf916d7ccd25,2019-02,Merseyside Police,Merseyside Police,-3.059184,53.415771,On or near FOX HEY ROAD,E01007211,Wirral 004A,Investigation complete; no suspect identified
51dafae7309f6ba6d0852cf8e9f9b80745675daebca7005322da68d0cdd8078e,2019-02,Merseyside Police,Merseyside Police,-3.032372,53.413319,On or near PARK ROAD,E01007275,Wirral 005E,Suspect charged
b0719bd32e11494803f2a5ea613d22da78b48cae216a383f5b380db485e1f1d7,2019-02,Merseyside Police,Merseyside Police,-2.742780,53.447427,On or near YORKSHIRE GARDENS,E01006832,St. Helens 012A,Unable to prosecute suspect
a063c5caa7bfc1f095a80f21668947608ea04a30ce72a945500a4cb86461c9de,2019-02,Merseyside Police,Merseyside Police,-2.932106,53.470135,On or near RYCROFT ROAD,E01006655,Liverpool 001C,Unable to prosecute suspect
c62c35d165decd0adc3c2e37551c3d1b1c0d368e22e682dc245864c3c65ba61c,2019-02,Merseyside Police,Merseyside Police,-2.978384,53.413710,On or near Police Station,E01006648,Liverpool 023D,Unable to prosecute suspect
7a1c7a745a878c3675daf3b71427de7cf08298b315bdf2cb0ee2dcf1bb51970d,2019-02,Merseyside Police,Merseyside Police,-2.972320,53.449239,On or near TAYLORS LANE,E01006790,Liverpool 006C,Investigation complete; no suspect identified
63a3321f465fa645a356be7f54db81556c061daac6f7b0909f666f27d7dfc43b,2019-02,Merseyside Police,Merseyside Police,-2.926951,53.372475,On or near NORTH SUDLEY ROAD,E01006527,Liverpool 053A,Investigation complete; no suspect identified
866e4ed7fa5893d52c20d50f2bd73bf74f308890640cc8b2c12abe7890fd1d80,2019-02,Merseyside Police,Merseyside Police,-3.024363,53.383032,On or near Parking Area,E01007131,Wirral 021B,Unable to prosecute suspect
e66c58f0ce6ade782fbc1856dce00e1d10022b7c0f9a770ce1e8ff4ad323cd43,2019-02,Merseyside Police,Merseyside Police,-2.946765,53.415332,On or near MANTON ROAD,E01006694,Liverpool 030B,Suspect charged
aa3c22ebdc28659f6d89c7c5adce96cc61b80f439c2daf033ba74c38eaea039c,2019-02,Merseyside Police,Merseyside Police,-3.153098,53.401175,On or near CLEVELEY ROAD,E01007195,Wirral 013A,Unable to prosecute suspect
594f9a8e050fa50b1197593521b9e513e9ef4811b7a213e07e8ec795d6864cbb,2019-02,Merseyside Police,Merseyside Police,-2.822153,53.418241,On or near ESSEX ROAD,E01006483,Knowsley 011C,Unable to prosecute suspect
0ba550fcb7f6a528a1f9a6fc3655fb3c780774b71fc0bb84ecbde80a094ea125,2019-02,Merseyside Police,Merseyside Police,-3.035444,53.396096,On or near NEWLING STREET,E01032903,Wirral 010F,Unable to prosecute suspect
5d4c367f02151d3e0f872cf468b538c087bba11cf31c1b87f2bfc70badfc663b,2019-02,Merseyside Police,Merseyside Police,-2.995014,53.429384,On or near HOLME STREET,E01006778,Liverpool 014E,Investigation complete; no suspect identified
a2a7c9f086b4249cc9905172162a403520d525d240c246976eb730a3784bd3de,2019-02,Merseyside Police,Merseyside Police,-2.971313,53.314602,On or near EDALE CLOSE,E01007167,Wirral 042C,Unable to prosecute suspect
33afca87f8da8bb69daa9427973458193e8d006425dca11366127501877f5746,2019-02,Merseyside Police,Merseyside Police,-2.932204,53.397567,On or near BARTLETT STREET,E01006721,Liverpool 038C,Unable to prosecute suspect
9b004c9171bd0e4e986e738ba3380fe6081b29880f23103841791dba2437ba6b,2019-02,Merseyside Police,Merseyside Police,-2.963777,53.468994,On or near MEADOWFIELD CLOSE,E01007049,Sefton 035B,Unable to prosecute suspect
58dbb4c5238abd2ff8cac7b026a056e6399838c68a08a06e4b63d4fb9f428575,2019-02,Merseyside Police,Merseyside Police,-2.634719,53.473847,On or near LODGE LANE,E01006836,St. Helens 005A,Investigation complete; no suspect identified
7d2070dadda26d55d1d737378dadd35bcd71da0f3110b0b814a3a244b73f6378,2019-02,Merseyside Police,Merseyside Police,-2.914287,53.408555,On or near MILL LANE,E01006716,Liverpool 032E,Unable to prosecute suspect
1a484155e3edfe3989d63342ebf7f6b22352411c1e3f7a955e502413db7f88aa,2019-02,Merseyside Police,Merseyside Police,-3.035544,53.373542,On or near PRENTON ROAD WEST,E01007181,Wirral 022B,Investigation complete; no suspect identified
982bc3475d8972275ff8023a134d5b5e04d3e2be3c2f6b9c4d07c879a81c51e3,2019-02,Merseyside Police,Merseyside Police,-3.024363,53.383032,On or near Parking Area,E01007131,Wirral 021B,Unable to prosecute suspect
1a185ba4835a137e4189063a08bd1b5cef4f899cd15f882f815081796c9d33f5,2019-02,Merseyside Police,Merseyside Police,-3.024363,53.383032,On or near Parking Area,E01007131,Wirral 021B,Unable to prosecute suspect
ca439c4ad4e2e7614bf64e9a1011388debb44088b6ec7f376f5a1774e012297d,2019-02,Merseyside Police,Merseyside Police,-2.918078,53.456059,On or near EAST LANCASHIRE ROAD,E01006660,Liverpool 001E,Unable to prosecute suspect
43347a7e4290e532df52a796e301dc9ebd4507a42bceef42843b5f78c1ea0402,2019-02,Merseyside Police,Merseyside Police,-3.024363,53.383032,On or near Parking Area,E01007131,Wirral 021B,Unable to prosecute suspect
e9c16e9b72ea1fdd6731e2608365fdf803fd523fa3f92499e9a64ba37b797627,2019-02,Merseyside Police,Merseyside Police,-2.742780,53.447427,On or near YORKSHIRE GARDENS,E01006832,St. Helens 012A,Unable to prosecute suspect
803d7892a28f69b46fc0f1581da4c324fb0c2a897675acb030ccf544c3359418,2019-02,Merseyside Police,Merseyside Police,-2.878518,53.498496,On or near COLMOOR CLOSE,E01006493,Knowsley 001C,Unable to prosecute suspect
70fbf86cc525b804b6c3f49ca15749ed63ff25e665cba03a9fa463177991d52b,2019-02,Merseyside Police,Merseyside Police,-2.669441,53.490727,On or near COLDSTONE DRIVE,E01006808,St. Helens 003C,Investigation complete; no suspect identified
10a65358c7815f89cb5a3ad92cb23df4943c44d66a01a1df23102f557adb5402,2019-02,Merseyside Police,Merseyside Police,-2.966284,53.396263,On or near UPPER PARLIAMENT STREET,E01033768,Liverpool 037F,Offender given penalty notice
e07bfb0cdfba7f98562f993a31ccec0d7998506117795de773a27a00c6908aae,2019-02,Merseyside Police,Merseyside Police,-2.723008,53.473876,On or near ESTHWAITE AVENUE,E01006850,St. Helens 004B,Unable to prosecute suspect
5cafc072298aca2b481206b0cddd9be81361331a6da9c006a457606b8ead699a,2019-02,Merseyside Police,Merseyside Police,-2.909752,53.412464,On or near DURBAN ROAD,E01006573,Liverpool 029C,Unable to prosecute suspect
5745a72cd71386c3034a10b5f56733765ddf01696c87596e8aea7a22708ed5d0,2019-02,Merseyside Police,Merseyside Police,-2.730813,53.411689,On or near MILTON STREET,E01006910,St. Helens 022E,Investigation complete; no suspect identified
bbf87ff5a508abf26e72f4b2b401cd1bb6251990bd3999459d6209ec9c1f84c0,2019-02,Merseyside Police,Merseyside Police,-2.878518,53.498496,On or near COLMOOR CLOSE,E01006493,Knowsley 001C,Unable to prosecute suspect
a89f1eb980a6d9686e58dc526ce99abaf955de3cc7c30062d75052fe3bbf3b01,2019-02,Merseyside Police,Merseyside Police,-2.973747,53.328587,On or near BROMBOROUGH VILLAGE ROAD,E01007170,Wirral 039D,Investigation complete; no suspect identified
4c074619f69c0ffc065ffdb2ce97d8b4f1eb36e4f0aa77af2b797eb4688bc583,2019-02,Merseyside Police,Merseyside Police,-2.984222,53.328959,On or near VALLEY ROAD,E01007136,Wirral 039B,Unable to prosecute suspect
52c6c8fdaf9a3dbc07afd9bf3a1ca3c8055d1582cafeccd3b3bd4e0370ab16f0,2019-02,Merseyside Police,Merseyside Police,-2.912553,53.415391,On or near RAVENSWOOD ROAD,E01006712,Liverpool 029D,Unable to prosecute suspect
122f4890db3ed46af45a06c3e983e6c623a40c293e75c7982ae18022246946b7,2019-02,Merseyside Police,Merseyside Police,-2.955687,53.397211,On or near BIRT CLOSE,E01006679,Liverpool 039D,Suspect charged
779affe2ea349bc720ebd6841cb7c45545044c87a3444c3e98ee3aae25d832cf,2019-02,Merseyside Police,Merseyside Police,-3.113587,53.400112,On or near Parking Area,E01007225,Wirral 012C,Unable to prosecute suspect
cdc18766b26df92e7fea6af7d0b35a28bfd908b5c21cb109b9ae3caf418df492,2019-02,Merseyside Police,Merseyside Police,-3.005909,53.645652,On or near QUEEN ANNE STREET,E01006968,Sefton 004C,Investigation complete; no suspect identified
a9dff9b958afade707ce41c38bdba202fe529a3c67bf9c78ba4ce73bc43319a3,2019-02,Merseyside Police,Merseyside Police,-2.760649,53.442217,On or near CARLOW STREET,E01006831,St. Helens 016A,Unable to prosecute suspect
44adc65eda913a65f2cb45af28fcbc69d27e8d198285d51ca27f3850810c55a8,2019-02,Merseyside Police,Merseyside Police,-2.859032,53.419698,On or near PENCOMBE ROAD,E01006453,Knowsley 008A,Unable to prosecute suspect
4524759f34003938ffc2495e37642a74949f8ef61270116a552e5e8d29424877,2019-02,Merseyside Police,Merseyside Police,-2.771353,53.455497,On or near LONG MEADOW,E01006822,St. Helens 009A,Further investigation is not in the public interest
01c92c416f56955556f892ab6592a72ff7f3de8b8dfe8a0d82cc521e10dc3ce7,2019-02,Merseyside Police,Merseyside Police,-3.030307,53.396950,On or near VITTORIA STREET,E01007133,Wirral 016E,Suspect charged
8c4ad403bf6f2f3d9e15c24b73bd97c058e98d9fadd410c881837ad4e979d8ee,2019-02,Merseyside Police,Merseyside Police,-2.722266,53.418645,On or near WHEATLAND CLOSE,E01006909,St. Helens 022D,Unable to prosecute suspect
060a13a2580e65bac34eaf61b05edc724edf79e911c04b95026dde17384ba3a1,2019-02,Merseyside Police,Merseyside Police,-2.940113,53.422063,On or near PARK VIEW,E01006760,Liverpool 028E,Investigation complete; no suspect identified
c56c68502ba553392a731ea0dd6a1f200c09f134eed84a62cdaf312ee62a80b3,2019-02,Merseyside Police,Merseyside Police,-2.964487,53.415918,On or near EVERTON ROAD,E01006646,Liverpool 023C,Investigation complete; no suspect identified
593e779be8b1a521e00b52694b3ed28f01ef65874ca9ed4b5bb143287f983a88,2019-02,Merseyside Police,Merseyside Police,-2.668000,53.491068,On or near HOLLINS CLOSE,E01006803,St. Helens 003A,Investigation complete; no suspect identified
9682ce8c723e08482bb47820759a1ba27a7e6b4358f66f17b129620a879e07b1,2019-02,Merseyside Police,Merseyside Police,-3.001370,53.501880,On or near HOLGATE PARK,E01007037,Sefton 021E,Unable to prosecute suspect
dc0f73bddf4d1a285ba5234768591fc935bc4e900624ce3e8743368040cc2f87,2019-02,Merseyside Police,Merseyside Police,-2.963366,53.394911,On or near HARROWBY STREET,E01006673,Liverpool 037D,Offender given penalty notice
2f27fdec1d6a65f80a46b40f8ca2158f2ed042221bf1b78e6fac0c1d2a91077d,2019-02,Merseyside Police,Merseyside Police,-2.912564,53.416623,On or near WHARNCLIFFE ROAD,E01006712,Liverpool 029D,Investigation complete; no suspect identified
de37d67f2003de4d02167d1c503d59bfc8e1621db02b33bb99dfcd905fdd72ab,2019-02,Merseyside Police,Merseyside Police,-2.964809,53.409497,On or near Hospital,E01006747,Liverpool 031B,Unable to prosecute suspect
1d027b0d779650d73d968366294eee0ddd87f3be467dcdf5af2803d7070a201f,2019-02,Merseyside Police,Merseyside Police,-2.975814,53.438756,On or near GOODALL PLACE,E01006701,Liverpool 014B,Unable to prosecute suspect
e13790b6232997e31931ff4027ea4ffc8bc84ef9beaf6ed2185bbfa0f56c0428,2019-02,Merseyside Police,Merseyside Police,-2.846193,53.489210,On or near MOSS END WAY,E01006448,Knowsley 001A,Unable to prosecute suspect
793d03563081c525997de5931b3df90555a6926e2438025a119291a539d5c6c2,2019-02,Merseyside Police,Merseyside Police,-3.001370,53.501880,On or near HOLGATE PARK,E01007037,Sefton 021E,Unable to prosecute suspect
c54c81c069290a77612c278a65cbf6fa881008fa9744f57deea1ffd11e66f9dd,2019-02,Merseyside Police,Merseyside Police,-2.964809,53.409497,On or near Hospital,E01006747,Liverpool 031B,Unable to prosecute suspect
28a677258ed9e5cdc2f3de1e04f7daf303c8077b6e3ec87ffb317ea55c2be907,2019-02,Merseyside Police,Merseyside Police,-2.894465,53.408094,On or near SEYMOUR ROAD,E01006584,Liverpool 034E,Suspect charged
5d93aa167ae62198465e7b88d823a40a92f7239d8deef6d6d6a65b654845d765,2019-02,Merseyside Police,Merseyside Police,-2.932701,53.453294,On or near ELSTEAD ROAD,E01006735,Liverpool 005D,Unable to prosecute suspect
57cd4da044e9ac8140f0f507fad3ea8816f7aff8eae8d05bcf65a71d2c548767,2019-02,Merseyside Police,Merseyside Police,-3.055149,53.367033,On or near DICKENS CLOSE,E01007250,Wirral 030B,Unable to prosecute suspect
cf64cb802bf5910ac81c763ec4bb592fc0f93f10548c4ce72d4f157bb308d151,2019-02,Merseyside Police,Merseyside Police,-2.954046,53.470366,On or near MELLING AVENUE,E01006656,Liverpool 002B,Unable to prosecute suspect
c228fc64a281b215206ab820aeebb11bc973222270decb268f6d21f3ac95173d,2019-02,Merseyside Police,Merseyside Police,-3.017041,53.392479,On or near MARKET STREET,E01007126,Wirral 016A,Unable to prosecute suspect
8317d7c715a4bb780310b663e7795e859da823a672c6603a38b91b103f426683,2019-02,Merseyside Police,Merseyside Police,-2.961055,53.381806,On or near SALTERGATE ROAD,E01006633,Liverpool 050B,Offender given a caution
a4c5652c4e8ed73f8cbb0a61cf653519b6e000e3af7fec655cb648dfa119ca34,2019-02,Merseyside Police,Merseyside Police,-2.956788,53.392636,On or near BEACONSFIELD STREET,E01006674,Liverpool 039C,Local resolution
a4c5652c4e8ed73f8cbb0a61cf653519b6e000e3af7fec655cb648dfa119ca34,2019-02,Merseyside Police,Merseyside Police,-2.956788,53.392636,On or near BEACONSFIELD STREET,E01006674,Liverpool 039C,Local resolution
c8421478f1f42f06ff5b7c8ddb24724ea4cea0eec547dd7a5b35d5c89e2fa497,2019-02,Merseyside Police,Merseyside Police,-2.722870,53.419702,On or near FALLOW CLOSE,E01006909,St. Helens 022D,Offender given a caution
0c0c814ec6e158a0ad81cdf1d3a0f4568b7c0496a014376ecb49151a5014cf0d,2019-02,Merseyside Police,Merseyside Police,-2.979358,53.403024,On or near Nightclub,E01033756,Liverpool 061C,Investigation complete; no suspect identified
941debf568448dcbdb60e9c942019bcbde83889b280ee2d69767e48984a562dc,2019-02,Merseyside Police,Merseyside Police,-2.722870,53.419702,On or near FALLOW CLOSE,E01006909,St. Helens 022D,Offender given a drugs possession warning
142fd1c4ba46d5e47ae2d960eb7d1cafd030f13cfe9097914ae3cf790bac52f0,2019-02,Merseyside Police,Merseyside Police,-2.696833,53.498426,On or near NEWTON ROAD,E01006804,St. Helens 002B,Suspect charged
7e66624def068de5879681d13bcda2a333b8584b51f6641b6ae3addfd5e609e4,2019-02,Merseyside Police,Merseyside Police,-2.722870,53.419702,On or near FALLOW CLOSE,E01006909,St. Helens 022D,Unable to prosecute suspect
187ceb67b2a55fd95b1f073fa29886e8ca31f4b1f8846ed002bcc4fe9d863358,2019-02,Merseyside Police,Merseyside Police,-2.832451,53.410089,On or near HEY ROAD,E01006481,Knowsley 015E,Investigation complete; no suspect identified
c05d875f1b60cc2e9fb87497f71ae3bd4d83c907e04d14a42205d82959f2caf9,2019-02,Merseyside Police,Merseyside Police,-2.893988,53.434849,On or near HALCOMBE ROAD,E01006624,Liverpool 013B,Unable to prosecute suspect
13e797fdcac8d13180624fedeab7f3ee342e14f3993a94e2f5a07f228b82bc3f,2019-02,Merseyside Police,Merseyside Police,-2.979720,53.405699,On or near GREAT CHARLOTTE STREET,E01033760,Liverpool 060C,Unable to prosecute suspect
7a9e8408ce6492e6b0b2ee70a6a40b8503dc8824a09f0907acdafe05e10e1c24,2019-02,Merseyside Police,Merseyside Police,-2.988487,53.406885,On or near Nightclub,E01033760,Liverpool 060C,Unable to prosecute suspect
87b7bf9dfb9f0fc79305524fd586d83e344dfb96653b1783a6176765c2b9496e,2019-02,Merseyside Police,Merseyside Police,-2.949276,53.413199,On or near HAWKINS STREET,E01006697,Liverpool 030D,Investigation complete; no suspect identified
5f469741a62aa7cdfe2b91fd4e31dc1e6080d8aae2656d232208469833dea5e0,2019-02,Merseyside Police,Merseyside Police,-2.947818,53.417337,On or near PENDINE CLOSE,E01006693,Liverpool 024D,Investigation complete; no suspect identified
fab4f172ad38f161e201e9cf5c67f3c60738b7710751ebde5189fc894d366a2b,2019-02,Merseyside Police,Merseyside Police,-3.017809,53.469391,On or near DURHAM ROAD,E01006953,Sefton 032B,Unable to prosecute suspect
9b7bbb131efceef5e1558f31880278da34718f870d3fdabc9bb4b4906a8a6337,2019-02,Merseyside Police,Merseyside Police,-2.888503,53.355886,On or near HAXTED GARDENS,E01006743,Liverpool 058D,Unable to prosecute suspect
ccf66d8b9505b3c6d4c5eb8c836bea93e11e0f49615a6b927f8005e546264c2e,2019-02,Merseyside Police,Merseyside Police,-2.877053,53.488853,On or near WINGATE ROAD,E01006447,Knowsley 003E,Investigation complete; no suspect identified
d857e0dafbc3be6584485e6c591a5d0236cd85665ebe57e87b1ada455a457719,2019-02,Merseyside Police,Merseyside Police,-3.003815,53.365318,On or near COULTHARD ROAD,E01007289,Wirral 031E,Unable to prosecute suspect
f305348e00710a00f709cd23695ca2ca292a829668520850265d5ba2afdcc26e,2019-02,Merseyside Police,Merseyside Police,-2.944718,53.412543,On or near SHEIL PLACE,E01006697,Liverpool 030D,Investigation complete; no suspect identified
fe8d97d1c975b54d49422bfd0c68bf3e6f043ecf516c86626e1c797c7fb01ca7,2019-02,Merseyside Police,Merseyside Police,-3.003815,53.365318,On or near COULTHARD ROAD,E01007289,Wirral 031E,Unable to prosecute suspect
640b7760f9b2b828fd5d00a1d15f73404cd8205559f70a92f35616e83c952b00,2019-02,Merseyside Police,Merseyside Police,-2.731959,53.416213,On or near HARDIE CLOSE,E01006910,St. Helens 022E,Unable to prosecute suspect
8ebb152066925c827cc4204080d3391d8cc9b051211cb1f5747605db3b147f27,2019-02,Merseyside Police,Merseyside Police,-3.002084,53.636202,On or near DUKE STREET,E01006998,Sefton 007E,Investigation complete; no suspect identified
579f53fb589f70691173f7fccb6573cb40f4ad910aec5dbd9b6d61bd53cb5107,2019-02,Merseyside Police,Merseyside Police,-3.090321,53.416624,On or near DRAKE ROAD,E01007204,Wirral 009A,Suspect charged
4e43ac6fe635a2ecef60608bcdd5284c7d23a3ae379a15e990a1802a9eb56223,2019-02,Merseyside Police,Merseyside Police,-2.939712,53.399756,On or near GALLOWAY STREET,E01006720,Liverpool 035A,Unable to prosecute suspect
328a6f1118ac6fb999b94f20d81627e5a748a647bcc6da978f4eac67343917b8,2019-02,Merseyside Police,Merseyside Police,-3.048878,53.373614,On or near Supermarket,E01007245,Wirral 024B,Unable to prosecute suspect
3394300d08fb24e3101e5c0c99c7ef88eafa12be82ba0c98ee8240b30ce9ca98,2019-02,Merseyside Police,Merseyside Police,-2.952912,53.416370,On or near PEAR GROVE,E01006693,Liverpool 024D,Investigation complete; no suspect identified
16352428e69a803044c08285cd220a949f649de6f54a34622c065e9676c64888,2019-02,Merseyside Police,Merseyside Police,-2.745647,53.430591,On or near WELWYN CLOSE,E01006913,St. Helens 019H,Unable to prosecute suspect
e2b40982648f0dc63df540751ceffdc8c5ee46d942b475ad194403b2a469479e,2019-02,Merseyside Police,Merseyside Police,-2.850856,53.365914,On or near ESCORT CLOSE,E01006430,Knowsley 018C,Unable to prosecute suspect
5127a18c8786577dfef16e775bbf645cef76606ca3667276dd34d273e3576c38,2019-02,Merseyside Police,Merseyside Police,-3.021949,53.390864,On or near Parking Area,E01007128,Wirral 016C,Unable to prosecute suspect
a6a231d26fd0d69c05405931a665504011961d49ebf0313c385bc5b9ffc18a8a,2019-02,Merseyside Police,Merseyside Police,-2.850363,53.390232,On or near Petrol Station,E01006771,Liverpool 040D,Unable to prosecute suspect
4ade8f689e22b6c9f63f07879cf75a7c47dbfdd141f8a0dbfb4a760e3009a37c,2019-02,Merseyside Police,Merseyside Police,-3.105940,53.403338,On or near FAIRMEAD ROAD,E01007208,Wirral 012A,Unable to prosecute suspect
79832dfd66929edf060ec0e65cf363ae17319f8c954d3008142a1086482c9b59,2019-02,Merseyside Police,Merseyside Police,-2.882643,53.365323,On or near WOOLTON ROAD,E01006535,Liverpool 054B,Unable to prosecute suspect
bd2898ccbbb99e231a888a9d917d6ceafd62a27fc385a466ac107f9425038e02,2019-02,Merseyside Police,Merseyside Police,-2.938386,53.413321,On or near ELM VALE,E01006690,Liverpool 028A,Unable to prosecute suspect
824c8e7abc5d50ca3cf1d36f5043c4434fef7a384b9e57ac1b52c63a2ce2af14,2019-02,Merseyside Police,Merseyside Police,-2.745647,53.430591,On or near WELWYN CLOSE,E01006913,St. Helens 019H,Investigation complete; no suspect identified
5e4569168813309a4157ccb8f0b82664e12410f87a6cb1f5e04355663c3fbc57,2019-02,Merseyside Police,Merseyside Police,-2.758396,53.415463,On or near WENSLEYDALE AVENUE,E01006894,St. Helens 021D,Unable to prosecute suspect
23dad4a073432fd8f2bccfc380e73adce535ddf1cbb2159aade5e94db8d9ee52,2019-02,Merseyside Police,Merseyside Police,-2.982670,53.409037,On or near VICTORIA STREET,E01033760,Liverpool 060C,Unable to prosecute suspect
430529ac370bf4c5d8ea847f42974d39242fd85416a52d7bccdbebeaa9e7a9b8,2019-02,Merseyside Police,Merseyside Police,-2.947104,53.417693,On or near POND CLOSE,E01006693,Liverpool 024D,Unable to prosecute suspect
f8477b32ad7c05641ac3ccdea83e8bfa146997c527d4dd8adca6b2c1ef13126e,2019-02,Merseyside Police,Merseyside Police,-3.050112,53.371859,On or near CARLAW ROAD,E01007250,Wirral 030B,Unable to prosecute suspect
e74393ba4d67888a2ac69ba6b931d07c72c086821adc3b0b7ee1b4dc8f8d3cb1,2019-02,Merseyside Police,Merseyside Police,-2.898224,53.368749,On or near YORKASTER ROAD,E01006681,Liverpool 054D,Unable to prosecute suspect
5385833baf2cd1995b027d063c05551f0487d44fb3c7586004efe3d72344f93d,2019-02,Merseyside Police,Merseyside Police,-2.968016,53.410298,On or near LONDON ROAD,E01033758,Liverpool 060B,Unable to prosecute suspect
5c0aab48f80462844b815287cfae159416c722ad1d56affd05400602ff76fa6b,2019-02,Merseyside Police,Merseyside Police,-2.924861,53.361345,On or near Sports/Recreation Area,E01006684,Liverpool 056B,Unable to prosecute suspect
1714215bf11e8c6ed047f641fa43a72d18f9aa163210f8b22c3d5a3025152631,2019-02,Merseyside Police,Merseyside Police,-2.850856,53.365914,On or near ESCORT CLOSE,E01006430,Knowsley 018C,Unable to prosecute suspect
88ac9b9fcd4db84c3fbd28e4a6b8a7104c0c99aec19cddf839da5bcf775d65f6,2019-02,Merseyside Police,Merseyside Police,-2.887660,53.366634,On or near REDINGTON ROAD,E01006535,Liverpool 054B,Local resolution
dc60efae830258b852b6b983b9e6eadd43d0bdabf7560f12fe8bdbd4f64e4a8a,2019-02,Merseyside Police,Merseyside Police,-2.850856,53.365914,On or near ESCORT CLOSE,E01006430,Knowsley 018C,Unable to prosecute suspect
43adce263801446b656f7e695e6419dcaefe3acba1f2c1b5d1f13c95e7219129,2019-02,Merseyside Police,Merseyside Police,-2.962233,53.389383,On or near LOTHIAN STREET,E01006677,Liverpool 043D,Suspect charged
45fe5a2d28fc019e5fe5f9a0697834baaa069e4e47edd0a91707765e42205885,2019-02,Merseyside Police,Merseyside Police,-2.930114,53.441719,On or near BROADWAY,E01006603,Liverpool 011B,Unable to prosecute suspect
a6e1a02a799677c6337a775d676575c4d9e3fdca92ab710d7c22d29e08e239f0,2019-02,Merseyside Police,Merseyside Police,-2.987014,53.405648,On or near Shopping Area,E01033760,Liverpool 060C,Unable to prosecute suspect
66b331379522ae8baa8cbfdf3bc37c9fb9c15ea012069fe6a5cb7cb5b5466e78,2019-02,Merseyside Police,Merseyside Police,-2.850856,53.365914,On or near ESCORT CLOSE,E01006430,Knowsley 018C,Unable to prosecute suspect
124136342953a6b02f7db27184b0bc6bf6683b3449571cc18e20fc756422b421,2019-02,Merseyside Police,Merseyside Police,-2.797815,53.416213,On or near WILLOW AVENUE,E01006497,Knowsley 013A,Investigation complete; no suspect identified
f2515590d4f2a7aa0b33a2867073e82b59a8ba61866627d2aca02f16f6fe25c3,2019-02,Merseyside Police,Merseyside Police,-2.915536,53.423288,On or near Petrol Station,E01006717,Liverpool 027D,Investigation complete; no suspect identified
95186d711a73fb52c25f66eb7e5c74305c17ce0bd71618afa56e28dc1cf20914,2019-02,Merseyside Police,Merseyside Police,-2.958724,53.394472,On or near DANIEL DAVIES DRIVE,E01006679,Liverpool 039D,Suspect charged
8ab44e02f575cfab87e9b9058e3a9709bea067ca54468acfaee6718c71361798,2019-02,Merseyside Police,Merseyside Police,-2.958724,53.394472,On or near DANIEL DAVIES DRIVE,E01006679,Liverpool 039D,Suspect charged
acfe7b1140a99940aac6ed3474d0b1f3cab66ff6dc64ccae3266b45f44725db7,2019-02,Merseyside Police,Merseyside Police,-2.778708,53.501885,On or near NORWOOD GROVE,E01006885,St. Helens 001D,Unable to prosecute suspect
c3913927ee5fa7464cd1418aa445446ec5c4778024670f7ccca291a48c599373,2019-02,Merseyside Police,Merseyside Police,-2.869582,53.459622,On or near RANDLES ROAD,E01006439,Knowsley 005F,Investigation complete; no suspect identified
c660282a4a4cc1dcccb341c58538e6b4c5a6304b6d205881c35537de0f29a13f,2019-02,Merseyside Police,Merseyside Police,-2.950665,53.399921,On or near ABNEY CLOSE,E01006752,Liverpool 035F,Investigation complete; no suspect identified
150d44c8e0ddc9e4526864f8555c03c7981f0b77b7ee65f5d43628265eac2d3a,2019-02,Merseyside Police,Merseyside Police,-3.024486,53.355614,On or near Supermarket,E01007116,Wirral 032E,Unable to prosecute suspect
99e4e4e042bd1cc96efea26bb96da420b0328140c6e7998892a1ed0d6a1fd402,2019-02,Merseyside Police,Merseyside Police,-3.002268,53.460677,On or near POPE STREET,E01007003,Sefton 036B,Unable to prosecute suspect
e6b30e48523788975218a426f689c675617da74a343a0aaf82ac418655d6846b,2019-02,Merseyside Police,Merseyside Police,-2.902958,53.409226,On or near THE GREEN,E01006567,Liverpool 026A,Unable to prosecute suspect
f49f906a75ce78daecbefcad14382d1bc579b3301ffdb9b9ca1d8dbc567ab90c,2019-02,Merseyside Police,Merseyside Police,-2.987674,53.421778,On or near HERM ROAD,E01006776,Liverpool 022B,Unable to prosecute suspect
ebfafeb0b1f6d3b2a3dcde3b3f92024b6071718dfbc60b4c009893b9ade0d13f,2019-02,Merseyside Police,Merseyside Police,-2.920581,53.407455,On or near SAPPHIRE STREET,E01006716,Liverpool 032E,Unable to prosecute suspect
56002879ab91f2c2ec63ef6a332c930e8aaf0cd14f900a572d76fb3777e556c7,2019-02,Merseyside Police,Merseyside Police,-2.850666,53.351092,On or near WOODEND AVENUE,E01006741,Liverpool 058C,Investigation complete; no suspect identified
ad0132a8ef0a2f4f0ac6c189f64b2fbc7791890c5b1d8815c175a9f371e6480f,2019-02,Merseyside Police,Merseyside Police,-3.053779,53.400412,On or near LAIRD STREET,E01007122,Wirral 011C,Unable to prosecute suspect
6d62690112ddc6d0b496575ccd2663c0319e15e0dfd11843a7832e1188b89276,2019-02,Merseyside Police,Merseyside Police,-2.939944,53.413696,On or near GROVE ROAD,E01006759,Liverpool 028D,Unable to prosecute suspect
08ef76a9384536fbb661b937b914281d05705a70013672a0193ccca95df03d30,2019-02,Merseyside Police,Merseyside Police,-2.915940,53.407105,On or near HARMONY WAY,E01006716,Liverpool 032E,Unable to prosecute suspect
619920ea8dc8341532762e4fd857c68c95aa97acd13c8ba064d9933f7c340b3d,2019-02,Merseyside Police,Merseyside Police,-2.916977,53.409119,On or near BORAX STREET,E01006716,Liverpool 032E,Formal action is not in the public interest
fae5fc4286b5df6c1db850ae7e7d451d59b720cfdac79d510176c1b0f0e80797,2019-02,Merseyside Police,Merseyside Police,-2.762821,53.453350,On or near MULBERRY AVENUE,E01006879,St. Helens 016F,Investigation complete; no suspect identified
f5237e3839920b06e22c0a16ba9dff85403aca144fad14280aef81da91cef0d1,2019-02,Merseyside Police,Merseyside Police,-2.888863,53.433071,On or near CORPORAL WAY,E01006640,Liverpool 021F,Further investigation is not in the public interest
3572ba17ba6504f6c91f773a85ca1d90f2d4b72e900bea910c7f6e1e26f0d5a3,2019-02,Merseyside Police,Merseyside Police,-2.983672,53.419222,On or near MILE END,E01033764,Liverpool 022E,Suspect charged
3da411f1c843ab6fce49782f9ad9131c93a28c480739a3eec368d05d61de2771,2019-02,Merseyside Police,Merseyside Police,-2.994190,53.650371,On or near THISTLETON MEWS,E01006945,Sefton 004A,Investigation complete; no suspect identified
8838550adb6299a0a45e0a19d78e89d01989759abb2d784d02783fec7897b158,2019-02,Merseyside Police,Merseyside Police,-2.962233,53.389383,On or near LOTHIAN STREET,E01006677,Liverpool 043D,Suspect charged
3c8fffd925dc462faa0ec20c474375449d3aae24f44af968912a2406db76ce69,2019-02,Merseyside Police,Merseyside Police,-2.974478,53.489572,On or near SHERBORNE AVENUE,E01007085,Sefton 023B,Investigation complete; no suspect identified
f7d2293e45ae3a8b55a40a923d86e1200f0c89b533e880399b595f13d008fa94,2019-02,Merseyside Police,Merseyside Police,-2.967238,53.430386,On or near GOSCHEN STREET,E01006558,Liverpool 018B,Investigation complete; no suspect identified
49e41a737bf8ed8a97c1b1d1f92b3fffdba1388c67d9c498a94d9a565eb89911,2019-02,Merseyside Police,Merseyside Police,-2.978061,53.401569,On or near BACK COLQUITT STREET,E01033761,Liverpool 060D,Unable to prosecute suspect
e9ac6cc27968a413c0698760e3f18a48b84a0b0c014f0f956e7f59bf958bfbf8,2019-02,Merseyside Police,Merseyside Police,-2.906606,53.406744,On or near RUTHVEN ROAD,E01006585,Liverpool 032B,Unable to prosecute suspect
85312d59b5dc9b4cdf2cc145518369f5746927605067f9b644c46e4040bec145,2019-02,Merseyside Police,Merseyside Police,-3.090321,53.416624,On or near DRAKE ROAD,E01007204,Wirral 009A,Suspect charged
721297962939be29dd52d2a8ed1377ecedc64e5ad0414ab4ea3fc595bc492151,2019-02,Merseyside Police,Merseyside Police,-2.987014,53.405648,On or near Shopping Area,E01033760,Liverpool 060C,Unable to prosecute suspect
a309b06d72a974d9d6dfb564d41938bf82c280ebf3c4df641dc24790d6fd3161,2019-02,Merseyside Police,Merseyside Police,-3.099861,53.379933,On or near Petrol Station,E01007302,Wirral 018D,Suspect charged
33aef1b83fd6120bd7e720834eab2a3e952a8ff9cf339d0532df0178f79f80e9,2019-02,Merseyside Police,Merseyside Police,-3.090321,53.416624,On or near DRAKE ROAD,E01007204,Wirral 009A,Unable to prosecute suspect
1201114fcf76283e06a16791c8f545dce355c8ab4e2836df0148df96bc3cefb5,2019-02,Merseyside Police,Merseyside Police,-3.046839,53.420393,On or near SILVERLEA AVENUE,E01007217,Wirral 007D,Unable to prosecute suspect
95fcdf07b2f9b9b712d5ff95bad81644c1ead6ba3b0db58ed59744e2e5f4d7a6,2019-02,Merseyside Police,Merseyside Police,-2.978559,53.402949,On or near Nightclub,E01033761,Liverpool 060D,Investigation complete; no suspect identified
d2bfa029bc2e3f836ffe6dc1d0d1eb2fcece0f7e726b5e75c6615c9e040e0569,2019-02,Merseyside Police,Merseyside Police,-2.987102,53.459419,On or near Petrol Station,E01007019,Sefton 035A,Investigation complete; no suspect identified
08c64090c2c9e1cb5cba3844b2d9638a4524708203a5ff26c74d4f52e5e29c0b,2019-02,Merseyside Police,Merseyside Police,-2.959273,53.424886,On or near THIRLMERE ROAD,E01006562,Liverpool 018E,Unable to prosecute suspect
65cacfb6673c100afad68abbd0580b8e90eb1803b207f73ed3f99b1617140d61,2019-02,Merseyside Police,Merseyside Police,-3.017362,53.371918,On or near CLARKE AVENUE,E01007175,Wirral 027A,Unable to prosecute suspect
24d2405199c6c6df5e3bad413e1c398c3ac5d68e501c34fc7d059876981ef520,2019-02,Merseyside Police,Merseyside Police,-2.793022,53.504667,On or near MOSS BROW,E01006883,St. Helens 001B,Further investigation is not in the public interest
4f60952694ded2c2dc09cb2117a75769a8119e1ed6bec9dc292b8f3f925bd647,2019-02,Merseyside Police,Merseyside Police,-2.966806,53.441850,On or near FRODSHAM STREET,E01006614,Liverpool 012B,Investigation complete; no suspect identified
abacf7d56d678e2cd2d468e5c2ed27c41b84a08042a30bc7340651b9eacf2ece,2019-02,Merseyside Police,Merseyside Police,-2.964266,53.432738,On or near TANCRED ROAD,E01006542,Liverpool 018A,Unable to prosecute suspect
641ae3c8664cdd936b8358200bc5cb6f5dfb41abfbfc7b1f53c57ce957b7f330,2019-02,Merseyside Police,Merseyside Police,-2.924716,53.403217,On or near RUSHBURY COURT,E01006725,Liverpool 035B,Unable to prosecute suspect
22a02ca1a513c1bd869bae16dfe4482dc3246ffce01381f3714e6550074d29b9,2019-02,Merseyside Police,Merseyside Police,-2.898329,53.354429,On or near DUKE STREET,E01006745,Liverpool 057D,Investigation complete; no suspect identified
af3796fbe236574fa648fe9c764e084844c65c66918f84f2546e96cf0501a0b9,2019-02,Merseyside Police,Merseyside Police,-2.971515,53.485246,On or near WILLIAM HARVEY CLOSE,E01007088,Sefton 029D,Unable to prosecute suspect
a9e894c8f458487b14e70d30f25d82aa3d8e77c2f8c2a8ff26f6599f301e1fc1,2019-02,Merseyside Police,Merseyside Police,-2.972453,53.660392,On or near CAMBRIDGE ROAD,E01007034,Sefton 003E,Investigation complete; no suspect identified
7d7af676599edf06c85cfa5c6f10289fa31d0178d6d5cd953999cfc0e2bf8f26,2019-02,Merseyside Police,Merseyside Police,-2.700427,53.437534,On or near HOGHTON ROAD,E01006844,St. Helens 020A,Suspect charged
5039e81b8737bdd578733345b4e3350463bc7589ec6a0dea1f3280c36ca17c43,2019-02,Merseyside Police,Merseyside Police,-2.640208,53.452164,On or near BACK BRIDGE STREET,E01006863,St. Helens 013A,Suspect charged
2ec811ec5f65328728e3a8497915001d59a1d867ef6be9b61f75d2db0f9e08f7,2019-02,Merseyside Police,Merseyside Police,-2.761195,53.445782,On or near GROSVENOR ROAD,E01006835,St. Helens 016C,Suspect charged
6d05ca6ce827ad47eb07550b727e3787112141fb48d2c13ee6e8ef5b69382dfe,2019-02,Merseyside Police,Merseyside Police,-2.910175,53.415391,On or near DOVERCLIFFE ROAD,E01006713,Liverpool 029E,Formal action is not in the public interest
2ef262b8200642bd90f2190f72ad3c2c7e7334afc8055ce7b31d31195517bdad,2019-02,Merseyside Police,Merseyside Police,-2.974478,53.489572,On or near SHERBORNE AVENUE,E01007085,Sefton 023B,Unable to prosecute suspect
7e27d10fcfb6443e1c4a1e2eb4455418797d13925a887e39682ace217e1ba1c9,2019-02,Merseyside Police,Merseyside Police,-2.846193,53.489210,On or near MOSS END WAY,E01006448,Knowsley 001A,Unable to prosecute suspect
7d27feeef6a14bfed3a42e89dd8db04b1f5dc24874184b6c7b556ddee9703710,2019-02,Merseyside Police,Merseyside Police,-2.940376,53.425126,On or near JULY ROAD,E01006767,Liverpool 019F,Investigation complete; no suspect identified
7bcfbeedeec7a8e44350cefc47682ad79fe45ffb37d7e95cc25f2df5c43a361f,2019-02,Merseyside Police,Merseyside Police,-2.875838,53.473069,On or near GROSMONT ROAD,E01006416,Knowsley 005A,Unable to prosecute suspect
4318eff749368f15881e7ada5cc66d796916840fdf799c693c8212217bc4add3,2019-02,Merseyside Police,Merseyside Police,-2.984450,53.439854,On or near ARGOS PLACE,E01006778,Liverpool 014E,Investigation complete; no suspect identified
24994866526673b37dc7370a66a49fd27536b96c377bfe48e2a3dbe3cf2bd688,2019-02,Merseyside Police,Merseyside Police,-2.751088,53.452363,On or near ECCLESTON STREET,E01006880,St. Helens 012D,Unable to prosecute suspect
78b72e5016c2d4899e53193e1a2831dfca326eb1e5d29d54d2d888a28c6a7b95,2019-02,Merseyside Police,Merseyside Police,-2.947753,53.421185,On or near BELMONT ROAD,E01006760,Liverpool 028E,Unable to prosecute suspect
78a79dd6dc59e39c3919ab34b859ebd2ff7de47be32afbca8d5b5cdea7c98acb,2019-02,Merseyside Police,Merseyside Police,-2.962683,53.661306,On or near ST CUTHBERT'S ROAD,E01007032,Sefton 002C,Unable to prosecute suspect
9a4d83c09dee6b399211af17570cd5729aee697e98a3aeb8985663383329da40,2019-02,Merseyside Police,Merseyside Police,-2.723522,53.421774,On or near EASTHAM CRESCENT,E01006911,St. Helens 022F,Unable to prosecute suspect
523e39e4d541bfe9ad6ec5ea0cbb25b6867e191a734d53988c78220833b4a96e,2019-02,Merseyside Police,Merseyside Police,-3.019532,53.477798,On or near BLUEBELL CLOSE,E01006955,Sefton 030A,Unable to prosecute suspect
502ab19dc62242f765576155f4c3c68f789d85b2649c8c8a74faa24b3213f186,2019-02,Merseyside Police,Merseyside Police,-2.752139,53.449624,On or near Petrol Station,E01006834,St. Helens 012B,Investigation complete; no suspect identified
f47a00fc4a94a2fa4785c5a817d23fb7bbba2fc3510760d01d08e4ecd1270377,2019-02,Merseyside Police,Merseyside Police,-2.847194,53.341948,On or near CENTRAL AVENUE,E01006753,Liverpool 059A,Unable to prosecute suspect
fc62b6a736b7b50a2c2f22afd79590bc86ec98d74d759adab49ba7edce050719,2019-02,Merseyside Police,Merseyside Police,-2.871313,53.394827,On or near LYNDENE ROAD,E01006769,Liverpool 040B,Suspect charged
241d1306d652881c96706ba78dbb91dca670a86cb9733e87b2a7c94f484620c5,2019-02,Merseyside Police,Merseyside Police,-3.027064,53.387836,On or near FEARNLEY ROAD,E01007128,Wirral 016C,Investigation complete; no suspect identified
93f9fb4954d20d4f3a7af931761cf534e83dea480f1bfb4bf63faa27b74111aa,2019-02,Merseyside Police,Merseyside Police,-2.874611,53.480790,On or near BARN HEY ROAD,E01006446,Knowsley 005G,Offender given a drugs possession warning
7898eb9640558f741b22addc93c2c881b5709b69c548510cd892f53dd1931aad,2019-02,Merseyside Police,Merseyside Police,-2.745887,53.457232,On or near COWLEY HILL LANE,E01006877,St. Helens 012C,Unable to prosecute suspect
8d9cb76d5d830af53f99f7b886a91eb9bfd90540851433ee7d736832cf801fbb,2019-02,Merseyside Police,Merseyside Police,-2.953419,53.394631,On or near SOLWAY STREET WEST,E01006674,Liverpool 039C,Offender given a drugs possession warning
4bbea07c4c5d29fed84af61340cc7a6a76b378b8c06f589bd72690381fd5153c,2019-02,Merseyside Police,Merseyside Police,-2.987117,53.404218,On or near Bus/Coach Station,E01033756,Liverpool 061C,Investigation complete; no suspect identified
76e59199973faef7924115784b1d2367d5f7cb25278976649e5fb19343c59f3d,2019-02,Merseyside Police,Merseyside Police,-2.686031,53.450256,On or near MOORE AVENUE,E01006816,St. Helens 017A,Unable to prosecute suspect
3f13314ebe61b862b05c3d3f0ba72e36ccc123bc26993b6543190f0be04ee97f,2019-02,Merseyside Police,Merseyside Police,-2.876089,53.435485,On or near BARON'S HEY,E01006644,Liverpool 017D,Investigation complete; no suspect identified
900d3534fdeba705f30bc0bb81b80e9427a71580e081b582fc149138f2bf7b25,2019-02,Merseyside Police,Merseyside Police,-2.987108,53.650303,On or near MANCHESTER ROAD,E01006944,Sefton 003A,Investigation complete; no suspect identified
a20e799c1035ae378dd8778875014c82d52605a26235db91e9507d3a0ca31d2b,2019-02,Merseyside Police,Merseyside Police,-2.922484,53.473113,On or near LEAGATE,E01006653,Liverpool 001B,Unable to prosecute suspect
59f3b7bdd6d611ae16ab0ba1617f20ffe86f11972058c9b62b1a6ad625ad91d3,2019-02,Merseyside Police,Merseyside Police,-2.967028,53.387960,On or near MORTON STREET,E01006676,Liverpool 044D,Unable to prosecute suspect
b866f80e2cd1910d6887289c61fb36962cd20364bd6d8a37a5e89cfdc5e6086c,2019-02,Merseyside Police,Merseyside Police,-2.854542,53.361609,On or near STUART AVENUE,E01006538,Liverpool 055E,Investigation complete; no suspect identified
314239be2e926baf50c54529f078bb1eeba5099687fbfa09cb66f03510ad780d,2019-02,Merseyside Police,Merseyside Police,-2.977958,53.459386,On or near WILLIAM MORRIS AVENUE,E01007051,Sefton 035D,Unable to prosecute suspect
2498777ecefe9cf5ed0a8983d474a6cfce3e35f574459031b4e756433de95362,2019-02,Merseyside Police,Merseyside Police,-2.859522,53.390274,On or near Supermarket,E01006771,Liverpool 040D,Unable to prosecute suspect
37128814d658fdf3ff318f61e16caef0995a372704968c80eb8dd0f3d9bf3a75,2019-02,Merseyside Police,Merseyside Police,-2.967159,53.439474,On or near GOODISON PLACE,E01006615,Liverpool 012C,Further investigation is not in the public interest
254b3595e183c0005169d1cb8ea1b4de90ecd7c243cd14533639f43221020629,2019-02,Merseyside Police,Merseyside Police,-2.981930,53.406967,On or near Parking Area,E01033760,Liverpool 060C,Investigation complete; no suspect identified
2f04db720393aea682efe590b5629159ebea8e0481243bd3824b72bde8441d51,2019-02,Merseyside Police,Merseyside Police,-2.912045,53.430326,On or near MILLHOUSE COURT,E01006617,Liverpool 021A,Investigation complete; no suspect identified
bef428b22e9a031c5bfcc5603ae610374dfbb858b828ccc0d5d96f2555c15382,2019-02,Merseyside Police,Merseyside Police,-2.788165,53.427297,On or near GRAYS AVENUE,E01006499,Knowsley 009E,Further investigation is not in the public interest
871be086e7eba5457341b705d1d73d1a877fcb606ef5d2ca23054cbbda9a220f,2019-02,Merseyside Police,Merseyside Police,-2.947753,53.421185,On or near BELMONT ROAD,E01006760,Liverpool 028E,Unable to prosecute suspect
f93963ccb680de426a3cc3e2e5ccd1cd49fe7d025bb36a446028b56fc546ed30,2019-02,Merseyside Police,Merseyside Police,-2.924934,53.467305,On or near KARONGA WAY,E01006653,Liverpool 001B,Unable to prosecute suspect
66577c0f734171c0d665ed67caed0b14b5bdb2f81e3235fde003cc5ac446a034,2019-02,Merseyside Police,Merseyside Police,-2.633630,53.461431,On or near ELSTON AVENUE,E01006866,St. Helens 010A,Unable to prosecute suspect
bfad5f0c99952b1d8fcac0a9ccfc1c969eb272fd93f0acba5dec398e6834efa5,2019-02,Merseyside Police,Merseyside Police,-2.937063,53.398338,On or near LISCARD ROAD,E01006722,Liverpool 038D,Unable to prosecute suspect
bced0230b45c828a1d85b0f49843874f26f2954afd5f988a8292717f2c1fc2cf,2019-02,Merseyside Police,Merseyside Police,-2.749205,53.457463,On or near HARRIS STREET,E01006876,St. Helens 016D,Local resolution
4b52f6931c04d7f17c92f3b3327753b0dea5a80ea06a53388c8402b0269cfcc7,2019-02,Merseyside Police,Merseyside Police,-2.641507,53.455366,On or near THE COPSE,E01006867,St. Helens 010B,Unable to prosecute suspect
a381eea298f7c32fec417e68c8d1a3721bdf94121febe56730a259b34d3f8e69,2019-02,Merseyside Police,Merseyside Police,-2.960101,53.381490,On or near DINGLE GROVE,E01006633,Liverpool 050B,Unable to prosecute suspect
d1f785f1b8c585b3c63d5268443d4b9a529eeb9639ad0c3738bb364aa5985178,2019-02,Merseyside Police,Merseyside Police,-2.713771,53.433410,On or near KIDSTONE CLOSE,E01006847,St. Helens 020C,Unable to prosecute suspect
c23600b2fe27d932beb6febfe26b87fd00bdc79147bb13d9731743745bf40bcb,2019-02,Merseyside Police,Merseyside Police,-2.867523,53.422145,On or near LORDENS CLOSE,E01033228,Knowsley 008F,Unable to prosecute suspect
e59bd93f613a31b4818e254340b670d950e4b0306897727fff42c6762cb0f586,2019-02,Merseyside Police,Merseyside Police,-3.013357,53.645266,On or near Supermarket,E01006968,Sefton 004C,Unable to prosecute suspect
f6ffa86c934372ce1f2cd8ea5fd213bb0db7d71d58a666144ecd486c9987a660,2019-02,Merseyside Police,Merseyside Police,-2.872604,53.419699,On or near STONEFIELD ROAD,E01006643,Liverpool 025E,Formal action is not in the public interest
1544a69c9da12964ab7eb18850b712ebd16b4d62e1b7fc63ffd1fe2db25d3885,2019-02,Merseyside Police,Merseyside Police,-2.932534,53.399623,On or near BISHOPGATE STREET,E01006728,Liverpool 035E,Investigation complete; no suspect identified
1affe91ca1157feef82ea062b5fb58efaa99b5e6bc6792dd8e5778a78ef0cc4a,2019-02,Merseyside Police,Merseyside Police,-2.941965,53.422084,On or near BELMONT DRIVE,E01006760,Liverpool 028E,Unable to prosecute suspect
d1663c20ad49617b7318e8ce88f6df2015c23c33fa4d5d44106865759b3f1ae8,2019-02,Merseyside Police,Merseyside Police,-2.894458,53.435016,On or near MOLLAND CLOSE,E01006627,Liverpool 013C,Unable to prosecute suspect
7f65961b287816ea696f9a9a121f43f3015c7d5188d3b91d07b6518c95b9858e,2019-02,Merseyside Police,Merseyside Police,-3.042615,53.383063,On or near PALM HILL,E01007239,Wirral 022C,Investigation complete; no suspect identified
5fa51dad68625b468fefb990e7898a84e32c35eec226dda3acbd81009c4de00f,2019-02,Merseyside Police,Merseyside Police,-2.935663,53.392093,On or near BETHEL GROVE,E01006557,Liverpool 038B,Investigation complete; no suspect identified
1a1427535203a324b2662d247f4275599404cc831058e6a58459991782ccbc24,2019-02,Merseyside Police,Merseyside Police,-2.947223,53.422393,On or near SUNLIGHT STREET,E01006540,Liverpool 024A,Investigation complete; no suspect identified
3926b1c4bf33362745dfe1aa946eaaaa862912f57b33ffd3b1e12111fd72828f,2019-02,Merseyside Police,Merseyside Police,-2.910325,53.392127,On or near HILLINGDON ROAD,E01006591,Liverpool 041C,Unable to prosecute suspect
9868bb34e7b2c9c6659a4fde68dff5792b85091a7134edf06b944f4d4fd07a27,2019-02,Merseyside Police,Merseyside Police,-3.026319,53.475556,On or near LORNE ROAD,E01006956,Sefton 030B,Unable to prosecute suspect
89a33f937fc78338e55ff6fe62e24c780d7f30f26166462b093717393dc676f9,2019-02,Merseyside Police,Merseyside Police,-2.993905,53.645330,On or near HALL STREET,E01007058,Sefton 006A,Suspect charged
14637464642072176d62bf8e7e87d0b311b606c6a0cb64fb854d1c2795ae4936,2019-02,Merseyside Police,Merseyside Police,-2.907877,53.483346,On or near MELVERLEY ROAD,E01006508,Knowsley 004D,Unable to prosecute suspect
74fed279034f5cb000865bf9e14e4d18baca16a6d6937be1cd3194642fc71415,2019-02,Merseyside Police,Merseyside Police,-3.062369,53.372120,On or near LEDBURY CLOSE,E01007247,Wirral 024D,Unable to prosecute suspect
48c1576a76833d2c41861f98d1512696faac2eebe239a09128a13add27e9d7df,2019-02,Merseyside Police,Merseyside Police,-2.938149,53.396415,On or near LANGTON ROAD,E01006722,Liverpool 038D,Unable to prosecute suspect
5f242bf1f21f2426d7708d0b8c9d11fbb5bded9b7f47e66fc13ca98f253d997c,2019-02,Merseyside Police,Merseyside Police,-2.999112,53.411588,On or near A5036,E01033753,Liverpool 062C,Suspect charged
e44cb40c760a7b9c203cb8f9e4fcdc583f6579313716cd171c08f94740dfafd6,2019-02,Merseyside Police,Merseyside Police,-2.901405,53.354990,On or near ST MARY'S ROAD,E01006745,Liverpool 057D,Unable to prosecute suspect
638910800f5767e20ab4e9279227a5e2989324bab0eefe956d0ae60edcc372ec,2019-02,Merseyside Police,Merseyside Police,-3.035572,53.380310,On or near KINGSLAND ROAD,E01007244,Wirral 022E,Unable to prosecute suspect
f3afbb76c6fd9273a96dfaf77eac1015092060ca5f7a99689215f6ffc7d25ef3,2019-02,Merseyside Police,Merseyside Police,-2.820620,53.370674,On or near REDOAKS WAY,E01006420,Knowsley 017A,Unable to prosecute suspect
c0f6771b82a5764640a3f8e92fbfe25254f5e66a782cf3d9841b5878b1ba69e1,2019-02,Merseyside Police,Merseyside Police,-2.723059,53.420168,On or near FARRIER WALK,E01006909,St. Helens 022D,Investigation complete; no suspect identified
b9f7949216313fd518c67c7e76e5f70bb8a210777b9bd98b6dc819030b266747,2019-02,Merseyside Police,Merseyside Police,-2.922930,53.386017,On or near CROYDON AVENUE,E01033749,Liverpool 042F,Investigation complete; no suspect identified
100fb6b73df504a3bd1a29ec03afc1b1b1ed173cbf026df1805cec8b76ef3525,2019-02,Merseyside Police,Merseyside Police,-3.026711,53.419390,On or near WRIGHT STREET,E01007215,Wirral 005A,Investigation complete; no suspect identified
4e55cccfd4c1bbfb6de75724fcff16073707ba2090e17c0ac642285d186bd15f,2019-02,Merseyside Police,Merseyside Police,-2.629822,53.441226,On or near LINEAR VIEW,E01006862,St. Helens 015G,Investigation complete; no suspect identified
d1bddef34e190d70d6b6875e7f9e038e6b4b71a6fea9b4d2054e182ac0dcb717,2019-02,Merseyside Police,Merseyside Police,-3.026343,53.472194,On or near YORK STREET,E01006957,Sefton 032C,Investigation complete; no suspect identified
4473e523eebb4c221c6319683b13b1e00fce6180865e24c719fdc9ac9fbb1a76,2019-02,Merseyside Police,Merseyside Police,-2.888699,53.357341,On or near Parking Area,E01006743,Liverpool 058D,Unable to prosecute suspect
5d57004ae8be819b00a6ec6c2e9f1e0efac76175f357623ce3e21a7859a293fb,2019-02,Merseyside Police,Merseyside Police,-3.010174,53.646893,On or near Parking Area,E01006968,Sefton 004C,Offender given penalty notice
fb5e2e52c5a92f6b41d514ad50be3c63fc8c721c167b9afdd43037e1d7fecd07,2019-02,Merseyside Police,Merseyside Police,-2.883661,53.351347,On or near MEREDITH STREET,E01006743,Liverpool 058D,Suspect charged
ea89570ef17a54de6d2a36d07711558cb07ef77ec565d62e38a6426a4ff2346d,2019-02,Merseyside Police,Merseyside Police,-2.974082,53.463076,On or near GRONOW PLACE,E01007051,Sefton 035D,Investigation complete; no suspect identified
0639937ea1fe208291a8f9f29b0824f96f4424a022591a3be261b2a549af4ecc,2019-02,Merseyside Police,Merseyside Police,-3.088617,53.415309,On or near KINGHAM CLOSE,E01007210,Wirral 006C,Unable to prosecute suspect
c67731b0aac8c65970d5328591a0bfd9e047c912abeacb56625ab5b294032df8,2019-02,Merseyside Police,Merseyside Police,-2.769979,53.441124,On or near FRECKLETON ROAD,E01006904,St. Helens 016G,Suspect charged
65c057a478d6ec2541bfcd05384b59210e9c87cb4549dab96d71f2310c491769,2019-02,Merseyside Police,Merseyside Police,-2.981486,53.392246,On or near CROW STREET,E01033765,Liverpool 061D,Investigation complete; no suspect identified
810cb1248474d68a24f16da682ca431ecaf43dc44d9590f00996b942abe94948,2019-02,Merseyside Police,Merseyside Police,-2.796905,53.422269,On or near LATHUM CLOSE,E01006460,Knowsley 007A,Investigation complete; no suspect identified
46440279534eb243025f111353de706246b87552a962a284a6c548e2168882dc,2019-02,Merseyside Police,Merseyside Police,-2.903371,53.483327,On or near LOGNOR ROAD,E01006507,Knowsley 004C,Investigation complete; no suspect identified
2cef8ab27eb05bf9725c23ef9823608c7ef1bc195c64d035b6135a15726553a8,2019-02,Merseyside Police,Merseyside Police,-2.979959,53.404996,On or near RANELAGH STREET,E01033756,Liverpool 061C,Unable to prosecute suspect
c87e065455c8c2d7b5b398e8320894e937792718deab95e826a04c3093e2382a,2019-02,Merseyside Police,Merseyside Police,-2.978904,53.402928,On or near WOOD STREET,E01033761,Liverpool 060D,Suspect charged
e5127f211c3fa36ea4223ff59842abd0df3eddd53d5bcb5a340a8b0ffbd1a059,2019-02,Merseyside Police,Merseyside Police,-2.932467,53.397242,On or near BANNER STREET,E01006721,Liverpool 038C,Unable to prosecute suspect
37e6b386a62e0fa9cf81dae331e32846d4718fd51c18948b74766d9c2b68992e,2019-02,Merseyside Police,Merseyside Police,-2.848621,53.419045,On or near PINE CLOSE,E01006452,Knowsley 012D,Offender given a drugs possession warning
9d5b9cfee1b6b5a114971301c6c00d7e063b288c4c78027215faef567fa62f17,2019-02,Merseyside Police,Merseyside Police,-3.037961,53.411122,On or near HILLCROFT ROAD,E01007271,Wirral 010E,Unable to prosecute suspect
8ca2f76be3db9f946ba215e4d28ea7300134fe02254d6fb95c6bd73679f7d297,2019-02,Merseyside Police,Merseyside Police,-2.972851,53.491599,On or near WESTMINSTER AVENUE,E01007085,Sefton 023B,Unable to prosecute suspect
b1821979616cc4bac25e69b8ba320dea8a8be18b3a0ea892c69de4939461b26a,2019-02,Merseyside Police,Merseyside Police,-2.995656,53.366672,On or near ONSLOW ROAD,E01007139,Wirral 031C,Unable to prosecute suspect
f1a33fdd46b7c7e9c82e37b5a23727239acddba98c24d1258baba5e5a5e7aba9,2019-02,Merseyside Police,Merseyside Police,-2.983915,53.395202,On or near CHALONER STREET,E01033754,Liverpool 061B,Unable to prosecute suspect
78e58ad6e2bfbf76fbe5de2df406d6e9ee3e32553a9f91a6a913b1810d19de9b,2019-02,Merseyside Police,Merseyside Police,-2.899233,53.465093,On or near PORTAL WAY,E01006663,Liverpool 004C,Investigation complete; no suspect identified
6aff776d697346d41a1d872703f0f32def91cf1c73c7f1fe1aeded7ec64b42f1,2019-02,Merseyside Police,Merseyside Police,-2.733492,53.443205,On or near BURTONHEAD ROAD,E01006912,St. Helens 019G,Investigation complete; no suspect identified
303ab5c75544d77c5bd3c7fbeaf82ef788579c3b130c4730228b3224a0b4c31a,2019-02,Merseyside Police,Merseyside Police,-2.964442,53.389320,On or near MODRED STREET,E01006676,Liverpool 044D,Offender given a drugs possession warning
d1c278779d54dd10644c4036f9150d88f2881e4818620e6e91079787e18cc85c,2019-02,Merseyside Police,Merseyside Police,-3.037836,53.412795,On or near EVELYN ROAD,E01007271,Wirral 010E,Investigation complete; no suspect identified
5165c805caac3d785c1db25a884b6468d3329250e402ee0024dd854a65a4459d,2019-02,Merseyside Police,Merseyside Police,-2.983915,53.395202,On or near CHALONER STREET,E01033754,Liverpool 061B,Unable to prosecute suspect
5a4ee306ecee3c66065a33a6ee37fba13e42c18656d5a636da08b8ff45edf3d9,2019-02,Merseyside Police,Merseyside Police,-2.924475,53.456558,On or near FALCONHALL ROAD,E01006659,Liverpool 005B,Unable to prosecute suspect
be7b3517301a1a9e178d51bf377ca265aec43dbd763de52b8ab1256132a8bae2,2019-02,Merseyside Police,Merseyside Police,-2.878075,53.485816,On or near QUARRY GREEN,E01006447,Knowsley 003E,Unable to prosecute suspect
8d7fbdfc1b5a5afcc4e142867bae9e9185f4b3c6531d8cda14359d24f9dfd7f6,2019-02,Merseyside Police,Merseyside Police,-2.878075,53.485816,On or near QUARRY GREEN,E01006447,Knowsley 003E,Unable to prosecute suspect
25645a9c5c543a44730d2d44937bb9146a6e214f911a37ec2311b92a05972d82,2019-02,Merseyside Police,Merseyside Police,-2.883038,53.414894,On or near SWANSIDE AVENUE,E01006488,Knowsley 014E,Investigation complete; no suspect identified
3f148cdf9c00ad0ee9c00227c7a5ba02bd2bcf724f554c05d42754245ee15524,2019-02,Merseyside Police,Merseyside Police,-3.048133,53.419779,On or near MOSELEY AVENUE,E01007217,Wirral 007D,Investigation complete; no suspect identified
b0830e67356d093d7d0fe0fe7b8ea57d822cdcecdcfe18a2c8e1754ad580370d,2019-02,Merseyside Police,Merseyside Police,-3.053185,53.490199,On or near THE SERPENTINE,E01006936,Sefton 022A,Offender given a caution
21d3b6c18b2709c7964cee57e10092737234ae8022a3613ea0a457159edfc904,2019-02,Merseyside Police,Merseyside Police,-2.915812,53.399708,On or near MONKSWELL DRIVE,E01006586,Liverpool 032C,Offender given a drugs possession warning
58041f0d3446fa5e89e1f5d608e122bae46ffe38547b16d580385c7ef20df2d2,2019-02,Merseyside Police,Merseyside Police,-2.915812,53.399708,On or near MONKSWELL DRIVE,E01006586,Liverpool 032C,Offender given a drugs possession warning
74b6a426c40d81e8490abe85942e04048a32f0f2f919350bf6297f62a6abc1f4,2019-02,Merseyside Police,Merseyside Police,-2.961529,53.386170,On or near GREENGABLES CLOSE,E01006678,Liverpool 044E,Unable to prosecute suspect
5477eb5e3fa0f4d906d1b242581631f73063a1450465031ea347543ff7f36b04,2019-02,Merseyside Police,Merseyside Police,-2.975287,53.493961,On or near WATERSIDE,E01007091,Sefton 023D,Investigation complete; no suspect identified
ae9ccd639e4af80fc92210c1d5d2bcb0631259b36003cfe222d221b11c4198c2,2019-02,Merseyside Police,Merseyside Police,-2.975672,53.409562,On or near WILDE STREET,E01033758,Liverpool 060B,Unable to prosecute suspect
3f0295c84f3cd0d943514b3001e0ce09d68fc5b14bfafa3dbe2591ceb8f6d1da,2019-02,Merseyside Police,Merseyside Police,-2.948012,53.383420,On or near MANNERING ROAD,E01006522,Liverpool 048A,Investigation complete; no suspect identified
165f7759e2d44918e88e047edc2c99ebca61b229562564713323e661fde249dd,2019-02,Merseyside Police,Merseyside Police,-2.947753,53.421185,On or near BELMONT ROAD,E01006760,Liverpool 028E,Offender given a drugs possession warning
8b40f420cb512c9a9061f2c0f9423abb1941964feeb393800331890b80e9a0dd,2019-02,Merseyside Police,Merseyside Police,-3.019039,53.409406,On or near CHURCH ROAD,E01007274,Wirral 008C,Unable to prosecute suspect
b78ff91e24755143c310e46b02b3d8d6e7e09ea2150db6558638d20b461bff3d,2019-02,Merseyside Police,Merseyside Police,-2.997989,53.462556,On or near BEECHWOOD ROAD,E01007013,Sefton 036E,Unable to prosecute suspect
a82ec7c8550b68f9d165f4a9684f78a934167dd769234524a00c941dff66ff91,2019-02,Merseyside Police,Merseyside Police,-3.037905,53.414394,On or near RAYMOND ROAD,E01007276,Wirral 007E,Unable to prosecute suspect
1532e1759d998f4394798c26d48b7865dcd8ee4aedab867994e84019c1165caf,2019-02,Merseyside Police,Merseyside Police,-2.971516,53.464814,On or near ALBERT DRIVE,E01007049,Sefton 035B,Unable to prosecute suspect
7ab8818ac377fa747ff26474fd837bd28dd9701c9fe39ad5b3752ba3aca54c0a,2019-02,Merseyside Police,Merseyside Police,-3.019092,53.381432,On or near HILLSIDE CLOSE,E01007291,Wirral 021D,Investigation complete; no suspect identified
1a9787f92b11ef9663e44632fca9a4e44e6a84e287b4292e0e2e941ce56b3018,2019-02,Merseyside Police,Merseyside Police,-2.962247,53.397329,On or near LOWTHER STREET,E01033768,Liverpool 037F,Investigation complete; no suspect identified
5cdb8980e05822cf3ca5f7f24ecfa0f84616f37881a74665fdea277e46215cc8,2019-02,Merseyside Police,Merseyside Police,-2.951652,53.376083,On or near MELLY ROAD,E01006628,Liverpool 052D,Unable to prosecute suspect
0fa672d30739fb73952424156b57b4d1dee9c29f6f763cc8b16852a39158e9b9,2019-02,Merseyside Police,Merseyside Police,-2.672869,53.464470,On or near OAKTHORN GROVE,E01006838,St. Helens 006B,Investigation complete; no suspect identified
2fd300c2d4d122e5d36e6b38669fc0a5c75baea031935472cb5ac3e2644093d0,2019-02,Merseyside Police,Merseyside Police,-2.672869,53.464470,On or near OAKTHORN GROVE,E01006838,St. Helens 006B,Investigation complete; no suspect identified
b099af2b12fb4c9cbf29e109f99d96c0456029079d5e27662e21eda69ee23201,2019-02,Merseyside Police,Merseyside Police,-2.979959,53.404996,On or near RANELAGH STREET,E01033756,Liverpool 061C,Investigation complete; no suspect identified
b41edcb2da964cb0e9ded87d0dbf1a82bc260d0b60128cc7c5c5cc35fb791be4,2019-02,Merseyside Police,Merseyside Police,-2.932582,53.484954,On or near SANDOWN PARK ROAD,E01007042,Sefton 026C,Investigation complete; no suspect identified
faf427ab1900f9e704de3edf35e39c93dbd9d3150a175ae9b53eaabea99daf62,2019-02,Merseyside Police,Merseyside Police,-3.024211,53.377325,On or near WYCHERLEY ROAD,E01007294,Wirral 021F,Unable to prosecute suspect
ea3a7bc60c0b2e8cccdd0af6967cf9e5c4f5843924ab596b7c838e8011a900da,2019-02,Merseyside Police,Merseyside Police,-2.982355,53.390783,On or near GRANARY WAY,E01033765,Liverpool 061D,Investigation complete; no suspect identified
ddf40be2cb5f78c8756255051668c8a888fec7f68bb03ee1d6f40e7781c69b13,2019-02,Merseyside Police,Merseyside Police,-2.952634,53.403941,On or near HELENA STREET,E01006751,Liverpool 031F,Investigation complete; no suspect identified
e3b665631be7a343229a686358e773673615f52a0191db15132de741ff87f860,2019-02,Merseyside Police,Merseyside Police,-2.859522,53.390274,On or near Supermarket,E01006771,Liverpool 040D,Unable to prosecute suspect
819689e40266804b86a689bebb246189b4036a457c5cb36693ceb35b063e216e,2019-02,Merseyside Police,Merseyside Police,-2.993814,53.488235,On or near PENDLE DRIVE,E01006979,Sefton 024A,Further investigation is not in the public interest
de1e4859227b9ff6851b1bf3526c84da3d551da04b6f94a324c8ad7656d6d709,2019-02,Merseyside Police,Merseyside Police,-2.948077,53.382287,On or near MARMION ROAD,E01006522,Liverpool 048A,Unable to prosecute suspect
6a6b8ad018894ebe0ffe18829e6ee56f15a97cb919bcefa896a9ad5b2efdf39f,2019-02,Merseyside Police,Merseyside Police,-2.858185,53.372423,On or near MALTON ROAD,E01006798,Liverpool 051D,Investigation complete; no suspect identified
a77befd67a57a83f891eadb706f0549cd4aff67d57f1d35ca48ec4f3bc869b0c,2019-02,Merseyside Police,Merseyside Police,-2.966193,53.410825,On or near SHEPHERD STREET,E01006747,Liverpool 031B,Investigation complete; no suspect identified
10a53a848ea9838fc2cee21417295b105927ad12368402e12f86ad02c6269828,2019-02,Merseyside Police,Merseyside Police,-2.955687,53.397211,On or near BIRT CLOSE,E01006679,Liverpool 039D,Investigation complete; no suspect identified
30c9539766bb922232872ddd9504723c3e802695e787f3bcb220ce6eda428681,2019-02,Merseyside Police,Merseyside Police,-3.015616,53.389507,On or near KING'S SQUARE,E01007126,Wirral 016A,Investigation complete; no suspect identified
6e5d83b30e004fcc1404847d6d6528f6ed5287f5c4f6155586a990e01f3707fe,2019-02,Merseyside Police,Merseyside Police,-3.066163,53.381992,On or near LEA CLOSE,E01007163,Wirral 024A,Unable to prosecute suspect
5cd47a23abec63b058193289a50d729c3580aaf0d0e790929117ea5c14badbcb,2019-02,Merseyside Police,Merseyside Police,-2.990329,53.468031,On or near WALKER DRIVE,E01033095,Sefton 033F,Unable to prosecute suspect
8c25a55ed0f2724628fb74e1556f509695195edee8aa041eb02321e9903b6c80,2019-02,Merseyside Police,Merseyside Police,-2.938951,53.427384,On or near OCTOBER DRIVE,E01006767,Liverpool 019F,Formal action is not in the public interest
9fa251d5942ba0438bdb88731f8ab0d1650a30c1c82cb0bb6d28d718391fded8,2019-02,Merseyside Police,Merseyside Police,-3.062473,53.571699,On or near BREWERY LANE,E01006985,Sefton 013A,Unable to prosecute suspect
f5abb8d8eb606b2bd0a8f0732b0f71d8bdd691c23417980806d79071ee2c2107,2019-02,Merseyside Police,Merseyside Police,-2.977115,53.406242,On or near HILBRE STREET,E01006513,Liverpool 060A,Investigation complete; no suspect identified
1e9a5fda948d31e00a4b8758970673bd00bf2988833cffb3749a7f9cf6cbd918,2019-02,Merseyside Police,Merseyside Police,-2.936976,53.459382,On or near DYSON HALL DRIVE,E01006659,Liverpool 005B,Action to be taken by another organisation
dd61af0794e0718012c459c0cea0f0be803cfcbb7098e08dec79245279497e1e,2019-02,Merseyside Police,Merseyside Police,-3.006530,53.493747,On or near MOORFIELD ROAD,E01007023,Sefton 021C,Investigation complete; no suspect identified
6c8645957674b51f4c875a22598526d96cb8a19c53ecff0b7bba991ce8ddd29c,2019-02,Merseyside Police,Merseyside Police,-3.037469,53.427387,On or near PENKETT GROVE,E01007232,Wirral 002B,Investigation complete; no suspect identified
1e56a05e94adc15f5d1d82b118e9291c8d2bdb145a3e2b2911fbc4bc34a219ed,2019-02,Merseyside Police,Merseyside Police,-2.978446,53.633656,On or near Hospital,E01006999,Sefton 008C,Suspect charged
7b3de5e39aa443b054d5ecffa4058092c227cc70f8281b6c22051c8bd3c6ed41,2019-02,Merseyside Police,Merseyside Police,-2.991160,53.475224,On or near DALEY ROAD,E01006984,Sefton 031E,Investigation complete; no suspect identified
1f9620bd6efd299a8af0ad2d8cd7a9e19b0f8e1c391968a96ec2ec177853e8f3,2019-02,Merseyside Police,Merseyside Police,-2.922912,53.465766,On or near MONTROVIA CRESCENT,E01006655,Liverpool 001C,Unable to prosecute suspect
e1b8d76ecdfa30cfeb233bcd334347a655b602a951631d6e93afa76dda129c92,2019-02,Merseyside Police,Merseyside Police,-2.936976,53.459382,On or near DYSON HALL DRIVE,E01006659,Liverpool 005B,Action to be taken by another organisation
0f87ca4e6a91fa8322c0c88ffcd3f2ded81aad904ee15f8f40cf77d4debbcb49,2019-02,Merseyside Police,Merseyside Police,-2.988611,53.394084,On or near HALFTIDE WHARF,E01033750,Liverpool 061A,Unable to prosecute suspect
a19241b7ed22e3a22067cf1cb154a40638f28452a692ac4e160c586ce1fefa97,2019-02,Merseyside Police,Merseyside Police,-3.047934,53.441040,On or near KING'S PARADE,E01007230,Wirral 001B,Unable to prosecute suspect
c736130baa28d63b09a730b109cc1f053af21862a39612ddf01b551a9ac3b3c4,2019-02,Merseyside Police,Merseyside Police,-2.878420,53.434668,On or near MAB LANE,E01006645,Liverpool 017E,Unable to prosecute suspect
48d22a47f790e663e75b23a47fc25f762cdfd2a20b74391e4d70a157f94b13fd,2019-02,Merseyside Police,Merseyside Police,-2.875146,53.415986,On or near ADCOTE ROAD,E01006572,Liverpool 025A,Investigation complete; no suspect identified
4652358413c202a772908ead2fd4c4ff1e3befa5b934da5527cc96e0e77639f2,2019-02,Merseyside Police,Merseyside Police,-2.976900,53.428356,On or near JASON STREET,E01033764,Liverpool 022E,Investigation complete; no suspect identified
40074fd39ade826f9c2125dff63d034610d9ad74bac10d5bbf750bfc1547444b,2019-02,Merseyside Police,Merseyside Police,-2.995656,53.366672,On or near ONSLOW ROAD,E01007139,Wirral 031C,Unable to prosecute suspect
e4e3fe12c748df67b31b41761b0aa16b59d609711d4ac9e37fc4d21c43133ecd,2019-02,Merseyside Police,Merseyside Police,-2.850851,53.372467,On or near TEWKESBURY CLOSE,E01006433,Knowsley 018D,Investigation complete; no suspect identified
70911b07fa0deefba40858f15786172d77431c47df6bac50294d53a2e1480a6a,2019-02,Merseyside Police,Merseyside Police,-3.023944,53.371853,On or near WARING AVENUE,E01007173,Wirral 029A,Investigation complete; no suspect identified
11aff960edeb1732a02825bab4911f4ceb0d55a286f660b0d2ce31f3f3744fed,2019-02,Merseyside Police,Merseyside Police,-2.913499,53.444112,On or near GAYHURST CRESCENT,E01006599,Liverpool 010B,Unable to prosecute suspect
c8408e87cae52b861fe5a77a1d39b9a7eec1305b50d4da40c99863f95ad2505f,2019-02,Merseyside Police,Merseyside Police,-2.967908,53.409535,On or near DAULBY STREET,E01006747,Liverpool 031B,Investigation complete; no suspect identified
e269bce4a6fe6bcf41a48e675f38a014895022500675e0f67d541f2aed448c9e,2019-02,Merseyside Police,Merseyside Police,-3.046268,53.413674,On or near LOVE LANE,E01007276,Wirral 007E,Unable to prosecute suspect
aa48da70bb47384ba03dfb651b57aecbc9ba8f3607bdbef14b6d7c71eaddaef2,2019-02,Merseyside Police,Merseyside Police,-3.098098,53.385028,On or near TINAS WAY,E01007302,Wirral 018D,Unable to prosecute suspect
9d7b94b30d5b2dcacbfe4ee8802853e62c73d89fc1f32e19e4a592b068e4b3d1,2019-02,Merseyside Police,Merseyside Police,-2.721241,53.417644,On or near HAMMERSLEY AVENUE,E01006909,St. Helens 022D,Investigation complete; no suspect identified
0ecd683f119062f0007899cba4072486d8d6c2c8a927f24acb8a6beeb4b75484,2019-02,Merseyside Police,Merseyside Police,-3.006260,53.487430,On or near CARRFIELD AVENUE,E01007026,Sefton 024D,Suspect charged
c22b1ca8d7f5e14bc8dc579c86f5a1007613e969281cdbc52e966ba5d55856b3,2019-02,Merseyside Police,Merseyside Police,-2.843738,53.402711,On or near YEW TREE ROAD,E01006471,Knowsley 016A,Investigation complete; no suspect identified
cbcb0577ff877a8b8a6daf1ea0027fa134bab0798d36d056b7ee5b723dfc5850,2019-02,Merseyside Police,Merseyside Police,-2.937717,53.424617,On or near GLOUCESTER ROAD,E01006760,Liverpool 028E,Investigation complete; no suspect identified
c782778665abec36bec89aca5df0c78ee1906e54f6a03351057408ee857e3bfd,2019-02,Merseyside Police,Merseyside Police,-2.975287,53.493961,On or near WATERSIDE,E01007091,Sefton 023D,Investigation complete; no suspect identified
cc66e2572c5fc82927be726b2a7832af7f016db5bab6ac3d96317d2d31bf87cf,2019-02,Merseyside Police,Merseyside Police,-2.838247,53.411037,On or near Parking Area,E01006481,Knowsley 015E,Unable to prosecute suspect
041fb68423a2103a124ead21200f5a367de5d755ebb7027cdedf642a0d5d54d2,2019-02,Merseyside Police,Merseyside Police,-3.187107,53.373650,On or near RIVERSDALE ROAD,E01007196,Wirral 026A,Investigation complete; no suspect identified
b5cb6f77f5afaaa926e06edc0cc55ab547e9cd68987c1975ee44a200bc7e2489,2019-02,Merseyside Police,Merseyside Police,-2.984026,53.432595,On or near STANLEY CLOSE,E01033764,Liverpool 022E,Suspect charged
dcc807f5a40b475a936c73a82db709a5a299959a256537bca27eb362f06d832f,2019-02,Merseyside Police,Merseyside Police,-2.923643,53.402263,On or near SUNNINGDALE ROAD,E01006727,Liverpool 035D,Investigation complete; no suspect identified
164726fe3e7ef9946e6c15675a45172d07edbf8c54683a21069455c2828d9799,2019-02,Merseyside Police,Merseyside Police,-2.881546,53.472946,On or near ASKERN ROAD,E01006435,Knowsley 005D,Investigation complete; no suspect identified
8b6e8f38e4e40baa587a202dcff936ab43719043adda460c6e34824502d9951e,2019-02,Merseyside Police,Merseyside Police,-2.986145,53.425287,On or near CRANMER STREET,E01006779,Liverpool 022D,Suspect charged
6b0a361cc713706cf2c2508c76f4aecb8bbc292b68ae501cd5bfd94aa44ab39d,2019-02,Merseyside Police,Merseyside Police,-2.997549,53.359573,On or near Parking Area,E01007141,Wirral 031D,Suspect charged
21767d51adc742dd31b225e6bf95d0fa8e0c7b240874b6a8aa8d1eea3550c440,2019-02,Merseyside Police,Merseyside Police,-2.912053,53.447593,On or near ASHBANK ROAD,E01006672,Liverpool 010E,Investigation complete; no suspect identified
dda778f162384e24c2328268e618d3424cb402ce26ae58a4445b995651c21251,2019-02,Merseyside Police,Merseyside Police,-2.759057,53.449167,On or near CONSTANCE STREET,E01006833,St. Helens 016B,Suspect charged
930ceb3b2df52c005767e2a5798d01ed73111e6f9aee4556ad2813395ede3e0d,2019-02,Merseyside Police,Merseyside Police,-2.997549,53.359573,On or near Parking Area,E01007141,Wirral 031D,Suspect charged
8f0da0e2fdf29dd89552217be3ba0a0c88491cb0aeb69235353a10cac2b3f24a,2019-02,Merseyside Police,Merseyside Police,-2.998960,53.646070,On or near Supermarket,E01006969,Sefton 004D,Unable to prosecute suspect
58821fb41a6a3251837c2190746cad621d8f43a40fae889db52e97ef42760799,2019-02,Merseyside Police,Merseyside Police,-2.830068,53.418240,On or near WALLACE DRIVE,E01006482,Knowsley 011B,Investigation complete; no suspect identified
6f01b22686aac9f284dd12296f82d877b176fd289665ca388be0031e4a4914a5,2019-02,Merseyside Police,Merseyside Police,-3.097821,53.402316,On or near SPENCER AVENUE,E01007206,Wirral 009B,Unable to prosecute suspect
cabb488b2fd4fa3b14245798d326af8e3994c7ddbc48b6468225b59bb9a7b906,2019-02,Merseyside Police,Merseyside Police,-2.951652,53.376083,On or near MELLY ROAD,E01006628,Liverpool 052D,Unable to prosecute suspect
e5863cd650fe67f2dc173eb8125c4412ee0af9256bfcada1c3672f8b5355d49c,2019-02,Merseyside Police,Merseyside Police,-2.998960,53.646070,On or near Supermarket,E01006969,Sefton 004D,Unable to prosecute suspect
9aa31f538d13bde6dfc06a58a48f7c5b5bc93a22ba52f30083a8ced276955836,2019-02,Merseyside Police,Merseyside Police,-2.865207,53.360687,On or near FARTHING CLOSE,E01006537,Liverpool 055D,Investigation complete; no suspect identified
8b0a27ca29863b23292edf5a5f0e7143f98c9c4eb55c213d197c1a7d682ff828,2019-02,Merseyside Police,Merseyside Police,-2.826515,53.415820,On or near LONGVIEW DRIVE,E01006481,Knowsley 015E,Investigation complete; no suspect identified
aae0332efb36eeb2251730d4bc2794831763504a068aa79fb6d39f5b555081b5,2019-02,Merseyside Police,Merseyside Police,-2.976601,53.440260,On or near LEIGHTON STREET,E01006699,Liverpool 014A,Unable to prosecute suspect
b460b6dd15ad0ae6d25cb787a968b65db74e5a1686644948e1260d8a22e10943,2019-02,Merseyside Police,Merseyside Police,-2.983730,53.647554,On or near HARTWOOD ROAD,E01007064,Sefton 006E,Suspect charged
8feddc00b7a657fadff82b9002a7967724bae3fbd1c055868bbbe01ec574bb18,2019-02,Merseyside Police,Merseyside Police,-2.851976,53.339973,On or near DAM WOOD ROAD,E01006741,Liverpool 058C,Unable to prosecute suspect
bf09e388646fe195bd3eb5d24f34063691805b2753ad47eacee683ea4d737d6f,2019-02,Merseyside Police,Merseyside Police,-2.976601,53.440260,On or near LEIGHTON STREET,E01006699,Liverpool 014A,Unable to prosecute suspect
329cfa97614d33adc1d5c8f4d4093bd0b8d8ed7c76127c7f8445efceeda49e29,2019-02,Merseyside Police,Merseyside Police,-2.977671,53.400970,On or near Further/Higher Educational Building,E01006513,Liverpool 060A,Unable to prosecute suspect
772bcc985130ca4b15919e76e7ea2411c36de49fdd39db4baf9b0e2e59877c04,2019-02,Merseyside Police,Merseyside Police,-2.936976,53.459382,On or near DYSON HALL DRIVE,E01006659,Liverpool 005B,Investigation complete; no suspect identified
9a0fe234f5754e0afa77baf67aade4d5e67707b1c84d95b665834e8f1bd740a8,2019-02,Merseyside Police,Merseyside Police,-2.970309,53.488510,On or near HENRY HICKMAN CLOSE,E01007087,Sefton 029C,Unable to prosecute suspect
a8bad26ac1ade289ea899c69c0f7d28be3300fa535082baa3bf15694ad58fdd9,2019-02,Merseyside Police,Merseyside Police,-2.961243,53.667871,On or near GLAMIS DRIVE,E01007032,Sefton 002C,Investigation complete; no suspect identified
63756efb2fc599c092bc497f9282238c226461c8a6a5b9c6e8496ea9531132ef,2019-02,Merseyside Police,Merseyside Police,-3.097821,53.402316,On or near SPENCER AVENUE,E01007206,Wirral 009B,Unable to prosecute suspect
f058b3e9b5a4ea7ab91049835e54299d06269dba9c6e72a569d6bd28f7e4b576,2019-02,Merseyside Police,Merseyside Police,-2.728026,53.474852,On or near GRIZEDALE AVENUE,E01006849,St. Helens 004A,Unable to prosecute suspect
39256aa7ebd23240ac9fe87dcb23cfacb71c3d949299d66958fbc09e266d154e,2019-02,Merseyside Police,Merseyside Police,-2.928241,53.389616,On or near Petrol Station,E01006551,Liverpool 048E,Investigation complete; no suspect identified
e7eea99e5e4026a2381235a1b3d1107d43064db58f29736911b8b971a57deac7,2019-02,Merseyside Police,Merseyside Police,-2.965271,53.400702,On or near MYRTLE PARADE,E01006512,Liverpool 031A,Investigation complete; no suspect identified
822094326f8d0d8ae22032c0a969d8f4c41ad9db698178b04d2783b1dfb25a9d,2019-02,Merseyside Police,Merseyside Police,-2.895292,53.478947,On or near TITHE BARN LANE,E01006455,Knowsley 004A,Unable to prosecute suspect
0f1af0a5713b7baabff2f01cd524fe050baed540d1939273f386a0536e6f810a,2019-02,Merseyside Police,Merseyside Police,-2.969922,53.391586,On or near ACORN COURT,E01006518,Liverpool 044A,Action to be taken by another organisation
a81220ab07e40fbacd514852a77cf3c99ca57575c5329e0f659e0cfd56b9a639,2019-02,Merseyside Police,Merseyside Police,-2.984557,53.441885,On or near OLIVIA STREET,E01006963,Sefton 038D,Investigation complete; no suspect identified
deb3fd3719859413e8782f1f1f3163a5802b87a4f257291ca3bf5a4700aaccad,2019-02,Merseyside Police,Merseyside Police,-3.178507,53.367595,On or near MADELEY DRIVE,E01007282,Wirral 026E,Investigation complete; no suspect identified
1780633d4375003b521452d2414e53899b39c3a66b467e0188b8c353840bfb16,2019-02,Merseyside Police,Merseyside Police,-2.759057,53.449167,On or near CONSTANCE STREET,E01006833,St. Helens 016B,Unable to prosecute suspect
682e3cadaad29732fbb3f4b23798c89c320913eba4267e466f33f87ecc67d3ca,2019-02,Merseyside Police,Merseyside Police,-2.640208,53.452164,On or near BACK BRIDGE STREET,E01006863,St. Helens 013A,Investigation complete; no suspect identified
f911e55131c502d18765c6cb4f527dc33dc3049017a96e45562e721e01a88052,2019-02,Merseyside Police,Merseyside Police,-2.856228,53.385013,On or near WIDMORE ROAD,E01006709,Liverpool 040A,Unable to prosecute suspect
41bf46f8462ba7d972a9e197d5054c84f2df0333f9919e10b26dc5eacec20d97,2019-02,Merseyside Police,Merseyside Police,-2.970309,53.488510,On or near HENRY HICKMAN CLOSE,E01007087,Sefton 029C,Unable to prosecute suspect
35bce614e3ce3aa686b64cb33239eb450bc4baf02ad0b8c7a38358ad6ece9bc9,2019-02,Merseyside Police,Merseyside Police,-2.988457,53.490545,On or near EDGE LANE,E01007038,Sefton 021F,Investigation complete; no suspect identified
708f4e811e78ee50a62377e29b2f9c6c91f62846e99c819939db56efe209ae32,2019-02,Merseyside Police,Merseyside Police,-3.006965,53.466309,On or near SANDY ROAD,E01007011,Sefton 034C,Investigation complete; no suspect identified
64f0b45e3718f4fe7e67257536e60aaa2da02f24b8be10c7579f3934d2bcc1fa,2019-02,Merseyside Police,Merseyside Police,-2.853020,53.414798,On or near FRESHFIELD CLOSE,E01006451,Knowsley 012C,Investigation complete; no suspect identified
86645fa6d699efea80906ed584ebb94393bf738a7be7cc062866a506afad14f3,2019-02,Merseyside Police,Merseyside Police,-2.969223,53.397884,On or near LITTLE CATHARINE STREET,E01006514,Liverpool 037A,Investigation complete; no suspect identified
9a18e5f8dd38eb1e06172ff067e3faf1f2cf48a368705c8f3ce065411812e38b,2019-02,Merseyside Police,Merseyside Police,-2.860308,53.421811,On or near PRINCESS DRIVE,E01006453,Knowsley 008A,Investigation complete; no suspect identified
e4276e989a2773bca4d5425ebc5425bca4ade7abb744bba9d349e8716df77d8b,2019-02,Merseyside Police,Merseyside Police,-2.728026,53.474852,On or near GRIZEDALE AVENUE,E01006849,St. Helens 004A,Unable to prosecute suspect
ba782d71edc034f39f9c2d5ad13dcfeadda660ea9b10d16e6698265e2fb0b114,2019-02,Merseyside Police,Merseyside Police,-2.967127,53.471879,On or near BRIDLE ROAD,E01007048,Sefton 029A,Further investigation is not in the public interest
b2e281b1de0496d7436c8a1ee2a2b54b3c50a94137c89eec86ce0226645247ef,2019-02,Merseyside Police,Merseyside Police,-3.017323,53.467975,On or near PRITCHARD AVENUE,E01006953,Sefton 032B,Investigation complete; no suspect identified
74ce4f863ced619fce2178c2174c09c90dbfc673fb62fbb5ec9343cfbf117a72,2019-02,Merseyside Police,Merseyside Police,-2.951616,53.394016,On or near RITSON STREET,E01006674,Liverpool 039C,Unable to prosecute suspect
eba8fae54e9a7e6c5080ff16591f75d2145c27ff56264a81debe1d717e0c28ad,2019-02,Merseyside Police,Merseyside Police,-2.739208,53.454208,On or near ORMSKIRK STREET,E01006877,St. Helens 012C,Investigation complete; no suspect identified
b846d6ea73abc199afb24d2f8235a638429cf719c42501c558a65e949cb45de2,2019-02,Merseyside Police,Merseyside Police,-2.951912,53.397870,On or near COMMERCE WAY,E01006679,Liverpool 039D,Unable to prosecute suspect
6e2d55935e4e77138f2b7a4e6e22cde47b65fbf678e55b08a376dc82a414f9ae,2019-02,Merseyside Police,Merseyside Police,-2.883454,53.483556,On or near KELDAY CLOSE,E01006437,Knowsley 003D,Unable to prosecute suspect
bd5518a8314a1d5f6d838e78b7c5882ffcd7a4b2aa3df47ec9b1a003d6375b10,2019-02,Merseyside Police,Merseyside Police,-2.987117,53.404218,On or near Bus/Coach Station,E01033756,Liverpool 061C,Unable to prosecute suspect
dddc76244b884543d68852d0e2e1f21efa35d81303a9b763d00f446096ed1910,2019-02,Merseyside Police,Merseyside Police,-2.882643,53.365323,On or near WOOLTON ROAD,E01006535,Liverpool 054B,Investigation complete; no suspect identified
fb615812e23daf930d906acc79d04a6c79c1fd0209db2c45a60855b882bcc1f7,2019-02,Merseyside Police,Merseyside Police,-2.861439,53.430836,On or near CAMDALE CLOSE,E01006441,Knowsley 006D,Unable to prosecute suspect
32ead43aa7b58577254f2e369eda9451bfd480dfda959f1a050942ae2c3fd53a,2019-02,Merseyside Police,Merseyside Police,-2.967630,53.401240,On or near Further/Higher Educational Building,E01006513,Liverpool 060A,Investigation complete; no suspect identified
970cfea3f6fff23f6f12dc4ca0a816702f954ff42261701127ce9fc9e3240bcb,2019-02,Merseyside Police,Merseyside Police,-2.992098,53.446335,On or near TRINITY ROAD,E01007009,Sefton 037D,Investigation complete; no suspect identified
9ea167b7fb08a1223bcac1ce489590021946429fd48d6b9f6ae9d9010368e600,2019-02,Merseyside Police,Merseyside Police,-3.017323,53.467975,On or near PRITCHARD AVENUE,E01006953,Sefton 032B,Investigation complete; no suspect identified
989345cb8791ee8f9fd8ed97598ede469d83dfb985e2f639eeb47ad76f7d078b,2019-02,Merseyside Police,Merseyside Police,-2.991140,53.407753,On or near EXCHANGE STREET EAST,E01033752,Liverpool 062B,Investigation complete; no suspect identified
fd5b16a6d510b5904d823b596e1302cd1364d08be70ff3898664d7e6bc2a825c,2019-02,Merseyside Police,Merseyside Police,-2.921670,53.357612,On or near STANLOW VIEW,E01006687,Liverpool 056D,Investigation complete; no suspect identified
0bac2411c6d76b2b5cb294ae2e049b3dfdb3e88fd5c744e61ed68270cafbf545,2019-02,Merseyside Police,Merseyside Police,-2.825088,53.426832,On or near KINGS DRIVE,E01006440,Knowsley 010A,Investigation complete; no suspect identified
e059fe63c543c51fec7ece6d14cfc69a1eb5aaf06bda287fc5aa517ea6927087,2019-02,Merseyside Police,Merseyside Police,-2.898329,53.354429,On or near DUKE STREET,E01006745,Liverpool 057D,Unable to prosecute suspect
4a69988b74e7ff6a0eb3791744a8af7912c801491d810f3e9fe400660e48b48c,2019-02,Merseyside Police,Merseyside Police,-3.061052,53.556539,On or near Supermarket,E01007081,Sefton 014D,Unable to prosecute suspect
34507370cfa727e621cb5f3b85d055003a29805affe92a9df6b4e5e3b31820cd,2019-02,Merseyside Police,Merseyside Police,-2.891584,53.426435,On or near APPLEBY GREEN,E01006640,Liverpool 021F,Further investigation is not in the public interest
31dff1fefa71a11772580598f897a4746f9fb8373e0cf9c563dec1b8b20a8883,2019-02,Merseyside Police,Merseyside Police,-2.828308,53.409749,On or near SCHOOL LANE,E01006478,Knowsley 015B,Investigation complete; no suspect identified
d386efe592081a62ee838e19904b7c9f42dba8e0449e8c863d71612549f3d998,2019-02,Merseyside Police,Merseyside Police,-2.891545,53.355486,On or near HARWOOD ROAD,E01006743,Liverpool 058D,Unable to prosecute suspect
8fb6abd758b159c64958cfb8ec942a0cee142e490f835647103be27ab4104019,2019-02,Merseyside Police,Merseyside Police,-2.865492,53.373260,On or near WOOLTON STREET,E01006533,Liverpool 055C,Unable to prosecute suspect
67cac482e6e7e08f75e7787ee2bcb9f26837d68d0c1b802a1f201ff046b9c4b6,2019-02,Merseyside Police,Merseyside Police,-2.767616,53.459521,On or near KILN CLOSE,E01006822,St. Helens 009A,Unable to prosecute suspect
9f8aac0d752da4e99b827819716ff7574ad3ef8134b2e0f55244eb3096342b7d,2019-02,Merseyside Police,Merseyside Police,-2.786421,53.420064,On or near Hospital,E01006499,Knowsley 009E,Investigation complete; no suspect identified
91ef13dfb5223c5b334ed8553e7bad7553ab63a1241c1db1f141919a5c3f74d2,2019-02,Merseyside Police,Merseyside Police,-3.005983,53.641131,On or near CROSS STREET,E01006970,Sefton 007B,Unable to prosecute suspect
ae6ae0d4de97df9018d858552b0c5349be3fb88d82fb713584e8c91187451a27,2019-02,Merseyside Police,Merseyside Police,-2.943961,53.415075,On or near SWISS ROAD,E01006695,Liverpool 028C,Unable to prosecute suspect
c7a467fa42a8d522251b99b831d614b513a9e3ca20d09f5404680de406dfbf98,2019-02,Merseyside Police,Merseyside Police,-2.878713,53.421137,On or near PRESTWOOD ROAD,E01006642,Liverpool 025D,Unable to prosecute suspect
7713bb03f85e186be8b6a682bedf336f356b3e335b19ac294d7259bcd7d0e788,2019-02,Merseyside Police,Merseyside Police,-2.999841,53.483044,On or near CROSS HEY,E01006980,Sefton 024B,Unable to prosecute suspect
069498555a6dc7d2b570389753959eea2d0b406161c483824a440dc4041fb6b2,2019-02,Merseyside Police,Merseyside Police,-2.722454,53.448387,On or near WEST SIDE,E01006912,St. Helens 019G,Investigation complete; no suspect identified
1489facb08fe012741c94c127084bb6a69851d0b04861ba41b68179312fd0919,2019-02,Merseyside Police,Merseyside Police,-2.873261,53.492099,On or near LAPFORD CRESCENT,E01006494,Knowsley 001D,Offender given a drugs possession warning
d1133cdccf9b1ac499a2e8742977935b1a09994578248f459f765369b6908ec2,2019-02,Merseyside Police,Merseyside Police,-2.859522,53.390274,On or near Supermarket,E01006771,Liverpool 040D,Investigation complete; no suspect identified
71f9b69843be1b1f4183b7ddfa765663e5296845937ec8d37852ccde61e0ffb1,2019-02,Merseyside Police,Merseyside Police,-2.917516,53.413915,On or near ROCK STREET,E01032508,Liverpool 027G,Further investigation is not in the public interest
231c0822ea6f4b2e947560da6e8e0bbe9a1dfc7729ee8059ea05fe6736b9d030,2019-02,Merseyside Police,Merseyside Police,-2.932467,53.397242,On or near BANNER STREET,E01006721,Liverpool 038C,Suspect charged
e981b7bbd3f6f2a5bd0dc464f5f0af9e4f58aca27bac976a7a7217122ac22fb2,2019-02,Merseyside Police,Merseyside Police,-2.825088,53.426832,On or near KINGS DRIVE,E01006440,Knowsley 010A,Investigation complete; no suspect identified
963255891b08a074dbf53900d430dbad82b83797f34b174b416b709dfb3bff44,2019-02,Merseyside Police,Merseyside Police,-2.751384,53.484469,On or near CRANK ROAD,E01006885,St. Helens 001D,Unable to prosecute suspect
1403255f005bfe0247491b82ae0704e43de5fa384d35a517912c3cdaff80cbf0,2019-02,Merseyside Police,Merseyside Police,-2.944165,53.408673,On or near BOTANIC PLACE,E01006690,Liverpool 028A,Offender given a drugs possession warning
6bd170ba4698ea11df4e93960504e4b043c9bdd191fd3ff4d19ab5702d62a495,2019-02,Merseyside Police,Merseyside Police,-2.964809,53.409497,On or near Hospital,E01006747,Liverpool 031B,Investigation complete; no suspect identified
8278b7c73dddc103a0f4018eb8ef6a5ad7c9c8301544365404b6b59e4d812af5,2019-02,Merseyside Police,Merseyside Police,-2.891867,53.426999,On or near KENDAL PARK,E01006640,Liverpool 021F,Investigation complete; no suspect identified
09d20991a91d969da7bc2140adf89735c67fa736a4a6cb400498737fa6f30be8,2019-02,Merseyside Police,Merseyside Police,-2.891552,53.423469,On or near HONEY'S GREEN LANE,E01006622,Liverpool 021E,Unable to prosecute suspect
2082027c963ab721c55d6b0f104b17f88465249f06d96bd2409eff07358ec4f4,2019-02,Merseyside Police,Merseyside Police,-3.025158,53.493022,On or near ALLENGATE,E01007021,Sefton 025A,Suspect charged
e4d312e406c6612d83619ccd73b1f9be11a89914982748c0fdd64c5a70a6ea83,2019-02,Merseyside Police,Merseyside Police,-2.900691,53.449998,On or near SWORD CLOSE,E01006664,Liverpool 004D,Unable to prosecute suspect
81df0a5b2a12b4101ced6c5058fbddefdb6ea6ad1091c7341702b940ea8cff6d,2019-02,Merseyside Police,Merseyside Police,-2.971449,53.444734,On or near BRIDE STREET,E01006698,Liverpool 012D,Investigation complete; no suspect identified
ba2ecfb33be551267474f2c0eb80634d7c6bbf31151b775ae4d3d1f27b2cf9b8,2019-02,Merseyside Police,Merseyside Police,-2.919853,53.444819,On or near ELLERGREEN ROAD,E01006598,Liverpool 010A,Unable to prosecute suspect
c98d095b21708c20a761d3ebe6a7c7c956c8e0802e22d748c4b2555081e4f286,2019-02,Merseyside Police,Merseyside Police,-3.088319,53.372973,On or near MEADOW CRESCENT,E01007249,Wirral 025A,Investigation complete; no suspect identified
b15fc3552d8b6271ef6746ea0744f9d39972204f3e0edea618b03069f52524c9,2019-02,Merseyside Police,Merseyside Police,-3.005811,53.499686,On or near THE CRESCENT,E01007037,Sefton 021E,Investigation complete; no suspect identified
b687c1e54c563fec5de20ee85e3664007002b82de775bee74dd7dac81cb22e2d,2019-02,Merseyside Police,Merseyside Police,-3.040409,53.398624,On or near CHURCHVIEW ROAD,E01007133,Wirral 016E,Suspect charged
b415d450dbccb32b7e4ec329323c4c6bb92ce2fc4bc4f4cdc5804b604a98c7f7,2019-02,Merseyside Police,Merseyside Police,-2.629508,53.442379,On or near VULCAN CLOSE,E01006862,St. Helens 015G,Unable to prosecute suspect
45f0ecbb67a5103c1d4b6c0ac2d7ffa35864e527b81c7bb136f915256bb3edd1,2019-02,Merseyside Police,Merseyside Police,-2.954967,53.442260,On or near LILLY GROVE,E01006613,Liverpool 009D,Investigation complete; no suspect identified
05850a4b3373e4011f9c515f1924422954309b7e5ffd09d9223baee98d9efc96,2019-02,Merseyside Police,Merseyside Police,-2.901404,53.456645,On or near GILLMOSS CLOSE,E01006662,Liverpool 004B,Investigation complete; no suspect identified
4580683daa8dc0b51f0d2f89d64306e1c0a8db7f6c963a0a81f90a218e64e61b,2019-02,Merseyside Police,Merseyside Police,-2.758261,53.432408,On or near BLAYDON GROVE,E01006906,St. Helens 019E,Investigation complete; no suspect identified
ffe3ebbf82c91170db9c3e19be2c8a83e9f7154b6a6bfa0ce67639c7d7b3ec08,2019-02,Merseyside Police,Merseyside Police,-2.974929,53.402763,On or near OLDHAM STREET,E01006513,Liverpool 060A,Investigation complete; no suspect identified
2ff09d3fe51c91abc0be57a18fcb70eadf677227f6b2f64b964b22c489b03e8c,2019-02,Merseyside Police,Merseyside Police,-2.915169,53.437025,On or near HORNSPIT LANE,E01006625,Liverpool 016D,Investigation complete; no suspect identified
8d87c5bbcaf8975f7e47ad8228dee4fa5407157bda72e17f1e3f27eca5dab615,2019-02,Merseyside Police,Merseyside Police,-2.987117,53.404218,On or near Bus/Coach Station,E01033756,Liverpool 061C,Suspect charged
e92b9945c3d66584f16e3845484425902dc36db1f4bc3e837ffc2016997b1d23,2019-02,Merseyside Police,Merseyside Police,-3.006598,53.623130,On or near LYNDHURST ROAD,E01006929,Sefton 010A,Investigation complete; no suspect identified
383e92cc3e255c8a15c88b8b634f846ae8eb325ceb39b83db5b7e43ea9d8d7b1,2019-02,Merseyside Police,Merseyside Police,-2.902958,53.409226,On or near THE GREEN,E01006567,Liverpool 026A,Unable to prosecute suspect
3df4f697be5165a5a0d3f9a917e629567040223be6c2a0a0d3219294a72322f3,2019-02,Merseyside Police,Merseyside Police,-2.917460,53.465799,On or near FALCON HEY,E01006658,Liverpool 001D,Unable to prosecute suspect
6b236cc94d4a8b2d04cc56cc306657c1b374db8cd09cd9fba6c1802afce3af8c,2019-02,Merseyside Police,Merseyside Police,-2.873238,53.495389,On or near DORCHESTER DRIVE,E01006492,Knowsley 001B,Unable to prosecute suspect
fb6c058ad3f2c50113e5fe41eb4bdd4a00f65dac388afd526150368853d00536,2019-02,Merseyside Police,Merseyside Police,-2.873238,53.495389,On or near DORCHESTER DRIVE,E01006492,Knowsley 001B,Unable to prosecute suspect
c2ceb1e4b56c59ab94617cee3f11e17e56bd720790bea401addf247caf1fd2a8,2019-02,Merseyside Police,Merseyside Police,-2.936629,53.394333,On or near WOODCROFT ROAD,E01006557,Liverpool 038B,Investigation complete; no suspect identified
2746c9c3d9cf03c226cd7b646360a030db0244213b7425e7fcede8b077672c6a,2019-02,Merseyside Police,Merseyside Police,-2.709749,53.460337,On or near BIDSTON AVENUE,E01006812,St. Helens 008C,Unable to prosecute suspect
9d147c23247f0d81f2f3c9831c9931a116723426f06754301e00c012ce588e66,2019-02,Merseyside Police,Merseyside Police,-2.981930,53.406967,On or near Parking Area,E01033760,Liverpool 060C,Unable to prosecute suspect
25280406dea596e3dccfd56f6f33797a004f355687966b60c84f2e04b918876b,2019-02,Merseyside Police,Merseyside Police,-2.758396,53.415463,On or near WENSLEYDALE AVENUE,E01006894,St. Helens 021D,Investigation complete; no suspect identified
199e7667feaab4e258e41e1b956637cd7b7b70a5002de1217e3a222f79463df9,2019-02,Merseyside Police,Merseyside Police,-2.987867,53.407403,On or near PROGRESS LANE,E01033760,Liverpool 060C,Investigation complete; no suspect identified
9a2fc325812a2cf94a7e0e5f81ff8b26ff1d1e9a63aba5db11b807486d16c8a9,2019-02,Merseyside Police,Merseyside Police,-2.859037,53.389370,On or near Supermarket,E01006771,Liverpool 040D,Investigation complete; no suspect identified
4e8451e5d34f9b7b61a636619542b8532fa287aba6b7bfad774422fd232827b9,2019-02,Merseyside Police,Merseyside Police,-3.099290,53.398033,On or near SUNNINGDALE,E01007209,Wirral 009D,Unable to prosecute suspect
bb16b7a33d1e9aa6f0336ad7b8e4b89a0c6b8f8a892365a52662601d759d45ec,2019-02,Merseyside Police,Merseyside Police,-2.804507,53.408069,On or near BANNER HEY,E01006502,Knowsley 017C,Investigation complete; no suspect identified
4e8f9342509d8d9112a37ce5538c924e3378b40f261a2edf1127122e1b176e53,2019-02,Merseyside Police,Merseyside Police,-2.864534,53.374939,On or near JAMES ROAD,E01006798,Liverpool 051D,Investigation complete; no suspect identified
ab2c5fcea31b829bb9fd05574db803fc4b68c8a5bb2a35d35db8e186939c72db,2019-02,Merseyside Police,Merseyside Police,-2.695222,53.452459,On or near A572,E01006819,St. Helens 011A,Investigation complete; no suspect identified
73371b82de52281dfb6d9e1335c276f02055b44365922b2e4357a68e66f748d9,2019-02,Merseyside Police,Merseyside Police,-3.000573,53.493626,On or near SEVEN ACRE ROAD,E01007024,Sefton 024C,Investigation complete; no suspect identified
9361eda68a9ae75c9f3e29cd5397d7c91c7213d3891f7fd1143f0337d06460f1,2019-02,Merseyside Police,Merseyside Police,-3.011382,53.371978,On or near BEDFORD ROAD,E01007295,Wirral 027D,Investigation complete; no suspect identified
8e42e517689e9c1bed51eec19ec817bc1e106563e81e2003e5117a53cd026fcd,2019-02,Merseyside Police,Merseyside Police,-3.178040,53.394801,On or near GROVE ROAD,E01007194,Wirral 014B,Unable to prosecute suspect
fa7ed3c18a18aca8634c515d66d8902c150cd5f2ad003a7d9d64013c31a2f522,2019-02,Merseyside Police,Merseyside Police,-2.968002,53.410361,On or near LONDON ROAD,E01033758,Liverpool 060B,Suspect charged
fa7ed3c18a18aca8634c515d66d8902c150cd5f2ad003a7d9d64013c31a2f522,2019-02,Merseyside Police,Merseyside Police,-2.968002,53.410361,On or near LONDON ROAD,E01033758,Liverpool 060B,Suspect charged
24d9e45a86840b0b54c268c57ccbbc45472643a0e4a3f80e8ba492686e47aa97,2019-02,Merseyside Police,Merseyside Police,-2.766871,53.412362,On or near HEYES MOUNT,E01006895,St. Helens 023D,Unable to prosecute suspect
506af9d17b50597ba711635c9874437e2a00fb2ec6cadcf5891e285cd47e61c8,2019-02,Merseyside Police,Merseyside Police,-3.003863,53.642946,On or near YELLOW HOUSE LANE,E01006970,Sefton 007B,Investigation complete; no suspect identified
4332f7d5e2d1756c686c48d102e5be898cf74c57bc7a86dbcb45d10431368f75,2019-02,Merseyside Police,Merseyside Police,-3.002885,53.461921,On or near WALLER STREET,E01007003,Sefton 036B,Unable to prosecute suspect
0db3e70ae19b0b28cce3cb330c056a03a3da44fe53f98c8b3cd1d38c43c29c73,2019-02,Merseyside Police,Merseyside Police,-2.937142,53.413529,On or near PRESCOT ROAD,E01006692,Liverpool 028B,Investigation complete; no suspect identified
f1b59427bf117348f3b40eba782c8886b968164ebb171872840786ead3521bb1,2019-02,Merseyside Police,Merseyside Police,-2.704883,53.498415,On or near LONDON FIELDS,E01006804,St. Helens 002B,Investigation complete; no suspect identified
d045d9782fbae55261eac7ee1fb098624c8e09c1b8764f755067d8b4ef08aaaa,2019-02,Merseyside Police,Merseyside Police,-3.083577,53.375677,On or near HUDDLESTON CLOSE,E01007303,Wirral 025D,Investigation complete; no suspect identified
bb9c9baf83042f59dad8405c241123215017e291832adc6a1638c3543649e53f,2019-02,Merseyside Police,Merseyside Police,-2.973990,53.399184,On or near UPPER DUKE STREET,E01006514,Liverpool 037A,Investigation complete; no suspect identified
19db0582b5f2eb94c73b1ecdaf00c7b50ceecb4df8c32a98d7c497edde894263,2019-02,Merseyside Police,Merseyside Police,-2.978842,53.422498,On or near Parking Area,E01033764,Liverpool 022E,Investigation complete; no suspect identified
75850a1493152de1a89dcac56bc29a3371957e8a27b7fb3146ce0cd31abdbe12,2019-02,Merseyside Police,Merseyside Police,-3.030984,53.384521,On or near LARCH ROAD,E01007130,Wirral 021A,Unable to prosecute suspect
7c14069fa1ff364c29ae2c10338fe136ebf52c01de4bca4c81eb4e499e0d445b,2019-02,Merseyside Police,Merseyside Police,-2.989462,53.483867,On or near CARR MEADOW HEY,E01007090,Sefton 029E,Unable to prosecute suspect
2cb32ac4203fe92ae3ddcbf13675ecc38fd2938a860d8704895bbe92a099c3ef,2019-02,Merseyside Police,Merseyside Police,-3.032727,53.481317,On or near SOMERVILLE GROVE,E01007103,Sefton 030E,Unable to prosecute suspect
26015dc6a67b924429afea3427434f0df06904f096b1caabd6ed7fc902c464de,2019-02,Merseyside Police,Merseyside Police,-3.021054,53.413128,On or near SHIRLEY STREET,E01007274,Wirral 008C,Investigation complete; no suspect identified
1c77e7f0b5938e54d299eda7667265d0819583d4ed649a7623c33b9e93e51325,2019-02,Merseyside Police,Merseyside Police,-3.017530,53.487919,On or near MOORGATE AVENUE,E01007106,Sefton 025D,Unable to prosecute suspect
374a78b394dd742d16247bfe778fb18ab3b675b39c618edf59a2c5df44fd0632,2019-02,Merseyside Police,Merseyside Police,-3.003478,53.490285,On or near CHESTER CLOSE,E01007026,Sefton 024D,Investigation complete; no suspect identified
911c9a7e32e81c71f6345df0f1bcd4dccd12a28f33efb6eb29bd3726895dbf56,2019-02,Merseyside Police,Merseyside Police,-2.983539,53.403016,On or near Parking Area,E01033756,Liverpool 061C,Unable to prosecute suspect
36087ab2b08519839fbc7ddb78f6b49c526e87a2b0f93b10adeaab8b79baca80,2019-02,Merseyside Police,Merseyside Police,-2.747535,53.456736,On or near SPRAY STREET,E01006876,St. Helens 016D,Action to be taken by another organisation
cbbde3dbbfb6df3a2bc209c67c0dd534da8a849c0bbec0cf66d9b98b9ada7cad,2019-02,Merseyside Police,Merseyside Police,-3.038492,53.388465,On or near ALEXANDRA ROAD,E01007129,Wirral 016D,Investigation complete; no suspect identified
bd343b9ee022ebc6bb459633a16390521aed65d4e8cc575aac37614e16256bb6,2019-02,Merseyside Police,Merseyside Police,-2.996423,53.435566,On or near BANKFIELD STREET,E01006778,Liverpool 014E,Investigation complete; no suspect identified
ee53852ca65bd389cef90c2b63772f4df2c82c2864c3f74df57003b0de2283ed,2019-02,Merseyside Police,Merseyside Police,-2.937695,53.443448,On or near KNIGHTON ROAD,E01006732,Liverpool 011E,Further investigation is not in the public interest
620d9e85d5b40e6c73b4499dd22e4451414821467a3fc91e9be36e990b2ecf01,2019-02,Merseyside Police,Merseyside Police,-2.663191,53.471688,On or near BLUEBELL AVENUE,E01006840,St. Helens 005C,Investigation complete; no suspect identified
54ffe34768907020e46ea6f52dbe40b911808b045cf3fc519e21e398ac7a7b49,2019-02,Merseyside Police,Merseyside Police,-2.895292,53.478947,On or near TITHE BARN LANE,E01006455,Knowsley 004A,Unable to prosecute suspect
b7b57274128b1b445c055e452d42acfb5431173cdf5f3ec772998bfebbabb744,2019-02,Merseyside Police,Merseyside Police,-2.880405,53.351542,On or near Shopping Area,E01006743,Liverpool 058D,Investigation complete; no suspect identified
4dec4751ade7c2c7666d036dad9aa9fe5361029371d1c3fb74b4ac63b2e0d70c,2019-02,Merseyside Police,Merseyside Police,-2.983539,53.403016,On or near Parking Area,E01033756,Liverpool 061C,Unable to prosecute suspect
0a1a794ef319eea733814da286d7eda0f2a5e20c02df1640227c6dfeae4ae5a5,2019-02,Merseyside Police,Merseyside Police,-2.706287,53.435918,On or near ELLEN GARDEN,E01006845,St. Helens 014A,Investigation complete; no suspect identified
c4b8ce7d84b44daf226d93715c38c5d88ce1b4fecf116e8f808e8f6fbde6f213,2019-02,Merseyside Police,Merseyside Police,-2.928952,53.421584,On or near BRAINERD STREET,E01006761,Liverpool 020B,Investigation complete; no suspect identified
d5261a1bc6a0d8bfe842193d38c61d95a99bcb0df0342e9f28fa87789e3597db,2019-02,Merseyside Police,Merseyside Police,-2.962220,53.454067,On or near RICE LANE,E01006791,Liverpool 006D,Unable to prosecute suspect
c4cf090e494aa472d8ce4c716d7effbcc2730b9ce3535efbb84d9094d00136f3,2019-02,Merseyside Police,Merseyside Police,-2.890938,53.436543,On or near SHELDON ROAD,E01006624,Liverpool 013B,Unable to prosecute suspect
e09c54df18ea8c71655994271385b15f84504419cf6660dcfd0ffcd9286d6dc9,2019-02,Merseyside Police,Merseyside Police,-2.733467,53.453965,On or near Theatre/Concert Hall,E01006872,St. Helens 014C,Suspect charged
4752dd57173e3cc64e755dab82cf02dde0ec9bef7b670e6e70963091819860aa,2019-02,Merseyside Police,Merseyside Police,-2.960326,53.423547,On or near HARDING CLOSE,E01006563,Liverpool 024B,Investigation complete; no suspect identified
eca20bf339122be7db068510b8150276ef57100d8d92a94aef901944bb86f6a2,2019-02,Merseyside Police,Merseyside Police,-2.767847,53.452284,On or near BONNINGTON CLOSE,E01006829,St. Helens 018D,Unable to prosecute suspect
c98fd7e262d0111f132e3496018db71aab2b45fce4b1d71789c34bcb55f36fa0,2019-02,Merseyside Police,Merseyside Police,-3.031096,53.489870,On or near YORK AVENUE,E01006939,Sefton 022D,Investigation complete; no suspect identified
e9139df461df24481c3cc223d8ee8ff2b4bcdd1bd79c0d627cdf117edd469324,2019-02,Merseyside Police,Merseyside Police,-2.996438,53.360913,On or near LEGH ROAD,E01007141,Wirral 031D,Unable to prosecute suspect
a5fe7e48ac0fe9981538859e01cba477cccf413ee01e78fa9e8aea59dbe8931d,2019-02,Merseyside Police,Merseyside Police,-2.751384,53.484469,On or near CRANK ROAD,E01006885,St. Helens 001D,Investigation complete; no suspect identified
962c73cf04e7b32615ca981e29a29374c8d5e3e230e9aa870b000929e4fc7a7d,2019-02,Merseyside Police,Merseyside Police,-2.978384,53.413710,On or near Police Station,E01006648,Liverpool 023D,Suspect charged
ca1b759f76c9d046ccc7ba39ab1d94b2215f11fbf624afcf6103b24e7bd3e545,2019-02,Merseyside Police,Merseyside Police,-2.951616,53.394016,On or near RITSON STREET,E01006674,Liverpool 039C,Unable to prosecute suspect
5b9f346faf38a03d2f7054373461b1fb19aa061b9980de502098f0de0790d83f,2019-02,Merseyside Police,Merseyside Police,-2.749186,53.435863,On or near ADELAIDE AVENUE,E01006905,St. Helens 019D,Investigation complete; no suspect identified
64c96bff1957a4a4cecebfb6c5d265b3649a92c22fe30b353ea0f521182ad1b8,2019-02,Merseyside Police,Merseyside Police,-2.868192,53.357501,On or near Supermarket,E01006537,Liverpool 055D,Investigation complete; no suspect identified
4d6312efa1f8ae875737524974402fb758f30472c1fd2348d8ab21e28c1d4daa,2019-02,Merseyside Police,Merseyside Police,-2.956641,53.417599,On or near HYGEIA STREET,E01006647,Liverpool 024C,Unable to prosecute suspect
be469e3f402083b1d44dce9a28c82970f21ee4c8785d11094512496fbaef2863,2019-02,Merseyside Police,Merseyside Police,-2.981323,53.407376,On or near Theatre/Concert Hall,E01033760,Liverpool 060C,Suspect charged
8ad8cedd9dd1a75d4ad882b7e575cb8d3debe4aed3790709898cc79837879c2a,2019-02,Merseyside Police,Merseyside Police,-3.039272,53.395173,On or near Sports/Recreation Area,E01007155,Wirral 020A,Unable to prosecute suspect
263422d5d9dc1e8e5ba68957ebf4352992e35661057a7e46432f95e5cc5ba37b,2019-02,Merseyside Police,Merseyside Police,-2.755879,53.442338,On or near ROYAL GROVE,E01006831,St. Helens 016A,Investigation complete; no suspect identified
49ae98657647f98afb121da93f778f5665d03f6d93ce5ed35dfa6f58ccf4f406,2019-02,Merseyside Police,Merseyside Police,-3.010658,53.651940,On or near MARINE PARADE,E01006950,Sefton 004B,Suspect charged
e85a80eb00845e02f83e662bf7ebbe64796f2e8f2a38403e089555c61ba85f61,2019-02,Merseyside Police,Merseyside Police,-2.981404,53.472293,On or near ENNERDALE DRIVE,E01007014,Sefton 033B,Suspect charged
292579b6d5a3cbd8dbd61874bfa40e24df001ee99d9145a44e12036653134ff9,2019-02,Merseyside Police,Merseyside Police,-3.010567,53.617757,On or near SUFFOLK ROAD,E01006930,Sefton 010B,Unable to prosecute suspect
945d67cb5c9ce45cd30bfffd2babf0ff589965207406ab872db3e97b97131411,2019-02,Merseyside Police,Merseyside Police,-3.050054,53.393299,On or near PARK ROAD WEST,E01007156,Wirral 015B,Unable to prosecute suspect
b2149c573666d2ccec72b635748ec50e2648663c6f9a4b976daa59d06ee7dac0,2019-02,Merseyside Police,Merseyside Police,-2.935386,53.437750,On or near QUEENS DRIVE WALTON,E01006603,Liverpool 011B,Unable to prosecute suspect
32a9bfaac748bdccfbcfbe1eadaa77840d4d5aa2f6a3beb4fe534eddfed0bdf7,2019-02,Merseyside Police,Merseyside Police,-2.965047,53.460534,On or near ELMFIELD ROAD,E01006786,Liverpool 003E,Investigation complete; no suspect identified
58e6bdc37f6da519a144a0a59848ba9b79f4a86de31a8c72b9991fa60971d151,2019-02,Merseyside Police,Merseyside Police,-2.907745,53.384614,On or near Parking Area,E01006596,Liverpool 049C,Investigation complete; no suspect identified
39d1bc0ace32c381b76a8eb2a38af816775c8894d0432a4ec73d0d85017de513,2019-02,Merseyside Police,Merseyside Police,-2.769979,53.441124,On or near FRECKLETON ROAD,E01006904,St. Helens 016G,Investigation complete; no suspect identified
0f6bf532fccfdd7f2dbd58582048e8d35283f2b0fdf657eaac4a9da754e85660,2019-02,Merseyside Police,Merseyside Police,-3.059184,53.415771,On or near FOX HEY ROAD,E01007211,Wirral 004A,Investigation complete; no suspect identified
bf035ad41d4d1200881e425341eb63004f8b23c4a97ffce72010d0171e754483,2019-02,Merseyside Police,Merseyside Police,-2.696352,53.450637,On or near MEDWAY COURT,E01006817,St. Helens 017B,Unable to prosecute suspect
28ff1a09552ecd63cb1e8400880dfcc038c5ab8a2b5f8706e5354cb49468a02e,2019-02,Merseyside Police,Merseyside Police,-3.052717,53.373239,On or near BOWNESS AVENUE,E01007245,Wirral 024B,Investigation complete; no suspect identified
22329fdef16e72664ff8d52ee9bfbcc107bb6b9d8dcdad972f56179aa57dffa5,2019-02,Merseyside Police,Merseyside Police,-2.977378,53.409826,On or near CAMDEN STREET,E01033760,Liverpool 060C,Unable to prosecute suspect
f71f0d8f0fb9b3209f9a1570bfb935ae9874a7df0effbe65cec9b41abe8dc01c,2019-02,Merseyside Police,Merseyside Police,-2.714217,53.449228,On or near RAMFORD STREET,E01006874,St. Helens 014E,Investigation complete; no suspect identified
c88c6a35ec19bfa665c8895caa2c090dffe6279abd11bf47720c0255817cbc2c,2019-02,Merseyside Police,Merseyside Police,-2.986145,53.425287,On or near CRANMER STREET,E01006779,Liverpool 022D,Suspect charged
19ad007a5e3bf85da8a551e81c17ef2ca5613ad14d691563e391a2dbfbde98c3,2019-02,Merseyside Police,Merseyside Police,-2.858778,53.425031,On or near STOCKBRIDGE LANE,E01033228,Knowsley 008F,Unable to prosecute suspect
29955e21a6718d15fc5c053b10c1e2536e0f33c11aa3bb216c2762c232b95982,2019-02,Merseyside Police,Merseyside Police,-2.946241,53.422230,On or near ELLEL GROVE,E01006540,Liverpool 024A,Offender given penalty notice
78dbb1d882ed380695bff85a7b1e9fbdfc7c93db2c6ba372dcda00add2110356,2019-02,Merseyside Police,Merseyside Police,-2.919754,53.408181,On or near OCEANIC ROAD,E01006716,Liverpool 032E,Unable to prosecute suspect
0f51467ae1783287507047bd39022658d1be9284d3e1a02f594edc9f153b2a54,2019-02,Merseyside Police,Merseyside Police,-2.740985,53.459402,On or near CHAPEL STREET,E01006877,St. Helens 012C,Suspect charged
3ebc5686761fb058cce947f2b857fe01f0ce555a4a6fc8177e8493e2dc6a4368,2019-02,Merseyside Police,Merseyside Police,-2.943168,53.390110,On or near BROMPTON AVENUE,E01006549,Liverpool 043B,Unable to prosecute suspect
1fb79ce7278a3a4f2cabf1bdc0fecff24e945bc023bcf976133b479fc87b9059,2019-02,Merseyside Police,Merseyside Police,-2.929950,53.371463,On or near RUNDLE ROAD,E01006529,Liverpool 048D,Investigation complete; no suspect identified
78355023103ee2330442b58fcf91eeeaa80c8a2543be3fd6f2483c18242b2f78,2019-02,Merseyside Police,Merseyside Police,-3.007673,53.368953,On or near QUEENS ROAD,E01007295,Wirral 027D,Unable to prosecute suspect
13ad2ce2e5061c7fde45173260c1f0ee920a8fc386c851e9f6b6e63c184ca9eb,2019-02,Merseyside Police,Merseyside Police,-3.027962,53.493025,On or near COOKS ROAD,E01006939,Sefton 022D,Suspect charged
17f10bdba10f6426bd724e92666a2b4639f4c18c292a2a4f9105c79262932264,2019-02,Merseyside Police,Merseyside Police,-2.970917,53.393681,On or near CORINTO STREET,E01006518,Liverpool 044A,Unable to prosecute suspect
c8cb23ed17738b815fded5b7e762a312bc7741546464575e6147e8db2051fe26,2019-02,Merseyside Police,Merseyside Police,-3.113891,53.401386,On or near NETHERTON ROAD,E01007221,Wirral 012B,Investigation complete; no suspect identified
08e9fad0b6f62d6f520e4a83ff3a59fc091daf498338e4d6d19552e85c3fdaa8,2019-02,Merseyside Police,Merseyside Police,-2.968009,53.406002,On or near Further/Higher Educational Building,E01006747,Liverpool 031B,Investigation complete; no suspect identified
efdb4c6b634cfd770af7dd163f9747a605d50d09c2f3cab0d5074d606e7fb8ea,2019-02,Merseyside Police,Merseyside Police,-2.964486,53.440449,On or near BARDSAY ROAD,E01006615,Liverpool 012C,Further investigation is not in the public interest
464c53b48efa4574e3123a9a471816c1ab3e95059fd0afd569a97320e651ad6c,2019-02,Merseyside Police,Merseyside Police,-2.850447,53.392937,On or near BRINTON CLOSE,E01006771,Liverpool 040D,Investigation complete; no suspect identified
8de807a7828b7b16b1d10c40888bc5ff767427587892cc4a334f8a11b863a327,2019-02,Merseyside Police,Merseyside Police,-2.881546,53.472946,On or near ASKERN ROAD,E01006435,Knowsley 005D,Unable to prosecute suspect
622f3fe9d5e64764f141553af17f232f078bf4eced54226a907a7ae880e57708,2019-02,Merseyside Police,Merseyside Police,-2.973545,53.444240,On or near HAHNEMANN ROAD,E01006698,Liverpool 012D,Suspect charged
7cb7d62483e1154914f75fcdb46faa6975c27ebad3199f7a4dddff3c9a2d8332,2019-02,Merseyside Police,Merseyside Police,-3.025117,53.476933,On or near HANDFIELD ROAD,E01006956,Sefton 030B,Unable to prosecute suspect
65885a53e9f4e61a1d281ca219c71142220336a7d01cff5b9c5e5071969c2b5a,2019-02,Merseyside Police,Merseyside Police,-2.973157,53.387712,On or near RUTTER STREET,E01006630,Liverpool 044B,Unable to prosecute suspect
05c6c1eec25a71bb674ea373904e035cee9958b3e492013cc68f94ce418be831,2019-02,Merseyside Police,Merseyside Police,-2.839173,53.391624,On or near CLEMATIS ROAD,E01006706,Liverpool 045A,Unable to prosecute suspect
e57ac9120c7c54031e64b89acc07f2c092c755e2b1d1740b593a9fbb6f569398,2019-02,Merseyside Police,Merseyside Police,-2.885842,53.471629,On or near TEDBURY WALK,E01006417,Knowsley 003B,Unable to prosecute suspect
16b2d732437926c6ca503f4d94603956e3824df0c8ef189d52692d9661f16be6,2019-02,Merseyside Police,Merseyside Police,-2.916578,53.445824,On or near CARR LANE,E01006598,Liverpool 010A,Unable to prosecute suspect
048aa844f7a85d5a614255bb47a95804a8977b105f3a78f92f44c72f7b5c00b3,2019-02,Merseyside Police,Merseyside Police,-3.023266,53.379931,On or near ALLERTON ROAD,E01007292,Wirral 021E,Unable to prosecute suspect
a1b45cabbb21a97d5a94bde1e9ff8116f370e8aabff8f8c124718dd57c94b0b7,2019-02,Merseyside Police,Merseyside Police,-2.981892,53.414455,On or near SCOTLAND ROAD,E01006648,Liverpool 023D,Unable to prosecute suspect
556bf6bdfef34b1ef303972ffd66663ef3891b2dbc51497f32758333da16a3f1,2019-02,Merseyside Police,Merseyside Police,-2.797963,53.409659,On or near DRAKE CLOSE,E01006505,Knowsley 013E,Unable to prosecute suspect
f3b9cd9a3c9c40331ffab98b958b781baefbeb8f5ed0af34ea28bae05341acaa,2019-02,Merseyside Police,Merseyside Police,-2.915956,53.470089,On or near COPPLE HOUSE LANE,E01006508,Knowsley 004D,Offender given a drugs possession warning
068a1b520a900793dfe13e9ec0c8a53532300e8b7880e33f3b7eeae67e04aa0b,2019-02,Merseyside Police,Merseyside Police,-2.977378,53.409826,On or near CAMDEN STREET,E01033760,Liverpool 060C,Unable to prosecute suspect
03726b33bb8a1eb18fc30c72ea51fb595118f3c4568cd561b03cb87fd02c7a5d,2019-02,Merseyside Police,Merseyside Police,-2.780903,53.421952,On or near LONGVIEW ROAD,E01006499,Knowsley 009E,Unable to prosecute suspect
9359d6a09946a8bcb3ba8929f0baf2d3e5ffa6d7f4f5c4057b2d90ee805cf7f6,2019-02,Merseyside Police,Merseyside Police,-3.013755,53.635995,On or near PRIORY GRANGE,E01006972,Sefton 009D,Further investigation is not in the public interest
904777fadba093c1bb1f3563289cd2eec7c66f6ca886d8d46667841f134eadf3,2019-02,Merseyside Police,Merseyside Police,-2.976090,53.332523,On or near HIGH STREET,E01007135,Wirral 039A,Investigation complete; no suspect identified
90a3999d514e82f63f78495acd05abb206c10fdc724db373ed9da637ede6ff46,2019-02,Merseyside Police,Merseyside Police,-2.627689,53.479322,On or near Race Track,E01006836,St. Helens 005A,Investigation complete; no suspect identified
aa42890f6e5d44d95e7b9640bee8e4a30b55c13304366c1a7962366daddf35a0,2019-02,Merseyside Police,Merseyside Police,-3.039193,53.419084,On or near PARK STREET,E01007216,Wirral 005B,Investigation complete; no suspect identified
5bb30d31be3cef6455fbfcbbe479e0e05ac019340d63bf048ba936d6016349c8,2019-02,Merseyside Police,Merseyside Police,-2.797963,53.409659,On or near DRAKE CLOSE,E01006505,Knowsley 013E,Unable to prosecute suspect
16bf18b432930249cb262cd31689db0653d643695b3b1b956c755a26379d6a51,2019-02,Merseyside Police,Merseyside Police,-3.025845,53.352124,On or near CONWAY CLOSE,E01007110,Wirral 035A,Unable to prosecute suspect
f1e351afe6fc62ca9ec657bf6a78d4e96c7419a43283539fd358283ad689d650,2019-02,Merseyside Police,Merseyside Police,-2.981515,53.399383,On or near PITT STREET,E01033754,Liverpool 061B,Investigation complete; no suspect identified
770f60301f7f31e4749492fdc4964c3612b0e4cb2cd4d7c9bc618ce1f4698e1e,2019-02,Merseyside Police,Merseyside Police,-2.824634,53.359042,On or near KEMPSELL WAY,E01006428,Knowsley 020B,Unable to prosecute suspect
212cfb658e50d9bfeff71fb7b017204a2b0f607855958c6985f4b870a66f40b5,2019-02,Merseyside Police,Merseyside Police,-2.740640,53.453372,On or near WESTFIELD STREET,E01006832,St. Helens 012A,Unable to prosecute suspect
a0551812338845717da5ae1e8dcca41a502f02271655e04a6bddb16a43c0071c,2019-02,Merseyside Police,Merseyside Police,-2.981499,53.403914,On or near ROE ALLEY,E01033756,Liverpool 061C,Unable to prosecute suspect
a7aa4f7d30a4df418cd31d208580c3b1b41ff063a1fd3314049c9d5cdc38d7ef,2019-02,Merseyside Police,Merseyside Police,-2.988662,53.407963,On or near DALE STREET,E01033760,Liverpool 060C,Unable to prosecute suspect
bbac47a6e2d8d6f82f8538bf3c2e94dc0a60e82cd8f47b713b6b91738f90eed5,2019-02,Merseyside Police,Merseyside Police,-2.989705,53.406228,On or near COOK STREET,E01033752,Liverpool 062B,Unable to prosecute suspect
a645a9b061ffb5b732c8e92f29bc58004c1ca25de8fca7a343399322e97b3433,2019-02,Merseyside Police,Merseyside Police,-2.937560,53.431845,On or near BARKERVILLE CLOSE,E01006606,Liverpool 020A,Unable to prosecute suspect
b1b83a917d34a1f3dba25e3d4098c14afbcf8a1bab4e39b8a161cd36d316e259,2019-02,Merseyside Police,Merseyside Police,-2.719840,53.417572,On or near BENTLEY STREET,E01006909,St. Helens 022D,Unable to prosecute suspect
96cdba2aa964b010104fa5db8f5fb2149a9362c57361292e87b27c21fc490315,2019-02,Merseyside Police,Merseyside Police,-2.979687,53.402976,On or near Nightclub,E01033756,Liverpool 061C,Further investigation is not in the public interest
a07209ebeaf0bc751928316d1790b53314f3ef1b5b3afd01010ab215a41683d9,2019-02,Merseyside Police,Merseyside Police,-2.958811,53.443829,On or near PENDLETON ROAD,E01006609,Liverpool 009B,Investigation complete; no suspect identified
4bab48b3b209210ab419083ac09debc72af31509ab92123ab677773720786cbb,2019-02,Merseyside Police,Merseyside Police,-2.991015,53.456717,On or near THORNTON ROAD,E01006964,Sefton 036A,Unable to prosecute suspect
2a3c80a41d89cb4d417d6023cb3599a3298c406e8c569d63e93593c21c677a77,2019-02,Merseyside Police,Merseyside Police,-2.803433,53.418935,On or near HUGHES AVENUE,E01006461,Knowsley 007B,Unable to prosecute suspect
1e95fe11f01a2a0935357a70785dad7de68eb059d742ac4ea18cb14bfe6ed817,2019-02,Merseyside Police,Merseyside Police,-2.980571,53.403472,On or near Nightclub,E01033756,Liverpool 061C,Offender given a caution
a9bd77e468fe79e366619f975d040185f502bb0f370696e24c003bca816b9c8d,2019-02,Merseyside Police,Merseyside Police,-2.738422,53.454878,On or near COLLEGE STREET,E01006872,St. Helens 014C,Suspect charged
21182c191a2393592d0ea58c444924258f3f8d909d8ea8d4005a49c766a8ba99,2019-02,Merseyside Police,Merseyside Police,-2.698291,53.451398,On or near CHEVIOT AVENUE,E01006821,St. Helens 011C,Unable to prosecute suspect
794a31d3745037f3b9d9b94912903320236d12a9e1bdcd1e92c582b767952e20,2019-02,Merseyside Police,Merseyside Police,-2.984632,53.434037,On or near PRIMROSE STREET,E01006702,Liverpool 014C,Unable to prosecute suspect
85328372a41bf20a1fd8ba1a7af9bde59e6f81570f25e728c47db20b8d0a9a76,2019-02,Merseyside Police,Merseyside Police,-2.719840,53.417572,On or near BENTLEY STREET,E01006909,St. Helens 022D,Unable to prosecute suspect
590e56a05eee14d204c5e904b4483efa857b06d235004ed336eceecc99e5c816,2019-02,Merseyside Police,Merseyside Police,-2.926634,53.505225,On or near SUMMERHILL DRIVE,E01007098,Sefton 019C,Unable to prosecute suspect
cc02c7a9439b36b1c69a3972eb6b780fd21cc0ce5db2cc54033de58f336bcf66,2019-02,Merseyside Police,Merseyside Police,-2.983878,53.406618,On or near Supermarket,E01033760,Liverpool 060C,Investigation complete; no suspect identified
75a76c671762fea475467d6517cf43981c4a77a5815f4a939aded17670ca1333,2019-02,Merseyside Police,Merseyside Police,-3.026419,53.474692,On or near SOUTH ROAD,E01006956,Sefton 030B,Offender given penalty notice
d30e7d3f46e52abeb1f4659fa5ed1cf31c62d797baced82ba217cd73d6b33fa6,2019-02,Merseyside Police,Merseyside Police,-3.029387,53.419295,On or near ROYSTON AVENUE,E01007220,Wirral 005D,Unable to prosecute suspect
f84311f2d34cfa55ad51dc5b5ece5c19bdb59941b3c1a857905a48febdd68470,2019-02,Merseyside Police,Merseyside Police,-3.007943,53.644053,On or near PRINCES STREET,E01006968,Sefton 004C,Offender given a caution
43ea180b6c774c1a92ba1b70648270f321d4af74e76e1c09630f7f635bf5ac77,2019-02,Merseyside Police,Merseyside Police,-3.113891,53.401386,On or near NETHERTON ROAD,E01007221,Wirral 012B,Investigation complete; no suspect identified
78d765f703e3bf1c8a4aca6aff8bf9a4259baa66ad53996392d9c7c3f48d19e3,2019-02,Merseyside Police,Merseyside Police,-2.981499,53.403914,On or near ROE ALLEY,E01033756,Liverpool 061C,Offender given a caution
db7f460777d0fdda910aea0d4bc6282145a7c8bc3fcf9701af5fbf8ade853b1d,2019-02,Merseyside Police,Merseyside Police,-2.974566,53.409256,On or near NORTON STREET,E01006747,Liverpool 031B,Investigation complete; no suspect identified
63b3b0d009ababcd0296499d82601804a09b3df1d6b98237e35626d1054a6ace,2019-02,Merseyside Police,Merseyside Police,-2.977441,53.394895,On or near CRUMP STREET,E01006515,Liverpool 037B,Unable to prosecute suspect
3330b702c49585c7a22d9c1791204fd88d27b9535f7bb200c42c9dda21f0b86f,2019-02,Merseyside Police,Merseyside Police,-2.980826,53.402122,On or near SLATER PLACE,E01033761,Liverpool 060D,Offender given a caution
8ff0a2e22049a874da086365172302b5b43adf661f95eb034fa9fe89e443a60f,2019-02,Merseyside Police,Merseyside Police,-3.013277,53.468207,On or near KINGS PARK,E01006952,Sefton 032A,Unable to prosecute suspect
3e330ba7bc12183c1574fddcb8519be62550f7643e67de39aca179434d41ef24,2019-02,Merseyside Police,Merseyside Police,-3.008616,53.647517,On or near Nightclub,E01006968,Sefton 004C,Investigation complete; no suspect identified
1edf1f9e78dd9163aea90a9e2cc1a46e03136e755c10b88e4e58dfdbffa6418b,2019-02,Merseyside Police,Merseyside Police,-3.111570,53.401173,On or near HOYLAKE ROAD,E01007227,Wirral 012D,Unable to prosecute suspect
dca743531b72c1caabf5148b1f7174fd5873a543dc647c0f5b86c3a9d01b4eb1,2019-02,Merseyside Police,Merseyside Police,-2.976571,53.402192,On or near ROSCOE PLACE,E01033761,Liverpool 060D,Investigation complete; no suspect identified
35ccb7b7ece4f38e4358a60a1c9b176437fb2b65bf6b7456c3a0fdeffad714a2,2019-02,Merseyside Police,Merseyside Police,-2.975079,53.401396,On or near BOLD PLACE,E01006513,Liverpool 060A,Investigation complete; no suspect identified
47afab3c235dde6c9911f37635cd944b798c0e059b004b765ddd010b3baf39e0,2019-02,Merseyside Police,Merseyside Police,-2.973398,53.402892,On or near Further/Higher Educational Building,E01006513,Liverpool 060A,Investigation complete; no suspect identified
c85555221b7433d966fa04ac0c3eadcc8fbe71ae62d8b211022874d67e1e867c,2019-02,Merseyside Police,Merseyside Police,-2.965915,53.318870,On or near PARK ROAD,E01007171,Wirral 041D,Unable to prosecute suspect
2e72594ed451eed7e72a583db3172105df61bb073ab21eca41ebc8a34dcf5d11,2019-02,Merseyside Police,Merseyside Police,-2.746538,53.452221,On or near LYON STREET,E01006880,St. Helens 012D,Unable to prosecute suspect
4d47bc180a363d305e8eacf58fe72d6851c16b1c1fbc680af6795ad77457019a,2019-02,Merseyside Police,Merseyside Police,-2.981499,53.403914,On or near ROE ALLEY,E01033756,Liverpool 061C,Offender given a caution
76c104f4785ef8e33a5607727e9b5f7401cacbbc865dcbeabd28a09a47f98a42,2019-02,Merseyside Police,Merseyside Police,-2.964953,53.453757,On or near GREY ROAD,E01006787,Liverpool 006A,Investigation complete; no suspect identified
513817b84e1499127b5f26945107f7b79a8be0850527176e4ad61b2767fcf93a,2019-02,Merseyside Police,Merseyside Police,-2.832835,53.404315,On or near SANDIWAY,E01006479,Knowsley 015C,Investigation complete; no suspect identified
262637b49c6b1882dbf99b14722ca6549fc51537cc5797fe8ecb9dd4c93cd122,2019-02,Merseyside Police,Merseyside Police,-2.709749,53.460337,On or near BIDSTON AVENUE,E01006812,St. Helens 008C,Unable to prosecute suspect
8f7b1c65e04ccd3f0835eadd53bc12f45b5ebdd0fe1d25848c84b6f91acc42ed,2019-02,Merseyside Police,Merseyside Police,-2.948695,53.429033,On or near CATHEDRAL ROAD,E01006766,Liverpool 019E,Suspect charged
9da127d5dd9965f634cf87f59d64b569875c56b82cf68b647cdb058f0109cf2d,2019-02,Merseyside Police,Merseyside Police,-2.709877,53.451743,On or near SHERINGHAM CLOSE,E01006874,St. Helens 014E,Unable to prosecute suspect
0f4dbdc8ead2c19b07f10b32358f627410cfd4f405407ddb987bc6a0d043b635,2019-02,Merseyside Police,Merseyside Police,-2.971642,53.673189,On or near PILLING CLOSE,E01006948,Sefton 003B,Investigation complete; no suspect identified
7b6fa42ee8f09a3e2ac22888e961937eefde3fd9b8f28039b5d8392bd49563d3,2019-02,Merseyside Police,Merseyside Police,-2.858732,53.385426,On or near BELFORT ROAD,E01006772,Liverpool 040E,Investigation complete; no suspect identified
e4bd6e5123844227af90e1c76d6ac7973070d6fc94989a961bb1f8a4771ce3ab,2019-02,Merseyside Police,Merseyside Police,-2.949643,53.430356,On or near DEWSBURY ROAD,E01006544,Liverpool 015C,Unable to prosecute suspect
9660e4e483eb2093540912982c0faade2bbc99b2f2e73c9e5aa0af046a71d119,2019-02,Merseyside Police,Merseyside Police,-3.095353,53.407535,On or near BULLRUSH DRIVE,E01007206,Wirral 009B,Unable to prosecute suspect
9939257b38213dd3fe63f2dd05f0388ff1a6cfd501ca8250537a161714362190,2019-02,Merseyside Police,Merseyside Police,-2.864599,53.432279,On or near CREMORNE HEY,E01006441,Knowsley 006D,Investigation complete; no suspect identified
a662982f502610a55e57a15501b0ecb48018c20e9a5f944615448d704bc18218,2019-02,Merseyside Police,Merseyside Police,-2.759447,53.439816,On or near CROSSLEY ROAD,E01006903,St. Helens 019C,Investigation complete; no suspect identified
8ba01cdfefca6279dfc46435890ade5e1289058f67192af72aa3c32530d4460d,2019-02,Merseyside Police,Merseyside Police,-3.015565,53.387979,On or near TUNNEL ROAD,E01007291,Wirral 021D,Unable to prosecute suspect
599b0415189d01dfed2f79ef0320a6966e9477ade4abcf2b3e1e2eba789e0a03,2019-02,Merseyside Police,Merseyside Police,-2.975191,53.664306,On or near DENBIGH AVENUE,E01006948,Sefton 003B,Unable to prosecute suspect
d3e723164b81cd3cfac44b5816e5072cb302e6fbbc5342984390ec4f947a2e19,2019-02,Merseyside Police,Merseyside Police,-2.928952,53.421584,On or near BRAINERD STREET,E01006761,Liverpool 020B,Unable to prosecute suspect
ff74e6108ac166772277b7f10be4739f5f669748c49aa2cf21ad9bde6edb2dbc,2019-02,Merseyside Police,Merseyside Police,-3.023884,53.408169,On or near PERCY ROAD,E01007274,Wirral 008C,Unable to prosecute suspect
44785efc715d9465e77529b621652a3ee83cc6682cd57cda74c53fd7cb9e3414,2019-02,Merseyside Police,Merseyside Police,-2.949788,53.674047,On or near IRVIN AVENUE,E01007028,Sefton 001B,Investigation complete; no suspect identified
d0c5f3b655e55bfce862e1c3e41436f37ea8e1d15a258decc7756aaa18088254,2019-02,Merseyside Police,Merseyside Police,-2.713454,53.465691,On or near HUNCOTE AVENUE,E01006810,St. Helens 008A,Unable to prosecute suspect
e994e0ba59845dcf76de1358f303d275d1ff0ee7cf99d0b057c9fc12edd65314,2019-02,Merseyside Police,Merseyside Police,-3.100782,53.332291,On or near POLL HILL ROAD,E01007184,Wirral 037B,Investigation complete; no suspect identified
3d3bd03ba2facbe01e5a183be7a3a0d1025b072c527e3448cb53925a32af9944,2019-02,Merseyside Police,Merseyside Police,-2.897758,53.398730,On or near QUEENS DRIVE (WAVERTREE),E01006582,Liverpool 041A,Unable to prosecute suspect
0e1598d64b18271fd935b196ca2d43b5bec711f646f81da35f3c5eda20886a6c,2019-02,Merseyside Police,Merseyside Police,-2.951253,53.467413,On or near CONISTON CLOSE,E01006657,Liverpool 002C,Suspect charged
e72f480a4d158ffb1b12f5222024a6abd0ad9e2f6af1dba826232efc7d81b8bd,2019-02,Merseyside Police,Merseyside Police,-2.985119,53.403704,On or near Parking Area,E01033756,Liverpool 061C,Investigation complete; no suspect identified
a834e836cbcdf82899fc7a787772583adde0d6075dcc6271cd5f6ddccc17a434,2019-02,Merseyside Police,Merseyside Police,-3.051110,53.592698,On or near PINFOLD CLOSE,E01006923,Sefton 012C,Investigation complete; no suspect identified
a834e836cbcdf82899fc7a787772583adde0d6075dcc6271cd5f6ddccc17a434,2019-02,Merseyside Police,Merseyside Police,-3.051110,53.592698,On or near PINFOLD CLOSE,E01006923,Sefton 012C,Investigation complete; no suspect identified
1a8ecb1c19f7e8e4e1489652cd32cceedececbbb01c946f054b3ddffa2404b72,2019-02,Merseyside Police,Merseyside Police,-3.028359,53.380400,On or near ST CATHERINE'S,E01007179,Wirral 021C,Investigation complete; no suspect identified
078fae32de5107e17b2aa29a9fda76a823f5b3eac5a70b867348258c72b421d0,2019-02,Merseyside Police,Merseyside Police,-3.042539,53.429168,On or near MORNINGTON ROAD,E01007233,Wirral 002C,Unable to prosecute suspect
4523f559a9fb6ec5536b94eadd94b515172b9c7e6d6d20755afcd3b3d779d82b,2019-02,Merseyside Police,Merseyside Police,-2.986196,53.439184,On or near ST ALEXANDER CLOSE,E01006778,Liverpool 014E,Unable to prosecute suspect
8595b106bc7c2775fd505c7d40a81859b42b9b09712e7c5612888975f9a260f8,2019-02,Merseyside Police,Merseyside Police,-2.950292,53.391995,On or near SEACOLE CLOSE,E01006674,Liverpool 039C,Investigation complete; no suspect identified
5ee251c6866861adee1009d69b0249c92ca73171f219b9fc62739ac813db6ac8,2019-02,Merseyside Police,Merseyside Police,-2.675258,53.488735,On or near Petrol Station,E01006809,St. Helens 003D,Unable to prosecute suspect
b74c09c288dfd497f67f40389a09f5da1e2b6b2a63f8573ca0e656889a164b37,2019-02,Merseyside Police,Merseyside Police,-3.019274,53.619616,On or near ASHTON ROAD,E01006931,Sefton 010C,Unable to prosecute suspect
65c996e02a53e898b4610eb8d919fa26e028d4f29ca7f81b1ffc91e930d3a078,2019-02,Merseyside Police,Merseyside Police,-3.036535,53.411242,On or near EASTCROFT ROAD,E01007271,Wirral 010E,Unable to prosecute suspect
5bf23fb9ff31d63c9e6cf0d861eb77bdd8e1a1b10a6486e92ea9f615436eaddc,2019-02,Merseyside Police,Merseyside Police,-3.033346,53.382721,On or near BOROUGH ROAD,E01007131,Wirral 021B,Suspect charged
10184a32bc6f2a7a6fdc92b944fc3c67fbc474729d6ccc9dcf8a9fb9dd77a5ce,2019-02,Merseyside Police,Merseyside Police,-2.841231,53.401389,On or near WILLOW AVENUE,E01006471,Knowsley 016A,Investigation complete; no suspect identified
3e85a2a4a701eb595caddd661498a6ffe376aaec5cbd751c349c70cb755acaf4,2019-02,Merseyside Police,Merseyside Police,-3.049314,53.438394,On or near WELLINGTON ROAD,E01007237,Wirral 001D,Investigation complete; no suspect identified
f9993c2aebea9f245693d89dcf5f22b30a1c7cc7d8cf34cc558e7fef9fb4e2d7,2019-02,Merseyside Police,Merseyside Police,-2.692289,53.451757,On or near COTSWOLD GROVE,E01006820,St. Helens 011B,Investigation complete; no suspect identified
6cc7944edc4739e6f88be4003d19f9161cfd0ce06b05b49d9cb1ca11f367767f,2019-02,Merseyside Police,Merseyside Police,-3.052161,53.399465,On or near DUNDONALD STREET,E01007122,Wirral 011C,Unable to prosecute suspect
985fb1d6cac39bf165430eaefafbf02b142d7afc3834c4c4d57f22f5c5aad144,2019-02,Merseyside Police,Merseyside Police,-2.983348,53.403224,On or near Parking Area,E01033756,Liverpool 061C,Investigation complete; no suspect identified
eed9ed55aae624fdf9dec3f520dcc1847567f87cb91b503ddcea63b08eefda1f,2019-02,Merseyside Police,Merseyside Police,-2.949065,53.480743,On or near AINTREE WAY,E01007041,Sefton 027A,Investigation complete; no suspect identified
60af936b7a7b7c7e7b1163dc6ed0ca3c199f406680c3adf96b6934196f961a1b,2019-02,Merseyside Police,Merseyside Police,-2.766643,53.435635,On or near DENNIS AVENUE,E01006830,St. Helens 019A,Unable to prosecute suspect
5a70e7e2cbcbf4b8f0ae8297079167375246fbc3842d0d914b8182bb7a814279,2019-02,Merseyside Police,Merseyside Police,-2.983495,53.405686,On or near Shopping Area,E01033760,Liverpool 060C,Investigation complete; no suspect identified
d860071d2f18647c267f095495ef6221065aa63f4c8614edb0b64be994d0bd68,2019-02,Merseyside Police,Merseyside Police,-2.767847,53.452284,On or near BONNINGTON CLOSE,E01006829,St. Helens 018D,Local resolution
aeaa6554fe258193a03526f9c8ca6e25712ac294dba4a4eaa3336560c285d40d,2019-02,Merseyside Police,Merseyside Police,-2.899189,53.454450,On or near ALTCROSS ROAD,E01006662,Liverpool 004B,Investigation complete; no suspect identified
9470b56c67b359556ba8048fd212cbdb9cc26e6bfa571e35a97e57a1b3e63035,2019-02,Merseyside Police,Merseyside Police,-2.875968,53.474218,On or near BROAD LANE,E01006434,Knowsley 005C,Investigation complete; no suspect identified
99409e662caeb843b13f47c0c67f79e91cc3b5ab57950a5f4a451bacf3c755f7,2019-02,Merseyside Police,Merseyside Police,-2.749961,53.449072,On or near TULLIS STREET,E01006832,St. Helens 012A,Unable to prosecute suspect
d063517f7ff280e53bf8e87de7f15b5dc55543c5c0ddb7a6370372e2849f08d9,2019-02,Merseyside Police,Merseyside Police,-3.001075,53.454781,On or near CLEARY STREET,E01007008,Sefton 037C,Unable to prosecute suspect
3cda24097943aef0403cd296b25ba17d16d62da3dc484c4c946e60a76baf5ea3,2019-02,Merseyside Police,Merseyside Police,-2.879087,53.480793,On or near DIDSBURY CLOSE,E01006436,Knowsley 003C,Investigation complete; no suspect identified
baeb02e01b95a00268b2a054a4d06a4786b32f70fd42f31e6155f76cf6a77e27,2019-02,Merseyside Police,Merseyside Police,-2.963008,53.444317,On or near HALDANE ROAD,E01006610,Liverpool 009C,Unable to prosecute suspect
3ff4463448e3e347dafdf495889d1d398ba8269d27e6bbf1cecfd4e855913a10,2019-02,Merseyside Police,Merseyside Police,-2.981574,53.444399,On or near Bus/Coach Station,E01006961,Sefton 038B,Investigation complete; no suspect identified
0aea3ce46dc8a18edd941ba2eb490ea0287dce9c742dfbdbf433a6829ccd896e,2019-02,Merseyside Police,Merseyside Police,-2.706084,53.499945,On or near Police Station,E01006802,St. Helens 002A,Local resolution
90898b62803df9b0a434c0b06f5bd980f6516c5d924389806f981e0cd3b42197,2019-02,Merseyside Police,Merseyside Police,-2.800720,53.413066,On or near EGLINGTON AVENUE,E01006497,Knowsley 013A,Unable to prosecute suspect
74147cab155924d56dcde077c6c92801396172cce8335f1c6994b32ae16c4d5a,2019-02,Merseyside Police,Merseyside Police,-2.993019,53.419351,On or near FLEMING COURT,E01006776,Liverpool 022B,Suspect charged
2f3dcd2c94d68c42ed30ce0a71dc6557a57950bc374979cf70050155c5741dcc,2019-02,Merseyside Police,Merseyside Police,-2.929445,53.396573,On or near WELLINGTON ROAD,E01006721,Liverpool 038C,Investigation complete; no suspect identified
893fda74e027b82553f342a314366999422d0c2d994d3be2d2308aa89213dac5,2019-02,Merseyside Police,Merseyside Police,-2.956367,53.408747,On or near CONNAUGHT ROAD,E01006748,Liverpool 031C,Action to be taken by another organisation
8e3df0efa3730cafc06cf46fc127a038c63acfcdf45ad8795b1e2755ab614a84,2019-02,Merseyside Police,Merseyside Police,-2.981499,53.403914,On or near ROE ALLEY,E01033756,Liverpool 061C,Unable to prosecute suspect
482cba57e1f1a03e2b4bcbbd576b8c9b9f96f3a9b7ad43192c7194b62a6bf0b2,2019-02,Merseyside Police,Merseyside Police,-2.983077,53.404521,On or near OLD POST OFFICE PLACE,E01033756,Liverpool 061C,Investigation complete; no suspect identified
2998b07bf364f503851ed10c0ede2ab5302eaab75c94a5a666900c10d546326f,2019-02,Merseyside Police,Merseyside Police,-2.966573,53.489924,On or near FREDERICK BANTING CLOSE,E01007087,Sefton 029C,Unable to prosecute suspect
8f3e587a0365facb2a19588255699f2940a555395d1fe90f99568c882a5c0bd0,2019-02,Merseyside Police,Merseyside Police,-3.043368,53.401537,On or near CORPORATION ROAD,E01032903,Wirral 010F,Suspect charged
dceb74c2eaff87df0c8561e56e48a11b7c8c9540e655c6ed0b42b886840a6379,2019-02,Merseyside Police,Merseyside Police,-2.931508,53.392575,On or near CLAREMONT ROAD,E01006557,Liverpool 038B,Investigation complete; no suspect identified
69bee484a3287e0eae5b8b88bec65304e9533fe5203ad9fac240d49345994bf0,2019-02,Merseyside Police,Merseyside Police,-3.043368,53.401537,On or near CORPORATION ROAD,E01032903,Wirral 010F,Suspect charged
a80995bb444e2a52fee0ea654730a0119c709249af762a30212add60cf8e50de,2019-02,Merseyside Police,Merseyside Police,-3.006854,53.646597,On or near HODGE STREET,E01006968,Sefton 004C,Suspect charged
89cb02e3aadbfd6fab219d3fe866cc00b301c16ae62696d6893eb226dd6dc16d,2019-02,Merseyside Police,Merseyside Police,-2.752961,53.449286,On or near JAMES GROVE,E01006834,St. Helens 012B,Unable to prosecute suspect
89c53f02c4363be394deae3a40679b69c99c10a20d499705af963cf652f1ef49,2019-02,Merseyside Police,Merseyside Police,-2.735360,53.459850,On or near HILL STREET,E01006881,St. Helens 012E,Unable to prosecute suspect
a7bf775ce52a498b64718e65f1210d99cac405dc58e840ee9f8278f65d6f169a,2019-02,Merseyside Police,Merseyside Police,-2.934812,53.430105,On or near FORFAR ROAD,E01006763,Liverpool 020C,Suspect charged
5a8d0b326ccdeeef0a76a0e24e3c4b08a76a64aee753846dc9c4978b6cdaf9d8,2019-02,Merseyside Police,Merseyside Police,-3.046268,53.413674,On or near LOVE LANE,E01007276,Wirral 007E,Unable to prosecute suspect
97ffd15eed520e1e2a6dcc81b22dc462c1f436dee7e742f3e0ce1ac66b50934c,2019-02,Merseyside Police,Merseyside Police,-3.032334,53.470731,On or near Park/Open Space,E01006954,Sefton 028C,Investigation complete; no suspect identified
134b422273cb5aa6968d15a6d19a142fa1ce40547be9069e32770fa453d46393,2019-02,Merseyside Police,Merseyside Police,-2.762160,53.430729,On or near FOUNTAIN STREET,E01006906,St. Helens 019E,Unable to prosecute suspect
cb7df28c0e4d1399a221d60522f022cde2ca0889dbba60b0f9b7161e4fcd5a07,2019-02,Merseyside Police,Merseyside Police,-3.051458,53.398419,On or near KINGSLEY STREET,E01007125,Wirral 015A,Suspect charged
2617f594175f522519e1351c2ed4a53dc5b13849e44d54a1890cf064d4479fc0,2019-02,Merseyside Police,Merseyside Police,-2.934812,53.430105,On or near FORFAR ROAD,E01006763,Liverpool 020C,Suspect charged
448c5e6ad8335a283247e1411f82569452a4ae08b8890a11a10bb9e79cb46c2d,2019-02,Merseyside Police,Merseyside Police,-2.698291,53.451398,On or near CHEVIOT AVENUE,E01006821,St. Helens 011C,Unable to prosecute suspect
3f8760a0615ad5de89ca2fd73f3dcd93d879157f733e1e724670747df1ef9001,2019-02,Merseyside Police,Merseyside Police,-2.964442,53.389320,On or near MODRED STREET,E01006676,Liverpool 044D,Unable to prosecute suspect
62e6c80b5808f72997a7e73a408b92aa8da7b83fd79b4dfb7bdbd3ed8ac8f97e,2019-02,Merseyside Police,Merseyside Police,-3.025816,53.474706,On or near Supermarket,E01006956,Sefton 030B,Unable to prosecute suspect
54bef0845b7ef6971a7644cff8a6b822f26e7935b8fa7ae472e7d9a4227707a3,2019-02,Merseyside Police,Merseyside Police,-2.997564,53.645884,On or near Parking Area,E01006969,Sefton 004D,Suspect charged
15648214db6b7cd6b391d1b2023eb8c2aa699ac7a30ae3102051e58da0f6a03a,2019-02,Merseyside Police,Merseyside Police,-2.926042,53.362460,On or near MARLCROFT DRIVE,E01006684,Liverpool 056B,Local resolution
1494f2023946b85dd6ff9777964d51fc7ebd71788c9787997d53b012ba4583c4,2019-02,Merseyside Police,Merseyside Police,-3.008270,53.462910,On or near SEAFORTH ROAD,E01007004,Sefton 034A,Unable to prosecute suspect
b27972b797daad18cee919f8bc0badcf0bf33b92b1a2977baea4fc9d4dc2dc9e,2019-02,Merseyside Police,Merseyside Police,-2.967704,53.476018,On or near HEREFORD DRIVE,E01007048,Sefton 029A,Suspect charged
58465401503572aebc71ca1d4e56493e62c6ac702322253727e9d93dae344955,2019-02,Merseyside Police,Merseyside Police,-2.987781,53.444573,On or near Sports/Recreation Area,E01006961,Sefton 038B,Unable to prosecute suspect
6928e20bc6eaede88ad09073d2ce0a929d8444cc20a5e2cb9086b8064e7cda95,2019-02,Merseyside Police,Merseyside Police,-2.987781,53.444573,On or near Sports/Recreation Area,E01006961,Sefton 038B,Unable to prosecute suspect
d1f1f609ddb191feb9d7bfc91d7acce4dcb118c3a95194d869e4fad6428ebc5c,2019-02,Merseyside Police,Merseyside Police,-3.013984,53.463131,On or near CLARENDON ROAD,E01007004,Sefton 034A,Unable to prosecute suspect
226b62dd3e4e9355b083a8e0e527e31b1b4a40c9254abeff49e52770671d4f8e,2019-02,Merseyside Police,Merseyside Police,-3.021002,53.349379,On or near THE CRESCENT,E01007118,Wirral 035C,Unable to prosecute suspect
1943b1903c327652d439d1422469bf4bfb3fe4db8c4abca2bc1042d51a56c4cb,2019-02,Merseyside Police,Merseyside Police,-2.972164,53.401545,On or near Nightclub,E01006513,Liverpool 060A,Suspect charged
43d0e813d30e1b436b397450326aca526c81a3a209661d28c612d3164d834dc2,2019-02,Merseyside Police,Merseyside Police,-2.860835,53.438966,On or near MILESTONE HEY,E01006413,Knowsley 006B,Unable to prosecute suspect
62d8694b210a6b4edd381fe4f0594045cac7be9068acf05f2ad24be90a52055b,2019-02,Merseyside Police,Merseyside Police,-2.836201,53.415645,On or near Sports/Recreation Area,E01006482,Knowsley 011B,Unable to prosecute suspect
7fae83026e167974929bdc6c3ee622d4cc4e6cd17833b1addebf93c748e39c47,2019-02,Merseyside Police,Merseyside Police,-3.033346,53.382721,On or near BOROUGH ROAD,E01007131,Wirral 021B,Suspect charged
cee6fb3c28a1e4dfeb9c048d6f053443c0590f2608e6bca2a15611be35adbda5,2019-02,Merseyside Police,Merseyside Police,-3.021368,53.382914,On or near KINGSDOWN STREET,E01007292,Wirral 021E,Unable to prosecute suspect
4b55b06658762566a2c8a326fae4223ee5940144349f261bfe31cecb29063867,2019-02,Merseyside Police,Merseyside Police,-2.994432,53.497875,On or near MASEFIELD ROAD,E01007024,Sefton 024C,Unable to prosecute suspect
bcb91c140b909eb562a88c81303162f24d6afa4ab74b2949432def4645c7d9a4,2019-02,Merseyside Police,Merseyside Police,-2.968977,53.381760,On or near CLEOPAS STREET,E01033767,Liverpool 050J,Suspect charged
2abcc8fdcd7fc4c780702b43993449a47187ad7cf5e91e47b770bf5af3848159,2019-02,Merseyside Police,Merseyside Police,-3.065115,53.558426,On or near LONSDALE ROAD,E01007081,Sefton 014D,Local resolution
b2224a2a841bc14b39d1122479143a231d45a0cdc0541cb2631e3be97af80bf8,2019-02,Merseyside Police,Merseyside Police,-2.973398,53.402892,On or near Further/Higher Educational Building,E01006513,Liverpool 060A,Offender given a drugs possession warning
ce75499e54eec2e5a07a04feef5d27114090b6af55b541fe0c8bf79110da8633,2019-02,Merseyside Police,Merseyside Police,-2.918078,53.456059,On or near EAST LANCASHIRE ROAD,E01006660,Liverpool 001E,Investigation complete; no suspect identified
951b55febde4e023644cb66f85c03f7032b0b640168f20fb47f0da7bbdfacc1e,2019-02,Merseyside Police,Merseyside Police,-2.933879,53.445195,On or near MALMESBURY ROAD,E01006732,Liverpool 011E,Unable to prosecute suspect
c0fa4e044ef5d689fc74b75467b1fa71169b7e153372b553d52ce9c08498e55a,2019-02,Merseyside Police,Merseyside Police,-2.758396,53.415463,On or near WENSLEYDALE AVENUE,E01006894,St. Helens 021D,Investigation complete; no suspect identified
cb671291a6e10a3842fe47b1da86392f7549b87aac45e439a3a5a6fc34a85dfe,2019-02,Merseyside Police,Merseyside Police,-2.970824,53.443723,On or near KNOWSLEY STREET,E01006698,Liverpool 012D,Unable to prosecute suspect
47287b8dbf2ffd2baba1b4bad9afb1fad6da3ddb6c3ba18b76a400bfda389a79,2019-02,Merseyside Police,Merseyside Police,-3.091490,53.417054,On or near RALEIGH ROAD,E01007210,Wirral 006C,Unable to prosecute suspect
f2b4d3219205d257ceea086e00641e86d7b0492f6df6fb64c4db405a3cd54975,2019-02,Merseyside Police,Merseyside Police,-3.050328,53.424560,On or near Supermarket,E01007314,Wirral 004E,Investigation complete; no suspect identified
ef986e7f45e88e0f6672dad237f9ab35aca6a833a2b2f432859d230a8f1017d7,2019-02,Merseyside Police,Merseyside Police,-2.692289,53.451757,On or near COTSWOLD GROVE,E01006820,St. Helens 011B,Further investigation is not in the public interest
516038f849e25d06bd7e7f69183b33e6886338c78bd257420e1fc4a7d26693f2,2019-02,Merseyside Police,Merseyside Police,-2.957843,53.420843,On or near Parking Area,E01006563,Liverpool 024B,Formal action is not in the public interest
5c8caa79311f5d57e64c2dfb139af25e88da7ee2e7341cb3c4ab79f5efb45604,2019-02,Merseyside Police,Merseyside Police,-2.961529,53.386170,On or near GREENGABLES CLOSE,E01006678,Liverpool 044E,Unable to prosecute suspect
9ca47a2aedc50da64f84160859fc56901c5dc967d4ef9c2f5c6d74145640ba65,2019-02,Merseyside Police,Merseyside Police,-3.004856,53.487990,On or near REDGATE AVENUE,E01007026,Sefton 024D,Suspect charged
c278dd6406d2f937248fa05c7de3a3c4b78c05ca2d781aa444b9d4197f3b34a2,2019-02,Merseyside Police,Merseyside Police,-3.033099,53.413510,On or near OAKBANK STREET,E01007271,Wirral 010E,Unable to prosecute suspect
5ea82020de90d9d757edd90b63f889e547a149358759177b451dc08724f349be,2019-02,Merseyside Police,Merseyside Police,-2.987117,53.404218,On or near Bus/Coach Station,E01033756,Liverpool 061C,Investigation complete; no suspect identified
051e213aaf1e34c35bcb9dd39d2fb2d3caf696ef0e99be27a1f8511fd26113d4,2019-02,Merseyside Police,Merseyside Police,-2.835290,53.340001,On or near Sports/Recreation Area,E01006755,Liverpool 059C,Unable to prosecute suspect
da25d9a34d769e7d37d778de1021c72e3ddfa37f1b811d037f6e732ec4b2b356,2019-02,Merseyside Police,Merseyside Police,-2.994432,53.497875,On or near MASEFIELD ROAD,E01007024,Sefton 024C,Unable to prosecute suspect
b170a5b49cb0763f83724de6877b183ecb06083b1149b2efece7a10c545c579e,2019-02,Merseyside Police,Merseyside Police,-2.820620,53.370674,On or near REDOAKS WAY,E01006420,Knowsley 017A,Unable to prosecute suspect
6f1130f91d2da218fe92791f96caf5c746c5369d4540f788f0478393af721ce5,2019-02,Merseyside Police,Merseyside Police,-2.984666,53.430971,On or near READING STREET,E01006778,Liverpool 014E,Unable to prosecute suspect
286306eae4477eda269f762554f3e4f5ed2e7cb837779d880169285e7493079e,2019-02,Merseyside Police,Merseyside Police,-2.971807,53.447913,On or near WEAVER STREET,E01006790,Liverpool 006C,Investigation complete; no suspect identified
356e5b787de83ea9027e82c67475b625d3f273cc34bc0be8f24575203cb8dced,2019-02,Merseyside Police,Merseyside Police,-2.733971,53.450034,On or near SALISBURY STREET,E01006832,St. Helens 012A,Investigation complete; no suspect identified
097ae1ed8a5949ad5f3353acc0e286d329c4c45dda8155766acc94247108b9e5,2019-02,Merseyside Police,Merseyside Police,-2.955362,53.428342,On or near WALTON BRECK ROAD,E01006546,Liverpool 019B,Offender given a drugs possession warning
f5c53f42f127d1d6c78e87bb165b62975de8915f31ecfc957e4f95bf671e70ce,2019-02,Merseyside Police,Merseyside Police,-3.098018,53.328739,On or near MOOR LANE,E01007182,Wirral 037A,Investigation complete; no suspect identified
bc237efcfdc7a1ce71ce9de0e8b5be7df86f6af14f650debf0cafb34b0379502,2019-02,Merseyside Police,Merseyside Police,-2.965271,53.400702,On or near MYRTLE PARADE,E01006512,Liverpool 031A,Investigation complete; no suspect identified
c03aa03e32531c2b710c58eed283d3fb97b8fed2c257a7c95b75f4a466c0dffb,2019-02,Merseyside Police,Merseyside Police,-3.075089,53.386604,On or near THE RIDINGS,E01007161,Wirral 019B,Further investigation is not in the public interest
42698f06d0a327bdacd7665488e09745486f67fd02649f525eeea39985385bf9,2019-02,Merseyside Police,Merseyside Police,-2.933033,53.374297,On or near ASHFIELD ROAD,E01006521,Liverpool 052A,Investigation complete; no suspect identified
2986dc85008a8a0ec7af85b469be7a436c1f09c4d403255d67edca272cf48b66,2019-02,Merseyside Police,Merseyside Police,-2.880405,53.351542,On or near Shopping Area,E01006743,Liverpool 058D,Investigation complete; no suspect identified
68a5535a26398d6e379d90ae49c4fe799447690e374b03d27edf690ae1833981,2019-02,Merseyside Police,Merseyside Police,-2.869341,53.414626,On or near PAGE MOSS LANE,E01006574,Liverpool 025B,Unable to prosecute suspect
c163bee38f80019ee7078b2434f6106140e93f2941c34878068b45b8ea4590ad,2019-02,Merseyside Police,Merseyside Police,-3.026550,53.621675,On or near HASTINGS ROAD,E01006974,Sefton 009F,Unable to prosecute suspect
642453f2e5b6daacd38e523c627b1d113823151f3c458f5dbde2ca7eaa441aa5,2019-02,Merseyside Police,Merseyside Police,-2.968196,53.421524,On or near ELMORE CLOSE,E01006564,Liverpool 023B,Investigation complete; no suspect identified
e04fadd0eb689de417465699c8e1d1fd8202f15c2dad5370c62708436c201738,2019-02,Merseyside Police,Merseyside Police,-2.820620,53.370674,On or near REDOAKS WAY,E01006420,Knowsley 017A,Unable to prosecute suspect
ebc2d3e0c2db285fc75608e0b2ac61df9af6cc3e4ddee4efb1740316bdd5ff42,2019-02,Merseyside Police,Merseyside Police,-2.987381,53.407829,On or near DAVIES STREET,E01033762,Liverpool 060E,Unable to prosecute suspect
4014dfa27c65b65a7b304e711510275544f739c12044847f707ebc3a41f97ed3,2019-02,Merseyside Police,Merseyside Police,-2.961358,53.411233,On or near HOLBORN STREET,E01006747,Liverpool 031B,Unable to prosecute suspect
577bc873542e5a774f8284c63a1d0672d2902d1406b4881db8aae0576102e876,2019-02,Merseyside Police,Merseyside Police,-3.014660,53.374602,On or near Supermarket,E01007293,Wirral 027C,Suspect charged
a85d568fc763bf5dc9d65f1fc63863fc8b1698d0155cb8b967a65b9b51c44ec0,2019-02,Merseyside Police,Merseyside Police,-2.823039,53.356608,On or near WINTERLEA DRIVE,E01006428,Knowsley 020B,Investigation complete; no suspect identified
1b01915ddecc31b4befa0747c0fe01000cc4b67e5d7ca63d76b24ce4a86c3b40,2019-02,Merseyside Police,Merseyside Police,-2.898329,53.354429,On or near DUKE STREET,E01006745,Liverpool 057D,Unable to prosecute suspect
b4c1f53352b686207cb5a206edaf0f8704d3a139d7c5d8b8763ade343d2087d4,2019-02,Merseyside Police,Merseyside Police,-3.010147,53.339484,On or near FULBROOK CLOSE,E01007146,Wirral 038C,Unable to prosecute suspect
554ab56070f65ae50828b55aab6456a44ceef242cb68f2541773e6f380b12e39,2019-02,Merseyside Police,Merseyside Police,-2.941773,53.469214,On or near Supermarket,E01006654,Liverpool 005A,Investigation complete; no suspect identified
a86d97b70c4c50fe91006a20639f7368f9ffed6442ecb817a70116c4ea7c9625,2019-02,Merseyside Police,Merseyside Police,-2.747243,53.465799,On or near SYCAMORE GARDENS,E01006915,St. Helens 007B,Investigation complete; no suspect identified
0e2c0567154fc4bc07b447da0ec12a27ef633822835c8a6ef17d60da7a003221,2019-02,Merseyside Police,Merseyside Police,-2.753420,53.450542,On or near BOUNDARY ROAD,E01006834,St. Helens 012B,Unable to prosecute suspect
cd630f669bec2ce340431ef0f3c75c49f274984ada235d25e87e4eaa77de9f9b,2019-02,Merseyside Police,Merseyside Police,-2.984094,53.332556,On or near MUNCASTER CLOSE,E01007137,Wirral 039C,Investigation complete; no suspect identified
df97abc908248e6134072b8c2e263980c19fb30be404cf5f834e727b99b0dfeb,2019-02,Merseyside Police,Merseyside Police,-2.947753,53.421185,On or near BELMONT ROAD,E01006760,Liverpool 028E,Offender given a caution
73647acc0a4ff30a407c8a1f2415068b9b00c5d33e2cf1e3b831309004bb7709,2019-02,Merseyside Police,Merseyside Police,-3.025466,53.414529,On or near RAPPART ROAD,E01007278,Wirral 008E,Suspect charged
ca5a0789b1ec6b1c8c350192c4dd166f401d68119201bb9355730def9bb4dd77,2019-02,Merseyside Police,Merseyside Police,-3.083637,53.550098,On or near BEECHWOOD DRIVE,E01006991,Sefton 015A,Investigation complete; no suspect identified
503d9f8b2cb50a7ccc0adbd8465f9007f27429f3d3083a3feafc15d4d059f305,2019-02,Merseyside Police,Merseyside Police,-2.837518,53.413020,On or near Parking Area,E01006481,Knowsley 015E,Investigation complete; no suspect identified
629c35eae1e1e2c47e7305afb6a9f1bd9b23dd7f209f733760c9c31ce29d5b5a,2019-02,Merseyside Police,Merseyside Police,-2.838739,53.412355,On or near CENTRE WAY,E01006481,Knowsley 015E,Investigation complete; no suspect identified
267fe86442ad34fa9cf0043000ae6596803a3c35a98ff6c66ec3de52a5118ef8,2019-02,Merseyside Police,Merseyside Police,-2.915250,53.388952,On or near PENNY LANE,E01006593,Liverpool 042E,Unable to prosecute suspect
594fead8381af75a8b52d19e5bcbff4154898089327e25054e48908c42fdd0ca,2019-02,Merseyside Police,Merseyside Police,-2.962008,53.462024,On or near ORRELL LANE,E01006784,Liverpool 003C,Suspect charged
9df5fcfb58e6bb282a1ff75e3e39eef9654ad1ccd73fc6564a75e029f6825ef4,2019-02,Merseyside Police,Merseyside Police,-2.746845,53.451698,On or near WILSON CLOSE,E01006880,St. Helens 012D,Unable to prosecute suspect
e009080c44d06c70952845293b1cc9f44625c0e319adbeee87bb3c6e9eadd7a7,2019-02,Merseyside Police,Merseyside Police,-2.933032,53.429903,On or near BROOKBRIDGE ROAD,E01006763,Liverpool 020C,Unable to prosecute suspect
0d4d24e3518bf8f6566d01e43af2b9a534f99be4d352dd5c099c4bf5f26c179d,2019-02,Merseyside Police,Merseyside Police,-2.732973,53.451550,On or near CHURCH STREET,E01006832,St. Helens 012A,Investigation complete; no suspect identified
a99a03cbd83bf19fb70e6743827733e166c4c438f536507bb7ac6d8d3cef9efe,2019-02,Merseyside Police,Merseyside Police,-2.960220,53.400141,On or near BRAMPTON DRIVE,E01006512,Liverpool 031A,Unable to prosecute suspect
98e4bd7c2d63bec44c2c94f8641bf60cd749eabb03b549facd95d59c5f242929,2019-02,Merseyside Police,Merseyside Police,-2.913367,53.430918,On or near CROSBY GREEN,E01006617,Liverpool 021A,Investigation complete; no suspect identified
ccfee1f6251edaa0b07e40c0aa362c1b08a3534b00fdf3708365f142680ef80a,2019-02,Merseyside Police,Merseyside Police,-2.624575,53.457119,On or near CROW LANE EAST,E01006856,St. Helens 015A,Investigation complete; no suspect identified
b2ec45bcc7be607cec7b9ab22158b5103f5207192b68ba9bd5225790a71b29eb,2019-02,Merseyside Police,Merseyside Police,-2.971434,53.488258,On or near Parking Area,E01007085,Sefton 023B,Unable to prosecute suspect
53f4666fcdf0750f7f786f5729ef3082629ddc8a411fbaf0a328e69581700615,2019-02,Merseyside Police,Merseyside Police,-2.928474,53.446577,On or near RAILTON ROAD,E01006730,Liverpool 011C,Unable to prosecute suspect
b1a0886cd3fba06ed11e2f4b964041dceb611eb6b58235eae3397bf707703850,2019-02,Merseyside Police,Merseyside Police,-2.982401,53.404563,On or near BROOKS ALLEY,E01033756,Liverpool 061C,Unable to prosecute suspect
cd73fd2e01abc62d509b318595075e5ed6292a8306b613cfee75f8b08b9e85bd,2019-02,Merseyside Police,Merseyside Police,-2.918078,53.456059,On or near EAST LANCASHIRE ROAD,E01006660,Liverpool 001E,Investigation complete; no suspect identified
287ce4c43b8ee8d4874f20d03460ae71d226c83295e34b9240a73cc0469febb4,2019-02,Merseyside Police,Merseyside Police,-2.987595,53.406057,On or near Nightclub,E01033760,Liverpool 060C,Investigation complete; no suspect identified
ad8d8a4297a5cf09752fd488d0d9ed8d6336df319b83fd9ebd332dd4121c568a,2019-02,Merseyside Police,Merseyside Police,-2.648702,53.456136,On or near Petrol Station,E01006869,St. Helens 010D,Investigation complete; no suspect identified
0a8628916cfcc3a731a578e4642f1e6e6eba75170225793457e327e2581d8dd5,2019-02,Merseyside Police,Merseyside Police,-2.946645,53.431602,On or near WARHAM ROAD,E01006762,Liverpool 015E,Unable to prosecute suspect
417cc2c1330f4300cc5e34113bc4f0c25a7650e0d14ac9c773850fdb40eabc4f,2019-02,Merseyside Police,Merseyside Police,-2.837279,53.341821,On or near UPTON CLOSE,E01006755,Liverpool 059C,Investigation complete; no suspect identified
c71a37c85d7b6907bedb25338a1e4d47744a836c75ef13b652f682f93d9d5067,2019-02,Merseyside Police,Merseyside Police,-2.806665,53.429124,On or near CHURCH STREET,E01006463,Knowsley 007C,Unable to prosecute suspect
9b5c2cb0322efed2b8f65ae143c3aa50bad742d2f54474e54a826a33fb54b791,2019-02,Merseyside Police,Merseyside Police,-2.973398,53.402892,On or near Further/Higher Educational Building,E01006513,Liverpool 060A,Investigation complete; no suspect identified
ae6830cbced68bb0cc7e4a9b5c0a0d32a6c3007ed625f94542f9d4597d9fa3b1,2019-02,Merseyside Police,Merseyside Police,-2.976003,53.401046,On or near BERRY STREET,E01006513,Liverpool 060A,Investigation complete; no suspect identified
85036549e7acae7976db23b0fc741050d641a49f0fd4f47ea6ac3c37c2a85fba,2019-02,Merseyside Police,Merseyside Police,-2.990743,53.478041,On or near CONDRON ROAD NORTH,E01006981,Sefton 031B,Suspect charged
83d74961b374300d68901ff2aa3a6aa8737120b2412c0070e8cff5ae5343df26,2019-02,Merseyside Police,Merseyside Police,-2.968180,53.668750,On or near COASTLINE MEWS,E01007033,Sefton 002D,Investigation complete; no suspect identified
2d3df80f5c70633e80fef688a05ce8e6e3691d1329a2f4ede9cf128167589754,2019-02,Merseyside Police,Merseyside Police,-2.898012,53.416535,On or near RUDYARD CLOSE,E01006567,Liverpool 026A,Investigation complete; no suspect identified
730e59cc1430bc41d99eda75cfbf5cb9138aaaeea9d49c99e921a17142d61dc0,2019-02,Merseyside Police,Merseyside Police,-2.949587,53.394077,On or near TAGUS STREET,E01006674,Liverpool 039C,Offender given a drugs possession warning
cb053599885734704e6a9a89b1221546ec02c7cc864060da2b4f7b1f88088be8,2019-02,Merseyside Police,Merseyside Police,-2.898982,53.468187,On or near BURTONS WAY,E01006663,Liverpool 004C,Investigation complete; no suspect identified
a932afeafdf5f242096859577977989ebc34acf720f43ec4da738f62ee40da74,2019-02,Merseyside Police,Merseyside Police,-2.728026,53.474852,On or near GRIZEDALE AVENUE,E01006849,St. Helens 004A,Unable to prosecute suspect
faf1c3413e088c7c3541762eeb79592d380a7ed6d97121969456fe6997336b9f,2019-02,Merseyside Police,Merseyside Police,-3.017355,53.479983,On or near MIDDLETON ROAD,E01006955,Sefton 030A,Investigation complete; no suspect identified
17948b27c39b62774de7c11d6c9eeecd282b40eb4040b705450acdfb3e577a49,2019-02,Merseyside Police,Merseyside Police,-3.091490,53.417054,On or near RALEIGH ROAD,E01007210,Wirral 006C,Unable to prosecute suspect
688d43533710d63e76a9609c9c828dfa0b4f984bcb76e49565f61370d77e23bd,2019-02,Merseyside Police,Merseyside Police,-2.945948,53.404956,On or near FOWLER CLOSE,E01033763,Liverpool 031G,Investigation complete; no suspect identified
df8262515b59d475e63bc761bdbe63c19551d4055780d106abc5571ef7376bb6,2019-02,Merseyside Police,Merseyside Police,-2.981323,53.407376,On or near Theatre/Concert Hall,E01033760,Liverpool 060C,Investigation complete; no suspect identified
87ade3716ebff46e328c1f569567f5d281b72899b5b90008f6e47b1f8903f8e1,2019-02,Merseyside Police,Merseyside Police,-2.969718,53.423624,On or near HEYWORTH STREET,E01006564,Liverpool 023B,Investigation complete; no suspect identified
cea14224a9e09adac43cf8c97bb0cb440fedd46d67a128cd234a45d6d3a44245,2019-02,Merseyside Police,Merseyside Police,-2.981043,53.421365,On or near WILBRAHAM PLACE,E01033764,Liverpool 022E,Investigation complete; no suspect identified
291e71b22b542ddaa1dc11837dda19cfbd79a06430f654fe8056b7cf5eb41f9b,2019-02,Merseyside Police,Merseyside Police,-2.799058,53.429553,On or near Supermarket,E01006466,Knowsley 007E,Investigation complete; no suspect identified
5973557da7385813b9eb700f3720ab00262152e03e3070b7f2533700d436ceaa,2019-02,Merseyside Police,Merseyside Police,-2.973602,53.305064,On or near SUTTON CLOSE,E01007168,Wirral 042D,Investigation complete; no suspect identified
0c63238403dea12ee74a50edc1dbfdbc8d7e3824552caa3941915b64c736af0c,2019-02,Merseyside Police,Merseyside Police,-2.955123,53.444497,On or near WALTON HALL AVENUE,E01006609,Liverpool 009B,Offender given penalty notice
be7269ba016f576e0102193eb922bfaf72f2ae79cf423c0f432e5578bacbef6a,2019-02,Merseyside Police,Merseyside Police,-2.753420,53.450542,On or near BOUNDARY ROAD,E01006834,St. Helens 012B,Unable to prosecute suspect
baa3fe032a7b52d3792d8edf0a2e051cbb33aba9eddc7c6b34d36bb3e13bd39f,2019-02,Merseyside Police,Merseyside Police,-2.995335,53.650810,On or near BRADLEY STREET,E01006945,Sefton 004A,Investigation complete; no suspect identified
73ca05a48392da2673db495d72425ff64d5c2a4ba3be14b9b8efa041966a821a,2019-02,Merseyside Police,Merseyside Police,-2.974377,53.672322,On or near PREESALL CLOSE,E01006948,Sefton 003B,Investigation complete; no suspect identified
3e56f0d7ccd5b13439eefe9be2d7e7294f69d608f53a748765ddd12d46940177,2019-02,Merseyside Police,Merseyside Police,-2.964487,53.415918,On or near EVERTON ROAD,E01006646,Liverpool 023C,Unable to prosecute suspect
375068c0f3ce132ab16679f14802b8a4fe4b6d4738c3f24bb8c1a8ea7342b7b4,2019-02,Merseyside Police,Merseyside Police,-2.759351,53.440347,On or near BATES CRESCENT,E01006831,St. Helens 016A,Investigation complete; no suspect identified
ef8a13370f390d1a3e303310844541a0155c507791d3e1bc9e062225230d603b,2019-02,Merseyside Police,Merseyside Police,-2.963870,53.475717,On or near QUIGLEY AVENUE,E01007048,Sefton 029A,Suspect charged
8a4fbda2dd8a2597e46c6e66895e9ff005fce5c19b0478eda1660fb31ede3c65,2019-02,Merseyside Police,Merseyside Police,-2.979116,53.411502,On or near GERARD STREET,E01006648,Liverpool 023D,Offender given a drugs possession warning
515339af2a66d0fa25eb02a474b9516baf86339964a8376a1daeff62363446d9,2019-02,Merseyside Police,Merseyside Police,-2.942317,53.414198,On or near ONSLOW ROAD,E01006695,Liverpool 028C,Investigation complete; no suspect identified
c13e3bd9a92be0beadcc026d8478b1fae2d1b6b01eac822f86da487921fa81c7,2019-02,Merseyside Police,Merseyside Police,-2.934070,53.392834,On or near SMITHDOWN ROAD,E01006557,Liverpool 038B,Investigation complete; no suspect identified
87b296820713484e6b838e2424acb1431f5e5ef21e84e62ba32731f178e07fa2,2019-02,Merseyside Police,Merseyside Police,-2.723200,53.455942,On or near DAVIES STREET,E01006872,St. Helens 014C,Unable to prosecute suspect
086bb94481a0738bc0c968e54250de303d6821c07bdea9e7a9461336221a7bad,2019-02,Merseyside Police,Merseyside Police,-2.987781,53.444573,On or near Sports/Recreation Area,E01006961,Sefton 038B,Unable to prosecute suspect
d0ca6500c5c2d37df27b5090e81562dc556bef7785ded65e370493303b1469f9,2019-02,Merseyside Police,Merseyside Police,-3.018107,53.471761,On or near SANDRINGHAM ROAD,E01006959,Sefton 032D,Investigation complete; no suspect identified
f0de2402e0250b9d03ff298cf1d9f34b638d5db8974cf7a8920a47dbb9cb8bc8,2019-02,Merseyside Police,Merseyside Police,-3.024131,53.469768,On or near BRUNSWICK MEWS,E01006957,Sefton 032C,Investigation complete; no suspect identified
2c92e8da8e64c9afeeef11909f1866f7f4a72074d4e311ea63d1d0ce7259fb15,2019-02,Merseyside Police,Merseyside Police,-2.923729,53.422227,On or near RUSSIAN DRIVE,E01006768,Liverpool 020F,Investigation complete; no suspect identified
bf5aa3b23ef644882e940234ae1e98d3fa0f73d2b5edd2324a32262066b1cdc1,2019-02,Merseyside Police,Merseyside Police,-2.855772,53.368243,On or near CARKINGTON ROAD,E01006531,Liverpool 055B,Investigation complete; no suspect identified
8d9c9c4e59c292d8e12688a9116d33feed1148d42cedb7b11e635479b7aa01d2,2019-02,Merseyside Police,Merseyside Police,-2.870560,53.425718,On or near DRUM CLOSE,E01006637,Liverpool 017A,Unable to prosecute suspect
77c456f7841fd08b6341072f2ec7f379313e7e0a4027603d33d595a6aed82336,2019-02,Merseyside Police,Merseyside Police,-3.121811,53.376547,On or near Parking Area,E01007268,Wirral 023F,Suspect charged
1e96165102a0f99b456f50186f89cadab3a87113cf5f0a2a66fa2e4c1b5d5220,2019-02,Merseyside Police,Merseyside Police,-3.003478,53.490285,On or near CHESTER CLOSE,E01007026,Sefton 024D,Investigation complete; no suspect identified
afa2675fecb82ea76b0e6f4201bd05d693bdeb6c9b4feff85a542382853ec96e,2019-02,Merseyside Police,Merseyside Police,-2.928241,53.389616,On or near Petrol Station,E01006551,Liverpool 048E,Investigation complete; no suspect identified
4bdec4bbbe0dba0fe605ea9ec402959d4f8b76a3ed92492b34df70b806bd4842,2019-02,Merseyside Police,Merseyside Police,-2.960896,53.430796,On or near Sports/Recreation Area,E01006542,Liverpool 018A,Investigation complete; no suspect identified
5a4d55f46db6c8e602a088e4c436e3f2d592b9eb05fa863398c1d1eb20d0d749,2019-02,Merseyside Police,Merseyside Police,-2.917685,53.394507,On or near PRINCE ALFRED ROAD,E01006588,Liverpool 042C,Offender given a drugs possession warning
61e6ef5af44f11d2440f5b87232afc859cf5a6cdc1176f94c07bf051825a82c8,2019-02,Merseyside Police,Merseyside Police,-2.943063,53.416655,On or near HAMPSTEAD ROAD,E01006695,Liverpool 028C,Suspect charged
61e6ef5af44f11d2440f5b87232afc859cf5a6cdc1176f94c07bf051825a82c8,2019-02,Merseyside Police,Merseyside Police,-2.943063,53.416655,On or near HAMPSTEAD ROAD,E01006695,Liverpool 028C,Suspect charged
ee31bd494c42e91ae44892ee6c9c9ef8d50b97c8121796d8481b91d7e9b300c3,2019-02,Merseyside Police,Merseyside Police,-2.953137,53.412279,On or near GWENFRON ROAD,E01006696,Liverpool 030C,Investigation complete; no suspect identified
5d064b1dfb569f36e69c89b71fd49b2520a03c66050cdf52de94fe970cf8a847,2019-02,Merseyside Police,Merseyside Police,-2.945964,53.419212,On or near DENMAN DRIVE,E01006760,Liverpool 028E,Unable to prosecute suspect
b92e2c6368c605d17a62fc83057196b576cdbc2142ca9b31a6bea24e12ea46fd,2019-02,Merseyside Police,Merseyside Police,-2.945964,53.419212,On or near DENMAN DRIVE,E01006760,Liverpool 028E,Unable to prosecute suspect
79f03a5db458d502c3a36a6947b7e5c5c13c78be0983b01ee01b726dfc67bca4,2019-02,Merseyside Police,Merseyside Police,-2.977441,53.394895,On or near CRUMP STREET,E01006515,Liverpool 037B,Investigation complete; no suspect identified
d58fe6f3866319fec55479be146b4b148f78d1c558323a62c06b004194a41d54,2019-02,Merseyside Police,Merseyside Police,-2.975530,53.390866,On or near PROVIDENCE CRESCENT,E01033765,Liverpool 061D,Unable to prosecute suspect
e85209586549f18a4ad37bb87fccbf0e1ce2d784a7f167833549a65960fb4b1a,2019-02,Merseyside Police,Merseyside Police,-3.024865,53.396412,On or near WATSON STREET,E01007126,Wirral 016A,Unable to prosecute suspect
46b32e0afa62499489dabef2aabac32e24e5d6be3f02d2647f0fbac6b1bd6aed,2019-02,Merseyside Police,Merseyside Police,-2.963870,53.475717,On or near QUIGLEY AVENUE,E01007048,Sefton 029A,Suspect charged
ebbc09ff1430db657d7427da6703b4c3d6534eb8559c4ba6cb3f4fa5e5b8b7a2,2019-02,Merseyside Police,Merseyside Police,-2.943063,53.416655,On or near HAMPSTEAD ROAD,E01006695,Liverpool 028C,Investigation complete; no suspect identified
0ef68a945722d0a0b3882c7018e3c500f54d7525f14c511e630894ef7e661ecb,2019-02,Merseyside Police,Merseyside Police,-2.932608,53.390616,On or near HAWARDEN AVENUE,E01006554,Liverpool 048F,Unable to prosecute suspect
c041f1bfc145056ae521e9b9bea37acad37538feceaa4a99bb21b53acd4a1cfc,2019-02,Merseyside Police,Merseyside Police,-2.952160,53.423765,On or near BELMONT ROAD,E01006563,Liverpool 024B,Unable to prosecute suspect
80632ed952d656ee03049f7ca0e7e1a521cc1477f454c952647cf703eef7946d,2019-02,Merseyside Police,Merseyside Police,-3.115235,53.384887,On or near JEFFREYS DRIVE,E01007265,Wirral 017C,Unable to prosecute suspect
5e9da91ed7a654d99597c113cdbc4f6684e85f011bdb3ce601dcabf5b49c03c3,2019-02,Merseyside Police,Merseyside Police,-2.834162,53.426805,On or near LYME GROVE,E01006440,Knowsley 010A,Unable to prosecute suspect
a0b4ded936a891809981a875c3abe37305196e2ba3f0a759ae9b45698636e0e3,2019-02,Merseyside Police,Merseyside Police,-2.865489,53.373872,On or near SPEKE ROAD,E01006533,Liverpool 055C,Offender given a caution
3fd80f48aa08f56788a8c8e4e039da3deefad93a819baff9c620b1a4fa45a5ce,2019-02,Merseyside Police,Merseyside Police,-2.982113,53.443640,On or near BEDFORD ROAD,E01006963,Sefton 038D,Unable to prosecute suspect
f86d9a3ff2ee97f7e734fb28cbaa4acbe499b416a45aa490280c116912bf1afe,2019-02,Merseyside Police,Merseyside Police,-2.732291,53.452183,On or near GEORGE STREET,E01006872,St. Helens 014C,Unable to prosecute suspect
67f96c96626948d1ca0a986c84059b7653fc740ac7f1c493be58d25fe8d4f7d0,2019-02,Merseyside Police,Merseyside Police,-2.943161,53.431963,On or near WYCLIFFE ROAD,E01006762,Liverpool 015E,Unable to prosecute suspect
dbdf5948f47fee151e46b01ab573e70eca294f5545137dac2e4ac02c730c9d66,2019-02,Merseyside Police,Merseyside Police,-3.010165,53.619316,On or near STAFFORD ROAD,E01006930,Sefton 010B,Unable to prosecute suspect
fbaaad2c602e99d30c88954e9c1ff0db3e146ff0773b1e1ea7e39bb1c86a37fc,2019-02,Merseyside Police,Merseyside Police,-2.981499,53.403914,On or near ROE ALLEY,E01033756,Liverpool 061C,Investigation complete; no suspect identified
2b6920e7e2bcb7825e47a19ede64766849c946fe082c62c06ab4635a3f4ab5de,2019-02,Merseyside Police,Merseyside Police,-3.017647,53.391413,On or near HINSON STREET,E01007126,Wirral 016A,Suspect charged
619c92106b2210b113003ab534407ae7106fa36c5e58cf98f02cd90383eb1072,2019-02,Merseyside Police,Merseyside Police,-3.053848,53.552755,On or near FORMBY FIELDS,E01007075,Sefton 016A,Unable to prosecute suspect
a7fd04a28b228becef7ca37d2b61582000f54bead858fc41efcda5f7c15c602d,2019-02,Merseyside Police,Merseyside Police,-2.917137,53.388605,On or near CALTON AVENUE,E01006553,Liverpool 042A,Investigation complete; no suspect identified
6a5bb0b209015def375ca5b96bbe9ac53898643cb7d91156f73865a0075f696d,2019-02,Merseyside Police,Merseyside Police,-3.038190,53.482267,On or near HOLDEN ROAD EAST,E01006941,Sefton 028A,Investigation complete; no suspect identified
90ff80eaeefc636aa0ac60a949780442fbc3e694f8f807facd8e874fb261f1e2,2019-02,Merseyside Police,Merseyside Police,-2.857781,53.344812,On or near SPEKE CHURCH ROAD,E01006739,Liverpool 058B,Investigation complete; no suspect identified
16580559eb0b64028093811b733506e78c577dad3d31e3c9fb8521513e929b85,2019-02,Merseyside Police,Merseyside Police,-2.863300,53.382292,On or near DALE MEWS,E01006794,Liverpool 046B,Unable to prosecute suspect
cdb1d988953ae92a449c42bfd40542e9050534a3fe3fc9ac3f228c1ea8e8496c,2019-02,Merseyside Police,Merseyside Police,-2.933537,53.422726,On or near NEW ROAD,E01006761,Liverpool 020B,Investigation complete; no suspect identified
8a318a467f004c0e8470524397bff0854f8ab7fcba9c2c6278d5931961d3940e,2019-02,Merseyside Police,Merseyside Police,-2.744976,53.433570,On or near HATFIELD CLOSE,E01006913,St. Helens 019H,Investigation complete; no suspect identified
7fa91387cd82d29a0829817a80e162ab88d333b13730528a7cc66b740520d237,2019-02,Merseyside Police,Merseyside Police,-2.987162,53.407472,On or near Nightclub,E01033762,Liverpool 060E,Unable to prosecute suspect
5cc7cac5b4e37036577cab791fc680d086fc41ad982a11efbe4d74573bd646cc,2019-02,Merseyside Police,Merseyside Police,-2.633630,53.461431,On or near ELSTON AVENUE,E01006866,St. Helens 010A,Unable to prosecute suspect
bbdd8f65ef17652b30d4e164f10782fdc22f16d2ae570891bb9461915736e416,2019-02,Merseyside Police,Merseyside Police,-2.956367,53.408747,On or near CONNAUGHT ROAD,E01006748,Liverpool 031C,Unable to prosecute suspect
defd48ac370a6559a71120011fa1a409e82b82982e79576a9895f255d7926c06,2019-02,Merseyside Police,Merseyside Police,-2.975487,53.400170,On or near BACK KNIGHT STREET,E01006513,Liverpool 060A,Investigation complete; no suspect identified
dd6575dac0f1a6c0e9044c1652f92bd3862cbec2d762930840cbb8876fdcc94d,2019-02,Merseyside Police,Merseyside Police,-3.023177,53.493390,On or near MOOR LANE,E01007105,Sefton 025C,Offender given a caution
65686965bd62e0c2e1a59ae71a5481fa0982eac477e2e395409c1e29d9f31ce6,2019-02,Merseyside Police,Merseyside Police,-2.989462,53.483867,On or near CARR MEADOW HEY,E01007090,Sefton 029E,Unable to prosecute suspect
882dc4e8e9acf648ecf997ec3aedf91587fdf0cfbb262f5f352ed92efccc9216,2019-02,Merseyside Police,Merseyside Police,-2.887108,53.402289,On or near GREGORY WAY,E01006578,Liverpool 036A,Investigation complete; no suspect identified
91c3ea440ea470e197c1e8504d57111877ceaf93b68f523e2e8645ba4fb5b259,2019-02,Merseyside Police,Merseyside Police,-3.014896,53.641289,On or near SOUTHERN ROAD,E01006971,Sefton 009C,Unable to prosecute suspect
49047b985b93210a102f8bfd4d83b980fd73631176533b4444ede93bc9220efb,2019-02,Merseyside Police,Merseyside Police,-3.016977,53.361414,On or near PORTIA AVENUE,E01007114,Wirral 032D,Unable to prosecute suspect
3929692f61624abc0dd3596192e1f30936dcf7dc85f263d9279da172c751e44a,2019-02,Merseyside Police,Merseyside Police,-2.972691,53.317125,On or near Sports/Recreation Area,E01007167,Wirral 042C,Unable to prosecute suspect
065598c9b1791cf089ea0104b80c844e1f3ea3cbe573aaf3ce6a61b336045220,2019-02,Merseyside Police,Merseyside Police,-3.083491,53.372298,On or near HOME FARM ROAD,E01007249,Wirral 025A,Unable to prosecute suspect
a0d35a24c2e64562017c1c0220aa79a9520718541af41b7b3f5ed34649b4c8b1,2019-02,Merseyside Police,Merseyside Police,-2.738809,53.452862,On or near Further/Higher Educational Building,E01006832,St. Helens 012A,Suspect charged
a0d35a24c2e64562017c1c0220aa79a9520718541af41b7b3f5ed34649b4c8b1,2019-02,Merseyside Police,Merseyside Police,-2.738809,53.452862,On or near Further/Higher Educational Building,E01006832,St. Helens 012A,Suspect charged
6c093074fe6386a54e7d9e73ae09f6f18bf4fd99ee0a344157d13957b5bc8194,2019-02,Merseyside Police,Merseyside Police,-2.899233,53.465093,On or near PORTAL WAY,E01006663,Liverpool 004C,Investigation complete; no suspect identified
da4f95bace388163f2d9f355a31dff1fc3141406308d9fdc6e408269970346ff,2019-02,Merseyside Police,Merseyside Police,-2.910442,53.467273,On or near WINIFRED ROAD,E01006510,Knowsley 004F,Suspect charged
cb9f530664f749a9b82b21dda374b638443e026de27b25d6f379ee8af0447965,2019-02,Merseyside Police,Merseyside Police,-2.986620,53.410047,On or near HATTON GARDEN,E01033762,Liverpool 060E,Unable to prosecute suspect
1b59f67cf70fa30a2834a762bdd9e179e7e1b0da384b729484d80527ee23d70f,2019-02,Merseyside Police,Merseyside Police,-2.986620,53.410047,On or near HATTON GARDEN,E01033762,Liverpool 060E,Unable to prosecute suspect
af58eaad937bd294bf8ce51e16da334d1e826f043e008def135caaf470748c2b,2019-02,Merseyside Police,Merseyside Police,-2.986620,53.410047,On or near HATTON GARDEN,E01033762,Liverpool 060E,Unable to prosecute suspect
2da1147820d17f4a406090d5b490f65ba64ad985bc41e033f671231b887532be,2019-02,Merseyside Police,Merseyside Police,-2.981499,53.403914,On or near ROE ALLEY,E01033756,Liverpool 061C,Unable to prosecute suspect
8e8a5ce0baabba3d34bd1a8ca9894d722fd4a5d4b5bcd8fd5f10fd301858806d,2019-02,Merseyside Police,Merseyside Police,-3.046839,53.420393,On or near SILVERLEA AVENUE,E01007217,Wirral 007D,Investigation complete; no suspect identified
7177b06e9ed8f33dcb67996367b32fad6d02c41cb229b1f96c955206d3546976,2019-02,Merseyside Police,Merseyside Police,-3.030198,53.381247,On or near ELMSWOOD ROAD,E01007179,Wirral 021C,Suspect charged
e5a3e0ffaf81299834ee3305723f464b150cb09d8c3df9d9a01c4e78323cf1f2,2019-02,Merseyside Police,Merseyside Police,-3.022565,53.496119,On or near HALSALL CLOSE,E01007022,Sefton 021B,Further investigation is not in the public interest
59666f2ec0068d6e50c92269388ea1534ea74579faf560d1e26acc977dcfd7e3,2019-02,Merseyside Police,Merseyside Police,-2.633177,53.446152,On or near BARLEY MERE CLOSE,E01006860,St. Helens 015E,Offender given a caution
72e7d4ed5caa508af51a7172b75d79940dfa0fb0a63edaa33b08020b95920a98,2019-02,Merseyside Police,Merseyside Police,-3.001787,53.369857,On or near KIRKFIELD GROVE,E01007290,Wirral 027B,Investigation complete; no suspect identified
d0047c694486d03df92be35299e3c5e2722be71fee6c051563025e2e6e0c152a,2019-02,Merseyside Police,Merseyside Police,-2.917077,53.426377,On or near MILL LANE,E01006768,Liverpool 020F,Investigation complete; no suspect identified
d44e8ae63023f21b9cebb97f1c36d1ad06dee05df2537d781b560dfc5b53fb49,2019-02,Merseyside Police,Merseyside Police,-2.962254,53.400969,On or near GROVE STREET,E01006512,Liverpool 031A,Investigation complete; no suspect identified
8567edb13c3b7087eb8b3a924275bd6791b31fa75d194b90cf1aaaf570ce27a5,2019-02,Merseyside Police,Merseyside Police,-2.985799,53.409038,On or near DALE STREET (QUEENSWAY),E01033755,Liverpool 062D,Offender given a caution
191d6abc09245dca8c7755521f0fbe9e9064112fe37ca82c1944e4d3471d9216,2019-02,Merseyside Police,Merseyside Police,-2.998274,53.416251,On or near OIL STREET,E01033751,Liverpool 062A,Unable to prosecute suspect
a6d0d354dc45a212aadd1a1e249e9702137c6be82481d6a6188294a1c39767e9,2019-02,Merseyside Police,Merseyside Police,-2.915250,53.388952,On or near PENNY LANE,E01006593,Liverpool 042E,Investigation complete; no suspect identified
b9f7f6cc17c6769cc61bfb806b05368058157fb7379e35c27bda55af99ee8a0a,2019-02,Merseyside Police,Merseyside Police,-2.982670,53.409037,On or near VICTORIA STREET,E01033760,Liverpool 060C,Offender given penalty notice
b9f7f6cc17c6769cc61bfb806b05368058157fb7379e35c27bda55af99ee8a0a,2019-02,Merseyside Police,Merseyside Police,-2.982670,53.409037,On or near VICTORIA STREET,E01033760,Liverpool 060C,Offender given penalty notice
9ab7655fb87b94ff7923e634fd4bffd5798d105690da0cc4c35274e3b97c6e12,2019-02,Merseyside Police,Merseyside Police,-2.975167,53.490717,On or near DOWNSIDE CLOSE,E01007085,Sefton 023B,Investigation complete; no suspect identified
c298fa6c2a428ee403bd832eb970127319ad67e2527a353e97622aa326e946d1,2019-02,Merseyside Police,Merseyside Police,-2.978559,53.402949,On or near Nightclub,E01033761,Liverpool 060D,Investigation complete; no suspect identified
424b9129f8087a2b7a09ece7cdfce1133b7ea3f13aa02e0cb713d5316f43dae4,2019-02,Merseyside Police,Merseyside Police,-2.982670,53.409037,On or near VICTORIA STREET,E01033760,Liverpool 060C,Investigation complete; no suspect identified
cd794e60b84d6895b57a728727b1a14abec3ebdde80054d5088c095511c225ae,2019-02,Merseyside Police,Merseyside Police,-2.988220,53.401872,On or near CANNING PLACE,E01033756,Liverpool 061C,Unable to prosecute suspect
837aead7a7574400521212402784742f5a2bd098e8a71e2bae07dccdfec02941,2019-02,Merseyside Police,Merseyside Police,-2.973039,53.459651,On or near Sports/Recreation Area,E01006786,Liverpool 003E,Unable to prosecute suspect
3d95c1a86906376251e122fc1c82b6e55f382549c449a97cb1c6ac13d754b0bc,2019-02,Merseyside Police,Merseyside Police,-2.972611,53.400031,On or near MOUNT STREET,E01006514,Liverpool 037A,Investigation complete; no suspect identified
5370c5ec2f084f216cc6e876ba9a0dc6c09b0c13e84f0661f6d6ec371d6b7de1,2019-02,Merseyside Police,Merseyside Police,-2.990334,53.408048,On or near Parking Area,E01033752,Liverpool 062B,Investigation complete; no suspect identified
628801f6682b2f489ff3ed98ba5fd152206fccd4f6b3977801be88fe1f611df0,2019-02,Merseyside Police,Merseyside Police,-2.859032,53.419698,On or near PENCOMBE ROAD,E01006453,Knowsley 008A,Suspect charged
892e349d684a5594edeece4356eddbb50324245534c4036553738fe3ac48705c,2019-02,Merseyside Police,Merseyside Police,-2.982670,53.409037,On or near VICTORIA STREET,E01033760,Liverpool 060C,Offender given penalty notice
33e2026fc9fceb590dd13490f2d70085badf447cabb66f888896fe4562bac0b6,2019-02,Merseyside Police,Merseyside Police,-2.974441,53.404412,On or near MAY STREET,E01006513,Liverpool 060A,Investigation complete; no suspect identified
cfe9a6854df6a4b40bebec10940ac7f66188498180bae0ea0df4208485a0ba99,2019-02,Merseyside Police,Merseyside Police,-2.982670,53.409037,On or near VICTORIA STREET,E01033760,Liverpool 060C,Suspect charged
d3d2782809d3e741b1a88f680f527ba9396bcfd4d999a5b1779fbb1b82282299,2019-02,Merseyside Police,Merseyside Police,-2.981323,53.407376,On or near Theatre/Concert Hall,E01033760,Liverpool 060C,Investigation complete; no suspect identified
35a70057c31074b9e3f2e7d25e7e4564ef17b9adc9f89d7528970675349c0894,2019-02,Merseyside Police,Merseyside Police,-3.036500,53.377642,On or near GORSEFIELD ROAD,E01007244,Wirral 022E,Suspect charged
e3cf8bc95b11e957ba6f515af97a45ac8b07ef92da17140c1c3506b82e50ca20,2019-02,Merseyside Police,Merseyside Police,-2.987014,53.405648,On or near Shopping Area,E01033760,Liverpool 060C,Unable to prosecute suspect
abc09c4ab6ccd6663ccecd7fd505290e658dcf857688181ed118fb68ad3036b4,2019-02,Merseyside Police,Merseyside Police,-2.826726,53.425931,On or near DULSON WAY,E01006465,Knowsley 011A,Investigation complete; no suspect identified
eaa3f54a074375d4a258e26253d9f0bd79c52f7fb67aee53033bcea131082760,2019-02,Merseyside Police,Merseyside Police,-2.974566,53.409256,On or near NORTON STREET,E01006747,Liverpool 031B,Investigation complete; no suspect identified
b012008ab23ecfc1a82790fe93c71970f0e6f9f873fbc1d9264e09edb18b59d0,2019-02,Merseyside Police,Merseyside Police,-2.980369,53.403824,On or near Shopping Area,E01033756,Liverpool 061C,Investigation complete; no suspect identified
f00417e3ea03fa28a0755a3a7844a643980cc542ff9e7f4aa715731898f16249,2019-02,Merseyside Police,Merseyside Police,-2.920880,53.431723,On or near CULME ROAD,E01006618,Liverpool 016C,Unable to prosecute suspect
f5fee6b54834ca7eac69d82a8ef4e10b82711c5db73ce228696618ab365a6101,2019-02,Merseyside Police,Merseyside Police,-2.855915,53.355927,On or near ADDENBROOKE DRIVE,E01006537,Liverpool 055D,Unable to prosecute suspect
51c0ff607b0a18f0b695e2aea0526d50b6c6a1f4714a61e6798b9e8938c973d3,2019-02,Merseyside Police,Merseyside Police,-2.976571,53.402192,On or near ROSCOE PLACE,E01033761,Liverpool 060D,Further investigation is not in the public interest
42773a6b24fa25dbee40ab1930a0846d32989cbdac8f4127c5c3506890bdf33f,2019-02,Merseyside Police,Merseyside Police,-3.020261,53.390078,On or near OLIVER LANE,E01007126,Wirral 016A,Unable to prosecute suspect
f334da53d7983e1422c3c47c4119a37c1f568f8a7318ab648ba65c57af2a3bae,2019-02,Merseyside Police,Merseyside Police,-2.844604,53.428170,On or near NEWARK CLOSE,E01006441,Knowsley 006D,Suspect charged
767498555c81d2dff2a65583a9fe9a8c9c5504723c42d038d27b11f8cbddc1c8,2019-02,Merseyside Police,Merseyside Police,-3.013277,53.468207,On or near KINGS PARK,E01006952,Sefton 032A,Unable to prosecute suspect
f9c5f465482a4b42cd650a40cc49f269f9034d14ab7b6f3fef574acbd15d2b64,2019-02,Merseyside Police,Merseyside Police,-2.729586,53.479705,On or near INGLETON DRIVE,E01006855,St. Helens 004G,Formal action is not in the public interest
8c0929155a030e7d983e7c5c2d965c2c8a8912b1302161dbf6e29d5378c27e4d,2019-02,Merseyside Police,Merseyside Police,-2.974441,53.404412,On or near MAY STREET,E01006513,Liverpool 060A,Investigation complete; no suspect identified
1b0e8a9d732698a36f36b03296d03cec0eef186bfa6a30d39d77302a555434ac,2019-02,Merseyside Police,Merseyside Police,-2.986196,53.439184,On or near ST ALEXANDER CLOSE,E01006778,Liverpool 014E,Unable to prosecute suspect
2929afb2ddf061401d690eee4371d19367a95c0a41a6b8a582ba166017d8589e,2019-02,Merseyside Police,Merseyside Police,-2.711523,53.488030,On or near CARR MILL ROAD,E01006807,St. Helens 002D,Investigation complete; no suspect identified
c3648bdf4d8dc374327bb0a1793241a1f37435ab3e776465e5c177f0fa465392,2019-02,Merseyside Police,Merseyside Police,-3.000297,53.371047,On or near Pedestrian Subway,E01007290,Wirral 027B,Investigation complete; no suspect identified
e615936c6a83dee0d124ad0168ab10063c8caf0cfe046d73a1d04c5ae98fbc79,2019-02,Merseyside Police,Merseyside Police,-2.982410,53.430397,On or near SHARPEVILLE CLOSE,E01033764,Liverpool 022E,Investigation complete; no suspect identified
bb044af942eb611e9c6405fed12758a219e1b2696528d29e9f82fdf9fda4dded,2019-02,Merseyside Police,Merseyside Police,-3.005701,53.373285,On or near BEDFORD ROAD,E01007290,Wirral 027B,Investigation complete; no suspect identified
f52f4a9a53c3fc31cefd7fbc78fd3e2bcf1f94a1a6a0ac9dea0d5a72838e3ba2,2019-02,Merseyside Police,Merseyside Police,-3.000297,53.371047,On or near Pedestrian Subway,E01007290,Wirral 027B,Investigation complete; no suspect identified
c69f8b2ba4cb04cef197d5442c45e0e11d9df0bb6b554031307ff64ac0b473a2,2019-02,Merseyside Police,Merseyside Police,-2.978149,53.461138,On or near HANKEY DRIVE,E01007051,Sefton 035D,Offender given a caution
99caebdc1bd143d09763d7cdf118a1b972f8206cf6e955684b7a95fc20ea43d6,2019-02,Merseyside Police,Merseyside Police,-2.747395,53.435892,On or near PERTH AVENUE,E01006905,St. Helens 019D,Investigation complete; no suspect identified
6ef3dc160edd9d1c62b1c68846b20986f79d5516b64ff2de6f5dea96d1104595,2019-02,Merseyside Police,Merseyside Police,-2.849491,53.419659,On or near CUPER CRESCENT,E01006452,Knowsley 012D,Unable to prosecute suspect
87074ffa2c91b9faa7f39280f18cccb158e71aefb921dbe4318efe67937ac05f,2019-02,Merseyside Police,Merseyside Police,-2.935893,53.426537,On or near WINDSOR ROAD,E01006767,Liverpool 019F,Investigation complete; no suspect identified
70095c7af87ff14f2e70612dc53f18337f25cda50b2ffc0fca6fd0f19c166e53,2019-02,Merseyside Police,Merseyside Police,-2.848791,53.348238,On or near WOODEND AVENUE,E01006755,Liverpool 059C,Offender given penalty notice
f3aeb336ae61212ef5c7b42ffe52390e1133528e69b114362060625867b91998,2019-02,Merseyside Police,Merseyside Police,-3.032372,53.413319,On or near PARK ROAD,E01007275,Wirral 005E,Unable to prosecute suspect
afa8fa2d9289675a6e425011370b08f6824ae2631822afcceccc23019f4bad96,2019-02,Merseyside Police,Merseyside Police,-2.950157,53.414253,On or near MOLYNEUX ROAD,E01006696,Liverpool 030C,Investigation complete; no suspect identified
dcf259189a442174b0bbf268bb61381e90111b1376620ab60f76b5b45f25b6d8,2019-02,Merseyside Police,Merseyside Police,-2.978084,53.489066,On or near ST AMBROSE CROFT,E01007085,Sefton 023B,Action to be taken by another organisation
c82167b49d6bfda53dfdfbca5297e610b0f6b45c604f09b49b1c1dce41a4e138,2019-02,Merseyside Police,Merseyside Police,-3.179647,53.368051,On or near WESTBOURNE ROAD,E01007282,Wirral 026E,Investigation complete; no suspect identified
99776948fdab6b40344aba8a71cb8c3ac0f34c2c27558d18bd0708049551a908,2019-02,Merseyside Police,Merseyside Police,-2.854941,53.337300,On or near Airport/Airfield,E01006741,Liverpool 058C,Suspect charged
270ce8a39d34d1ddbb9d5e3acb5495c10ff54df3812a26e7b8b20e9c19685243,2019-02,Merseyside Police,Merseyside Police,-2.849151,53.419958,On or near Petrol Station,E01006452,Knowsley 012D,Investigation complete; no suspect identified
7e45f1b99bdcf156bde88e82aad4f117f41971e1cebd74a5971b4b20ec4c725e,2019-02,Merseyside Police,Merseyside Police,-2.920817,53.415588,On or near SWAN STREET,E01006711,Liverpool 027A,Unable to prosecute suspect
bb6937e9ca48e88b24d584f6a9f727ff065dcee7ed232c6f5580150a783a8a0e,2019-02,Merseyside Police,Merseyside Police,-2.843930,53.426053,On or near HILLSIDE AVENUE,E01006444,Knowsley 010D,Investigation complete; no suspect identified
667c7ab365db582eb69ad40d48c61b4213a2ad51bcbda4e63d4afb0dde3f94a0,2019-02,Merseyside Police,Merseyside Police,-2.849151,53.419958,On or near Petrol Station,E01006452,Knowsley 012D,Investigation complete; no suspect identified
4a56dfdd701cd7c4a220c29e77f8ff4f1b3f35fe908f2683ff23f710673bba4f,2019-02,Merseyside Police,Merseyside Police,-2.971469,53.402063,On or near SOUTH HUNTER STREET,E01006513,Liverpool 060A,Investigation complete; no suspect identified
80cee973343fc21110f76e0786d15d7642e22a8a14e8e458d621e08423eaf9bf,2019-02,Merseyside Police,Merseyside Police,-2.873473,53.382047,On or near COURTENAY ROAD,E01006792,Liverpool 046A,Investigation complete; no suspect identified
2ae8c056fb0f5d449fd7f88999556cfe36a7d5e993e693f58c7eb8e70c44b4f6,2019-02,Merseyside Police,Merseyside Police,-2.978681,53.416782,On or near Pedestrian Subway,E01033764,Liverpool 022E,Unable to prosecute suspect
6205a082392a2b164d32dfc8dc5daef59654ae753fa36f4b6010b62f615eef2d,2019-02,Merseyside Police,Merseyside Police,-2.969193,53.487827,On or near MARIE CURIE AVENUE,E01007087,Sefton 029C,Unable to prosecute suspect
694fa0609f6a6fdb8d7602f2d0bd1dd60e398c300b7f11b0c3e930696bb3e76c,2019-02,Merseyside Police,Merseyside Police,-2.689843,53.432760,On or near AZALEA GARDENS,E01006900,St. Helens 022B,Unable to prosecute suspect
729dfd92fad94daacf3c4ba5b2a188d8a9bc60ab9ac510fee832fa83cf0337b3,2019-02,Merseyside Police,Merseyside Police,-2.983495,53.405686,On or near Shopping Area,E01033760,Liverpool 060C,Investigation complete; no suspect identified
a71e041f890166adf61bf6c7e5ccb92a2048f46405a691f24782169adbc62c1b,2019-02,Merseyside Police,Merseyside Police,-2.953611,53.469093,On or near WYRESDALE ROAD,E01006656,Liverpool 002B,Investigation complete; no suspect identified
c0f4c7306d2ac6e50ddcf358ce90a89f6ffc046e1ac06bfd2b0083cc3eba856c,2019-02,Merseyside Police,Merseyside Police,-2.898012,53.416535,On or near RUDYARD CLOSE,E01006567,Liverpool 026A,Unable to prosecute suspect
f1f36b6e28b6d6451182368d3ae28dc58c1bf9c319d85aa664d9e12e2bf43d46,2019-02,Merseyside Police,Merseyside Police,-2.979050,53.404689,On or near LAWTON STREET,E01033756,Liverpool 061C,Unable to prosecute suspect
5f60d7a2476e23a40b17d31a289b32b18bd95ca850f60fcb1da0d1a777839cee,2019-02,Merseyside Police,Merseyside Police,-2.929484,53.394227,On or near CLAREMONT ROAD,E01006724,Liverpool 038F,Investigation complete; no suspect identified
9177d084fdce5c288201d280a68dc42e3c5ad2197e35011648b6d6b09480f5d5,2019-02,Merseyside Police,Merseyside Police,-3.013690,53.393218,On or near MORTIMER STREET,E01007126,Wirral 016A,Unable to prosecute suspect
cebf005c3b55a133d9afb5e1be9cbdd980b67dec17057c7c73bc25bc88c45c4d,2019-02,Merseyside Police,Merseyside Police,-3.030023,53.487866,On or near REGENT ROAD,E01007104,Sefton 028D,Investigation complete; no suspect identified
753aed996bc3c5dbcd6953cd03aa210001acfbb3fd48486ee9b0e624f78c7227,2019-02,Merseyside Police,Merseyside Police,-3.015414,53.468746,On or near CORINTHIAN STREET,E01006953,Sefton 032B,Suspect charged
f538f1555792bfc28a5d363d21aa0cfb665b97a9a541137b6e8b320e01fb7671,2019-02,Merseyside Police,Merseyside Police,-2.941423,53.433684,On or near VANBRUGH ROAD,E01006762,Liverpool 015E,Suspect charged
f538f1555792bfc28a5d363d21aa0cfb665b97a9a541137b6e8b320e01fb7671,2019-02,Merseyside Police,Merseyside Police,-2.941423,53.433684,On or near VANBRUGH ROAD,E01006762,Liverpool 015E,Suspect charged
f538f1555792bfc28a5d363d21aa0cfb665b97a9a541137b6e8b320e01fb7671,2019-02,Merseyside Police,Merseyside Police,-2.941423,53.433684,On or near VANBRUGH ROAD,E01006762,Liverpool 015E,Suspect charged
f538f1555792bfc28a5d363d21aa0cfb665b97a9a541137b6e8b320e01fb7671,2019-02,Merseyside Police,Merseyside Police,-2.941423,53.433684,On or near VANBRUGH ROAD,E01006762,Liverpool 015E,Suspect charged
3d3ac578ed977cae1c68e7062da64c5704ad9bbe8e18fbc62ac8b2f5e24c9b17,2019-02,Merseyside Police,Merseyside Police,-2.865842,53.475667,On or near DIXON ROAD,E01006446,Knowsley 005G,Unable to prosecute suspect
9ca3328fec03c31aaab482ca8acfbd41b17613eb055e58e6466e1af062a6f7e9,2019-02,Merseyside Police,Merseyside Police,-2.982206,53.428088,On or near Further/Higher Educational Building,E01033764,Liverpool 022E,Investigation complete; no suspect identified
be628d25f3a7a87b25c0f903506d0e09b3e94aaec1df28f1f1777f93d95e1663,2019-02,Merseyside Police,Merseyside Police,-2.851976,53.339973,On or near DAM WOOD ROAD,E01006741,Liverpool 058C,Unable to prosecute suspect
d2cdb57b6bb83fdd0ea8227e94b90f3e2ac220b3fb87cf7725b5cf6150982085,2019-02,Merseyside Police,Merseyside Police,-2.943584,53.425218,On or near HERBERT TAYLOR CLOSE,E01006760,Liverpool 028E,Unable to prosecute suspect
1636e94732d9755603cee6432ac8b6c46dffc6f42c998d9c893391d17624ee1a,2019-02,Merseyside Police,Merseyside Police,-3.008839,53.370615,On or near FAVERSHAM WAY,E01007295,Wirral 027D,Unable to prosecute suspect
7e707fe8c25a187aeb399d7c54b102b4cef293ebb388e728ba5256be56caf81d,2019-02,Merseyside Police,Merseyside Police,-2.829602,53.355672,On or near MIRFIELD CLOSE,E01006429,Knowsley 020C,Unable to prosecute suspect
d3af28fb6b5f0217d5bbc3e4b590afb96426a1dd834c01e448431c45c9a5e551,2019-02,Merseyside Police,Merseyside Police,-2.737771,53.453813,On or near Shopping Area,E01006872,St. Helens 014C,Investigation complete; no suspect identified
e10cc03e6d6f43d614ca9c3210d3d4cfbc560cfc63aaf53bc3a4ec0875db665f,2019-02,Merseyside Police,Merseyside Police,-2.883474,53.396014,On or near ABBEY VIEW,E01006580,Liverpool 036B,Investigation complete; no suspect identified
d7e22c97e2af50191c85e1eb188ef203b171c2fd618a1c2c88cc086e126df2d9,2019-02,Merseyside Police,Merseyside Police,-3.037292,53.598527,On or near STOURTON ROAD,E01006920,Sefton 011A,Offender given penalty notice
e2d1fae554dd32d323161ffd178a0a9d174779969944ca3b22cab0844322035c,2019-02,Merseyside Police,Merseyside Police,-3.051477,53.399803,On or near CARRINGTON STREET,E01007122,Wirral 011C,Investigation complete; no suspect identified
4a4f7e4c8add8febbcb5aada795f80232c293083482a481083151458a7059e52,2019-02,Merseyside Police,Merseyside Police,-2.753420,53.450542,On or near BOUNDARY ROAD,E01006834,St. Helens 012B,Suspect charged
c9f615c6d7f2c28471398a54f3779460147b8cf2f5ff31ad5cc2376ff3aad033,2019-02,Merseyside Police,Merseyside Police,-3.028194,53.358612,On or near LINKSIDE,E01007113,Wirral 032C,Investigation complete; no suspect identified
c987298c47ada2dc7b260b769cacbdd1cb498a933a52fb40498dd770327ef337,2019-02,Merseyside Police,Merseyside Police,-2.921992,53.398959,On or near GRANGE TERRACE,E01006721,Liverpool 038C,Investigation complete; no suspect identified
2ad6a14e698b6741d757abc6e2bc7156daca765c113a000a1f59ec3bb39fc41a,2019-02,Merseyside Police,Merseyside Police,-2.951828,53.428451,On or near OBAN ROAD,E01006547,Liverpool 019C,Unable to prosecute suspect
bf505fc99b84aea4d22cf8d5b763478d0dfc533ce485fc57bb5122e8df73db47,2019-02,Merseyside Police,Merseyside Police,-3.000826,53.632886,On or near WARWICK STREET,E01006997,Sefton 008B,Investigation complete; no suspect identified
6e5e023aa8ba3c4a26b449acfe319f3485a2d5fbb149148f6094bacb3cbbb9c8,2019-02,Merseyside Police,Merseyside Police,-2.730847,53.453981,On or near HALL STREET,E01006870,St. Helens 014B,Investigation complete; no suspect identified
221083a3c78eb1420b9f9739a5f3b5706d3b91473b735853936169c524c560f8,2019-02,Merseyside Police,Merseyside Police,-3.012877,53.644156,On or near DUKE STREET,E01006971,Sefton 009C,Investigation complete; no suspect identified
ff0824f043cb250ece09e9b7ed14902593cb394523aa4e1b537d53d32cd3b063,2019-02,Merseyside Police,Merseyside Police,-3.035444,53.396096,On or near NEWLING STREET,E01032903,Wirral 010F,Investigation complete; no suspect identified
a15c2e9e49015120ff77419d48ca972438f60cfbb3af9af7a6eba583159a6d30,2019-02,Merseyside Police,Merseyside Police,-2.902049,53.482806,On or near CORBET CLOSE,E01006507,Knowsley 004C,Unable to prosecute suspect
4dedfe07236e63bbc62b2aa83917dc17a895a19c6d3ab4150cacc131f22366b5,2019-02,Merseyside Police,Merseyside Police,-2.719235,53.429863,On or near HOLBROOK CLOSE,E01006848,St. Helens 020D,Investigation complete; no suspect identified
fc12819fbbfb0b2c0f3c8f8bb0a07c539828b4448e7a6b726884f41d54ef9813,2019-02,Merseyside Police,Merseyside Police,-2.923278,53.416657,On or near CHEADLE AVENUE,E01006711,Liverpool 027A,Investigation complete; no suspect identified
dd9037373663db3ce823c1dfeea0e5ab8708b7350450ebe4b72d09b167e6a556,2019-02,Merseyside Police,Merseyside Police,-2.985650,53.483206,On or near ST DAVIDS GROVE,E01007090,Sefton 029E,Unable to prosecute suspect
9c9ec980247eddfcf640108076e3833782976804f368813e071c99da8e443c86,2019-02,Merseyside Police,Merseyside Police,-2.983077,53.404521,On or near OLD POST OFFICE PLACE,E01033756,Liverpool 061C,Investigation complete; no suspect identified
b04b96527ec6f1a561178a984bb665e7265ee56c9e70bff5d37d01a9c2951df4,2019-02,Merseyside Police,Merseyside Police,-2.822242,53.400218,On or near BRIDGEWATER WAY,E01006424,Knowsley 017B,Unable to prosecute suspect
b421f7707be511e9cd36efbd2ab60dea600e7b5147e2cffc156f4dd8421c7dec,2019-02,Merseyside Police,Merseyside Police,-3.015729,53.372759,On or near INGLEMERE ROAD,E01007296,Wirral 027E,Investigation complete; no suspect identified
049c8e55e57eea19716d47ed88587bac554faa51fc0da869be155550f141a06b,2019-02,Merseyside Police,Merseyside Police,-2.988487,53.406885,On or near Nightclub,E01033760,Liverpool 060C,Investigation complete; no suspect identified
49195504687d2d700f83b923d3c54ea216432b56694b2577be3deb5ac5f1a51d,2019-02,Merseyside Police,Merseyside Police,-2.642829,53.453166,On or near Police Station,E01006863,St. Helens 013A,Investigation complete; no suspect identified
956ed1dbebfedf0cfc9179c52fdace99cc02301cc44c657ec09b4e0b7a25086b,2019-02,Merseyside Police,Merseyside Police,-3.017290,53.409871,On or near SEACOMBE VIEW,E01007274,Wirral 008C,Investigation complete; no suspect identified
f4a78c7cfd993edcce25d5ac437a6c33bb42c5da75d9c43f604b69dc1c08cc9b,2019-02,Merseyside Police,Merseyside Police,-2.982547,53.401748,On or near Nightclub,E01033761,Liverpool 060D,Investigation complete; no suspect identified
e765a5dfb46c5e3fdf4be57f3c8d0b0c5bbe65962745af6cac1c23e742025772,2019-02,Merseyside Police,Merseyside Police,-2.842386,53.342603,On or near CONLEACH ROAD,E01006755,Liverpool 059C,Investigation complete; no suspect identified
187d0c95509dd9a82b2a813ba7b4f449407b7e7af280403910d7e4eff708a03c,2019-02,Merseyside Police,Merseyside Police,-2.975348,53.399362,On or near ARCH VIEW CRESCENT,E01006513,Liverpool 060A,Unable to prosecute suspect
299ab01099ff9e31ed1c02e020e49830cb04c6764d70819cb437f1b0cd4a3d63,2019-02,Merseyside Police,Merseyside Police,-3.099843,53.400797,On or near WIMBRICK CLOSE,E01007208,Wirral 012A,Unable to prosecute suspect
7e4fd1a45aa61f654fed94c6bd177db83824eddefe0bcd47b0f5114d88c1b375,2019-02,Merseyside Police,Merseyside Police,-2.838251,53.346200,On or near Petrol Station,E01006755,Liverpool 059C,Investigation complete; no suspect identified
5d23d34ef55797f182964e1199fd23084c4bb60d5790778205d125d1c392526a,2019-02,Merseyside Police,Merseyside Police,-2.969045,53.414542,On or near SHAW STREET,E01006646,Liverpool 023C,Suspect charged
7ebe99e7d12be351bf851b72f6be633c996dd90cf8cbda7a85246d335ec49e6a,2019-02,Merseyside Police,Merseyside Police,-2.738114,53.459689,On or near LORD STREET,E01006881,St. Helens 012E,Investigation complete; no suspect identified
bf6e1d59b7ac2bd92b2bed8d41eed8f38941569461696f060aa3274539de2f54,2019-02,Merseyside Police,Merseyside Police,-2.979687,53.402976,On or near Nightclub,E01033756,Liverpool 061C,Unable to prosecute suspect
ee92eb870bbec9ad8b26df4e0a21ecd786ee834b69b738b61c691a4d813d697d,2019-02,Merseyside Police,Merseyside Police,-2.882848,53.479795,On or near RUSHEY HEY ROAD,E01006436,Knowsley 003C,Unable to prosecute suspect
a419cb11c2b64b0eec7033a143bb62a0a41c6c97fddef3ea465dfbf092ff134e,2019-02,Merseyside Police,Merseyside Police,-3.054453,53.391210,On or near ST AIDAN'S TERRACE,E01007160,Wirral 020B,Further investigation is not in the public interest
0539bc5b1098d46ac84022dba9c87af693fdba969c49e1081cf76e5eb95a0741,2019-02,Merseyside Police,Merseyside Police,-3.098275,53.380793,On or near ARROWE PARK ROAD,E01007302,Wirral 018D,Unable to prosecute suspect
bb2fef14ae1c283e903cdcb056705286699ee27fcb45977ea6769d15ca3c35f3,2019-02,Merseyside Police,Merseyside Police,-2.715377,53.437625,On or near EXTENSION VIEW,E01006845,St. Helens 014A,Offender given a caution
50ab2beb013a45eda6e92fbf71de6e580331a844eaa901fc79c7174c6e117af9,2019-02,Merseyside Police,Merseyside Police,-2.975026,53.462871,On or near HUGHES DRIVE,E01007051,Sefton 035D,Investigation complete; no suspect identified
bc0de9db21024f2c45e7343a95771e2882e247fc3f727079efdb07286f38b676,2019-02,Merseyside Police,Merseyside Police,-2.886105,53.400345,On or near Supermarket,E01006578,Liverpool 036A,Investigation complete; no suspect identified
1c233274b88b1e7e82e91312154f185393e0a8a5cf6e6cf020afdee0a8e51c85,2019-02,Merseyside Police,Merseyside Police,-3.115425,53.405389,On or near BERRYLANDS CLOSE,E01007227,Wirral 012D,Unable to prosecute suspect
f21b7538082a555ce8856b653575c0e647457f35f98e21089d95439a4458dbf8,2019-02,Merseyside Police,Merseyside Police,-2.941221,53.438144,On or near LINDSAY ROAD,E01006616,Liverpool 015D,Investigation complete; no suspect identified
646902bf6e854cffca52b944123cd304358ef199c857c62171b9c2370b7da74d,2019-02,Merseyside Police,Merseyside Police,-2.969219,53.448653,On or near BREEZE LANE,E01006790,Liverpool 006C,Investigation complete; no suspect identified
d4593a625796efbfb3479727fdcc0e13cd96f9c99d370d0fa3ba18629985af68,2019-02,Merseyside Police,Merseyside Police,-2.838251,53.346200,On or near Petrol Station,E01006755,Liverpool 059C,Investigation complete; no suspect identified
c238361f3a92e1dbe15960930208db4a91e0b4219e1cc9a5239439bfb754f455,2019-02,Merseyside Police,Merseyside Police,-2.759351,53.440347,On or near BATES CRESCENT,E01006831,St. Helens 016A,Investigation complete; no suspect identified
1aa37ed1ff110e493966cb3f1e803671400b006344dc0d79875fa8fe27ac47ac,2019-02,Merseyside Police,Merseyside Police,-2.961345,53.454038,On or near PARKINSON ROAD,E01006791,Liverpool 006D,Investigation complete; no suspect identified
ec4203ced36dc1c5df039d57f11b4255959bf58d841b2c4314cc0cd3b5850134,2019-02,Merseyside Police,Merseyside Police,-2.920817,53.415588,On or near SWAN STREET,E01006711,Liverpool 027A,Unable to prosecute suspect
c46d78e4c860d68d8d860a369125975c00e2f31ac5c8974ded3eb376b8100db8,2019-02,Merseyside Police,Merseyside Police,-2.964305,53.384584,On or near PARK ROAD,E01006632,Liverpool 044C,Investigation complete; no suspect identified
30f97505de81f86a63d85a2b1c31a0f6afaf429a7f3a05a92b9eda3ac0fb9bb5,2019-02,Merseyside Police,Merseyside Police,-2.964305,53.384584,On or near PARK ROAD,E01006632,Liverpool 044C,Unable to prosecute suspect
fef8d1481a528cd64d1efd38e208b5ffc381c53aeedac808fc36450013bb7eb7,2019-02,Merseyside Police,Merseyside Police,-2.977513,53.401304,On or near COLQUITT STREET,E01033761,Liverpool 060D,Investigation complete; no suspect identified
7df82aacaface91dda5625411f0e0697a6de99da38d23fb0017212da124e1a77,2019-02,Merseyside Police,Merseyside Police,-2.829413,53.342082,On or near EASTERN AVENUE,E01006755,Liverpool 059C,Unable to prosecute suspect
186ab5b61a3b82df8032a78b879e255bf638f2ebe86e1c99fad5c8752ca58ac3,2019-02,Merseyside Police,Merseyside Police,-2.989898,53.408033,On or near Nightclub,E01033752,Liverpool 062B,Investigation complete; no suspect identified
57a6ecc818e5ef6bb4c57cc79c9a6abeb184283161a2a54e192f70f8644c2b99,2019-02,Merseyside Police,Merseyside Police,-2.935819,53.369736,On or near Sports/Recreation Area,E01006528,Liverpool 052C,Investigation complete; no suspect identified
427d553e4e237dc752b2b13685e57a1627e2fa024665eaceec740d3eba54ea01,2019-02,Merseyside Police,Merseyside Police,-2.960896,53.430796,On or near Sports/Recreation Area,E01006542,Liverpool 018A,Investigation complete; no suspect identified
b58b9f373f43b3c674e389894f578fa84700a8c72e725b149f59d25357e7a9aa,2019-02,Merseyside Police,Merseyside Police,-2.851900,53.338409,On or near Parking Area,E01006741,Liverpool 058C,Unable to prosecute suspect
79c30d7a5e822ab5ed22490e1573163c13991b728e59c531fd6f4d59162b189e,2019-02,Merseyside Police,Merseyside Police,-2.941423,53.433684,On or near VANBRUGH ROAD,E01006762,Liverpool 015E,Offender given a drugs possession warning
2e47903dc12fb47eb7ec5d61a8815cf9cf1080f6b68e28bc555f3e584c0fa36c,2019-02,Merseyside Police,Merseyside Police,-2.900614,53.481244,On or near TILSTON ROAD,E01006455,Knowsley 004A,Unable to prosecute suspect
13f88d84d1c9560880c409883e9975fb3e72a2c3c458f0a9f4cda34d95ef6fd0,2019-02,Merseyside Police,Merseyside Police,-2.981167,53.442407,On or near WESTMINSTER ROAD,E01006963,Sefton 038D,Unable to prosecute suspect
b70cc34f6f6d9abda6c99cfbfd897d1712a4d0fd9b1a5a4da5e6747a0e946efc,2019-02,Merseyside Police,Merseyside Police,-3.044881,53.438702,On or near BURLINGTON ROAD,E01007238,Wirral 001E,Investigation complete; no suspect identified
7d248f27a1e495a5397fb27a27e585ca1132f318e08177b1a1544c78145537a5,2019-02,Merseyside Police,Merseyside Police,-2.989203,53.330761,On or near BROTHERTON CLOSE,E01007137,Wirral 039C,Unable to prosecute suspect
c613546ea6abd2af16ecb71d14da3aac16044289c29d05fd2db127d7bcd96b2d,2019-02,Merseyside Police,Merseyside Police,-3.107897,53.401091,On or near Petrol Station,E01007208,Wirral 012A,Investigation complete; no suspect identified
9115ed79d067ddb081fecc98c6ec6089b43ab6af9edadae872f091f7fa5d8f07,2019-02,Merseyside Police,Merseyside Police,-2.974762,53.432949,On or near CARDEN CLOSE,E01006703,Liverpool 014D,Investigation complete; no suspect identified
a2b9af27d372a8633749dd746e49ee6203cb160335c1c11bdbbff5e050a745e8,2019-02,Merseyside Police,Merseyside Police,-2.729515,53.449234,On or near LINKWAY EAST,E01006912,St. Helens 019G,Further investigation is not in the public interest
d43a38dad06d04ab44a9ba4d21e4014a17855a3d5b38afa74daaca527e89bfcc,2019-02,Merseyside Police,Merseyside Police,-3.057083,53.559630,On or near CHURCH ROAD,E01007080,Sefton 014C,Unable to prosecute suspect
7e62c6de7b86817108c00669b1d6bf33255563cdff3a4b7b508282d2de3b5dda,2019-02,Merseyside Police,Merseyside Police,-2.944526,53.405938,On or near BOTANIC ROAD,E01006690,Liverpool 028A,Investigation complete; no suspect identified
068d7b43271fa6bce56e7613b903ee5360e304c619e8d1344406c284a300e1ce,2019-02,Merseyside Police,Merseyside Police,-3.008616,53.647517,On or near Nightclub,E01006968,Sefton 004C,Unable to prosecute suspect
4222a3a2150ef1e3c256e558537273f3cdf73e6fe789b73dfe8e75faf5e647da,2019-02,Merseyside Police,Merseyside Police,-2.731479,53.412764,On or near PRESTON STREET,E01006910,St. Helens 022E,Further investigation is not in the public interest
2e61d143753160b7b0123bb0a43dd830714cc37356ddd186c32f9d06bf32ec6f,2019-02,Merseyside Police,Merseyside Police,-2.976571,53.402192,On or near ROSCOE PLACE,E01033761,Liverpool 060D,Investigation complete; no suspect identified
ff141cbb165def36e9c7c52c34502acdf41755feac39244078592608371ee50a,2019-02,Merseyside Police,Merseyside Police,-2.980571,53.403472,On or near Nightclub,E01033756,Liverpool 061C,Investigation complete; no suspect identified
a855b937dfecd2e87bf07c5cc8f10351405c690dfcfee258e7195dfc12c00c02,2019-02,Merseyside Police,Merseyside Police,-3.049485,53.486222,On or near CHEYNE CLOSE,E01006936,Sefton 022A,Suspect charged
e0bac70adf4618b953679cd7b51f5b43d2e7ea28ece1917d06167f3b4121704b,2019-02,Merseyside Police,Merseyside Police,-2.959881,53.463884,On or near WEIGHTMAN GROVE,E01006782,Liverpool 003B,Investigation complete; no suspect identified
c49a584ec2fe654d52d0aa0b04711259426d106805fab5b6eb00b582d353531c,2019-02,Merseyside Police,Merseyside Police,-3.026428,53.378870,On or near ELM ROAD,E01007179,Wirral 021C,Investigation complete; no suspect identified
7866fe65c2d51190f72f97300a52eb8d316831f215eef323fdb88fe135fc8cd4,2019-02,Merseyside Police,Merseyside Police,-2.827116,53.342098,On or near CRITCHLEY ROAD,E01006754,Liverpool 059B,Investigation complete; no suspect identified
4434a77f05c1d423bcd7c7418caa1a47326eb160cf139db155074b7ce5ee53bd,2019-02,Merseyside Police,Merseyside Police,-2.805664,53.427918,On or near MARKET PLACE,E01006463,Knowsley 007C,Investigation complete; no suspect identified
f82e1c26aa3e342f6bc5877afedde59e3d0c8846f42a71f883922c30a4ba308e,2019-02,Merseyside Police,Merseyside Police,-2.956966,53.468240,On or near HOOTON ROAD,E01006780,Liverpool 002D,Unable to prosecute suspect
82e7bd92198311394009adb5cd8654e0b47d409124bcf4742d957b8c7e7985f5,2019-02,Merseyside Police,Merseyside Police,-2.989203,53.330761,On or near BROTHERTON CLOSE,E01007137,Wirral 039C,Unable to prosecute suspect
d945c24f5651e125d88f2742fbbe361a4cc2f0f0518180ad2743c058ebc021f6,2019-02,Merseyside Police,Merseyside Police,-2.976861,53.404365,On or near UPPER NEWINGTON,E01033756,Liverpool 061C,Investigation complete; no suspect identified
bd88ec86e0507d359d28d2b973ae0763fbf4aa14a94f00d20bda15337753aac7,2019-02,Merseyside Police,Merseyside Police,-2.974206,53.436909,On or near BARLOW STREET,E01006701,Liverpool 014B,Unable to prosecute suspect
ebce74ae76c95b969820a67af0a9198151b13b8e18bb91debfef0813a29f3d55,2019-02,Merseyside Police,Merseyside Police,-2.880400,53.490383,On or near MEADOWSWEET ROAD,E01006495,Knowsley 001E,Investigation complete; no suspect identified
f4c3f628349601b19ac22def0963f4d45acb491eb732a81cc4104afad9a419dd,2019-02,Merseyside Police,Merseyside Police,-2.980571,53.403472,On or near Nightclub,E01033756,Liverpool 061C,Unable to prosecute suspect
516f76184b5008a683704084cd226050246abffbbdca2113ef1ae651d044c181,2019-02,Merseyside Police,Merseyside Police,-2.987781,53.444573,On or near Sports/Recreation Area,E01006961,Sefton 038B,Unable to prosecute suspect
92a85f972e1ffb1fcaad90de4277f09ae1f756f3276dcdff103425dea0deb15d,2019-02,Merseyside Police,Merseyside Police,-3.031578,53.417173,On or near WATER STREET,E01007220,Wirral 005D,Unable to prosecute suspect
428fbe7a71b4f1860caea513ce535d469e9eb32250167ac0960612f3ea2df044,2019-02,Merseyside Police,Merseyside Police,-2.887092,53.479547,On or near Sports/Recreation Area,E01006437,Knowsley 003D,Unable to prosecute suspect
3cce67d076891c6e3abf1c0c8b06db35d7003abd90ec9ae2b26b3e818cbd7bd7,2019-02,Merseyside Police,Merseyside Police,-2.707779,53.460493,On or near Supermarket,E01006812,St. Helens 008C,Investigation complete; no suspect identified
ba65da565714b822dda36043e9700289af7ef710ffbb4430d8ed9e48f0af5f9a,2019-02,Merseyside Police,Merseyside Police,-3.031578,53.417173,On or near WATER STREET,E01007220,Wirral 005D,Unable to prosecute suspect
adab63386523341aa3dcf9789c64d5c66c5125281c212b7c6e773989c5b9acaf,2019-02,Merseyside Police,Merseyside Police,-2.747439,53.434984,On or near AYRES COURT,E01006905,St. Helens 019D,Investigation complete; no suspect identified
d368c291e4e5f70b8cdf1c10440efd9cec99c3b73fb0934ec69604c221d3cc58,2019-02,Merseyside Police,Merseyside Police,-2.944644,53.500805,On or near Supermarket,E01007066,Sefton 020B,Unable to prosecute suspect
faaebbf8ffb522797b796e51ae4de7ebe56f7fb9f74f4ffdd79e54726aa7e535,2019-02,Merseyside Police,Merseyside Police,-2.944644,53.500805,On or near Supermarket,E01007066,Sefton 020B,Unable to prosecute suspect
05477f484961e6324870bda5b4515be16b2aabbd5c9d073ae5d214050d7ff00d,2019-02,Merseyside Police,Merseyside Police,-2.928952,53.421584,On or near BRAINERD STREET,E01006761,Liverpool 020B,Investigation complete; no suspect identified
654a3e98672161faacb40651b1631177f8384f55a37514d46bac396e5e04b298,2019-02,Merseyside Police,Merseyside Police,-2.754104,53.460290,On or near TENNIS STREET,E01006918,St. Helens 007E,Further investigation is not in the public interest
523f44491120883f04e70461b065c8e8e6af465782e826488fbaefbdf845ba01,2019-02,Merseyside Police,Merseyside Police,-2.708911,53.451578,On or near Parking Area,E01006874,St. Helens 014E,Unable to prosecute suspect
36b8a8d27034d2cf24663385b57a156a49e47e74be7e00fef028ec110bb1ec7b,2019-02,Merseyside Police,Merseyside Police,-2.751741,53.448431,On or near ENFIELD STREET,E01006834,St. Helens 012B,Unable to prosecute suspect
6dbd577b047d5f5d892aea63feb96ac9a49a964f3d15e3e58a3550ffd2817f3f,2019-02,Merseyside Police,Merseyside Police,-2.865550,53.370204,On or near SYLVAN COURT,E01006533,Liverpool 055C,Unable to prosecute suspect
5315b889eaafb902c05efa306f30548d2e191344e4be181d2498409e995502fb,2019-02,Merseyside Police,Merseyside Police,-2.709275,53.458111,On or near PARK ROAD,E01006812,St. Helens 008C,Unable to prosecute suspect
a19d97069c2a275506d3e83920e849d44d9ff3902a6e37f6f363cbc198c00083,2019-02,Merseyside Police,Merseyside Police,-2.878190,53.467299,On or near ROUGHDALE AVENUE,E01006418,Knowsley 005B,Investigation complete; no suspect identified
5f80fafe8e6ec4333f91b769d1f46442665a77e66deb76b9be73a9a7dc85aa52,2019-02,Merseyside Police,Merseyside Police,-2.955370,53.466904,On or near Petrol Station,E01006783,Liverpool 002E,Unable to prosecute suspect
e908f7534edb2a264782d867fc0b569370b30c3238f44c2ed4fa68b87adbc9d9,2019-02,Merseyside Police,Merseyside Police,-2.969422,53.443663,On or near PYM STREET,E01006610,Liverpool 009C,Further investigation is not in the public interest
0639851e8ed7da094898f4ba0699a1a3a9d7c66c6cb00a474d59b6e77f338d16,2019-02,Merseyside Police,Merseyside Police,-2.958897,53.428898,On or near HOULDING STREET,E01006546,Liverpool 019B,Investigation complete; no suspect identified
756ab1f9617c8fb578a1055b3036469fcbcf37115cc3faaf09bcbc0551574f27,2019-02,Merseyside Police,Merseyside Police,-2.729515,53.449234,On or near LINKWAY EAST,E01006912,St. Helens 019G,Unable to prosecute suspect
59952d7df94010f67865b7a3af39b68a8beae7dc5f665394afc0f42379c72898,2019-02,Merseyside Police,Merseyside Police,-2.948738,53.416098,On or near MILLVALE STREET,E01006694,Liverpool 030B,Suspect charged
982e065d2a40ac62f73f4c3fe2d1d3201eb3eb870eccaad917351f21732bd701,2019-02,Merseyside Police,Merseyside Police,-2.868136,53.424927,On or near FINCHAM SQUARE,E01006467,Knowsley 008B,Unable to prosecute suspect
d4b9c2274cdeca07fc334740340d8124a88ca9a607d84363607f96a1cd656e9e,2019-02,Merseyside Police,Merseyside Police,-2.865550,53.370204,On or near SYLVAN COURT,E01006533,Liverpool 055C,Unable to prosecute suspect
7ac9400bb329a46520025ed91d7e9c5a5a1bdec660d7735644f68381442b6038,2019-02,Merseyside Police,Merseyside Police,-3.031734,53.388793,On or near Theatre/Concert Hall,E01007128,Wirral 016C,Unable to prosecute suspect
5ab36c35305c00cfcd45942952c2b44326ab8a32e6ee030d179ab49e52a295c5,2019-02,Merseyside Police,Merseyside Police,-2.993645,53.359695,On or near NEW FERRY BY-PASS,E01007138,Wirral 031B,Investigation complete; no suspect identified
4c07c4c74a9fdc1196ead73ad0b68b75de3ea50d877e362a9c20b058d11962a3,2019-02,Merseyside Police,Merseyside Police,-2.947753,53.421185,On or near BELMONT ROAD,E01006760,Liverpool 028E,Unable to prosecute suspect
11c34a4a3357c26478a2325a5c33142a8984a1a6e240f6c2a3117a661a91372b,2019-02,Merseyside Police,Merseyside Police,-2.990870,53.411693,On or near PRINCES GARDENS,E01033755,Liverpool 062D,Investigation complete; no suspect identified
109f3f213c161a5401e9473a83b69c1b90cd68689885ecce44f0d7f5324a3582,2019-02,Merseyside Police,Merseyside Police,-2.958897,53.428898,On or near HOULDING STREET,E01006546,Liverpool 019B,Investigation complete; no suspect identified
cd7dbdb2e68f14f4c7d60f4e2976b848953bbbbf42c9f23f84205044aca4739e,2019-02,Merseyside Police,Merseyside Police,-2.984887,53.408614,On or near PRESTON STREET,E01033762,Liverpool 060E,Investigation complete; no suspect identified
d4d8472c6a47be36564448e9f335b53fb75b0f89bbc34a2e43e1f26c8511192d,2019-02,Merseyside Police,Merseyside Police,-2.922119,53.450024,On or near SCARGREEN AVENUE,E01006736,Liverpool 005E,Investigation complete; no suspect identified
b629f62715165d2eb76a8fa2895c21d9f0f168669875cbd838666cd2d5c4211a,2019-02,Merseyside Police,Merseyside Police,-3.008616,53.647517,On or near Nightclub,E01006968,Sefton 004C,Unable to prosecute suspect
a4b9c4f345d4c73bbe559aa0c63625770c6d6c45787f9f57e3f534ac48fc3158,2019-02,Merseyside Police,Merseyside Police,-2.857257,53.369625,On or near HUNTS CROSS AVENUE,E01006530,Liverpool 055A,Investigation complete; no suspect identified
03103431bc7428bf647aa154175478ade409574835b296772b5b1d86742adeb5,2019-02,Merseyside Police,Merseyside Police,-3.031642,53.389369,On or near BACK MENAI STREET,E01007128,Wirral 016C,Unable to prosecute suspect
c5cc1649f914ad5ae68e4f203b71977ac21668842906aaa95a273b21fe9bcdca,2019-02,Merseyside Police,Merseyside Police,-2.868136,53.424927,On or near FINCHAM SQUARE,E01006467,Knowsley 008B,Unable to prosecute suspect
80f9b894b31f2c0483b66c1fa59581bd7f1585d15271d06e7c8dacfb17f31b80,2019-02,Merseyside Police,Merseyside Police,-2.981316,53.429965,On or near LEISON STREET,E01033764,Liverpool 022E,Investigation complete; no suspect identified
dd6ba4622dcaee34394bf1937d2cf0ff1f6b3b7cbd61c97a3498942bbebf618b,2019-02,Merseyside Police,Merseyside Police,-2.968002,53.410361,On or near LONDON ROAD,E01033758,Liverpool 060B,Suspect charged
d6421ccbb939fd13e107a9d77b2425645c86b1a446eb5c26621d16820d22b7f0,2019-02,Merseyside Police,Merseyside Police,-2.966750,53.386308,On or near ROPER STREET,E01006678,Liverpool 044E,Unable to prosecute suspect
e5f536dcc59606724adb797015c4f520a79e43af3a3fdab2fabd6277f7a7871c,2019-02,Merseyside Police,Merseyside Police,-2.964266,53.432738,On or near TANCRED ROAD,E01006542,Liverpool 018A,Unable to prosecute suspect
88e65bd8fc0c788f26b9982b5affb006c723f9914eea311ce112a68468874d4f,2019-02,Merseyside Police,Merseyside Police,-2.923938,53.422845,On or near RICHLAND ROAD,E01006761,Liverpool 020B,Investigation complete; no suspect identified
0e57982d6b929a966037d268566c2c7548b95e0b3a7d18df2029b620ec510a67,2019-02,Merseyside Police,Merseyside Police,-2.644094,53.451226,On or near SANKEY STREET,E01006863,St. Helens 013A,Investigation complete; no suspect identified
3c16d65800619d03361bd21f264ae526bcf09f66c964f9e2bda69bfe4be3b7b7,2019-02,Merseyside Police,Merseyside Police,-2.978384,53.413710,On or near Police Station,E01006648,Liverpool 023D,Suspect charged
da9a6412f32a74726a6aa390440e556497f75c0d236d3217bc7a92e3c6b7e451,2019-02,Merseyside Police,Merseyside Police,-2.902481,53.451333,On or near REGAL ROAD,E01006664,Liverpool 004D,Unable to prosecute suspect
6577067ba64ef87da9c330448c887d065de204d6f0cd18dfd40e533b02d45e49,2019-02,Merseyside Police,Merseyside Police,-2.876625,53.426420,On or near MAX ROAD,E01006639,Liverpool 017C,Investigation complete; no suspect identified
2d14fc0e7f6547bf3f8958d061c58a3021090d7584e4cbbaae222a69a7e671d6,2019-02,Merseyside Police,Merseyside Police,-3.020441,53.376234,On or near ROSEDALE ROAD,E01007294,Wirral 021F,Unable to prosecute suspect
f5f633b0db25ec148ac8c3f561e8f7916dc88d729722fccb3e2b547a63059b0b,2019-02,Merseyside Police,Merseyside Police,-3.005290,53.369234,On or near SEFTON ROAD,E01007289,Wirral 031E,Investigation complete; no suspect identified
cb858316497357974b66632e3fe8442c26fd4e38d575454242f489d1049457a7,2019-02,Merseyside Police,Merseyside Police,-2.903633,53.358011,On or near BOWDEN ROAD,E01006744,Liverpool 057C,Investigation complete; no suspect identified
f7cb94788148f5fa3eeeaedc0a9a7f03d1e8c0de8ee34e70f94d9e1e484ce0e2,2019-02,Merseyside Police,Merseyside Police,-2.918078,53.456059,On or near EAST LANCASHIRE ROAD,E01006660,Liverpool 001E,Investigation complete; no suspect identified
44945621ba513fcdf010e2e79c64d48c43dfea333238cff3795ed2e3d995a5ef,2019-02,Merseyside Police,Merseyside Police,-2.903073,53.415346,On or near LEXHAM ROAD,E01006569,Liverpool 029B,Investigation complete; no suspect identified
cd94d6576fb8b831adca0e5fa0177bfae0e23bebd26fdcae76a4327cb642bc0e,2019-02,Merseyside Police,Merseyside Police,-2.949854,53.395945,On or near BACK WINDSOR VIEW,E01006679,Liverpool 039D,Unable to prosecute suspect
1ec5b16408c42744825ef665e83f688ad67b45f4982d810d4c9431906dce92d2,2019-02,Merseyside Police,Merseyside Police,-2.706488,53.497021,On or near SCHOOL DRIVE,E01006802,St. Helens 002A,Investigation complete; no suspect identified
db916429d69eb192cdc59450406dbb33eab06e046b4149bc2e6fd991fe86d494,2019-02,Merseyside Police,Merseyside Police,-2.845087,53.415358,On or near ORAN WAY,E01006443,Knowsley 010C,Investigation complete; no suspect identified
91ce0056c3ed52bb87852cecd6d46bf0ef7f9005cdff15de8f3cdadb5f650989,2019-02,Merseyside Police,Merseyside Police,-2.950776,53.402239,On or near DOVESTONE CLOSE,E01006751,Liverpool 031F,Investigation complete; no suspect identified
661081fc3311c56740de73aba9a8793b5b28f8aab1e3d0b4e6f8d82135db5796,2019-02,Merseyside Police,Merseyside Police,-3.024956,53.392690,On or near Parking Area,E01007126,Wirral 016A,Unable to prosecute suspect
6b9b611cc37e73a9cfbadeec25f8d576a4c1c87ac6f72dfb68c93de3f744ef3c,2019-02,Merseyside Police,Merseyside Police,-2.716389,53.492396,On or near DELPH MEADOW GARDENS,E01006806,St. Helens 002C,Investigation complete; no suspect identified
564cc310cbdf9ccc932436b97d37724bf8d41e1affe554416fbf8891a89dd430,2019-02,Merseyside Police,Merseyside Police,-2.904871,53.416403,On or near CLAYFORD CRESCENT,E01006569,Liverpool 029B,Investigation complete; no suspect identified
07a3c9fd346d02092502ba7f16921c794f61c85cce505f6c6410907fb5fe8d47,2019-02,Merseyside Police,Merseyside Police,-2.734145,53.456639,On or near BRYNN STREET,E01006870,St. Helens 014B,Investigation complete; no suspect identified
c69420864a79af51d9a3d243c4388876f5353fcd5bbdee6b9342b8fade64225a,2019-02,Merseyside Police,Merseyside Police,-3.035054,53.592919,On or near THE BROOKDALE,E01006924,Sefton 011B,Unable to prosecute suspect
186ae5a06c8f5cebc7c79ec878613885b02c0908de7a8b2c27fa1cea3c44b1a9,2019-02,Merseyside Police,Merseyside Police,-2.988055,53.440813,On or near WOLSEY STREET,E01006778,Liverpool 014E,Investigation complete; no suspect identified
53164fc5d9961d240e72cfc16263aed1a8264521ef27d61f0404242cd334d30e,2019-02,Merseyside Police,Merseyside Police,-2.806289,53.426736,On or near GARDEN WALK,E01006463,Knowsley 007C,Unable to prosecute suspect
532c4a5b3885922feb3b344ce856f59857d1e4a6e05897cc44b3b992c79b33e0,2019-02,Merseyside Police,Merseyside Police,-2.978384,53.413710,On or near Police Station,E01006648,Liverpool 023D,Unable to prosecute suspect
17804f663c30a402df5f50bb52b9bf5c0f5667fed744ec4356611a1d9acd602f,2019-02,Merseyside Police,Merseyside Police,-2.896674,53.415853,On or near LOWFIELD ROAD,E01006567,Liverpool 026A,Investigation complete; no suspect identified
cec67ce81d54f716f305a914b7a6e8caeee7e20e77272f97ae67aa8aa8d85759,2019-02,Merseyside Police,Merseyside Police,-2.948837,53.377265,On or near NEILSON STREET,E01006628,Liverpool 052D,Unable to prosecute suspect
6acac6e33f6e3607f33cea0ffbbf5484e1c5c6e6cadee222fe9f3e597f28dd5a,2019-02,Merseyside Police,Merseyside Police,-2.724921,53.473891,On or near KENDAL DRIVE,E01006850,St. Helens 004B,Investigation complete; no suspect identified
443122c8110b8cacfd4e959ce859ca6b2bb1080136498e6ba6ec3ba91df3ca0d,2019-02,Merseyside Police,Merseyside Police,-2.940097,53.446540,On or near SONNING ROAD,E01006729,Liverpool 008C,Investigation complete; no suspect identified
ca9e71981b4bfd950b4ff4f74535d7b88346445adf2328813c857c3e71cd557b,2019-02,Merseyside Police,Merseyside Police,-3.099545,53.327988,On or near Parking Area,E01007182,Wirral 037A,Investigation complete; no suspect identified
3acad6b3d8b731e8256ab76581625c9aefadbe0aa32435e1e7157858008f3b62,2019-02,Merseyside Police,Merseyside Police,-2.980463,53.398115,On or near UPPER FREDERICK STREET,E01006515,Liverpool 037B,Investigation complete; no suspect identified
54464c8a49d46d02829154acc681f427b3b2fe7c55b0b675896c4445edf18b76,2019-02,Merseyside Police,Merseyside Police,-3.083491,53.372298,On or near HOME FARM ROAD,E01007249,Wirral 025A,Unable to prosecute suspect
22b1825abca8d196394633c029ab214627c3ffd4afaa9c22790e632199e937c8,2019-02,Merseyside Police,Merseyside Police,-2.957107,53.467816,On or near HESWALL ROAD,E01006780,Liverpool 002D,Unable to prosecute suspect
6b418e707a81efd87adf4f46cd187130f2059e975b769be1758e761be92b20e2,2019-02,Merseyside Police,Merseyside Police,-2.981892,53.414455,On or near SCOTLAND ROAD,E01006648,Liverpool 023D,Unable to prosecute suspect
b2b1c9a2ce8429edc1348748408e4a0b254a7004278f7287fad143818903de1e,2019-02,Merseyside Police,Merseyside Police,-2.943063,53.416655,On or near HAMPSTEAD ROAD,E01006695,Liverpool 028C,Investigation complete; no suspect identified
a4e9ee4765fb58b9600c4fa57207a1af3eec39a0f488e1741db40c77b9e00111,2019-02,Merseyside Police,Merseyside Police,-2.996802,53.463959,On or near BOWDEN STREET,E01007017,Sefton 034E,Suspect charged
f2f80659ed1ad3aeb1d4e7cff57180f16cf74e408467261de0e35e7839b9ba07,2019-02,Merseyside Police,Merseyside Police,-2.862968,53.418645,On or near AYLTON ROAD,E01006450,Knowsley 012B,Unable to prosecute suspect
afd3ffe391f8d8d4a90c7f788b3e49d30a2f4bdb4c598703d373aa21303f621f,2019-02,Merseyside Police,Merseyside Police,-2.713560,53.425304,On or near THE BEECHES,E01006897,St. Helens 020F,Investigation complete; no suspect identified
f8798a4bd470d00dbfe5bbfbf7bd1c4d79c69b8749b1f967fc1503f706082b8d,2019-02,Merseyside Police,Merseyside Police,-3.028576,53.386933,On or near CEDAR STREET,E01007130,Wirral 021A,Unable to prosecute suspect
c8a039b64b8047163d9fb8c0d016a56d85cfcedac3c5170ac9ec3fe6e02ad20b,2019-02,Merseyside Police,Merseyside Police,-2.884887,53.482171,On or near Parking Area,E01006437,Knowsley 003D,Unable to prosecute suspect
0470c117c25260b5ff5fec87e3805653bae34e33460bb820d1b909aa2ea47879,2019-02,Merseyside Police,Merseyside Police,-2.912931,53.421123,On or near PODIUM ROAD,E01006719,Liverpool 027F,Unable to prosecute suspect
16035e07a802d3389a323cb7423a7792ad625a0ad59507e097a1b95b706bdace,2019-02,Merseyside Police,Merseyside Police,-2.969155,53.439871,On or near ANDREW STREET,E01006611,Liverpool 012A,Unable to prosecute suspect
32dbb4a8c857c5d04620ff5f4c0a84eb2be6c1df4da1cde734910caa6896a156,2019-02,Merseyside Police,Merseyside Police,-2.749200,53.452914,On or near ST PAUL STREET,E01006880,St. Helens 012D,Investigation complete; no suspect identified
a3c768a79b67e824ba6b64947e3ac1b78bbc386d22b5e84bc1d3d66c9da9ec5f,2019-02,Merseyside Police,Merseyside Police,-3.056227,53.401487,On or near MIRIAM PLACE,E01007122,Wirral 011C,Unable to prosecute suspect
d86125af0fb516c037e9e9b9a867a260ca8b7d8694804be65cfb46fb5cfcdad1,2019-02,Merseyside Police,Merseyside Police,-2.884887,53.482171,On or near Parking Area,E01006437,Knowsley 003D,Unable to prosecute suspect
b4e39357a831fa08dd5967f50c37b85230b698d7da9c4f74523452061501df0a,2019-02,Merseyside Police,Merseyside Police,-2.862033,53.347119,On or near BEXHILL CLOSE,E01006739,Liverpool 058B,Unable to prosecute suspect
257d59e0d98e763567f9e282988dab7380ba8f4a169eb97b834b623ccb4e3ed3,2019-02,Merseyside Police,Merseyside Police,-2.913423,53.484724,On or near CYPRESS CLOSE,E01007039,Sefton 026A,Unable to prosecute suspect
8c8982c73c11024f1354a75ab33503a959d97e113654ab67bd49eed017f4a879,2019-02,Merseyside Police,Merseyside Police,-2.981323,53.407376,On or near Theatre/Concert Hall,E01033760,Liverpool 060C,Investigation complete; no suspect identified
afb011761a01d8d403162bbd3700896a37ab88cfc5b6ed9d1c0f15b0d38c1ea7,2019-02,Merseyside Police,Merseyside Police,-3.005882,53.649608,On or near NEVILL STREET,E01033094,Sefton 004F,Investigation complete; no suspect identified
f68be8f939ff0ab4906537457e59791152ec3d3d7fd6216af9d229c7032aa9f6,2019-02,Merseyside Police,Merseyside Police,-2.980369,53.403824,On or near Shopping Area,E01033756,Liverpool 061C,Investigation complete; no suspect identified
71258bdf0f807541b5fae32f17a0aa0c0ae6f32d5229961784efaa2e074169ba,2019-02,Merseyside Police,Merseyside Police,-2.834162,53.426805,On or near LYME GROVE,E01006440,Knowsley 010A,Unable to prosecute suspect
2e5de48d2c8d514318ee5ff67e6e6dae55de819fd70d8e2e88ece11a49d24a62,2019-02,Merseyside Police,Merseyside Police,-2.995734,53.442799,On or near BRASENOSE ROAD,E01007010,Sefton 037E,Investigation complete; no suspect identified
8c15930e08cc6bbec57c36ffe077df69908056a146b550549e597ffdc964ef42,2019-02,Merseyside Police,Merseyside Police,-2.988662,53.407963,On or near DALE STREET,E01033760,Liverpool 060C,Unable to prosecute suspect
a606bdfeedd6ac0270f8973abd0fe428930a6335816b12f30bab14499f5cccf9,2019-02,Merseyside Police,Merseyside Police,-2.931264,53.470187,On or near WORTLEY ROAD,E01006655,Liverpool 001C,Unable to prosecute suspect
7a810a292da7fd21b5c5f1ef0b22c8311ff883cbe163aedf39bac5e6e231664a,2019-02,Merseyside Police,Merseyside Police,-2.996514,53.458109,On or near HORNBY AVENUE,E01007006,Sefton 036C,Unable to prosecute suspect
acc04e06d28db3cd97758a981acea5608129f9c0c9335fd49ddc466088a5037c,2019-02,Merseyside Police,Merseyside Police,-2.950128,53.428465,On or near PRIORY ROAD,E01006766,Liverpool 019E,Investigation complete; no suspect identified
efbb2e48aff59d8033cbe274c95935bb21cabc554451a26c985b0fbddd9af4dc,2019-02,Merseyside Police,Merseyside Police,-2.816332,53.412834,On or near WOOD LANE,E01006497,Knowsley 013A,Unable to prosecute suspect
76930790b9fc076eb7968084f93c7ff15c2c2236aa5d6ff54265c41625e658e7,2019-02,Merseyside Police,Merseyside Police,-2.721216,53.440188,On or near MARSHALLS CROSS ROAD,E01006912,St. Helens 019G,Investigation complete; no suspect identified
a50036440cae4f624211263b81e9d8f12a81cbbdea9a4ee21583d53213cf3301,2019-02,Merseyside Police,Merseyside Police,-2.988662,53.407963,On or near DALE STREET,E01033760,Liverpool 060C,Unable to prosecute suspect
597576ec8975fa263eeb902e6f115b3f1d20d1cb3380531dfd5cb1373f3dc7d3,2019-02,Merseyside Police,Merseyside Police,-2.985464,53.402353,On or near DUKE STREET LANE,E01033754,Liverpool 061B,Investigation complete; no suspect identified
0c0f1a67bacf465262c29279154983b50673fde59b456dd8f7dd96278080c465,2019-02,Merseyside Police,Merseyside Police,-2.880408,53.479858,On or near ASHMUIR HEY,E01006437,Knowsley 003D,Unable to prosecute suspect
0db6ac4d6581c125f4319c7be7cd8684cff2c6ac29dcd398e6d12d33562ac646,2019-02,Merseyside Police,Merseyside Police,-3.071781,53.414715,On or near M53,E01007309,Wirral 006D,Further investigation is not in the public interest
da9f0e7d0ed6bd0426deed0f1442102115e69e6d4dd8e5ea2bd97b3da9b7f48a,2019-02,Merseyside Police,Merseyside Police,-2.981075,53.405122,On or near Shopping Area,E01033760,Liverpool 060C,Investigation complete; no suspect identified
e9e72cbd544d0d603fcc1ff1030bc5fa7a6f00640ee52be07d6d1eede626a78a,2019-02,Merseyside Police,Merseyside Police,-2.979959,53.404996,On or near RANELAGH STREET,E01033756,Liverpool 061C,Suspect charged
31f91faf00182a87c22adb4176562afde080003a65af34fc6ecd5d638bcaad78,2019-02,Merseyside Police,Merseyside Police,-3.009668,53.458961,On or near KNOWSLEY ROAD,E01007005,Sefton 034B,Investigation complete; no suspect identified
a0a6a3e8b2c04a418213af4c632208de32e4342832b3bddab5029e43db8e7282,2019-02,Merseyside Police,Merseyside Police,-2.786912,53.414083,On or near BRAEMAR CLOSE,E01006504,Knowsley 013D,Suspect charged
ffe744461764bc2f5df0d496d45b61ba3f8acd0140e6b859b56392891501c48d,2019-02,Merseyside Police,Merseyside Police,-3.069772,53.404827,On or near HURRELL ROAD,E01007121,Wirral 011B,Investigation complete; no suspect identified
d7385bffc07791bfc18bcd02fca3f14b10661e683eafcf66d7689a2373e588a0,2019-02,Merseyside Police,Merseyside Police,-2.980734,53.460865,On or near FERNHILL ROAD,E01007051,Sefton 035D,Investigation complete; no suspect identified
000b5d0bc85f8dcd2e6ea2b3aeed57e6a5a26400c73974e92280479136a1c200,2019-02,Merseyside Police,Merseyside Police,-2.962008,53.462024,On or near ORRELL LANE,E01006784,Liverpool 003C,Suspect charged
d279aca5196bf6491db3dbb2cef53c802ed7443365b75ea85bd136f0e4513f7d,2019-02,Merseyside Police,Merseyside Police,-2.927353,53.469794,On or near KINROSS ROAD,E01006655,Liverpool 001C,Investigation complete; no suspect identified
d87ef98daba0cb8dccac8659eff67b087a3b8c129372784e3961be350c3355a1,2019-02,Merseyside Police,Merseyside Police,-2.762010,53.408034,On or near SANDSTONE CLOSE,E01006889,St. Helens 023B,Investigation complete; no suspect identified
38add715445d17f8b3975cc6189adc2e85a10d4b6e4335af98f5e68e9d763a41,2019-02,Merseyside Police,Merseyside Police,-2.752328,53.442441,On or near RAVENHEAD ROAD,E01006835,St. Helens 016C,Investigation complete; no suspect identified
c4afad36c5609c930f2b83aba9cf67e53ea694e066bfc8336ab0d55fe76d4d74,2019-02,Merseyside Police,Merseyside Police,-2.977513,53.401304,On or near COLQUITT STREET,E01033761,Liverpool 060D,Investigation complete; no suspect identified
98dea5034d4cdeffd84da3cbaca94382d60203284e7378aa5984862840ed3a00,2019-02,Merseyside Police,Merseyside Police,-2.989247,53.475258,On or near MOSS LANE,E01006981,Sefton 031B,Investigation complete; no suspect identified
3534349ce2f9ccb23f9fce313a562131998eaa374b104ad03d0674aa8c2cf5f9,2019-02,Merseyside Police,Merseyside Police,-3.053200,53.437263,On or near WARREN DRIVE,E01007237,Wirral 001D,Investigation complete; no suspect identified
322ac38d47e809ac87f131a4b3d7006cb58de76cac48dbeef2381d50d7c9f9a2,2019-02,Merseyside Police,Merseyside Police,-2.966193,53.410825,On or near SHEPHERD STREET,E01006747,Liverpool 031B,Investigation complete; no suspect identified
417ff691a97e17d88d8de71615c075e1bee2f3e107715d24cd669757d3e2afcf,2019-02,Merseyside Police,Merseyside Police,-2.719613,53.422849,On or near APPLEDORE GROVE,E01006896,St. Helens 020E,Investigation complete; no suspect identified
4b4085d1b539d8484a07ab2436e237b522bc10dcf0f8566b4057a5ed58e6d4e2,2019-02,Merseyside Police,Merseyside Police,-2.947753,53.421185,On or near BELMONT ROAD,E01006760,Liverpool 028E,Investigation complete; no suspect identified
37b54a01eee8f6c97988e889650046e4fe2de9dba3799f80cf1b45016b57bafd,2019-02,Merseyside Police,Merseyside Police,-2.967615,53.440342,On or near GOODISON ROAD,E01006614,Liverpool 012B,Investigation complete; no suspect identified
f8ed22d1f22a559011f946fec33e9893291cb7378cd97ecac5a40f1c053f1117,2019-02,Merseyside Police,Merseyside Police,-2.957110,53.426431,On or near LITTLE HEYES STREET,E01006547,Liverpool 019C,Unable to prosecute suspect
36ef3cc1cc81d3f901c01d13cc4120d2173f82ec44a8c46683da27ba59473ee2,2019-02,Merseyside Police,Merseyside Police,-2.850139,53.362377,On or near BALSHAM CLOSE,E01006431,Knowsley 020D,Investigation complete; no suspect identified
de76c2a67175ae2ef11f953a208403c2687b4ef86fc2da4ac90916dd60c736e1,2019-02,Merseyside Police,Merseyside Police,-3.019287,53.398366,On or near EGERTON WHARF,E01007126,Wirral 016A,Investigation complete; no suspect identified
b5cd8370a9db63103d2ce2e9974859078c5638359e77a4ed29e0848f6dd5c1b8,2019-02,Merseyside Police,Merseyside Police,-2.929220,53.479389,On or near FELSTED DRIVE,E01007045,Sefton 026E,Investigation complete; no suspect identified
00897373694af9e39d7d642b023de9a8d9343590c8527db743f44a3ba490848a,2019-02,Merseyside Police,Merseyside Police,-2.949203,53.408571,On or near WEDGEWOOD STREET,E01006691,Liverpool 030A,Investigation complete; no suspect identified
a333946e45cccd948673729793009ee632cb62ec502b18925249dd147bd350c8,2019-02,Merseyside Police,Merseyside Police,-3.027962,53.420719,On or near ST VINCENT ROAD,E01007215,Wirral 005A,Investigation complete; no suspect identified
c91c2ddda5cf20fc117cfa9d8ef505e3d27360e45f0fa2ed21d598931b60182b,2019-02,Merseyside Police,Merseyside Police,-3.024268,53.386592,On or near CLIFTON ROAD,E01007128,Wirral 016C,Investigation complete; no suspect identified
d1c05bf12661e06ac632b8cafa71aa4e2c5a62d329222739abe3764b34532fea,2019-02,Merseyside Police,Merseyside Police,-2.980463,53.398115,On or near UPPER FREDERICK STREET,E01006515,Liverpool 037B,Investigation complete; no suspect identified
0a2bbf1ce73e2083d04df07db5ca93dee0cc0af404a80c6637b1d518780cc7f2,2019-02,Merseyside Police,Merseyside Police,-3.098088,53.406242,On or near MARRAM CLOSE,E01007206,Wirral 009B,Local resolution
6612e8b57df9825612428e91b9da5625effb81836bb5e26b04d4b200f226b008,2019-02,Merseyside Police,Merseyside Police,-2.993302,53.410153,On or near ST PAUL'S SQUARE,E01033753,Liverpool 062C,Investigation complete; no suspect identified
cf80919b5c2e207a196b36c3ac48068a259e36cea3b7b5853088aa58844fbb48,2019-02,Merseyside Police,Merseyside Police,-2.965271,53.400702,On or near MYRTLE PARADE,E01006512,Liverpool 031A,Investigation complete; no suspect identified
26644bacd97f0e4367a8e02c00dda51fc0b6061f8147341211033761e0590b43,2019-02,Merseyside Police,Merseyside Police,-2.751974,53.453940,On or near RODNEY STREET,E01006880,St. Helens 012D,Investigation complete; no suspect identified
bfef0d8df01593514cfe1a13d25a5553f5949aa39e42619dbee3ac7d70b8488a,2019-02,Merseyside Police,Merseyside Police,-2.767499,53.416331,On or near Parking Area,E01006893,St. Helens 021C,Investigation complete; no suspect identified
3a6f31ccb06c5e9ba8cdb00923591c28057a7396df97eb16106b85da41decdba,2019-02,Merseyside Police,Merseyside Police,-3.042448,53.381743,On or near PRICE'S LANE,E01007243,Wirral 022D,Investigation complete; no suspect identified
4224195b98c09bdd23d58e36872b98a5d1cca33567811509ce8054cf9eeb17f3,2019-02,Merseyside Police,Merseyside Police,-2.860040,53.357821,On or near ENSTONE ROAD,E01006537,Liverpool 055D,Investigation complete; no suspect identified
986aff701a2ce35b2110cda8d836b820e96afb73f7112541c0d031fd1db56f44,2019-02,Merseyside Police,Merseyside Police,-2.979531,53.443274,On or near ANTONIO STREET,E01006961,Sefton 038B,Action to be taken by another organisation
60631742f6cb6a05d61de711af2a2c4e391c20c2d87f81ff2ca90bfbece91237,2019-02,Merseyside Police,Merseyside Police,-3.059072,53.374962,On or near DAVENHAM AVENUE,E01007245,Wirral 024B,Unable to prosecute suspect
b5aa0b4c82cd2527b80b6ff9f2e0af28000c60efee3652d6498b9c5a88f88b10,2019-02,Merseyside Police,Merseyside Police,-2.983348,53.403224,On or near Parking Area,E01033756,Liverpool 061C,Investigation complete; no suspect identified
61cd53a6cf830cc25b7ea32ba3e3d9b0f1caf481e4bb835ad270c415cb93f41b,2019-02,Merseyside Police,Merseyside Police,-2.990329,53.468031,On or near WALKER DRIVE,E01033095,Sefton 033F,Investigation complete; no suspect identified
78b73e4c57a003bfda180d630377f206f735cf7cc08abe2591bbeeafb81b15c8,2019-02,Merseyside Police,Merseyside Police,-2.956010,53.422341,On or near RICHMOND TERRACE,E01006563,Liverpool 024B,Investigation complete; no suspect identified
dc3196e73d106ac711104edcecd50ea47c4572937681c6a93a20456d24cc87eb,2019-02,Merseyside Police,Merseyside Police,-2.786421,53.420064,On or near Hospital,E01006499,Knowsley 009E,Investigation complete; no suspect identified
91848bb834055cf647391274701a62231e13240dfd2099b41613e965c18dea02,2019-02,Merseyside Police,Merseyside Police,-2.997564,53.645884,On or near Parking Area,E01006969,Sefton 004D,Unable to prosecute suspect
06ad3d352dc2b27ba313eaadb4bf22cda736f6c61d61364d30f92e656b241947,2019-02,Merseyside Police,Merseyside Police,-2.926111,53.439701,On or near MORNINGSIDE PLACE,E01006600,Liverpool 011A,Investigation complete; no suspect identified
74d1cc5eed9f8dead5ff54afc76b7dcafdb06a769a601a0769249542537d6189,2019-02,Merseyside Police,Merseyside Police,-3.048056,53.401335,On or near JAMESBROOK CLOSE,E01032903,Wirral 010F,Investigation complete; no suspect identified
c232b499aeb073e8bdcd45cab5208b5a97130c060a38afd58837065f901431c5,2019-02,Merseyside Police,Merseyside Police,-2.904064,53.396121,On or near Sports/Recreation Area,E01006582,Liverpool 041A,Investigation complete; no suspect identified
7886f6d66547f1f34eabb4d0b22d6dde4192140a40a9d125aea148f5d5a6b4e2,2019-02,Merseyside Police,Merseyside Police,-2.924920,53.410532,On or near Petrol Station,E01032509,Liverpool 027H,Unable to prosecute suspect
4dc6e6a70dca02507fa4748d4dbffe6814d363d0d67ab99f430e499568dbbb09,2019-02,Merseyside Police,Merseyside Police,-2.973763,53.414917,On or near JENKINSON STREET,E01006648,Liverpool 023D,Investigation complete; no suspect identified
bb80f993b221f8b0e5a3c9bc4e24110976eabb6e1a5755797b20eac95a4bd729,2019-02,Merseyside Police,Merseyside Police,-2.932746,53.396907,On or near BLIGH STREET,E01006721,Liverpool 038C,Unable to prosecute suspect
571a995ea5f21996f073de3e4abaddd29eaab340f8641209d1fc421bb04795af,2019-02,Merseyside Police,Merseyside Police,-2.993600,53.446808,On or near ST EDMOND'S ROAD,E01007009,Sefton 037D,Action to be taken by another organisation
b583a697a42dbcbc4b9431fc7321594d7f65debcff9edc142d245052c6a5bbdb,2019-02,Merseyside Police,Merseyside Police,-2.868665,53.394002,On or near KELDA COURT,E01006769,Liverpool 040B,Local resolution
7189cc2441c85dcbd5dfa0af391faf0f5387becea8877d42f61a1f9b607110ab,2019-02,Merseyside Police,Merseyside Police,-2.878036,53.351011,On or near Parking Area,E01006743,Liverpool 058D,Investigation complete; no suspect identified
662c3105b024f5ba84cdf41be37da9c9b2237d26e8e8e333b4342c833c276fb0,2019-02,Merseyside Police,Merseyside Police,-2.993600,53.446808,On or near ST EDMOND'S ROAD,E01007009,Sefton 037D,Action to be taken by another organisation
003b8c033d7fdd3cb72ed1bac3b325cbf0d154da41ae10289de60b09f6c98e6a,2019-02,Merseyside Police,Merseyside Police,-2.646130,53.453364,On or near ST JOHN STREET,E01006863,St. Helens 013A,Unable to prosecute suspect
5a8604c9688affeaebca60c81a3e87de2cb01238a2242070cf3002f263767a46,2019-02,Merseyside Police,Merseyside Police,-3.024527,53.394869,On or near PARK STREET,E01007126,Wirral 016A,Unable to prosecute suspect
08476745a38ec67f24be7c790e1ef3248c3f54bd453d57485783cd1cfa9ce1dc,2019-02,Merseyside Police,Merseyside Police,-2.937827,53.485650,On or near ORIEL CLOSE,E01007042,Sefton 026C,Unable to prosecute suspect
722834d1442eaa883b42f5f653f75ad2a0a9939be074b89a247a4a1f62dad90c,2019-02,Merseyside Police,Merseyside Police,-2.755410,53.440534,On or near ST JOHN STREET,E01006831,St. Helens 016A,Investigation complete; no suspect identified
ed06b3b8ae970820ff43b612693dee6a38f6e2233a41372a9e1022e1c16a1206,2019-02,Merseyside Police,Merseyside Police,-2.957110,53.426431,On or near LITTLE HEYES STREET,E01006547,Liverpool 019C,Unable to prosecute suspect
09d4c8bbc91e13ad8120fb54a70a6803756d140ed8e4fbffd5ec713ce663589f,2019-02,Merseyside Police,Merseyside Police,-2.934674,53.471823,On or near PAPILLON DRIVE,E01006655,Liverpool 001C,Unable to prosecute suspect
1f6cd1d8dbf55395543544084c50468467ad74302085fdced545421533a75bc0,2019-02,Merseyside Police,Merseyside Police,-2.878036,53.351011,On or near Parking Area,E01006743,Liverpool 058D,Investigation complete; no suspect identified
2ff9253c7b9503ed778ee3b0f970c425d984eef381360c1f93b5ca8cc80401c1,2019-02,Merseyside Police,Merseyside Police,-2.711076,53.461318,On or near CALDY GROVE,E01006812,St. Helens 008C,Investigation complete; no suspect identified
cf8ef03d738a3407894f32cead4b8595833a63759004c2779b8d83bc6fae98fd,2019-02,Merseyside Police,Merseyside Police,-2.745892,53.460045,On or near BRIARS GREEN,E01006915,St. Helens 007B,Unable to prosecute suspect
eb195362fd037ca47f5edeccadc4237ac8d76ea4ff013f57e498b01bf2548c45,2019-02,Merseyside Police,Merseyside Police,-2.988764,53.406488,On or near NORTH JOHN STREET,E01033760,Liverpool 060C,Investigation complete; no suspect identified
c6b687d78c31805c2e77bb27288e61bbbb3a0642bac351d5fb9592fd9aef7fe6,2019-02,Merseyside Police,Merseyside Police,-2.979687,53.402976,On or near Nightclub,E01033756,Liverpool 061C,Investigation complete; no suspect identified
33a03acae6d5245bf7a8f3c9359838af1773ec4ca99dfd148b7e62e2b0262c3d,2019-02,Merseyside Police,Merseyside Police,-2.802955,53.412736,On or near MONTGOMERY CLOSE,E01006497,Knowsley 013A,Investigation complete; no suspect identified
5319206ddc170bb0c68f9f08a7b36dd5cd1f794344a6b2a0c9c5a684442a7234,2019-02,Merseyside Police,Merseyside Police,-3.020572,53.607623,On or near PHILIP DRIVE,E01006925,Sefton 011C,Investigation complete; no suspect identified
f1f2ea031f283bedffe56a0dd9e4b7710fa72d60d3e2cacd1c696c7507c7a878,2019-02,Merseyside Police,Merseyside Police,-2.922515,53.439099,On or near BROAD VIEW,E01006600,Liverpool 011A,Investigation complete; no suspect identified
0918e8c71477d6b168068db4824d10945ad408f1ad2fa926780d9e3e099353c7,2019-02,Merseyside Police,Merseyside Police,-2.987014,53.405648,On or near Shopping Area,E01033760,Liverpool 060C,Investigation complete; no suspect identified
f2f4a12f0d8e90c30d98113fc8884ae1047b8269eda33911183d7230cb374a40,2019-02,Merseyside Police,Merseyside Police,-3.044512,53.410175,On or near BURNSIDE AVENUE,E01007270,Wirral 010D,Investigation complete; no suspect identified
dd47ef82720e124931a0af136998648e5890ccf00810961e851682d8d0ae8f9c,2019-02,Merseyside Police,Merseyside Police,-3.044512,53.410175,On or near BURNSIDE AVENUE,E01007270,Wirral 010D,Investigation complete; no suspect identified
c22a9aea44b21dc30b43fbc65002425eafe90e4695eb7796756932684810e434,2019-02,Merseyside Police,Merseyside Police,-2.919480,53.406610,On or near WHITTAKER CLOSE,E01006716,Liverpool 032E,Unable to prosecute suspect
8f89dccb0eb46fb12cf25a0bd99d545049145d0901ece935419a0d7a11195e3e,2019-02,Merseyside Police,Merseyside Police,-2.927901,53.511462,On or near HILLCREST,E01007098,Sefton 019C,Investigation complete; no suspect identified
07ac09fc327829217f47ecd1cc8dc9e5c60254ffa359ab23c2aead3509a6def8,2019-02,Merseyside Police,Merseyside Police,-2.963366,53.394911,On or near HARROWBY STREET,E01006673,Liverpool 037D,Unable to prosecute suspect
17ecefbf0bb073538ae86e85b2d1dbfb381731e4150d0ed0e047080de3900f30,2019-02,Merseyside Police,Merseyside Police,-2.898681,53.477465,On or near DOWNGREEN CLOSE,E01006455,Knowsley 004A,Unable to prosecute suspect
58ffad8f1448586f423e64515e4b52048f7e2d7fb56e37a94670ae316f5445c3,2019-02,Merseyside Police,Merseyside Police,-2.951912,53.397870,On or near COMMERCE WAY,E01006679,Liverpool 039D,Unable to prosecute suspect
974ec58d84b70fd9591ce840d988104fba1f79218a150bc87b8f878b7abb10ae,2019-02,Merseyside Police,Merseyside Police,-3.003727,53.646767,On or near Shopping Area,E01006968,Sefton 004C,Investigation complete; no suspect identified
fbf901dc091b54d4cc94e21b4ca2facc5965e80344ec3d8290b635b9144eb3e6,2019-02,Merseyside Police,Merseyside Police,-2.955146,53.413979,On or near FARNWORTH STREET,E01006696,Liverpool 030C,Investigation complete; no suspect identified
6ab7e9a897976454536d903a36c61c077168ec5e874dfce6c72f727f921dd9ed,2019-02,Merseyside Police,Merseyside Police,-3.010467,53.464707,On or near ELM GARDENS,E01007011,Sefton 034C,Investigation complete; no suspect identified
9010a980734872f8f4bde4e0a39e983f034ea823b8c9f697549eb82fc50137cc,2019-02,Merseyside Police,Merseyside Police,-2.960018,53.452593,On or near HAZELDALE ROAD,E01006788,Liverpool 006B,Investigation complete; no suspect identified
39f7f15194bed2b7a5fd70ba0420a4edf1d9c3f6f6b2feb479b6d68e46a87ef5,2019-02,Merseyside Police,Merseyside Police,-2.909639,53.439611,On or near MEADOW WAY,E01006625,Liverpool 016D,Investigation complete; no suspect identified
949e232304965e66b3facf0ed2e98ac3c2eabb0755d948252667f5caa2c80a37,2019-02,Merseyside Police,Merseyside Police,-2.996613,53.453335,On or near CAPRICORN WAY,E01007007,Sefton 037B,Suspect charged
3bc42d19ea4acbeb53de19fa675eebc4f4d48f36a7c8995c93984287212d8ef0,2019-02,Merseyside Police,Merseyside Police,-2.982410,53.430397,On or near SHARPEVILLE CLOSE,E01033764,Liverpool 022E,Unable to prosecute suspect
be05df625b7a1eb5380e31ecb2cf93f61121eb1c2f4189caf2503a90ee2b8cb0,2019-02,Merseyside Police,Merseyside Police,-2.957107,53.467816,On or near HESWALL ROAD,E01006780,Liverpool 002D,Unable to prosecute suspect
5d31cc6c4ca1f64bd1c808de249bdaa75f912bef657b7073a027cf6a2afaca48,2019-02,Merseyside Police,Merseyside Police,-2.822333,53.417431,On or near OXFORD ROAD,E01006483,Knowsley 011C,Investigation complete; no suspect identified
7ee5e9a79dd87a490a31959de51cc84ce29fa5dddfa1581e4fe64d12cd87bfb6,2019-02,Merseyside Police,Merseyside Police,-2.977115,53.406242,On or near HILBRE STREET,E01006513,Liverpool 060A,Investigation complete; no suspect identified
b347f76ce40df85bbf352fc39277540177379a38862d896248a1a23e90078490,2019-02,Merseyside Police,Merseyside Police,-2.927020,53.453815,On or near SPARROW HALL CLOSE,E01006735,Liverpool 005D,Investigation complete; no suspect identified
cca59fffc07b010ba718b6577d9a37d27cb0412a4a20c321ef86097cc84d9979,2019-02,Merseyside Police,Merseyside Police,-3.017257,53.635076,On or near PRIORY GARDENS,E01006972,Sefton 009D,Unable to prosecute suspect
66b22937e63ed5d9f9c316cbce71d4602bf925de85fbeef632950c3680118294,2019-02,Merseyside Police,Merseyside Police,-2.946877,53.394602,On or near WORDSWORTH STREET,E01006556,Liverpool 039B,Unable to prosecute suspect
9a3dcadd3ba8dbc03de56a939b103b7f61076ac0fe5d4220330ff693e2a9a7d6,2019-02,Merseyside Police,Merseyside Police,-3.086756,53.416683,On or near SHACKLETON ROAD,E01007210,Wirral 006C,Unable to prosecute suspect
ef3da54d5bee086ed5cef3d36c04a1ecc5a5d4cea5e163ab4c80cb476e1fbff8,2019-02,Merseyside Police,Merseyside Police,-2.945041,53.408810,On or near BRADFIELD STREET,E01006690,Liverpool 028A,Unable to prosecute suspect
9ac141e229a1eedf7ad0fa50fe0e5c176be2b6b51c6fd2bc0a802cd4c9c42bf2,2019-02,Merseyside Police,Merseyside Police,-2.721965,53.431986,On or near SANDRINGHAM DRIVE,E01006848,St. Helens 020D,Unable to prosecute suspect
959f8c881470925133207f15bfd456a3c75b1a050e0a606b7cfe8e06175e8c3c,2019-02,Merseyside Police,Merseyside Police,-2.655059,53.456263,On or near BIRCH CRESCENT,E01006869,St. Helens 010D,Investigation complete; no suspect identified
ea1ebdf8e5d878de2720e941103b6b29f13ae33b7c7caa848042a8e8606043fb,2019-02,Merseyside Police,Merseyside Police,-2.981930,53.406967,On or near Parking Area,E01033760,Liverpool 060C,Investigation complete; no suspect identified
987656215c25bcd825c7159308df218ca82c8feb5d596d329948b5604cb7585e,2019-02,Merseyside Police,Merseyside Police,-2.951616,53.394016,On or near RITSON STREET,E01006674,Liverpool 039C,Investigation complete; no suspect identified
4f615d25cfc053bd9b949f5603a4dab43558241d9ad81db5548fdaae93fa0504,2019-02,Merseyside Police,Merseyside Police,-2.879788,53.472464,On or near MEREWOOD,E01006435,Knowsley 005D,Unable to prosecute suspect
52024966e27265cfb6cab3623e93b257b5a571b0a09fb435148fe1a0f69b3370,2019-02,Merseyside Police,Merseyside Police,-2.990098,53.406935,On or near SWEETING STREET,E01033752,Liverpool 062B,Investigation complete; no suspect identified
fff029ad5509f52579ac5d0224f4a4b0ded70376fc3134da16738c3507918e81,2019-02,Merseyside Police,Merseyside Police,-2.971695,53.391517,On or near PARK PLACE,E01006518,Liverpool 044A,Unable to prosecute suspect
c1a7efe7c888e1ce71b189a687044d45cdb9041eb0ed4865cffe9a8c0ef57708,2019-02,Merseyside Police,Merseyside Police,-2.898126,53.357657,On or near ISLAND PLACE,E01006745,Liverpool 057D,Investigation complete; no suspect identified
2ede9f737b8bf66685e8bf1db86766b11a40bb70542b5322d255255044569d66,2019-02,Merseyside Police,Merseyside Police,-3.021068,53.393002,On or near Further/Higher Educational Building,E01007128,Wirral 016C,Investigation complete; no suspect identified
799f1eba8171fec900eb73fd5eb3bec96db46359000146aafbbddf7fb6ef6426,2019-02,Merseyside Police,Merseyside Police,-3.023947,53.354441,On or near Parking Area,E01007116,Wirral 032E,Investigation complete; no suspect identified
a78387233b827c67a07339620ba0a2cdca9ea62439706b40caf9faf04c49d5c7,2019-02,Merseyside Police,Merseyside Police,-2.931265,53.376612,On or near VICTORIA CLOSE,E01006521,Liverpool 052A,Investigation complete; no suspect identified
59f0791272b5885bae0992d77e1381a93c0225be5f4bfb7669c8aeb47a665eb5,2019-02,Merseyside Police,Merseyside Police,-2.933537,53.422726,On or near NEW ROAD,E01006761,Liverpool 020B,Investigation complete; no suspect identified
6c044500ace6054745d4233b044b3a612459ae0736a2513f665fc79d26b7352c,2019-02,Merseyside Police,Merseyside Police,-2.981888,53.405771,On or near Shopping Area,E01033760,Liverpool 060C,Investigation complete; no suspect identified
c09b545f6939aa7ec0e2d64caec79c20c0ec89f4d9b2f3abb04abceda65ebec5,2019-02,Merseyside Police,Merseyside Police,-2.992776,53.650733,On or near HAWKSHEAD STREET,E01006945,Sefton 004A,Unable to prosecute suspect
d59ff0a925495ed5ff24f51f40e932f862034dd761559216b317deebcc44168f,2019-02,Merseyside Police,Merseyside Police,-2.737942,53.449794,On or near Supermarket,E01006832,St. Helens 012A,Investigation complete; no suspect identified
85068fa8b54fed449c10a99a8809e32e85ab28f2e5737471e00789cfb7ce3e89,2019-02,Merseyside Police,Merseyside Police,-2.996613,53.453335,On or near CAPRICORN WAY,E01007007,Sefton 037B,Suspect charged
fe0a857d16fdc1950fdd6944f45b5205ae68c642142543011026297a06ffdbde,2019-02,Merseyside Police,Merseyside Police,-2.965638,53.400277,On or near BEDFORD CLOSE,E01033757,Liverpool 037E,Investigation complete; no suspect identified
c8ee7a1f4ad1ef58cdb388d1f6bbf7b014d1850ab45519e914773f8c520b57b5,2019-02,Merseyside Police,Merseyside Police,-2.753420,53.450542,On or near BOUNDARY ROAD,E01006834,St. Helens 012B,Investigation complete; no suspect identified
c9901ebbd8ec78ace6bee819d23bd13ebdb814ac683dc1d4031c727cecd992ee,2019-02,Merseyside Police,Merseyside Police,-2.964009,53.453279,On or near WELLFIELD ROAD,E01006791,Liverpool 006D,Investigation complete; no suspect identified
a301a45e9d66886ec8ed4f4acfb3b590568549be848f49c1d82e256c0689086e,2019-02,Merseyside Police,Merseyside Police,-2.978904,53.402928,On or near WOOD STREET,E01033761,Liverpool 060D,Investigation complete; no suspect identified
445974d06afe1dbb564ec4214814da813b196c41af15154e5141523173645b40,2019-02,Merseyside Police,Merseyside Police,-2.988055,53.440813,On or near WOLSEY STREET,E01006778,Liverpool 014E,Investigation complete; no suspect identified
bddad7accb2e4756951b03d976be86007265ab7079dc9a2c14df5eaad1e706ae,2019-02,Merseyside Police,Merseyside Police,-2.976879,53.409723,On or near Parking Area,E01033758,Liverpool 060B,Investigation complete; no suspect identified
eb92d62781432d5ed470a29dc924c9f397017efb8e26c5fb5f9bab4d16ac926b,2019-02,Merseyside Police,Merseyside Police,-2.984037,53.407012,On or near DAWSON STREET,E01033760,Liverpool 060C,Investigation complete; no suspect identified
6d03f4eb577d104ef7e21487d27851d3b7f0727ac8962a096d6c6cffd2e6c4b2,2019-02,Merseyside Police,Merseyside Police,-3.181940,53.375975,On or near KINGTON ROAD,E01007196,Wirral 026A,Unable to prosecute suspect
9918279bff2bc2f6d89402848faaf179ec0d82f91da16e1c0aa73ec41993b469,2019-02,Merseyside Police,Merseyside Police,-3.044045,53.398466,On or near BRAY STREET,E01032903,Wirral 010F,Investigation complete; no suspect identified
e5df0c1d11aef5fda5b3108e252182ced089b9d1b40dc1894035e0523eb8891d,2019-02,Merseyside Police,Merseyside Police,-2.993433,53.451295,On or near WASHINGTON PARADE,E01007009,Sefton 037D,Investigation complete; no suspect identified
4c6f32df6f8c2e49c4e206754e5cee4dab2438a7f935f912f930f304d5647892,2019-02,Merseyside Police,Merseyside Police,-2.737744,53.473111,On or near AFRICANDER ROAD,E01006851,St. Helens 004C,Investigation complete; no suspect identified
cd0d30c368c13b049ca347928f95b00bdd3e1232cb1a54817feaf3fa350e37d3,2019-02,Merseyside Police,Merseyside Police,-3.059686,53.379074,On or near AUDLEM AVENUE,E01007246,Wirral 024C,Unable to prosecute suspect
180f5a33c9d394cbd3ffb5159101a68e9ebac2731d7be4688fc6978daecd38cd,2019-02,Merseyside Police,Merseyside Police,-3.119110,53.404807,On or near HEATHMOOR ROAD,E01007227,Wirral 012D,Investigation complete; no suspect identified
496480b0657d0c065b69d789083e856fd03134cfac7ffda4d2a9b12cf21287ea,2019-02,Merseyside Police,Merseyside Police,-2.950935,53.486193,On or near COPY LANE,E01007041,Sefton 027A,Investigation complete; no suspect identified
b6f790e6f04aa8a031c66697c35d8f4f512209d86fe21bb52ca5689493930ce5,2019-02,Merseyside Police,Merseyside Police,-2.950935,53.486193,On or near COPY LANE,E01007041,Sefton 027A,Investigation complete; no suspect identified
c6aec5c79846367e291328a465c1b9ad4570e0c6e380e89ad7f4a5c9f395a96d,2019-02,Merseyside Police,Merseyside Police,-2.743503,53.456078,On or near TALBOT CLOSE,E01006877,St. Helens 012C,Investigation complete; no suspect identified
fa2f01957f6fe1b4bd40ec2843c45b1e1d8aec9078f193e28103b2c410e3ff65,2019-02,Merseyside Police,Merseyside Police,-2.898795,53.444341,On or near DALTON CLOSE,E01006623,Liverpool 013A,Unable to prosecute suspect
a7230951eed3d5cde03cd0648a71c59f3951856a6064b667d0c447a5d0fea65c,2019-02,Merseyside Police,Merseyside Police,-2.797821,53.421346,On or near FAZAKERLEY ROAD,E01006460,Knowsley 007A,Unable to prosecute suspect
62e2edb9d54f125ec5ce79326d379b4a03f2a2158980b3751483ebc9189b5ea6,2019-02,Merseyside Police,Merseyside Police,-2.880116,53.344784,On or near DE HAVILLAND DRIVE,E01006743,Liverpool 058D,Unable to prosecute suspect
7c23d2df9b3c999d8c0b220ed09c47f34aafd102e542a113b2005a3ba76c6192,2019-02,Merseyside Police,Merseyside Police,-2.881014,53.475646,On or near LEESIDE AVENUE,E01006435,Knowsley 005D,Investigation complete; no suspect identified
0585512a33747853fc358d5ef763809687ef4155c7badffcbd13aa3b447b0dca,2019-02,Merseyside Police,Merseyside Police,-2.981486,53.392246,On or near CROW STREET,E01033765,Liverpool 061D,Investigation complete; no suspect identified
1c0c5af0bfe4130fc721f02b5bc8152e084bdcdd9539e4742b258dd13922fae1,2019-02,Merseyside Police,Merseyside Police,-2.804131,53.429591,On or near HILL STREET,E01006463,Knowsley 007C,Investigation complete; no suspect identified
873eea29587bad7d54acad6f414b21ccee0633a6b827866e0e602fbbc61fe3cd,2019-02,Merseyside Police,Merseyside Police,-2.981499,53.403914,On or near ROE ALLEY,E01033756,Liverpool 061C,Investigation complete; no suspect identified
e62dd3cabaef1b7fbe436f804fd81f4a0a001b84d70ca50797bad1e7452015d5,2019-02,Merseyside Police,Merseyside Police,-2.857541,53.338863,On or near Parking Area,E01006741,Liverpool 058C,Investigation complete; no suspect identified
849d14d5f6884d844ab0a6029f862720692b857c24093bd0ce0a624b892f04b2,2019-02,Merseyside Police,Merseyside Police,-2.768931,53.432313,On or near WILDCHERRY GARDENS,E01006827,St. Helens 018B,Unable to prosecute suspect
3689630b3bdcb7c6d9a0be3302d23f3c4e404c8acf7699dfb13adca1b5e2f030,2019-02,Merseyside Police,Merseyside Police,-2.984676,53.407294,On or near Nightclub,E01033760,Liverpool 060C,Unable to prosecute suspect
b274e689aa319092e5cb6519839e66351b18ac9ad8376777e3419c30b1826e3e,2019-02,Merseyside Police,Merseyside Police,-2.780093,53.503431,On or near OLD HALL GARDENS,E01006885,St. Helens 001D,Unable to prosecute suspect
662965add6becdcab50d21b9239c927028357ff5a018034d596f880acf8f1a99,2019-02,Merseyside Police,Merseyside Police,-3.044867,53.420365,On or near LISCARD VILLAGE,E01007217,Wirral 007D,Suspect charged
e57da80d65c708ba2083fa67892a062c62991c39bf64d26c09de66a6810338d1,2019-02,Merseyside Police,Merseyside Police,-2.953301,53.442489,On or near QUEENS DRIVE WALTON,E01006613,Liverpool 009D,Unable to prosecute suspect
c9c04b2e3f735cea314d6c3584a166176f55ead0f57ba1073354e04ec9f8f242,2019-02,Merseyside Police,Merseyside Police,-2.936309,53.393454,On or near Supermarket,E01006557,Liverpool 038B,Unable to prosecute suspect
03c11b7f8c6ffb8a4e482cd9d444493e0b9e56b6e8f8eeab6b3a673bfbc7c90c,2019-02,Merseyside Police,Merseyside Police,-2.967318,53.379544,On or near CHARLECOTE STREET,E01033767,Liverpool 050J,Investigation complete; no suspect identified
061039ea78f1da025f4fee0645e7c64016aef0b1c7b6c1b2c5b2127ccc1eec67,2019-02,Merseyside Police,Merseyside Police,-2.964305,53.384584,On or near PARK ROAD,E01006632,Liverpool 044C,Investigation complete; no suspect identified
ccc04bc638b6ed11e77dccf3bd9ea284b6e17c44574e3152406671a021078f5f,2019-02,Merseyside Police,Merseyside Police,-2.882989,53.345698,On or near DE HAVILLAND ROAD,E01006739,Liverpool 058B,Investigation complete; no suspect identified
c132d434a358558d231e27ec7fb0f3a2348c3f2287d11744602cba771a6e6c4d,2019-02,Merseyside Police,Merseyside Police,-2.992674,53.654743,On or near LEYLAND ROAD,E01006945,Sefton 004A,Unable to prosecute suspect
93807c6353e4d221a96c76a12b589e7c4eb753913e5f5af500581064012f8fd6,2019-02,Merseyside Police,Merseyside Police,-2.943530,53.414647,On or near GENEVA ROAD,E01006695,Liverpool 028C,Unable to prosecute suspect
6c2db2b40b82b6ce2e9b4a4cbd1f7d061e3e2cda441c3821b1b03e6f9bfd3872,2019-02,Merseyside Police,Merseyside Police,-3.075656,53.381070,On or near EASTVIEW CLOSE,E01007162,Wirral 019C,Investigation complete; no suspect identified
ce858fcfd13aec8bc1e039dfed203f391ad5856f3cf64df52cab6e6ebc2bcf8b,2019-02,Merseyside Police,Merseyside Police,-2.987117,53.404218,On or near Bus/Coach Station,E01033756,Liverpool 061C,Investigation complete; no suspect identified
25b8639f5f39bf880267f2a6205b222eca7996d2db7e6b086b4fed715d54212e,2019-02,Merseyside Police,Merseyside Police,-2.924092,53.420903,On or near TYNWALD PLACE,E01006717,Liverpool 027D,Investigation complete; no suspect identified
502d32bf5293101e9d6c99208c7ff6efb47cfb9e17e71142f548eedbf1aa5e3c,2019-02,Merseyside Police,Merseyside Police,-2.997564,53.645884,On or near Parking Area,E01006969,Sefton 004D,Suspect charged
32469e624637efb60a935afb272a7bfaa9c91c785c7a599ad2fa626329c6edae,2019-02,Merseyside Police,Merseyside Police,-2.866606,53.368174,On or near CAVELL CLOSE,E01006533,Liverpool 055C,Investigation complete; no suspect identified
358c37b823abf4f362ddd4ebc7c08affd83894f2b3649be49e00801d0f8fe089,2019-02,Merseyside Police,Merseyside Police,-3.023788,53.492450,On or near Parking Area,E01007105,Sefton 025C,Investigation complete; no suspect identified
3380bcf2aa290340503b5f126a35cf05b2d22686e0cd073ad4dedc4ad6d3798a,2019-02,Merseyside Police,Merseyside Police,-2.961409,53.388149,On or near HIGH PARK STREET,E01006677,Liverpool 043D,Further investigation is not in the public interest
ce44a4a20947a1e0f20d5f2eef0790be23232854ae22f18887aca807bd776c0b,2019-02,Merseyside Police,Merseyside Police,-2.838808,53.341684,On or near NORTH PARADE,E01006755,Liverpool 059C,Investigation complete; no suspect identified
4a0a6fcd608ad014c22a31cb2992d14cf2a746bcf9cc262664585de091ced6ac,2019-02,Merseyside Police,Merseyside Police,-2.890499,53.493275,On or near APPLEBY ROAD,E01006495,Knowsley 001E,Unable to prosecute suspect
d93eb5cbfbef1740a80366fa428ab7d4abfd911fbda9fc4bf260f897d4d0e200,2019-02,Merseyside Police,Merseyside Police,-3.003377,53.462996,On or near DANIEL CLOSE,E01007011,Sefton 034C,Unable to prosecute suspect
0dcc485160fa54b25a9bb6b2c98dabf71c60abfbd2b6b743aa37570a8597d4e7,2019-02,Merseyside Police,Merseyside Police,-3.003377,53.462996,On or near DANIEL CLOSE,E01007011,Sefton 034C,Unable to prosecute suspect
c7ca0234df5224a475a9e1965fc2dac7c087f25f1adb6a4faaf0142ff46a8b9a,2019-02,Merseyside Police,Merseyside Police,-2.692289,53.451757,On or near COTSWOLD GROVE,E01006820,St. Helens 011B,Investigation complete; no suspect identified
2b39c95403e186e91272f1b72bc62e6b675be5397469502761c965b849f0ade6,2019-02,Merseyside Police,Merseyside Police,-3.031578,53.417173,On or near WATER STREET,E01007220,Wirral 005D,Unable to prosecute suspect
1dd19463a9457f210e88c4ff6e30c2425cc56c51a61c13e9701150a1594dc966,2019-02,Merseyside Police,Merseyside Police,-2.966853,53.487666,On or near JOSEPH LISTER CLOSE,E01007087,Sefton 029C,Unable to prosecute suspect
33d57610a3eca19d0b549bebdf790191be69204d5879da0418b5267958df6ed0,2019-02,Merseyside Police,Merseyside Police,-2.704497,53.495145,On or near GOYT HEY AVENUE,E01006804,St. Helens 002B,Investigation complete; no suspect identified
45f2b0a90badf1721176200d584f816ce80b9dfe20b0280c948f8ac1dd98cec5,2019-02,Merseyside Police,Merseyside Police,-2.934775,53.412640,On or near HOLLAND STREET,E01006692,Liverpool 028B,Offender given a drugs possession warning
e8d2ac96b1511f385c00c37aa2ef2037a417761a04b5cfd9712c45c237be5bbc,2019-02,Merseyside Police,Merseyside Police,-3.091166,53.377945,On or near GLEBE HEY ROAD,E01007257,Wirral 025C,Action to be taken by another organisation
8bbc3d72572f9f1a583b6f50c345f3d4f745b39b96fa67786e8c7c09a5f124da,2019-02,Merseyside Police,Merseyside Police,-2.983077,53.404521,On or near OLD POST OFFICE PLACE,E01033756,Liverpool 061C,Investigation complete; no suspect identified
1014b86e6ff23a1a8f3f0b2eccac784c96e1442d917a25a12ccc7d08f79fecc8,2019-02,Merseyside Police,Merseyside Police,-2.721965,53.431986,On or near SANDRINGHAM DRIVE,E01006848,St. Helens 020D,Unable to prosecute suspect
f6b1221a10108631af438d3df1f915725e85b69bbed8fe2a676a17322dadff98,2019-02,Merseyside Police,Merseyside Police,-2.997698,53.470046,On or near HAWTHORNE ROAD,E01007016,Sefton 034D,Investigation complete; no suspect identified
3714837c905ed80a34e8044e586fc3ea185541c9af51c02f8643fee2effbc1a1,2019-02,Merseyside Police,Merseyside Police,-3.075656,53.381070,On or near EASTVIEW CLOSE,E01007162,Wirral 019C,Investigation complete; no suspect identified
e98cd4e33216ddb6d74e9af7d22e2caad90850e3661263898e36885b4f2edab0,2019-02,Merseyside Police,Merseyside Police,-2.838748,53.361604,On or near THE AVENUE,E01006427,Knowsley 019D,Unable to prosecute suspect
fce4059b4151224b9018bd2f390c40b81bc5289b69258f43098cef945090542a,2019-02,Merseyside Police,Merseyside Police,-3.109334,53.403684,On or near LYONS CLOSE,E01007208,Wirral 012A,Unable to prosecute suspect
b648bf1064e4bdcc1d5ef895384c3115a03cb296d37d3429f038e2026db0cfa3,2019-02,Merseyside Police,Merseyside Police,-2.928436,53.463485,On or near Parking Area,E01006659,Liverpool 005B,Investigation complete; no suspect identified
2580d0e7586f9de75c525096f84168009fd859e7fd9693a8e22e9e30dc8ec297,2019-02,Merseyside Police,Merseyside Police,-2.717128,53.418262,On or near OAKLANDS COURT,E01006908,St. Helens 022C,Investigation complete; no suspect identified
b9a82b70436bb2dd8fe25c645980ccb81dd8d561fb13a0e9791ad12b749abfb3,2019-02,Merseyside Police,Merseyside Police,-2.717128,53.418262,On or near OAKLANDS COURT,E01006908,St. Helens 022C,Unable to prosecute suspect
e8a3a392a0a6b763ed4e1e7a0bd214afa6c8118bea0c42a413e654408d1f5b74,2019-02,Merseyside Police,Merseyside Police,-2.978599,53.409277,On or near LIME STREET,E01033760,Liverpool 060C,Unable to prosecute suspect
3dc1dd4ed8c763218befd2fdf02c20045b706672c0e2f4afb01a4abbdd7ff8ba,2019-02,Merseyside Police,Merseyside Police,-2.956367,53.408747,On or near CONNAUGHT ROAD,E01006748,Liverpool 031C,Investigation complete; no suspect identified
3f667aed1607712dbe4c74adc4fb78913d5614e59f4c55efe45e1ee47c27a621,2019-02,Merseyside Police,Merseyside Police,-2.928436,53.463485,On or near Parking Area,E01006659,Liverpool 005B,Investigation complete; no suspect identified
1a47857edb442114acefa9dbfe85e58b0ff410e59bdfd0c882d6db659162708b,2019-02,Merseyside Police,Merseyside Police,-3.063685,53.425511,On or near ST GEORGE'S ROAD,E01007311,Wirral 004D,Investigation complete; no suspect identified
067ff107cb5a3dee768fa85932f5253d9df5337afe29d05878b5ab2a24c0dc50,2019-02,Merseyside Police,Merseyside Police,-2.949717,53.398562,On or near A5089,E01006752,Liverpool 035F,Unable to prosecute suspect
8cbeb8c59f85bc07bdc0a1a9beb9e3985905021b6b94c4a9cd296bec170c2263,2019-02,Merseyside Police,Merseyside Police,-2.981892,53.414455,On or near SCOTLAND ROAD,E01006648,Liverpool 023D,Unable to prosecute suspect
ba8acbc83baafb3a7ac1b96b68cc65637396b7b9f6e5c0b547a4095c66475216,2019-02,Merseyside Police,Merseyside Police,-3.042304,53.416477,On or near GREENHEYS ROAD,E01007214,Wirral 007C,Investigation complete; no suspect identified
0a540740a0cc69bff51b913a0e29324447616f99dc7e1c1b59bc3b854b1a3803,2019-02,Merseyside Police,Merseyside Police,-2.916081,53.422744,On or near STONEYCROFT CRESCENT,E01006717,Liverpool 027D,Unable to prosecute suspect
c20091db2ed4b583fd870b3e013f47a6ead1bf39413f9801ca0fbe3382ec7214,2019-02,Merseyside Police,Merseyside Police,-2.920743,53.467868,On or near DRAKE PLACE,E01006658,Liverpool 001D,Unable to prosecute suspect
b99466e1f6be561b75c60725716f4db52fe6a14214f61e0b0464b053604a70b2,2019-02,Merseyside Police,Merseyside Police,-2.933033,53.374297,On or near ASHFIELD ROAD,E01006521,Liverpool 052A,Investigation complete; no suspect identified
d120270c00464b0f6a6fecc07fafe6803b1551619d4fb09081f8fdcd1d6e77ed,2019-02,Merseyside Police,Merseyside Police,-2.974600,53.459396,On or near WHEATLEY AVENUE,E01007052,Sefton 035E,Investigation complete; no suspect identified
eb87be1fe9301eb8e8cf8a1072ab3e4a320dce60a4748d15c9d6b73ca4a0c7d5,2019-02,Merseyside Police,Merseyside Police,-2.987102,53.459419,On or near Petrol Station,E01007019,Sefton 035A,Investigation complete; no suspect identified
511b720fd1ef1abc3b64ecd95604a36e6653d70ec5cfc860b6832d9d34a18de2,2019-02,Merseyside Police,Merseyside Police,-2.968514,53.461998,On or near HANFORD AVENUE,E01006784,Liverpool 003C,Unable to prosecute suspect
2aa4216108d41b80355385c11675dcc4a294c5c58de6e2d68f682f89804f4c2e,2019-02,Merseyside Police,Merseyside Police,-2.934407,53.395186,On or near THORNYCROFT ROAD,E01006723,Liverpool 038E,Investigation complete; no suspect identified
ab033d19f3eebdf14186409a9db74b8d52b8cd5c2f6d4bb444d28d45f3204aad,2019-02,Merseyside Police,Merseyside Police,-2.851148,53.392618,On or near BROOMHILL CLOSE,E01006771,Liverpool 040D,Unable to prosecute suspect
b9f99db3a56721407a839001dc2197a691a140f0ba38779838dd1dbd954bc89d,2019-02,Merseyside Police,Merseyside Police,-2.935546,53.441578,On or near UTTING AVENUE,E01006732,Liverpool 011E,Further investigation is not in the public interest
0cc97bca3c917fc6755022b6d9f99bef062564fb9953c70c0922ec84b18e08ea,2019-02,Merseyside Police,Merseyside Police,-2.939391,53.423417,On or near SOMERSET PLACE,E01006760,Liverpool 028E,Unable to prosecute suspect
23592f86b1292e1d7b7626d888f56667baa28ff99f8b5b1ffe0a0a9fd978bd3b,2019-02,Merseyside Police,Merseyside Police,-2.927890,53.414293,On or near FROGMORE ROAD,E01006711,Liverpool 027A,Unable to prosecute suspect
f2ed0ea1bc07f21009daef2855b6301c4d7019087f06f080432819b3913334c4,2019-02,Merseyside Police,Merseyside Police,-2.877047,53.476880,On or near PARK BROW DRIVE,E01006434,Knowsley 005C,Unable to prosecute suspect
9b35d8b43198bd0425d69d3ee43e79478c56e174a64ce09f026ea01eee3b55e9,2019-02,Merseyside Police,Merseyside Police,-3.025687,53.413727,On or near GLENBURN ROAD,E01007278,Wirral 008E,Investigation complete; no suspect identified
cbc1dbcbcbadd6891ca4d759df036d7b55e428b8f20eb31666eef05244316efa,2019-02,Merseyside Police,Merseyside Police,-3.009821,53.627067,On or near CARLISLE ROAD,E01006935,Sefton 009B,Unable to prosecute suspect
0c068a4c5c5520eaf992e7e61b1149e5eaf51839a5817a909af8faa51c69c4a5,2019-02,Merseyside Police,Merseyside Police,-3.088013,53.379286,On or near POOLWOOD ROAD,E01007300,Wirral 019D,Unable to prosecute suspect
12c9c7559dffd8d1a366c84286e892e9fcaec5da84584be8ec76d2293c972420,2019-02,Merseyside Police,Merseyside Police,-2.931885,53.429076,On or near PECKFORTON CLOSE,E01006763,Liverpool 020C,Offender given a drugs possession warning
f4ff63d8cd5f64aa2fe32a70c164adc068dd6a05511b21bda1e58f0fbb15e724,2019-02,Merseyside Police,Merseyside Police,-2.978559,53.402949,On or near Nightclub,E01033761,Liverpool 060D,Investigation complete; no suspect identified
389797cc774ce0230dcf1d1d4e044f7be704431c9fd935a6c0f01c30e08875da,2019-02,Merseyside Police,Merseyside Police,-2.981930,53.406967,On or near Parking Area,E01033760,Liverpool 060C,Unable to prosecute suspect
afa34084a818431f076c956c38a7c50d8642a753a960be67bb261a17f3f248c7,2019-02,Merseyside Police,Merseyside Police,-2.981075,53.405122,On or near Shopping Area,E01033760,Liverpool 060C,Suspect charged
ed30fdcb46e8b26695fa0bb473bb78c061ff2bb5380a04a3faf2ba44470f3857,2019-02,Merseyside Police,Merseyside Police,-2.869584,53.419182,On or near SHELLINGFORD ROAD,E01006643,Liverpool 025E,Unable to prosecute suspect
f526a1c1c44433a385772b3d968c3509fc93923adbe7b19521b4c617ac9d6fdd,2019-02,Merseyside Police,Merseyside Police,-2.873232,53.372503,On or near BERRINGTON AVENUE,E01006799,Liverpool 051E,Investigation complete; no suspect identified
64241152ff541c76fc1b83405b995237dda9dc809fd2e53912548733ac8a06fd,2019-02,Merseyside Police,Merseyside Police,-2.999647,53.456834,On or near SALISBURY ROAD,E01007006,Sefton 036C,Further investigation is not in the public interest
488de3ee73909d425165223f8fb50c2ea1bb7f2f08fd3d33d696b0a14fff3bbd,2019-02,Merseyside Police,Merseyside Police,-2.894293,53.411377,On or near Parking Area,E01006567,Liverpool 026A,Further investigation is not in the public interest
2e4f0971b3e25d68f08403ddfd0a44f8f26b98522a5f255b0939508dc0872239,2019-02,Merseyside Police,Merseyside Police,-3.170950,53.390151,On or near GEORGE ROAD,E01007202,Wirral 014E,Suspect charged
2e4f0971b3e25d68f08403ddfd0a44f8f26b98522a5f255b0939508dc0872239,2019-02,Merseyside Police,Merseyside Police,-3.170950,53.390151,On or near GEORGE ROAD,E01007202,Wirral 014E,Suspect charged
81f916d0d78ef8e9a0d66ee53f8ae2e35c2ff3dea91794c426887ff48398c490,2019-02,Merseyside Police,Merseyside Police,-3.051135,53.427996,On or near HARVEY ROAD,E01007235,Wirral 004B,Investigation complete; no suspect identified
fa751f89e26e826a20bc7f55ee5573943424591cce9edc283b75377f104e8f7c,2019-02,Merseyside Police,Merseyside Police,-2.923729,53.422227,On or near RUSSIAN DRIVE,E01006768,Liverpool 020F,Unable to prosecute suspect
e0127cb2127779031c1cb4c53b3dd3015b486bcf6e359cdc7cd4f297d5fb8b06,2019-02,Merseyside Police,Merseyside Police,-2.969409,53.451672,On or near CLOCK TOWER DRIVE,E01006790,Liverpool 006C,Unable to prosecute suspect
aaa68ed5129f3f23de5bad58f66d958dbd07c022bcac9c1d3362b026e3eee82c,2019-02,Merseyside Police,Merseyside Police,-2.986197,53.356018,On or near DOCK ROAD NORTH,E01007140,Wirral 036A,Unable to prosecute suspect
a37e8e0828dc2ed3b32ed1000a5c1fc934aaf68d7369328020f5db5e7b4e1b0a,2019-02,Merseyside Police,Merseyside Police,-3.016411,53.395100,On or near Parking Area,E01007126,Wirral 016A,Unable to prosecute suspect
e6452bf126262495e67adca8a0c20781a3ca8706dce27f515cd4e19823fce3cc,2019-02,Merseyside Police,Merseyside Police,-2.882848,53.479795,On or near RUSHEY HEY ROAD,E01006436,Knowsley 003C,Unable to prosecute suspect
7aa2b612e0200076853b7a9158320d4c0726cb80b73215e38827fe4c22daed55,2019-02,Merseyside Police,Merseyside Police,-2.955521,53.423361,On or near SANDALWOOD CLOSE,E01006563,Liverpool 024B,Unable to prosecute suspect
a76429d8147dc88ae304cd3f0d88579f8767c4f9de3bef86e69f67214e87b4a0,2019-02,Merseyside Police,Merseyside Police,-3.038492,53.388465,On or near ALEXANDRA ROAD,E01007129,Wirral 016D,Unable to prosecute suspect
eb746003c254e2dcb696507338c7c0ce096f85be4c8c9d3864815d148c63f615,2019-02,Merseyside Police,Merseyside Police,-3.012042,53.372584,On or near WYCLIFFE STREET,E01007295,Wirral 027D,Unable to prosecute suspect
2cdb2dbedb262635026feb01bb7601b2d4bd2caa48d85fc0c598b8f9413c1326,2019-02,Merseyside Police,Merseyside Police,-2.938774,53.411844,On or near LILLEY ROAD,E01006690,Liverpool 028A,Offender given a drugs possession warning
9629b7b9219d842ee45dffca26d7f173999a8432cabcf573b56e309ff2228b45,2019-02,Merseyside Police,Merseyside Police,-2.840687,53.357006,On or near TORRINGTON DRIVE,E01006432,Knowsley 020E,Investigation complete; no suspect identified
953b73921239b3c84b02e61e3d75a169a0adf04f5833f50023d127ed55a5215d,2019-02,Merseyside Police,Merseyside Police,-2.927641,53.429783,On or near BALLANTYNE PLACE,E01006605,Liverpool 016B,Suspect charged
0dee8438e42d472d0a2359491294e4a7152d59a4abda9a7ac6bb3964537da8f7,2019-02,Merseyside Police,Merseyside Police,-2.735360,53.459850,On or near HILL STREET,E01006881,St. Helens 012E,Unable to prosecute suspect
4d9d07779b122264068516f2b0981b5a6497207740bbc916470906be01c27b45,2019-02,Merseyside Police,Merseyside Police,-3.028359,53.380400,On or near ST CATHERINE'S,E01007179,Wirral 021C,Unable to prosecute suspect
dc37e9880d23c6ce343b4b91cb6543ec3e3d0a0a50986bbeff6f38b373556c85,2019-02,Merseyside Police,Merseyside Police,-2.895480,53.492150,On or near KENDAL ROAD,E01006458,Knowsley 002D,Unable to prosecute suspect
0ad307d85acc2e8770fc32f5d3eb3f1d4d1d7048ee1987ff837b6706792233b0,2019-02,Merseyside Police,Merseyside Police,-2.986145,53.425287,On or near CRANMER STREET,E01006779,Liverpool 022D,Suspect charged
443d16ffe68d0333d6a0cc6282560c8cecaf85a9c1832aa9fef3fa6e7296c713,2019-02,Merseyside Police,Merseyside Police,-2.869702,53.404304,On or near BOWRING PARK AVENUE,E01006472,Knowsley 014A,Investigation complete; no suspect identified
d9d615810c3a51c68d9f6a24a73a678cdad1e66be2eaddbec232199d3455c829,2019-02,Merseyside Police,Merseyside Police,-3.043124,53.418628,On or near MILL LANE,E01007214,Wirral 007C,Investigation complete; no suspect identified
cacd86f9b187051f6ea7acfd08af9fcd57ac316f51a0c46b7ad8144a2dff21f0,2019-02,Merseyside Police,Merseyside Police,-2.721241,53.417644,On or near HAMMERSLEY AVENUE,E01006909,St. Helens 022D,Unable to prosecute suspect
b8069d4d071b95f43da3c53ac3a6b0e967d87fde020418f8afabaeb8499a3167,2019-02,Merseyside Police,Merseyside Police,-3.056982,53.525905,On or near KERSLAKE WAY,E01007027,Sefton 021D,Unable to prosecute suspect
1c209fc655f86b32038f8431ad64e789751831ad37130d0a0c3af379124106a8,2019-02,Merseyside Police,Merseyside Police,-2.869702,53.404304,On or near BOWRING PARK AVENUE,E01006472,Knowsley 014A,Unable to prosecute suspect
1cb4f3cdf56fb6f3ed5d2d0b79c5d1e02a747a0cde44d1befa3e5be15410bff6,2019-02,Merseyside Police,Merseyside Police,-2.990742,53.452099,On or near STANLEY ROAD,E01006967,Sefton 037A,Investigation complete; no suspect identified
ef03eafa00edd4a6bfeb2ceba04589551e6017e8fbde150e5c7f0be126bc6aae,2019-02,Merseyside Police,Merseyside Police,-2.845087,53.415358,On or near ORAN WAY,E01006443,Knowsley 010C,Unable to prosecute suspect
b3ddd8b1fb2f9ff4b710de06cfc57738439493a646a7ee3a92c2629a83e5d052,2019-02,Merseyside Police,Merseyside Police,-2.964487,53.415918,On or near EVERTON ROAD,E01006646,Liverpool 023C,Investigation complete; no suspect identified
b542976a642cacc306447453df514790b3ad3a73b9941a302baa723580dc5c5d,2019-02,Merseyside Police,Merseyside Police,-2.918892,53.451199,On or near BRAYBROOKE ROAD,E01006734,Liverpool 005C,Investigation complete; no suspect identified
fd6273c1f7111468b3d6e16cb935d52a2a3d2850fb70d70ccf76c313f947c5d0,2019-02,Merseyside Police,Merseyside Police,-2.950128,53.428465,On or near PRIORY ROAD,E01006766,Liverpool 019E,Offender given a drugs possession warning
53469a6abfbffc31357e0f14cce6b53419aabf07000a9859d4c2d1b3a0835fc8,2019-02,Merseyside Police,Merseyside Police,-2.766053,53.417032,On or near STATION ROAD,E01006893,St. Helens 021C,Investigation complete; no suspect identified
4238debf17b13e88605806de40b7ba8e54942315f630ef4f4e2751829d4b2e9f,2019-02,Merseyside Police,Merseyside Police,-3.019092,53.381432,On or near HILLSIDE CLOSE,E01007291,Wirral 021D,Unable to prosecute suspect
665de18857eac5db7c0e625f03e6ad8065d20f12cddc8d4bf8178f9c1c7ccb34,2019-02,Merseyside Police,Merseyside Police,-3.056982,53.525905,On or near KERSLAKE WAY,E01007027,Sefton 021D,Unable to prosecute suspect
a56602a6f4777a2391484078ebc00f0b042655e48a0f4845ba36aa2f7241e651,2019-02,Merseyside Police,Merseyside Police,-3.163463,53.364857,On or near FLECK LANE,E01007283,Wirral 028E,Investigation complete; no suspect identified
2b8e0766d7d119289b3fb01fb2a413adf7d9ed7e234fc1431dad43094abe1ec1,2019-02,Merseyside Police,Merseyside Police,-2.996877,53.495446,On or near HUMPHREYS HEY,E01007038,Sefton 021F,Unable to prosecute suspect
f850853d1bb002d395bbdddcf8cdde56e96d1bd273ef41888cef2ce7837d7656,2019-02,Merseyside Police,Merseyside Police,-2.987162,53.407472,On or near Nightclub,E01033762,Liverpool 060E,Unable to prosecute suspect
45ccad7f0b3b0dff79ec6fc006efb69d2446483ee56f6563b4cbe374b0557aab,2019-02,Merseyside Police,Merseyside Police,-3.170950,53.390151,On or near GEORGE ROAD,E01007202,Wirral 014E,Suspect charged
43d4aca83adc6b45399befa1a2ea6d51090eed17ba527fdce67a4d5d6f40da48,2019-02,Merseyside Police,Merseyside Police,-2.904820,53.428888,On or near NORRIS GREEN ROAD,E01006619,Liverpool 021B,Investigation complete; no suspect identified
f42b38b42dc50322a6dd4a1401b2b7011a556929c2230214bdb85c81605037fc,2019-02,Merseyside Police,Merseyside Police,-3.019755,53.409796,On or near KEEGAN DRIVE,E01007274,Wirral 008C,Unable to prosecute suspect
29021a8c2c49802b1f20f318467325498941fe50cf9d05dd63529518a97eea6e,2019-02,Merseyside Police,Merseyside Police,-2.983247,53.407953,On or near Parking Area,E01033760,Liverpool 060C,Unable to prosecute suspect
fb0b6bc5228611ba41c2a88e1a459492e6b380d835cea10d14a7c0f9b600aaa7,2019-02,Merseyside Police,Merseyside Police,-3.005325,53.345197,On or near Sports/Recreation Area,E01007153,Wirral 036E,Unable to prosecute suspect
82eb25b13222c04abd0b915878ea49f18d1caa9072545962cc81d2d1e7d0edb6,2019-02,Merseyside Police,Merseyside Police,-2.979358,53.403024,On or near Nightclub,E01033756,Liverpool 061C,Unable to prosecute suspect
d1cfcbc17909050b713ed27145c537140935d453bb4b445c580d8be154c9ed3f,2019-02,Merseyside Police,Merseyside Police,-2.870288,53.417523,On or near ALDWARK ROAD,E01006643,Liverpool 025E,Unable to prosecute suspect
df5ca467b2ddf46e131785a8c94189861d5ea214008ad2be12f8dfe90841868d,2019-02,Merseyside Police,Merseyside Police,-2.954900,53.429883,On or near HARROW ROAD,E01006546,Liverpool 019B,Investigation complete; no suspect identified
31a57d7c244147bcf79b31a4932751fe6360048ee1214b246fab0bc17dbaba45,2019-02,Merseyside Police,Merseyside Police,-3.024644,53.379704,On or near CHURCH TERRACE,E01007292,Wirral 021E,Unable to prosecute suspect
c1c9141d39340a69b099f9cb8149b471a5c77697d4f96ce6d6aed2ac327d032b,2019-02,Merseyside Police,Merseyside Police,-2.734595,53.454767,On or near Parking Area,E01006872,St. Helens 014C,Unable to prosecute suspect
75fb189a27721288f2544aaa879e6bd7660f52e2e6cc52e3616912f1b374cbae,2019-02,Merseyside Police,Merseyside Police,-2.971911,53.389799,On or near LAXEY STREET,E01006518,Liverpool 044A,Unable to prosecute suspect
db16877d09d7ab4ae850737e54b1d7c5124091a16a0917900bfbd3a9f1e6ef19,2019-02,Merseyside Police,Merseyside Police,-2.909508,53.438417,On or near LINGMELL ROAD,E01006625,Liverpool 016D,Unable to prosecute suspect
4dd85d8e9e023a16b7651ef132b99e93db426cf4116a335447f8dc64250f5936,2019-02,Merseyside Police,Merseyside Police,-2.945228,53.430805,On or near RECTOR ROAD,E01006762,Liverpool 015E,Investigation complete; no suspect identified
0938fba496d7ab55b29ca2e4b1855e6907e627591c98af6d30cd59fb0b6fc01e,2019-02,Merseyside Police,Merseyside Police,-2.727964,53.476479,On or near Sports/Recreation Area,E01006855,St. Helens 004G,Investigation complete; no suspect identified
7ee1965ac123c519d50f27c8f978ca45706b0e7d679d1419caf1e94bdbc0e734,2019-02,Merseyside Police,Merseyside Police,-2.983265,53.488898,On or near ST NICHOLAS' DRIVE,E01007086,Sefton 023C,Unable to prosecute suspect
018587275fb97571b223acc9584d1e0aaf4ca860f915e2783a4021cfe065cf16,2019-02,Merseyside Police,Merseyside Police,-2.969193,53.487827,On or near MARIE CURIE AVENUE,E01007087,Sefton 029C,Unable to prosecute suspect
569f7013b56eb799ed83d026361d264bb58f32ca3f3a3d25336280b89b462dc3,2019-02,Merseyside Police,Merseyside Police,-3.027109,53.417778,On or near CHURCHMEADOW CLOSE,E01007275,Wirral 005E,Unable to prosecute suspect
eef2bdf1f16bd89c086772eb25d2ac1a931e46325c51310d61c18f8671da6842,2019-02,Merseyside Police,Merseyside Police,-3.038492,53.388465,On or near ALEXANDRA ROAD,E01007129,Wirral 016D,Unable to prosecute suspect
3c8d7345da43dee72bb0d90ee8a5504d054da2e1289f0e73ba8ee6a4897c5e0b,2019-02,Merseyside Police,Merseyside Police,-2.969388,53.380677,On or near MALWOOD STREET,E01033767,Liverpool 050J,Unable to prosecute suspect
8cf5a7bfec57ebf6c8e8a55269ccc4d97312933ef62ceceefa26b71f3ff6f16f,2019-02,Merseyside Police,Merseyside Police,-2.934455,53.426853,On or near ELLERSLIE ROAD,E01006763,Liverpool 020C,Investigation complete; no suspect identified
e8b684bdb5851fbca875be7f940394fde08df5b9c7300ecaaf6bf04a36572151,2019-02,Merseyside Police,Merseyside Police,-3.011616,53.360947,On or near ASH ROAD,E01007112,Wirral 032B,Investigation complete; no suspect identified
8d532715c8afd86c3ac10e0b4f099184973ff157add4f6006996c3782815994a,2019-02,Merseyside Police,Merseyside Police,-2.969388,53.380677,On or near MALWOOD STREET,E01033767,Liverpool 050J,Unable to prosecute suspect
3f0b92b7120464886108144b24156d6b41bcd46afda8e4281c064b85d0399384,2019-02,Merseyside Police,Merseyside Police,-2.877440,53.433111,On or near FELTWOOD CLOSE,E01006645,Liverpool 017E,Unable to prosecute suspect
5bed019967a29f50c3013340d9debf0bc2bfadaebaf22527c5cb6bdc7a654605,2019-02,Merseyside Police,Merseyside Police,-3.026363,53.381172,On or near HARLAND ROAD,E01007131,Wirral 021B,Investigation complete; no suspect identified
23c9be8dd59d590e1d09b737b0db3c02f5e64724c9cae24bf843b0d64634a0e7,2019-02,Merseyside Police,Merseyside Police,-2.946103,53.380756,On or near FORGE COTTAGES,E01006523,Liverpool 052B,Investigation complete; no suspect identified
ebbf808f9a27eff84ef872a117c18eddf0059731cd0932d308a647545f251d37,2019-02,Merseyside Police,Merseyside Police,-2.857232,53.357913,On or near BRAYDON CLOSE,E01006537,Liverpool 055D,Investigation complete; no suspect identified
ebbf808f9a27eff84ef872a117c18eddf0059731cd0932d308a647545f251d37,2019-02,Merseyside Police,Merseyside Police,-2.857232,53.357913,On or near BRAYDON CLOSE,E01006537,Liverpool 055D,Investigation complete; no suspect identified
6e5164c170299f6850bfc59a48f450f31160a10bf08dce04653c5c1f77aabd17,2019-02,Merseyside Police,Merseyside Police,-2.908688,53.410531,On or near BROAD GREEN ROAD,E01006566,Liverpool 032A,Investigation complete; no suspect identified
548d6a62c5ecb2931821678a997e318e2b00a64b333f929d045650f454c6a897,2019-02,Merseyside Police,Merseyside Police,-3.021292,53.480174,On or near MOLYNEUX ROAD,E01006955,Sefton 030A,Investigation complete; no suspect identified
d525e824716e035c4acd2e27c02e6b9f7e215c8e1c7abb3c69aa53c178230a1f,2019-02,Merseyside Police,Merseyside Police,-3.017871,53.473210,On or near TYNDALL AVENUE,E01006959,Sefton 032D,Investigation complete; no suspect identified
62e602a43671febc048adcf4d90594f9aae3a75b7c6b01277e06cc595245f14e,2019-02,Merseyside Police,Merseyside Police,-3.099147,53.388380,On or near UPTON COURT,E01007298,Wirral 018B,Investigation complete; no suspect identified
56217283287d1d088d49be8b1cea1c379070554b5e6a3e94dd79e027d6b7cedf,2019-02,Merseyside Police,Merseyside Police,-2.637449,53.459963,On or near BELVEDERE ROAD,E01006866,St. Helens 010A,Investigation complete; no suspect identified
869d26fe23e70777b82c6dd98b937ba8addd9593e87bd2766192c6e1b2e9db27,2019-02,Merseyside Police,Merseyside Police,-2.956452,53.425250,On or near GRASMERE STREET,E01006562,Liverpool 018E,Suspect charged
d2e721f12de331e7be7943da719c86bfddcc7259af5ee1b33f94babf029308c9,2019-02,Merseyside Police,Merseyside Police,-2.715833,53.466512,On or near MALLORY GROVE,E01006810,St. Helens 008A,Investigation complete; no suspect identified
0820d08e56790ffb13a78a3b3481a3da9d5b3de4875f3c5a921d3fe493e6accc,2019-02,Merseyside Police,Merseyside Police,-3.082821,53.391478,On or near CUNARD CLOSE,E01007119,Wirral 019A,Investigation complete; no suspect identified
ff6ffd395b9b3af17c790afd19c0c4d70a467ff9538d798d52f0b7ec0b88b2fd,2019-02,Merseyside Police,Merseyside Police,-2.905348,53.430377,On or near TOWN ROW,E01006619,Liverpool 021B,Investigation complete; no suspect identified
fe89f443c3601b7d828717d985b340ad48be4a8f2989173ba80a9a0cdef2ab61,2019-02,Merseyside Police,Merseyside Police,-3.027982,53.494481,On or near MILLER AVENUE,E01006939,Sefton 022D,Investigation complete; no suspect identified
93c7028bbf8d927c860386331d11cd3fd7773183ec67cdc37d82154cb22848c9,2019-02,Merseyside Police,Merseyside Police,-2.728316,53.477700,On or near Sports/Recreation Area,E01006855,St. Helens 004G,Unable to prosecute suspect
275b5eb5b3a15052efc5e8b49c670cbc45ec6c52dd48fb01abd36aab39b49560,2019-02,Merseyside Police,Merseyside Police,-2.969805,53.477673,On or near CHESTER AVENUE,E01007048,Sefton 029A,Investigation complete; no suspect identified
5084671d38de3607a87cb5660e638fa4f0cea9e2d5ecfd43a98be652edb7ab74,2019-02,Merseyside Police,Merseyside Police,-2.859649,53.360799,On or near KINGSMEAD DRIVE,E01006531,Liverpool 055B,Investigation complete; no suspect identified
d24df3719b9fc8b794c4e8b4df87df51c6a1cf4955147b9a427669ec4b355af6,2019-02,Merseyside Police,Merseyside Police,-2.779710,53.395389,On or near PENNY LANE,E01006503,Knowsley 017D,Unable to prosecute suspect
b922ecd4aaf669b739b24dd42b93f140f6b33ed6e2a88f98ae0e81398c784e6a,2019-02,Merseyside Police,Merseyside Police,-2.947989,53.393901,On or near ORANGE GROVE,E01006552,Liverpool 039A,Suspect charged
b922ecd4aaf669b739b24dd42b93f140f6b33ed6e2a88f98ae0e81398c784e6a,2019-02,Merseyside Police,Merseyside Police,-2.947989,53.393901,On or near ORANGE GROVE,E01006552,Liverpool 039A,Suspect charged
c0c2da0abbf956658285674098fb40e096d37a9828f0e16253440d2e870d9d8e,2019-02,Merseyside Police,Merseyside Police,-2.964758,53.397947,On or near BACK SANDON STREET,E01033768,Liverpool 037F,Unable to prosecute suspect
fdeb71a22b0aeaacccdb44384f8659cdb961f7f23e6119f160f0a28340bc59c3,2019-02,Merseyside Police,Merseyside Police,-2.804191,53.404107,On or near WINDY ARBOR CLOSE,E01006502,Knowsley 017C,Investigation complete; no suspect identified
a678115e25b557abd973be4165d9aa20c5659bcb1a015ff8d53f0c5baaa63c32,2019-02,Merseyside Police,Merseyside Police,-2.988034,53.463250,On or near STALEY STREET,E01033095,Sefton 033F,Investigation complete; no suspect identified
5713c7e4a044e955e3246435b040e87c60819578822ab971d05eb86b178a1e85,2019-02,Merseyside Police,Merseyside Police,-3.053152,53.396966,On or near SEELEY AVENUE,E01007156,Wirral 015B,Investigation complete; no suspect identified
5fc094e18709e6b5ad76b546c48c4adea00d50d6418469e6c16c4facf5c90945,2019-02,Merseyside Police,Merseyside Police,-2.864648,53.422085,On or near FINCHAM CLOSE,E01033228,Knowsley 008F,Investigation complete; no suspect identified
c64a7d345839a78722a4c63110523a640a863966001e4a4e0f16a1d67e50de5c,2019-02,Merseyside Police,Merseyside Police,-2.902399,53.391315,On or near WOOLTON ROAD,E01006592,Liverpool 041D,Unable to prosecute suspect
e6aae477952d6a69dfc1bc5f5519149cbbf840fd444c5fe2d5ea6f853e5e1a47,2019-02,Merseyside Police,Merseyside Police,-2.936976,53.459382,On or near DYSON HALL DRIVE,E01006659,Liverpool 005B,Unable to prosecute suspect
44ccbe98653ec4f19c0f3fb881a247d35b2a169e4daa44fc167d5880124baff1,2019-02,Merseyside Police,Merseyside Police,-3.097438,53.338911,On or near PINE VIEW DRIVE,E01007183,Wirral 034A,Investigation complete; no suspect identified
81202846838c4d3688e6415ad7910e7c796da58c53f5ac22df5ae544be8fca39,2019-02,Merseyside Police,Merseyside Police,-2.936976,53.459382,On or near DYSON HALL DRIVE,E01006659,Liverpool 005B,Unable to prosecute suspect
2e0609f03cc1b2cccc050368f86369da19cae14a5811a869c93fcf37e3c49541,2019-02,Merseyside Police,Merseyside Police,-2.943063,53.416655,On or near HAMPSTEAD ROAD,E01006695,Liverpool 028C,Unable to prosecute suspect
2d20f168623ea6029e2640a98e04083ed6092d80b393754f4dc5267968c246b2,2019-02,Merseyside Police,Merseyside Police,-2.924092,53.420903,On or near TYNWALD PLACE,E01006717,Liverpool 027D,Unable to prosecute suspect
b78919f804301bf90349f5a4e44518927d052d360caa449d245bdf31d904801a,2019-02,Merseyside Police,Merseyside Police,-2.908749,53.431043,On or near MARFORD ROAD,E01006617,Liverpool 021A,Unable to prosecute suspect
72ac88c634e07d8ccd2241cf2adc307ab1b74deb9f36aa8a3d2a3099f1cb1f28,2019-02,Merseyside Police,Merseyside Police,-3.094867,53.403845,On or near FENDALE AVENUE,E01007206,Wirral 009B,Investigation complete; no suspect identified
78c47c7849deb31f5a4882b2129d922e038d926e8a2f81377ea1b371f82a1f1d,2019-02,Merseyside Police,Merseyside Police,-2.924092,53.420903,On or near TYNWALD PLACE,E01006717,Liverpool 027D,Unable to prosecute suspect
6ec0521a2a60d7cbc372fd53bbdbe35c9cfdd7be2b0d11970db4989490a00c7e,2019-02,Merseyside Police,Merseyside Police,-3.044046,53.320477,On or near CHURCH ROAD,E01007144,Wirral 038A,Investigation complete; no suspect identified
dbe963478361ffaebb6bd466d0baa641e10718e5bc4cc7572ebedcaba4db4e0e,2019-02,Merseyside Police,Merseyside Police,-2.665361,53.471712,On or near GALWAY CRESCENT,E01006842,St. Helens 005D,Investigation complete; no suspect identified
f9d17a21d7bc6c1ab1d70adbca174a54fbada811920ac8b28ecb84ca6f66a3c0,2019-02,Merseyside Police,Merseyside Police,-2.999647,53.456834,On or near SALISBURY ROAD,E01007006,Sefton 036C,Unable to prosecute suspect
f46a2dc1486d8ad6f0d0c47a40d7ea740250345421dab7061ec6f3b1a6144076,2019-02,Merseyside Police,Merseyside Police,-2.915898,53.467411,On or near GRIBBLE ROAD,E01006658,Liverpool 001D,Investigation complete; no suspect identified
afdd0a7644183cbc0c756ae1b7060a2b7b234db5eaa84cb4233a6c41da4c9d02,2019-02,Merseyside Police,Merseyside Police,-2.984289,53.455703,On or near RUTLAND STREET,E01006966,Sefton 038F,Unable to prosecute suspect
97683ab84f8c0881128aa3d6bc1badad646836844ee9e6254505971fe7b418cd,2019-02,Merseyside Police,Merseyside Police,-2.936976,53.459382,On or near DYSON HALL DRIVE,E01006659,Liverpool 005B,Unable to prosecute suspect
808fe6022aa7e3d9452fffe291f1235da87ddcdcdefc1acfcc52c5076e485cb6,2019-02,Merseyside Police,Merseyside Police,-2.855584,53.474276,On or near Petrol Station,E01006446,Knowsley 005G,Investigation complete; no suspect identified
cb953d7ea10f6469175708d1d16d9ee5db37e29f5fd6118a449b422b0ce37caa,2019-02,Merseyside Police,Merseyside Police,-3.024648,53.355478,On or near TEEHEY LANE,E01007116,Wirral 032E,Investigation complete; no suspect identified
7421145f8c69466a13415fe9391c04d0fe5d4c39a99198c66b45f67742903e30,2019-02,Merseyside Police,Merseyside Police,-3.012559,53.394360,On or near BRIDGE STREET,E01007126,Wirral 016A,Investigation complete; no suspect identified
809ca8b2ab66bcb9253e4becd3ee475f70d5e86977494a7feba1a0a75a330bea,2019-02,Merseyside Police,Merseyside Police,-3.020140,53.406997,On or near HARLECH STREET,E01007274,Wirral 008C,Suspect charged
641e223f75c5140ddcae67cf3362d558c93ed8f8c12fdf666c10448292469f4f,2019-02,Merseyside Police,Merseyside Police,-2.729759,53.453799,On or near Shopping Area,E01006872,St. Helens 014C,Investigation complete; no suspect identified
4f16dc891562a64f353bb54f3dec13312f75deb39628aefe67153eb10809ab7a,2019-02,Merseyside Police,Merseyside Police,-2.968927,53.494651,On or near VILLAGE COURTS,E01007091,Sefton 023D,Investigation complete; no suspect identified
13fcc62b623134fc2f2157618cfdb8410afe486779a04f1977689fef13da0983,2019-02,Merseyside Police,Merseyside Police,-2.990843,53.457114,On or near MELLING ROAD,E01006964,Sefton 036A,Investigation complete; no suspect identified
777c85fdb5d266bda087f1e1a3f44ba7f875501bcae3b8cdd2ec655a36e57716,2019-02,Merseyside Police,Merseyside Police,-3.017294,53.383569,On or near GREEN LANE,E01007291,Wirral 021D,Investigation complete; no suspect identified
5f4a2bb328e48d7362006e5bd0ea69a0a131617a3369957673820697842469c8,2019-02,Merseyside Police,Merseyside Police,-3.033186,53.369922,On or near MENDIP ROAD,E01007177,Wirral 029D,Investigation complete; no suspect identified
67e5fabad211db6dd594f4df9c8e9ef2b144da68d6bf09aed93d1b9c951503fc,2019-02,Merseyside Police,Merseyside Police,-2.980079,53.403000,On or near FLEET STREET,E01033756,Liverpool 061C,Investigation complete; no suspect identified
5d8f4e1c3500c0b4b975d7e1abbdd2470fa5394c9ca97511b14436b6008c51e5,2019-02,Merseyside Police,Merseyside Police,-2.834041,53.426770,On or near BARFORD ROAD,E01006440,Knowsley 010A,Unable to prosecute suspect
28bf2d6317a72b9219b29f43306ee3c307df6d949363658316c02c4a845c5eed,2019-02,Merseyside Police,Merseyside Police,-2.976571,53.402192,On or near ROSCOE PLACE,E01033761,Liverpool 060D,Investigation complete; no suspect identified
94247f0d6fa212e6d5f8db66f58bd6384205bccf9747db18326d17cea35997a1,2019-02,Merseyside Police,Merseyside Police,-2.980707,53.487148,On or near ST DAMIAN'S CROFT,E01007086,Sefton 023C,Suspect charged
94247f0d6fa212e6d5f8db66f58bd6384205bccf9747db18326d17cea35997a1,2019-02,Merseyside Police,Merseyside Police,-2.980707,53.487148,On or near ST DAMIAN'S CROFT,E01007086,Sefton 023C,Suspect charged
c20e97edec21840e71d652e4bfc5f4db4617e8d868330816a4bb908f2425a599,2019-02,Merseyside Police,Merseyside Police,-2.730647,53.473056,On or near TARN GROVE,E01006849,St. Helens 004A,Unable to prosecute suspect
01ca43f86fb81583bb7e40911be833fdfd78f6221ce14db863cfca3f9a6b85a5,2019-02,Merseyside Police,Merseyside Police,-3.025876,53.390947,On or near CLAUGHTON ROAD,E01007128,Wirral 016C,Suspect charged
f8bea43b304fa29d6eb83d7f7546fa2ae5cace1dc5340a0309575364268293fa,2019-02,Merseyside Police,Merseyside Police,-2.992998,53.442300,On or near KING'S ROAD,E01007010,Sefton 037E,Investigation complete; no suspect identified
47109c41ae766a69c70c141c6a1d112f3f150d8bee64ab8444b06bd3d67d5374,2019-02,Merseyside Police,Merseyside Police,-2.991079,53.442029,On or near BEDFORD ROAD,E01007010,Sefton 037E,Investigation complete; no suspect identified
4cfabb8e25481f78920bb7b94ba38e688d0cdc1de5e98f60eb47dd8ed33d9536,2019-02,Merseyside Police,Merseyside Police,-2.857964,53.354681,On or near SHADOWBROOK DRIVE,E01006537,Liverpool 055D,Unable to prosecute suspect
32b9aa23624bf19adb3f8a6d5a8b6fa2fe3f6d4bf698c8b95744632ce05f39dd,2019-02,Merseyside Police,Merseyside Police,-2.970652,53.668972,On or near ST ANNES ROAD,E01006947,Sefton 002A,Unable to prosecute suspect
4d71bbaa745700e6acc5825a303ccddbb2c6a924c23c90c28542e6a02eab65b5,2019-02,Merseyside Police,Merseyside Police,-2.940445,53.397557,On or near ALTCAR AVENUE,E01006720,Liverpool 035A,Investigation complete; no suspect identified
45e24d465857269c32485420bba5e4a8bfce96ba7047bb2b9ea4a89e3ba997f8,2019-02,Merseyside Police,Merseyside Police,-2.879860,53.451178,On or near MINTON CLOSE,E01006670,Liverpool 007E,Investigation complete; no suspect identified
53687dc21879b565c6369e02d01d6a55483d0bbc6ceb669199c5a9804e4e43f4,2019-02,Merseyside Police,Merseyside Police,-2.985464,53.402353,On or near DUKE STREET LANE,E01033754,Liverpool 061B,Investigation complete; no suspect identified
805ae51880d2ed4c82c89749d64a13ce5f1436c26967bc8fbc4e80f23812889c,2019-02,Merseyside Police,Merseyside Police,-3.020928,53.410406,On or near Supermarket,E01007274,Wirral 008C,Unable to prosecute suspect
6aa20a98c63022cf6ddd3e1a3908b4b774816675b249acded79610ad4b96ff96,2019-02,Merseyside Police,Merseyside Police,-3.058958,53.383692,On or near WEXFORD ROAD,E01007241,Wirral 020D,Unable to prosecute suspect
fa3a5dc4de67ab32c0cd841c6fdbdaa5c6124d9b607da318a456042d06b0bea3,2019-02,Merseyside Police,Merseyside Police,-3.039848,53.429281,On or near OSBORNE GROVE,E01007233,Wirral 002C,Investigation complete; no suspect identified
3e5f5cef04d15f3e721324683427259794e313233a53613db8f4ab8ea30211e7,2019-02,Merseyside Police,Merseyside Police,-2.952525,53.428670,On or near DOUGLAS ROAD,E01006547,Liverpool 019C,Unable to prosecute suspect
e5d36caa8b181a42884043c31d8fea12692c0806b88ba9fc38397f25a2f2dad2,2019-02,Merseyside Police,Merseyside Police,-3.027844,53.407704,On or near OAKDALE AVENUE,E01007269,Wirral 010C,Unable to prosecute suspect
7c4487ee9a482e19015708279031688be69299f8747d67ff79fbeb38e8f49180,2019-02,Merseyside Police,Merseyside Police,-2.997564,53.645884,On or near Parking Area,E01006969,Sefton 004D,Investigation complete; no suspect identified
8f35dfc2f921a441bea32ea20cc9fdbb639f6e68169559cab77e2386ae32f8ec,2019-02,Merseyside Police,Merseyside Police,-2.983348,53.403224,On or near Parking Area,E01033756,Liverpool 061C,Unable to prosecute suspect
75c0b2ddbf89f32d45f5da84ff2f496efa4de59891e59e00d99f8da06d01290b,2019-02,Merseyside Police,Merseyside Police,-2.979600,53.406392,On or near ELLIOT STREET,E01033760,Liverpool 060C,Investigation complete; no suspect identified
599c3940e42b124d40288483731ee2c23e0d5e3576d4f2d2d61fa559722c2b30,2019-02,Merseyside Police,Merseyside Police,-2.933033,53.374297,On or near ASHFIELD ROAD,E01006521,Liverpool 052A,Investigation complete; no suspect identified
ba22407b200c5d35f0cff2e0131cde227fd0173e2f4fe87d99140df08acf18b1,2019-02,Merseyside Police,Merseyside Police,-3.019336,53.369600,On or near ROSELANDS COURT,E01007175,Wirral 027A,Suspect charged
6bc7df22e5757d9f73ad14d1405f579c900f2a2537de171e810e18c465dfd601,2019-02,Merseyside Police,Merseyside Police,-2.952525,53.428670,On or near DOUGLAS ROAD,E01006547,Liverpool 019C,Unable to prosecute suspect
10fb0fb7f1f1132f0f3277dfd844d1cbb9f20088909def2698e245c915c284a0,2019-02,Merseyside Police,Merseyside Police,-3.023659,53.414472,On or near WESLEY GROVE,E01007277,Wirral 008D,Investigation complete; no suspect identified
4796a2a5f31dbe2b2a6fd4f086f9abd80557de9bfe0c4b84eba3725df8e9f27e,2019-02,Merseyside Police,Merseyside Police,-2.946409,53.381671,On or near IVANHOE ROAD,E01006522,Liverpool 048A,Unable to prosecute suspect
6b12c34f5e71ca3bc24e41f59448143dcecd5e2da7a417da9615f719399ac572,2019-02,Merseyside Police,Merseyside Police,-3.042114,53.437603,On or near HOPE STREET,E01007238,Wirral 001E,Unable to prosecute suspect
5b78cb3971ea6d34f8597579cc393c3b998c4b2d18ab5d2bd21dc697adc38b28,2019-02,Merseyside Police,Merseyside Police,-2.970652,53.668972,On or near ST ANNES ROAD,E01006947,Sefton 002A,Unable to prosecute suspect
ad7901c62c24abdc4daf4f5379f3b746e29dc2d64e033bac0f5a077a5af844f3,2019-02,Merseyside Police,Merseyside Police,-2.973583,53.327950,On or near MENDELL CLOSE,E01007170,Wirral 039D,Unable to prosecute suspect
216b2fe72e1726aae955ba23f2f3e6b35c40aa31ea04a5f733eadd00be96de25,2019-02,Merseyside Police,Merseyside Police,-2.640734,53.454085,On or near FOUNDRY STREET,E01006863,St. Helens 013A,Further investigation is not in the public interest
87847bc614dcd4fa036dd89ca9a9278509b68012cea179ce1d6f9d4ad64846cd,2019-02,Merseyside Police,Merseyside Police,-3.025876,53.390947,On or near CLAUGHTON ROAD,E01007128,Wirral 016C,Suspect charged
10862a8764dfc5ab05f2e0f9b55d145e31a2f249078c65cb356a6b3e21b1ced9,2019-02,Merseyside Police,Merseyside Police,-2.773653,53.437055,On or near PATTERDALE DRIVE,E01006830,St. Helens 019A,Investigation complete; no suspect identified
af505773ee8bd4be5307edb6b4fec009e3a87a4ac2940b7c0af30672ec616120,2019-02,Merseyside Police,Merseyside Police,-2.976340,53.451229,On or near SOUTHPORT ROAD,E01006960,Sefton 038A,Investigation complete; no suspect identified
6784f197833c6de5bf2c9daa5aca3382a08ac98fe00ab803091d1e2601d55c02,2019-02,Merseyside Police,Merseyside Police,-2.918025,53.448006,On or near WELLESBOURNE PLACE,E01006734,Liverpool 005C,Investigation complete; no suspect identified
89efa8d7a46efecacba5311be9d7a86eca5dcf7a092e8530f419143138c82a9f,2019-02,Merseyside Police,Merseyside Police,-2.909639,53.439611,On or near MEADOW WAY,E01006625,Liverpool 016D,Investigation complete; no suspect identified
2444c6206140e659b2a261851ad169c1b24f69aafee2e9ab73f31963ffeb5d80,2019-02,Merseyside Police,Merseyside Police,-2.937142,53.413529,On or near PRESCOT ROAD,E01006692,Liverpool 028B,Suspect charged
310c57d82dd20bd61adc831eaa94ae123b447130825b836804904b20847884d4,2019-02,Merseyside Police,Merseyside Police,-3.026359,53.492823,On or near Supermarket,E01007021,Sefton 025A,Investigation complete; no suspect identified
0ef2d91d48a4a768f091b4f409306c7a8f97300a40e382945e638cb0bd3de4a0,2019-02,Merseyside Police,Merseyside Police,-3.025318,53.635681,On or near WINDSOR COURT,E01006973,Sefton 009E,Investigation complete; no suspect identified
3352de8f199c9a101dd983dbe0d9814df18c2195a439e9a388e2e03c9667f02f,2019-02,Merseyside Police,Merseyside Police,-2.949340,53.412057,On or near KENSINGTON,E01006696,Liverpool 030C,Investigation complete; no suspect identified
1f14b6d59edfc578715621486c6b4f55f65cbeda88132a68003d3bdbc356966f,2019-02,Merseyside Police,Merseyside Police,-2.994190,53.650371,On or near THISTLETON MEWS,E01006945,Sefton 004A,Action to be taken by another organisation
5c84e7831de19f3ab41ec75d2e9ecb463e67b6ea87690d526179319a857faa82,2019-02,Merseyside Police,Merseyside Police,-2.898566,53.377124,On or near THE GLEN,E01006539,Liverpool 047B,Investigation complete; no suspect identified
1205029b8ebcd376df8132e2f576d27bc8d8a0fd94275f1190ed66b8c8cb2cfe,2019-02,Merseyside Police,Merseyside Police,-2.959005,53.414344,On or near HUTCHINSON STREET,E01006746,Liverpool 030E,Suspect charged
243e5911a960b32f8a86707303512c2454187def9a166e2398f74a611d8266f3,2019-02,Merseyside Police,Merseyside Police,-2.958246,53.423402,On or near BULWER STREET,E01006563,Liverpool 024B,Offender given a drugs possession warning
be25989487d83ca00a3970a2bac0405a6e462530d3ee8fc8b5eef3776eeee722,2019-02,Merseyside Police,Merseyside Police,-2.966150,53.464022,On or near ORRELL LANE,E01006782,Liverpool 003B,Unable to prosecute suspect
da0b54b96298820c030d6b9344d338452c50c81c26a1f536f6a85e6bcdf0c028,2019-02,Merseyside Police,Merseyside Police,-2.933483,53.398312,On or near GROSVENOR ROAD,E01006728,Liverpool 035E,Investigation complete; no suspect identified
1462f9cbdc0e753f636b8ec3f7f936af4b2e7af1849a73d1eac9ba91991f27e3,2019-02,Merseyside Police,Merseyside Police,-3.025876,53.390947,On or near CLAUGHTON ROAD,E01007128,Wirral 016C,Suspect charged
1ce5c8391c336df4c882cb6487a862ff56e0ab999d02822f350c7be7f9e03fdc,2019-02,Merseyside Police,Merseyside Police,-3.002580,53.461133,On or near PRIOR STREET,E01007003,Sefton 036B,Unable to prosecute suspect
ace870d7666c7ab2bf7bba14746887fa9b120ce4e846cf0d1a64aeac46b844c3,2019-02,Merseyside Police,Merseyside Police,-2.961345,53.454038,On or near PARKINSON ROAD,E01006791,Liverpool 006D,Investigation complete; no suspect identified
693094d4c0f485cebba9f39073e7e86ba7ed12bb1633b9ef8b9824c06bf44650,2019-02,Merseyside Police,Merseyside Police,-3.024865,53.396412,On or near WATSON STREET,E01007126,Wirral 016A,Unable to prosecute suspect
1f1ea20b1e79f67af875b0a589daad353a48cf0e562075d795b3366cda248076,2019-02,Merseyside Police,Merseyside Police,-2.970767,53.408892,On or near ANSON STREET,E01006747,Liverpool 031B,Unable to prosecute suspect
f25c4cfe41ff69bf6fd20918300a4de5283ff417125af3bc7044f56cf651f0c7,2019-02,Merseyside Police,Merseyside Police,-3.029300,53.390154,On or near Parking Area,E01007128,Wirral 016C,Suspect charged
161cc5f38222b406fa0ea24e8b77e5bbca1e0e4ad596831c0fad7b5a07b536ed,2019-02,Merseyside Police,Merseyside Police,-2.980071,53.476574,On or near BOUNDARY ROAD,E01007047,Sefton 033E,Investigation complete; no suspect identified
46701d5dcf4bc7aebd3204b0bde80d64e3711ef347c84fbb36d122203cc75048,2019-02,Merseyside Police,Merseyside Police,-2.832634,53.363238,On or near HELMSLEY ROAD,E01006426,Knowsley 020A,Investigation complete; no suspect identified
d76d24f6717fecf7ae24c3f17b1b1d1c14062c4b7e553e75d2d924b9829743ed,2019-02,Merseyside Police,Merseyside Police,-2.996846,53.454898,On or near GLOVER PLACE,E01007007,Sefton 037B,Further investigation is not in the public interest
7ec29157190620fac960d7bb28ce257691bbdc8468d8293720de2184d7a211f3,2019-02,Merseyside Police,Merseyside Police,-3.071781,53.414715,On or near M53,E01007309,Wirral 006D,Investigation complete; no suspect identified
0c2180cabdb182638c82c1fa97fe0f4dae37edb9e7e02d6dd5188f9614844485,2019-02,Merseyside Police,Merseyside Police,-3.054600,53.387416,On or near KINGSMEAD ROAD,E01007240,Wirral 020C,Unable to prosecute suspect
12416e4db4f4410d70d0f907d5556271d162c637065404ff9602d549dc0f019a,2019-02,Merseyside Police,Merseyside Police,-2.976340,53.451229,On or near SOUTHPORT ROAD,E01006960,Sefton 038A,Investigation complete; no suspect identified
75253897d07a4b53761870c2e370387bf9e7ab1c48780e9c03b04ca3066189aa,2019-02,Merseyside Police,Merseyside Police,-2.905554,53.406779,On or near STATTON ROAD,E01006585,Liverpool 032B,Unable to prosecute suspect
1114925c9c17c0df753e041a9c34a7ea0f6e8d89f08562c2bd86166e525d64ef,2019-02,Merseyside Police,Merseyside Police,-3.052626,53.602042,On or near CHANDLEY CLOSE,E01006922,Sefton 012B,Investigation complete; no suspect identified
5bf671c14b5d9f30529e5d10b5157d51396f64e49dce04ec8e0261a57926341c,2019-02,Merseyside Police,Merseyside Police,-2.721216,53.440188,On or near MARSHALLS CROSS ROAD,E01006912,St. Helens 019G,Further investigation is not in the public interest
ffc5119ee56a237244c5d576b59e152e0cc0e560f61cb9039c9795b5edf0c2bc,2019-02,Merseyside Police,Merseyside Police,-3.006854,53.646597,On or near HODGE STREET,E01006968,Sefton 004C,Investigation complete; no suspect identified
05c620ba2eb20a6b2b6e1f055ef58a88faae07466f674f66361be32cbca655ff,2019-02,Merseyside Police,Merseyside Police,-2.880025,53.395042,On or near WELL LANE,E01006800,Liverpool 046C,Investigation complete; no suspect identified
67e27129017e4e01f35a0909226e213d5d340e378ea8b773a3c97954adaa9a8a,2019-02,Merseyside Police,Merseyside Police,-2.731970,53.470280,On or near GRASMERE COURT,E01006853,St. Helens 004E,Investigation complete; no suspect identified
02612d3dfed22420614337f8a147f89ddad238ca0076949081155791a088d65b,2019-02,Merseyside Police,Merseyside Police,-2.982319,53.485832,On or near POULSOM DRIVE,E01007090,Sefton 029E,Action to be taken by another organisation
c5083d41d49832c300d0fe189408c6fce07edc2d064df14627dfdefab4f82aac,2019-02,Merseyside Police,Merseyside Police,-2.988508,53.449277,On or near Parking Area,E01006967,Sefton 037A,Unable to prosecute suspect
1f84191bf2895f58ab1afd3a1796e9d2ee62142d6495e8b3b84993da6607b561,2019-02,Merseyside Police,Merseyside Police,-3.107778,53.341467,On or near KYLEMORE CLOSE,E01007288,Wirral 037E,Unable to prosecute suspect
1f6c4e786487a6d6c143fdeed58c2e611fa830bef8920f0973eeb07efbf8ba51,2019-02,Merseyside Police,Merseyside Police,-2.838247,53.411037,On or near Parking Area,E01006481,Knowsley 015E,Unable to prosecute suspect
faa64369bb01f2036946e97a492868ca1d6d3804312313444df3c16f97d81445,2019-02,Merseyside Police,Merseyside Police,-3.005811,53.499686,On or near THE CRESCENT,E01007037,Sefton 021E,Investigation complete; no suspect identified
65a14d29fab8540a1eb61b6e8c6c75207fbadc85f3a53b3b9c52f95082ac0558,2019-02,Merseyside Police,Merseyside Police,-2.972064,53.446616,On or near SELINA ROAD,E01006705,Liverpool 009E,Investigation complete; no suspect identified
bf239323173da2a0dfc7622d2bf449028d71a24711a7960040bdaa7dfc61cbc4,2019-02,Merseyside Police,Merseyside Police,-3.005811,53.499686,On or near THE CRESCENT,E01007037,Sefton 021E,Investigation complete; no suspect identified
5d9060173e9ad8ff7f586a146bb52a54a71278d6d9bd292816e543eee13166c1,2019-02,Merseyside Police,Merseyside Police,-2.876930,53.490220,On or near SANDLEWOOD GROVE,E01006494,Knowsley 001D,Unable to prosecute suspect
6d4d17be244f48659f40de1b3f92b4439017eb5bb5a336970750984cc94b03df,2019-02,Merseyside Police,Merseyside Police,-2.982736,53.424938,On or near HANKIN STREET,E01006779,Liverpool 022D,Offender given a caution
f524616e76b02a1279ad2ebf13e1d45c8acd37e0d31564dbca16891884757fc7,2019-02,Merseyside Police,Merseyside Police,-2.854324,53.390528,On or near Parking Area,E01006771,Liverpool 040D,Investigation complete; no suspect identified
22d9d751e41d74131bbe4c85ae99891d47dd66d81504e8059381d5463be25c68,2019-02,Merseyside Police,Merseyside Police,-3.003858,53.365884,On or near POWER ROAD,E01007289,Wirral 031E,Unable to prosecute suspect
1979b3c44c4a139f387c80ba504436aa665d6579b786e47674883cd18b70f2cb,2019-02,Merseyside Police,Merseyside Police,-2.749506,53.458306,On or near DENTONS GREEN LANE,E01006876,St. Helens 016D,Unable to prosecute suspect
c0a224643bc6560c670367f03a5647f3bea23090cb80416d793c6b3699d5f448,2019-02,Merseyside Police,Merseyside Police,-2.969502,53.443221,On or near ROMLEY STREET,E01006610,Liverpool 009C,Further investigation is not in the public interest
3cd8102d17ce638ae624f48c24ea43f6aac3f6bad2b84b7b6c51cf002bd153c5,2019-02,Merseyside Police,Merseyside Police,-3.030194,53.394137,On or near HOPE STREET,E01007127,Wirral 016B,Unable to prosecute suspect
4f43de6aa26390cc6aeee8b06fab15004cd463be1034404002e0b398741a8a6a,2019-02,Merseyside Police,Merseyside Police,-2.980033,53.407521,On or near ST GEORGE'S PLACE,E01033760,Liverpool 060C,Investigation complete; no suspect identified
752dc2f533869f2c3c5f6614f22e23b07b0c27259b058eaeb07e47f9703496ee,2019-02,Merseyside Police,Merseyside Police,-2.987014,53.405648,On or near Shopping Area,E01033760,Liverpool 060C,Investigation complete; no suspect identified
fde1f1cbf29e84ea5dadb2f39be645c42fb6998f2776fbc7c0bca19d4f256bf6,2019-02,Merseyside Police,Merseyside Police,-2.964809,53.409497,On or near Hospital,E01006747,Liverpool 031B,Investigation complete; no suspect identified
e910c2e729c7dc61f447b4ed25d560f86ef5e0bfa577b5d2c0052f3da4e407e0,2019-02,Merseyside Police,Merseyside Police,-2.996613,53.453335,On or near CAPRICORN WAY,E01007007,Sefton 037B,Unable to prosecute suspect
5375e6af6f6472c7481c41530af7a5b650f6e839a92ef891d2f173aaadc88a0b,2019-02,Merseyside Police,Merseyside Police,-2.867675,53.440670,On or near HOLLOW CROFT,E01006412,Knowsley 006A,Further investigation is not in the public interest
1cded80e2ea7bfcbaf6259fd3954567aca8b274baf9b785a06af0cd905e55617,2019-02,Merseyside Police,Merseyside Police,-2.980309,53.476428,On or near NETHERTON WAY,E01006981,Sefton 031B,Unable to prosecute suspect
b26542cfa11018f0406ab05d420d7932b716d56b10df1c9d4866a020e223ef9a,2019-02,Merseyside Police,Merseyside Police,-2.987014,53.405648,On or near Shopping Area,E01033760,Liverpool 060C,Investigation complete; no suspect identified
4a740a691aa5d944527c185ba4a0b1a21560cc169778af50340286e633d35bd2,2019-02,Merseyside Police,Merseyside Police,-2.749506,53.458306,On or near DENTONS GREEN LANE,E01006876,St. Helens 016D,Unable to prosecute suspect
c1484f768ddf1f02141383f90a1c965d2a4fe3a7184fb545f9af1d90422a8bdd,2019-02,Merseyside Police,Merseyside Police,-3.035969,53.595087,On or near SHIRDLEY CRESCENT,E01006924,Sefton 011B,Unable to prosecute suspect
7640242e35bd91988dfe96ca252da2f08da558fadc130b17133140161914edb0,2019-02,Merseyside Police,Merseyside Police,-3.115425,53.405389,On or near BERRYLANDS CLOSE,E01007227,Wirral 012D,Unable to prosecute suspect
8ec5aeab5c0368ff72d4943f1dd8727af2f3dca6e878d02f7d57349bd96bc831,2019-02,Merseyside Police,Merseyside Police,-2.860207,53.437659,On or near POOL HEY,E01006413,Knowsley 006B,Unable to prosecute suspect
dfa97670c5c3286acf22eff115d31a0874c08fa240bacf612d1c7bdfe0673dbd,2019-02,Merseyside Police,Merseyside Police,-2.890288,53.411946,On or near THINGWALL HALL DRIVE,E01006488,Knowsley 014E,Further investigation is not in the public interest
c21a0dfa9711ebe55df9a05e5a8bd3fdc15368baca819c893cbc482fb75bf213,2019-02,Merseyside Police,Merseyside Police,-2.965271,53.400702,On or near MYRTLE PARADE,E01006512,Liverpool 031A,Investigation complete; no suspect identified
f7f1561e25bb226770da26f4ebc58f70779495ca8460c5e309ef08f1b010bfa0,2019-02,Merseyside Police,Merseyside Police,-2.977302,53.402600,On or near BOLD STREET,E01033756,Liverpool 061C,Investigation complete; no suspect identified
a694cb11a43f11035a503f8900f5c64e842461ca5092ae9f3d344c90f1ea81b0,2019-02,Merseyside Police,Merseyside Police,-2.977302,53.402600,On or near BOLD STREET,E01033756,Liverpool 061C,Investigation complete; no suspect identified
0788b1b67d2c95cb5cfa236216947e0ba91dde65b726fbaf2ad6cce5fd1de4a4,2019-02,Merseyside Police,Merseyside Police,-2.868136,53.424927,On or near FINCHAM SQUARE,E01006467,Knowsley 008B,Unable to prosecute suspect
cd62a98862475d84c37330c4d095562f9887b5c5a743d6d90f9fce8a164d181d,2019-02,Merseyside Police,Merseyside Police,-3.035666,53.419466,On or near OXFORD ROAD,E01007218,Wirral 002A,Investigation complete; no suspect identified
f080c3755936a82d3c9ef228fc7e8845b3957ceeb449a79695d1f49eca030682,2019-02,Merseyside Police,Merseyside Police,-2.941129,53.461210,On or near MUIR ROAD,E01006659,Liverpool 005B,Investigation complete; no suspect identified
5a085564538d3cff7e9dd2c0e4733e67a921dc3c5df0b610c3ac6c24b65cf2a6,2019-02,Merseyside Police,Merseyside Police,-2.970209,53.410137,On or near BAYHORSE LANE,E01033758,Liverpool 060B,Suspect charged
43ad99d8d9189cca930540fc673d238004fcb85e5e0c7b17c86148fa4e75be48,2019-02,Merseyside Police,Merseyside Police,-3.005544,53.454645,On or near RIMROSE ROAD,E01007008,Sefton 037C,Investigation complete; no suspect identified
6e7f54bde0b3f3eae6d6b432411ce40854e337f9e9a7b508990ad3adcea2d152,2019-02,Merseyside Police,Merseyside Police,-2.947563,53.395738,On or near LONGFELLOW STREET,E01006556,Liverpool 039B,Offender given a caution
e8bf8c37b0dcbe073b42a9e98e419dbbd5c6bc94569f622dc1b80006699fd35a,2019-02,Merseyside Police,Merseyside Police,-3.005842,53.647307,On or near Conference/Exhibition Centre,E01006968,Sefton 004C,Further investigation is not in the public interest
91ce99ff977c6fc35999d929cad108ec3a20527bc9b0ad5d47072a57d11fe34e,2019-02,Merseyside Police,Merseyside Police,-2.982401,53.404563,On or near BROOKS ALLEY,E01033756,Liverpool 061C,Suspect charged
668fcaf3c7af97a07e3206e85b49533ba08704afa817b67f7015f6f8f1ac0261,2019-02,Merseyside Police,Merseyside Police,-3.003032,53.469462,On or near GOWRIE GROVE,E01006977,Sefton 032E,Investigation complete; no suspect identified
11bd19091bdddd6268cd7ea526823dcb6f80da29d6bc96b05994673112781296,2019-02,Merseyside Police,Merseyside Police,-2.980826,53.402122,On or near SLATER PLACE,E01033761,Liverpool 060D,Unable to prosecute suspect
73075f1418ad3ab42f0c19603ba5d20734e36f32e881a42e9fe70dc0a69e40f6,2019-02,Merseyside Police,Merseyside Police,-2.990334,53.408048,On or near Parking Area,E01033752,Liverpool 062B,Investigation complete; no suspect identified
fc9522041a579dcf945f8bff2193f3625236a27d827f7d6eacff74bfd55c3422,2019-02,Merseyside Police,Merseyside Police,-3.004544,53.456910,On or near LONGFELLOW STREET,E01007008,Sefton 037C,Investigation complete; no suspect identified
e2cac24392c33c906acf7d54df3a688959b4c2868c0a716739fa41a375e97892,2019-02,Merseyside Police,Merseyside Police,-2.971807,53.447913,On or near WEAVER STREET,E01006790,Liverpool 006C,Investigation complete; no suspect identified
d3ad6e1d9ac77c262f84059b0bc60813752fa5ebb11ad7979b33ded4aaabc28e,2019-02,Merseyside Police,Merseyside Police,-2.927639,53.451815,On or near RANWORTH CLOSE,E01006736,Liverpool 005E,Unable to prosecute suspect
0c94890165760c863fcabc5f4791fa1c9ae757771b36b01bb2831f5b0b7176f9,2019-02,Merseyside Police,Merseyside Police,-2.981817,53.447112,On or near BALLIOL ROAD EAST,E01006961,Sefton 038B,Investigation complete; no suspect identified
5dc1ff9fe4d22e39e8f8b4f5e80af60c1ed959a9be763c3640cae947d4c879fe,2019-02,Merseyside Police,Merseyside Police,-2.992308,53.640454,On or near ASH STREET,E01006996,Sefton 007D,Unable to prosecute suspect
c80bb10a47089e5e0e67e2ab528fa3dd9342bf7e17b58e7c24193383b8e57869,2019-02,Merseyside Police,Merseyside Police,-2.969923,53.398921,On or near BACK CANNING STREET,E01006514,Liverpool 037A,Investigation complete; no suspect identified
dc3b8a7287e841732fecf1886bb01145c3266dbc03541521b89b2c27bca9ca82,2019-02,Merseyside Police,Merseyside Police,-2.876242,53.418054,On or near LUNSFORD ROAD,E01006572,Liverpool 025A,Unable to prosecute suspect
0afe9470a7427ad92213412606b8359c693084aeb09f2cc565662d80633925ae,2019-02,Merseyside Police,Merseyside Police,-2.738101,53.456363,On or near Parking Area,E01006877,St. Helens 012C,Unable to prosecute suspect
ef4be01f2c99bb3e3a5f5be83a5044c480fe0149127fb705df70b479c33189ce,2019-02,Merseyside Police,Merseyside Police,-2.856558,53.387959,On or near BELLE VALE ROAD,E01006709,Liverpool 040A,Investigation complete; no suspect identified
e0b541d280edb66f4d4378fb598f56b3f8ca38369aaf01a08cc2dc44ade8e2c1,2019-02,Merseyside Police,Merseyside Police,-2.987117,53.404218,On or near Bus/Coach Station,E01033756,Liverpool 061C,Suspect charged
a8f26c0c396dba07d6b3d14a87f690770d041cd44af13201e88724290d5bddc6,2019-02,Merseyside Police,Merseyside Police,-2.907594,53.442539,On or near WINGRAVE WAY,E01006672,Liverpool 010E,Unable to prosecute suspect
e851d1a4a0f8042571619374a128fd4b2eff81820d00c6a8c4fdfd759eb674a1,2019-02,Merseyside Police,Merseyside Police,-3.003858,53.365884,On or near POWER ROAD,E01007289,Wirral 031E,Unable to prosecute suspect
576df6ac98420614e74d8b9f4e1ce4c908330371a7a8aa52aaacd712084a4257,2019-02,Merseyside Police,Merseyside Police,-2.718129,53.417852,On or near POLLITT CRESCENT,E01006908,St. Helens 022C,Unable to prosecute suspect
0a612e2fcc68d95bc82037f6028c012b7b1d07123bb75cdfb4017163ea860706,2019-02,Merseyside Police,Merseyside Police,-2.991441,53.487302,On or near ST ANDREW'S GROVE,E01007089,Sefton 024E,Investigation complete; no suspect identified
48e922b1d9f7d681ac053709aba2a17bdbc2abdbb97ceccbe7886fe3d9d8c828,2019-02,Merseyside Police,Merseyside Police,-2.761149,53.435617,On or near SCHOLES LANE,E01006903,St. Helens 019C,Unable to prosecute suspect
5c1961ed4316fcdae521c38083d2cf3d82ccbb13c5919ed645e9b6ab93b44e47,2019-02,Merseyside Police,Merseyside Police,-2.985323,53.426202,On or near BENTON CLOSE,E01006779,Liverpool 022D,Unable to prosecute suspect
3fb407aafd114784666fa3cc199911c7c76b038208098ccddfbe4674f5b9eaa5,2019-02,Merseyside Police,Merseyside Police,-2.998373,53.361391,On or near Supermarket,E01007141,Wirral 031D,Unable to prosecute suspect
6ea409284fcfad5447a3e20e51b781931c8c7fa7485345ea15ed4f739e3eb05f,2019-02,Merseyside Police,Merseyside Police,-3.004569,53.356503,On or near STANBURY AVENUE,E01007115,Wirral 031A,Investigation complete; no suspect identified
60763617dcc7536d884b1bf72d41eb4ebd85e0e73d3138d83b0b57a087e0d16a,2019-02,Merseyside Police,Merseyside Police,-3.031578,53.417173,On or near WATER STREET,E01007220,Wirral 005D,Unable to prosecute suspect
baf472892da6f03e135a7fcca0b48268f669b9831b9e1abfe5a58b4a1783602b,2019-02,Merseyside Police,Merseyside Police,-2.932400,53.431301,On or near FINVOY ROAD,E01006763,Liverpool 020C,Unable to prosecute suspect
9dbf7fb13a9cd6a27e4d0ccbe670b3d9eb16b0d582d5e922623649ccdd1addf8,2019-02,Merseyside Police,Merseyside Police,-3.037905,53.414394,On or near RAYMOND ROAD,E01007276,Wirral 007E,Unable to prosecute suspect
41b4da5eb4403b0be4ee86b33bcc56018ef0e0e93727264b30cdc36c0ebe18dc,2019-02,Merseyside Police,Merseyside Police,-3.072967,53.381751,On or near EDGEFIELD CLOSE,E01007162,Wirral 019C,Unable to prosecute suspect
872364602e1f1060bd265f0811d31ef7a4d68fb3855cb984e8e8e37e49146d6d,2019-02,Merseyside Police,Merseyside Police,-2.985126,53.420271,On or near VESCOCK STREET,E01033764,Liverpool 022E,Investigation complete; no suspect identified
fd8fb3758a12b5ffc03df32d87411161ff68c79f6e0ef7cd907debd0771c3419,2019-02,Merseyside Police,Merseyside Police,-3.022625,53.407766,On or near HAWTHORNE GROVE,E01007273,Wirral 008B,Investigation complete; no suspect identified
661af817e85f42b27fce6073403dfebf2441a967648f7ebd02612bca73a9bdf2,2019-02,Merseyside Police,Merseyside Police,-2.963881,53.468247,On or near PARKDALE AVENUE,E01007049,Sefton 035B,Investigation complete; no suspect identified
19a12c33b4f604e5d8354d09235137283f3f918a64ebcc6aedccad61b749b820,2019-02,Merseyside Police,Merseyside Police,-2.844715,53.402668,On or near CYPRESS ROAD,E01006471,Knowsley 016A,Investigation complete; no suspect identified
768e5c61a60cbdffa978a8efd828da777b18a02ef12f3ceddce697bcc360f354,2019-02,Merseyside Police,Merseyside Police,-2.892027,53.354817,On or near HAMLIN ROAD,E01006743,Liverpool 058D,Investigation complete; no suspect identified
a726acf870d869716a8efc737f204c5ca0cdee1ed7b0c465e3341de54c77f69c,2019-02,Merseyside Police,Merseyside Police,-2.949054,53.397830,On or near YANWATH STREET,E01006556,Liverpool 039B,Offender given a drugs possession warning
0c3f62f1fa4b22fa2b7e8759ac8638f4a7f3cfbbe7d2f180e35d452eb4b5f098,2019-02,Merseyside Police,Merseyside Police,-3.020928,53.410406,On or near Supermarket,E01007274,Wirral 008C,Unable to prosecute suspect
2e33b1755030995cbf7e57a461796e9da69b55b7efbce7dafc3777ca9fbddaf5,2019-02,Merseyside Police,Merseyside Police,-2.901175,53.450121,On or near AMPULLA ROAD,E01006664,Liverpool 004D,Unable to prosecute suspect
127fdd1daa7ef4aa53e6b80abe07cb531cab32464a4b9ffc7d47892a027534df,2019-02,Merseyside Police,Merseyside Police,-3.094818,53.417724,On or near FROBISHER ROAD,E01007210,Wirral 006C,Unable to prosecute suspect
61dadd808903866755297119c74ce8e1562da1c739afbd995e8ca26d07e3ddd0,2019-02,Merseyside Police,Merseyside Police,-3.029300,53.390154,On or near Parking Area,E01007128,Wirral 016C,Unable to prosecute suspect
6435fe597a0ffb91003129800076420fbb608500a4f5e47ddf54cac2bc12ddda,2019-02,Merseyside Police,Merseyside Police,-2.962909,53.380658,On or near LOXDALE CLOSE,E01006633,Liverpool 050B,Offender given a drugs possession warning
688f615b561055442a53a39d33954504d1b923310b7c892ed3c343020b27caa6,2019-02,Merseyside Police,Merseyside Police,-3.015035,53.392262,On or near CAMPERDOWN STREET,E01007126,Wirral 016A,Unable to prosecute suspect
b6f76533bdc0eb83e319fcb48f19b4070f54b6036d871d7c2585132aa5226260,2019-02,Merseyside Police,Merseyside Police,-2.990657,53.442652,On or near WADHAM ROAD,E01007010,Sefton 037E,Formal action is not in the public interest
b2a0b3251a85b618a53ccd010881f204e3b892c771387d9391f0a9988fc62f7c,2019-02,Merseyside Police,Merseyside Police,-2.890288,53.411946,On or near THINGWALL HALL DRIVE,E01006488,Knowsley 014E,Further investigation is not in the public interest
ae07629f15f34c917bde9d13cebc67caa7933e780c3879c68e1e8948df33e20f,2019-02,Merseyside Police,Merseyside Police,-2.715938,53.417245,On or near AGNES STREET,E01006898,St. Helens 022A,Unable to prosecute suspect
340da18b50d696a232355ee9c2d22209248b1ef5544038e6046c9e0daba98db3,2019-02,Merseyside Police,Merseyside Police,-2.671371,53.495498,On or near Sports/Recreation Area,E01006805,St. Helens 003B,Offender given penalty notice
833580a5f852bf5c49c88e0d41bf894aeab1af19a01f957fa37f7e64f1774b53,2019-02,Merseyside Police,Merseyside Police,-2.692289,53.451757,On or near COTSWOLD GROVE,E01006820,St. Helens 011B,Unable to prosecute suspect
f4ba7903bdeb10c45f23264bbafc5016904c9baccb022b4823828bf1733eeea2,2019-02,Merseyside Police,Merseyside Police,-2.967077,53.457102,On or near HORNBY ROAD,E01006787,Liverpool 006A,Investigation complete; no suspect identified
66f6cc1ec6805dc0ad5af20df5daf7fa72d04f17dc31876596d58a2c4a013ae2,2019-02,Merseyside Police,Merseyside Police,-2.943168,53.390110,On or near BROMPTON AVENUE,E01006549,Liverpool 043B,Investigation complete; no suspect identified
3574c4ceb9331416e9c1ca3122f40eed55c89e917d6a2f5ceaca97e08f9b6cbd,2019-02,Merseyside Police,Merseyside Police,-2.936706,53.450503,On or near STOPGATE LANE,E01032510,Liverpool 008F,Investigation complete; no suspect identified
0513ba474a69b23fc01a9b8e3fca9793b4b3a843c9b3d08d5e26a560eebffb42,2019-02,Merseyside Police,Merseyside Police,-2.923916,53.467619,On or near FORMOSA DRIVE,E01006653,Liverpool 001B,Unable to prosecute suspect
853c5427ed3ce8232b44097957ec821bf3b69d1b8ff46e3e834d7899ebf630be,2019-02,Merseyside Police,Merseyside Police,-2.878051,53.384638,On or near WOOD VIEW ROAD,E01006792,Liverpool 046A,Formal action is not in the public interest
022fe102eff3d8c2ebdaff87a8618da8d3cfce6b5cf15ca1cc472b3dcc9c48a5,2019-02,Merseyside Police,Merseyside Police,-2.977460,53.454716,On or near WEBSTER AVENUE,E01006965,Sefton 038E,Unable to prosecute suspect
371e74cf1b31d97f3c424a56bb49d23fa1b83e9fdda30f51bcbcf544d61bb2d6,2019-02,Merseyside Police,Merseyside Police,-3.011382,53.371978,On or near BEDFORD ROAD,E01007295,Wirral 027D,Investigation complete; no suspect identified
d0b84f08803e11984ea98739f57f9f068d4174bfd3e4ab8b470f3c308cb9b600,2019-02,Merseyside Police,Merseyside Police,-2.878420,53.434668,On or near MAB LANE,E01006645,Liverpool 017E,Unable to prosecute suspect
a276ecf756ce9b056e5adf18aad311ee85069b676f3d8d352af3c8ba5ec8cbd5,2019-02,Merseyside Police,Merseyside Police,-2.966284,53.396263,On or near UPPER PARLIAMENT STREET,E01033768,Liverpool 037F,Suspect charged
6fccf8a9690fd5c0ff11158491f17e01b1aef22ab1156bfc38f29e3d2023f1ef,2019-02,Merseyside Police,Merseyside Police,-2.936751,53.371086,On or near SILVER LEIGH,E01006521,Liverpool 052A,Unable to prosecute suspect
f19f9ecfba17fb8a009468801aa93ecdfdcd71920dcd6ad751a54cd8bae9c1b5,2019-02,Merseyside Police,Merseyside Police,-3.038378,53.486859,On or near ABBOTSFORD ROAD,E01006940,Sefton 022E,Investigation complete; no suspect identified
3cfe624d3de620a9c6ea753b6b73adbab6ab685b969e033f4df80da87cbebe63,2019-02,Merseyside Police,Merseyside Police,-2.987682,53.653525,On or near PARK ROAD,E01006944,Sefton 003A,Investigation complete; no suspect identified
001cd424fcdca1a3f6e851f2ca2af699fedd52acc859ad731c534d0456776b32,2019-02,Merseyside Police,Merseyside Police,-3.010684,53.645423,On or near A565,E01006968,Sefton 004C,Investigation complete; no suspect identified
658a5e29dc94c4440d6aa3e0053d3a800fcf19e6eb1c473e5a22353579dbae4c,2019-02,Merseyside Police,Merseyside Police,-2.931799,53.429975,On or near PORTRUSH STREET,E01006763,Liverpool 020C,Investigation complete; no suspect identified
983a0746c4c60e3f62177d5bf1224b562aed5d8af242e0816b282cdaafab1b70,2019-02,Merseyside Police,Merseyside Police,-2.984504,53.643745,On or near MAPLE STREET,E01007059,Sefton 006B,Suspect charged
936586e52d2af81ab5b1e6f43087c3816c004a3679ff71801d5e8835ae9ceb3f,2019-02,Merseyside Police,Merseyside Police,-2.991642,53.404783,On or near JAMES STREET,E01033752,Liverpool 062B,Investigation complete; no suspect identified
a28b900a011abb6048276b6717101746d34890f2553b32bf947fc11d4b9940c5,2019-02,Merseyside Police,Merseyside Police,-3.011562,53.644221,On or near Nightclub,E01006968,Sefton 004C,Unable to prosecute suspect
fee18322b2b1f5aabf0f776f7ac3c2b01d0499df96d8326996a8ae782f88c9a9,2019-02,Merseyside Police,Merseyside Police,-2.977378,53.409826,On or near CAMDEN STREET,E01033760,Liverpool 060C,Suspect charged
7a63269510a9e731eb78ba64bc11e66569f7457f3f7f3873f82840fb28cbce22,2019-02,Merseyside Police,Merseyside Police,-2.865731,53.425061,On or near LORDENS ROAD,E01006467,Knowsley 008B,Investigation complete; no suspect identified
526b3b33f23b1e3f3c73d6704042b5eaddd52d87cc164c7e111a00e4eee22a66,2019-02,Merseyside Police,Merseyside Police,-2.936706,53.450503,On or near STOPGATE LANE,E01032510,Liverpool 008F,Investigation complete; no suspect identified
bd09ad9692273e86dc2c70f8ef1c4c906476678244060d799ab7ffb00cb3c4fa,2019-02,Merseyside Police,Merseyside Police,-2.931799,53.429975,On or near PORTRUSH STREET,E01006763,Liverpool 020C,Investigation complete; no suspect identified
43de0611f908efd46e300abc61654418d8bc3a04a945385aa708cba90f71ce53,2019-02,Merseyside Police,Merseyside Police,-2.976525,53.463884,On or near THE CRESCENT,E01007051,Sefton 035D,Offender given a drugs possession warning
7e8d78c8c02dec69a8d9f8eb49455fc79d2b62c114b1be40d492f9fbd23e4505,2019-02,Merseyside Police,Merseyside Police,-3.108858,53.402754,On or near ORCHARD ROAD,E01007208,Wirral 012A,Investigation complete; no suspect identified
bc608d2e626ae3b02e313eec9798d914bc8f623aeb6c81be2ae343f8f0a9c486,2019-02,Merseyside Police,Merseyside Police,-2.936629,53.394333,On or near WOODCROFT ROAD,E01006557,Liverpool 038B,Unable to prosecute suspect
b4f3d06af40e93a53245dc2528399c2bb4b1b5ad98a61187642ff9f9f1561b54,2019-02,Merseyside Police,Merseyside Police,-2.786421,53.420064,On or near Hospital,E01006499,Knowsley 009E,Investigation complete; no suspect identified
5b9d25c2dda9175537da3ffe22266d30a176751466af47d06f9de4b6b85cd6db,2019-02,Merseyside Police,Merseyside Police,-3.001797,53.647044,On or near LONDON STREET,E01006968,Sefton 004C,Investigation complete; no suspect identified
d7e76d89a7d0a40bb28c92c8bc1603ab6bacddf4f81da06d4404ea3f66a0246e,2019-02,Merseyside Police,Merseyside Police,-2.978384,53.413710,On or near Police Station,E01006648,Liverpool 023D,Suspect charged
04ea2288dc89f2c7037a966ce2df30d750ab75ad443d17d4c91abdab9a0e51d4,2019-02,Merseyside Police,Merseyside Police,-3.095488,53.355972,On or near HEYWOOD CLOSE,E01007256,Wirral 034C,Investigation complete; no suspect identified
f745d323adcc3b0f3ee6eb7ae76c844c0da22ce16ca8829dc6585cdab382057e,2019-02,Merseyside Police,Merseyside Police,-2.784106,53.452079,On or near GILLARS GREEN DRIVE,E01006826,St. Helens 018A,Formal action is not in the public interest
c3474dc84d09101966c30609a4b0a88bdd5313633d57d3d4df012e32f0d9a346,2019-02,Merseyside Police,Merseyside Police,-2.978384,53.413710,On or near Police Station,E01006648,Liverpool 023D,Suspect charged
125a7d01665886a36f00460c1b09ea9f8221f7341405b32e89e4fd53a4db0d7a,2019-02,Merseyside Police,Merseyside Police,-3.050599,53.368403,On or near CORNWALL DRIVE,E01007254,Wirral 030D,Unable to prosecute suspect
2d5a26fa75cda80171f7f209f8d323da924719eb8fa1a5aa8801e88c9e5d30f8,2019-02,Merseyside Police,Merseyside Police,-2.974878,53.438000,On or near BACK WESTMINSTER ROAD,E01006701,Liverpool 014B,Investigation complete; no suspect identified
59bd242c7e9c61142deb38e4077dff872a79bd478e935008b1280caaf63b4c8b,2019-02,Merseyside Police,Merseyside Police,-2.860704,53.436172,On or near HASWELL DRIVE,E01006413,Knowsley 006B,Unable to prosecute suspect
2ccdfa246d5213c9a96c7afe82ad54713eb0f451ab2b4584e73090938ad1dc48,2019-02,Merseyside Police,Merseyside Police,-2.922701,53.415754,On or near ST IVES GROVE,E01006711,Liverpool 027A,Unable to prosecute suspect
ec764bc38e28509a8e3d38ba48ff27687bc23f28a093350040071562ab1eff09,2019-02,Merseyside Police,Merseyside Police,-3.005909,53.645652,On or near QUEEN ANNE STREET,E01006968,Sefton 004C,Further investigation is not in the public interest
c6e7f1d8440f52a1b5c8414492a0f32918ddb508bc18d73c59ce4bafb6c5ea26,2019-02,Merseyside Police,Merseyside Police,-3.088775,53.377302,On or near ORRET'S MEADOW ROAD,E01007257,Wirral 025C,Unable to prosecute suspect
31233cec4e820421db85c054d892edb5fd5633288b814b73f0af6c9e1e251e27,2019-02,Merseyside Police,Merseyside Police,-2.977115,53.406242,On or near HILBRE STREET,E01006513,Liverpool 060A,Investigation complete; no suspect identified
205dfb93460b2eac10a3cffbedc37383d3c6e70f29f76ac48d3488913c5bb662,2019-02,Merseyside Police,Merseyside Police,-2.984504,53.643745,On or near MAPLE STREET,E01007059,Sefton 006B,Suspect charged
d07ebaf681988d7e615b19d91722f97ec6d92bec61585905167e19c66cd6f869,2019-02,Merseyside Police,Merseyside Police,-2.978148,53.390943,On or near GRAFTON STREET,E01033765,Liverpool 061D,Investigation complete; no suspect identified
02fbdb7668f5fed82b6f1a6b578d3508a6b5e2ab0e9a752c80916c3a2efeb2e5,2019-02,Merseyside Police,Merseyside Police,-2.979333,53.407213,On or near Pedestrian Subway,E01033760,Liverpool 060C,Investigation complete; no suspect identified
c4dfefdb7a721fca4b5254fb93d88f434941d5760ee05b5bdd2a376cab146ea1,2019-02,Merseyside Police,Merseyside Police,-3.107950,53.407149,On or near PASTURE AVENUE,E01007207,Wirral 009C,Unable to prosecute suspect
ec06e23cffd898e97a149a40dcfbdb46f980e13c9820169cb9c7998d2390cfaa,2019-02,Merseyside Police,Merseyside Police,-2.950417,53.413091,On or near COLERIDGE STREET,E01006696,Liverpool 030C,Investigation complete; no suspect identified
0f34845f6ecc0a8e19a2ce084e736819c830e085b1f942497680fd037e482639,2019-02,Merseyside Police,Merseyside Police,-2.739180,53.460348,On or near WELLINGTON TERRACE,E01006881,St. Helens 012E,Unable to prosecute suspect
15a3f0b91861604dc2dd9f8e8cb58bdd16fdd418880ee055fc551aea47b574cc,2019-02,Merseyside Police,Merseyside Police,-2.645460,53.451902,On or near BACK LEGH STREET,E01006863,St. Helens 013A,Unable to prosecute suspect
6f66d9710227af158ed23fcb6a9232b71a1b06eb4f6bed6bca8b76223e797374,2019-02,Merseyside Police,Merseyside Police,-2.950819,53.441241,On or near HEATHERGREEN COURT,E01006613,Liverpool 009D,Unable to prosecute suspect
298b5766aa961808264188cfcf60ab7fced259c1809ee63bbfc506fd19d7e5c1,2019-02,Merseyside Police,Merseyside Police,-2.957059,53.389973,On or near KELVIN GROVE,E01006675,Liverpool 043C,Investigation complete; no suspect identified
3fe9335ec41a10f794190eaaa6b5f317719a6e6a192196995328d0d6792810d1,2019-02,Merseyside Police,Merseyside Police,-2.977556,53.399883,On or near CUMMINGS STREET,E01033761,Liverpool 060D,Investigation complete; no suspect identified
88581efd3165fd033e35db2f9632b681dcb104639eb49651406973c6049eb26f,2019-02,Merseyside Police,Merseyside Police,-2.935253,53.513212,On or near FLATFIELD WAY,E01007097,Sefton 019B,Unable to prosecute suspect
151eb66e6a7e073dc9a5010ca2294847d5d418d5a6777c89e83aa63621c7ba80,2019-02,Merseyside Police,Merseyside Police,-2.747770,53.389499,On or near CRONTON ROAD,E01012393,Halton 001B,Offender given penalty notice
0f3fd4fdeff563afd80ccc933f42583875a367682e30575768ed4a3ecaab016c,2019-02,Merseyside Police,Merseyside Police,-2.830974,53.362063,On or near DUNACRE WAY,E01006426,Knowsley 020A,Offender given penalty notice
7fb8af11c51b877d428f4f1cb8f5973b0a95b49d6edc639ae0599d9a7caf7a14,2019-02,Merseyside Police,Merseyside Police,-2.950819,53.441241,On or near HEATHERGREEN COURT,E01006613,Liverpool 009D,Unable to prosecute suspect
a2d0c73f6735e22b7452e0fbe407ec84490929153949c7fcc7e05ab75fdc31d6,2019-02,Merseyside Police,Merseyside Police,-2.776191,53.424329,On or near TARLTON CLOSE,E01006890,St. Helens 021A,Investigation complete; no suspect identified
e5600c269bea4e46c617fe55c46a510f144524f4f5264c5d7fe01cacc10da804,2019-02,Merseyside Police,Merseyside Police,-3.037676,53.411798,On or near GREENCROFT ROAD,E01007271,Wirral 010E,Investigation complete; no suspect identified
67c78e501a55e394abcf515e61eef94a6f2d6d31a752d909dddfa1e79e9bbcf8,2019-02,Merseyside Police,Merseyside Police,-2.967366,53.650393,On or near OLD PARK LANE,E01007057,Sefton 005C,Unable to prosecute suspect
edfcb5764e2ec87b95827c995ae7748eb86d9bcbe6a3f2c46220b9ec572484df,2019-02,Merseyside Police,Merseyside Police,-2.906824,53.363218,On or near AMBERGATE ROAD,E01006686,Liverpool 053E,Unable to prosecute suspect
9b4713a813e2042c2af4ba15ffa1a136f7c84731148eb3dc106a9a67961fd441,2019-02,Merseyside Police,Merseyside Police,-2.976861,53.404365,On or near UPPER NEWINGTON,E01033756,Liverpool 061C,Investigation complete; no suspect identified
fbfc07c7e2f066a6c085bd5c3fb6175717b31093ac4c98dc5c5f7e11554f5b6e,2019-02,Merseyside Police,Merseyside Police,-2.747850,53.435215,On or near QUEENSLAND PLACE,E01006905,St. Helens 019D,Suspect charged
d3e97fbf9b44c189010c9751be3541e970698bae2842599ff26a731d8f922295,2019-02,Merseyside Police,Merseyside Police,-2.929148,53.420234,On or near LISTER DRIVE,E01006711,Liverpool 027A,Investigation complete; no suspect identified
1f8c7572db464a4d96919b329316ad93a65675c270664bd0e508a0863e707448,2019-02,Merseyside Police,Merseyside Police,-3.005235,53.372650,On or near HADDON ROAD,E01007290,Wirral 027B,Unable to prosecute suspect
eb407d5714d480375e5e334ff60a1e7657036924f8b5d82aef58ef73ce0a2447,2019-02,Merseyside Police,Merseyside Police,-3.040779,53.440275,On or near Theme/Adventure Park,E01007238,Wirral 001E,Unable to prosecute suspect
c0c4c71348362837427edf17acda9ac5e9052b9b165d50c9e86a39783eeef749,2019-02,Merseyside Police,Merseyside Police,-3.031055,53.411739,On or near KARSLAKE ROAD,E01007272,Wirral 008A,Investigation complete; no suspect identified
e059216ca836c40d6c37595f40e0ce67b0a5018571eda21ba472e8e090eb1c68,2019-02,Merseyside Police,Merseyside Police,-2.869065,53.430601,On or near CABES CLOSE,E01006645,Liverpool 017E,Unable to prosecute suspect
6ea619979564fb7850d24af7e4d3be86209c061424b6dc1d3c49a9ea72cc5bb6,2019-02,Merseyside Police,Merseyside Police,-3.038467,53.386209,On or near EUSTON GROVE,E01007155,Wirral 020A,Investigation complete; no suspect identified
06ed96b71d46db35f3a57b59496e2b9953622da1c7345b4d294c4668d0832363,2019-02,Merseyside Police,Merseyside Police,-2.957618,53.424890,On or near CONISTON STREET,E01006562,Liverpool 018E,Unable to prosecute suspect
57b529f9228f54513d57fde8c52c35338d8ca51e35c60a2c33883b2c4d39ceaa,2019-02,Merseyside Police,Merseyside Police,-2.985196,53.653303,On or near WOODLANDS CLOSE,E01006951,Sefton 003D,Unable to prosecute suspect
3f6e25cc9289149f9406e25f85bfe41dc73df6edeb7410a907a7c548da0c7d4f,2019-02,Merseyside Police,Merseyside Police,-2.932801,53.468134,On or near THIRD AVENUE,E01006659,Liverpool 005B,Investigation complete; no suspect identified
0d8ed7ade67c3f27e20fce81f6aebafc2e329c03d088fe00fcf3691db3aeb8ec,2019-02,Merseyside Police,Merseyside Police,-2.746845,53.451698,On or near WILSON CLOSE,E01006880,St. Helens 012D,Investigation complete; no suspect identified
dded8e9eb40887d135bdeb0fe70aea53abba45b632f513eb73d64b1f832bfc18,2019-02,Merseyside Police,Merseyside Police,-2.985859,53.432427,On or near DAISY STREET,E01006778,Liverpool 014E,Unable to prosecute suspect
3cbdfc59b543f9d875af0df66dd38099f60e11bf856189fdcb40e5cd7f9fcd35,2019-02,Merseyside Police,Merseyside Police,-3.086756,53.416683,On or near SHACKLETON ROAD,E01007210,Wirral 006C,Unable to prosecute suspect
38509b746590268408e7562e3b94c4c1a91cd9bb0de376ac3bc3af8bb0ef5f35,2019-02,Merseyside Police,Merseyside Police,-2.930203,53.423741,On or near BRADDAN AVENUE,E01006764,Liverpool 020D,Unable to prosecute suspect
056dda6f0a2d02bdbe7861d8de02e2645a86b6957ed4235b933c7d856a3fc377,2019-02,Merseyside Police,Merseyside Police,-3.014621,53.485418,On or near MORNINGSIDE,E01007106,Sefton 025D,Investigation complete; no suspect identified
ca3fa11dd0d273b8e4cd209d25d6a22c28a109cb95c80fff3fbb4ed7c51c82dc,2019-02,Merseyside Police,Merseyside Police,-2.975831,53.423098,On or near CONWAY STREET,E01006646,Liverpool 023C,Investigation complete; no suspect identified
3285ef21d82d6f2c6148b136c6b249b0ac6e60d338561abc7d43b947963a4889,2019-02,Merseyside Police,Merseyside Police,-2.888208,53.452141,On or near VERONICA CLOSE,E01006665,Liverpool 007A,Investigation complete; no suspect identified
9e6393d3efe1772dc8c266ec6cfec84dff7fc4cb7e45d411b9f928dd5c962941,2019-02,Merseyside Police,Merseyside Police,-2.713789,53.428215,On or near CRANE AVENUE,E01006901,St. Helens 020G,Unable to prosecute suspect
4ed4385db4b6b7a022d1529ae3f6e1afeb3491fba9349e7f68b207edbdfbb2fc,2019-02,Merseyside Police,Merseyside Police,-2.969133,53.447485,On or near NORTH BREEZE HILL,E01006790,Liverpool 006C,Unable to prosecute suspect
bf0e74e2ed45876d2959635320061ca7a7698c32c7be12a4baa40204b0bd4bf4,2019-02,Merseyside Police,Merseyside Police,-3.092449,53.326453,On or near BRIAR DRIVE,E01007185,Wirral 037C,Investigation complete; no suspect identified
ccdc011f00045e948b4b01d844835504a292fccf7d4e0a74c6e69ed084f30249,2019-02,Merseyside Police,Merseyside Police,-2.704831,53.453454,On or near BROAD OAK ROAD,E01006871,St. Helens 011D,Investigation complete; no suspect identified
9f7d716ad422ef884b1a3af7692cae36af9771b3ef7272ff76a9fd53f7adbb67,2019-02,Merseyside Police,Merseyside Police,-2.967643,53.432971,On or near ANFIELD ROAD,E01006558,Liverpool 018B,Investigation complete; no suspect identified
3b2e9cede9e5ccaee9c5d192d9d7c9fec9a95aa1a0aad946d4d8840697402e86,2019-02,Merseyside Police,Merseyside Police,-2.744804,53.456430,On or near YORK CLOSE,E01006877,St. Helens 012C,Unable to prosecute suspect
e1493c1d2088818915c8efc910a87c5484cb4c09884d4839bde2a3997a79c570,2019-02,Merseyside Police,Merseyside Police,-3.056050,53.402837,On or near RIBBLE STREET,E01007122,Wirral 011C,Investigation complete; no suspect identified
3dea9d458ef1298eace98325642c4319e113819f0141cd834c3dbb3ce350b179,2019-02,Merseyside Police,Merseyside Police,-2.986816,53.414001,On or near NAYLOR STREET,E01033751,Liverpool 062A,Investigation complete; no suspect identified
82e9c299da6f928caa4e05142faf365fd0cac7587b1890da0fd496d132ab09ac,2019-02,Merseyside Police,Merseyside Police,-2.978061,53.401569,On or near BACK COLQUITT STREET,E01033761,Liverpool 060D,Investigation complete; no suspect identified
cdbf8fc97437499398b8c94a06b9182bcd98a8f08ab9c1d37af1d4310b046476,2019-02,Merseyside Police,Merseyside Police,-2.633547,53.456856,On or near WATER STREET,E01006864,St. Helens 013B,Unable to prosecute suspect
ccdb5f147dd72279377ca0e595a141912e50de31b84f129b685ec03a245edb79,2019-02,Merseyside Police,Merseyside Police,-2.941582,53.414321,On or near RUFFORD ROAD,E01006695,Liverpool 028C,Unable to prosecute suspect
b6b4a6a294030ffd4b2187ee09f409a5ca6953e6dcb183f0052c41af89d7761b,2019-02,Merseyside Police,Merseyside Police,-3.018126,53.333978,On or near CLATTERBRIDGE ROAD,E01007144,Wirral 038A,Investigation complete; no suspect identified
b7de7e405827fe37b42785e661998a06e29d7e0d168bd2bed824495f85956a0e,2019-02,Merseyside Police,Merseyside Police,-2.633704,53.451210,On or near THE CROSSINGS,E01006860,St. Helens 015E,Unable to prosecute suspect
efbb64070dc23547b2e6c4a1aa2236a598956808edf0e053686ac6515aaf58d6,2019-02,Merseyside Police,Merseyside Police,-2.940557,53.370571,On or near OSBORNE WOOD,E01006528,Liverpool 052C,Investigation complete; no suspect identified
7f1f85ae30069676b51163fcb506739764e2477498b9052fc08aabe6e005297f,2019-02,Merseyside Police,Merseyside Police,-2.935456,53.439538,On or near FLEMINGTON AVENUE,E01006603,Liverpool 011B,Investigation complete; no suspect identified
53a3ea7722142413fe53b2a875695f58c361cb670db25da1ff15d38dcea24adb,2019-02,Merseyside Police,Merseyside Police,-2.865842,53.475667,On or near DIXON ROAD,E01006446,Knowsley 005G,Unable to prosecute suspect
3672383f757d84d342d8026a44f0ea8135dd46b73e6d355e357c62473456251a,2019-02,Merseyside Police,Merseyside Police,-2.995638,53.402610,On or near Parking Area,E01033752,Liverpool 062B,Unable to prosecute suspect
98370415a48538c8ad78f72eec2174613c4d738aee3bd6d7e7fe0e95dbc88958,2019-02,Merseyside Police,Merseyside Police,-2.967077,53.457102,On or near HORNBY ROAD,E01006787,Liverpool 006A,Unable to prosecute suspect
09ca7a4a95d3e1665221f11f0666469a706ed2b203152dfc0ee9dc853f0bd0ef,2019-02,Merseyside Police,Merseyside Police,-2.967366,53.650393,On or near OLD PARK LANE,E01007057,Sefton 005C,Unable to prosecute suspect
f3f54c0148bea785bbc83364b03ae88195f4c29a85942e761ae9eb106d6cc182,2019-02,Merseyside Police,Merseyside Police,-2.633547,53.456856,On or near WATER STREET,E01006864,St. Helens 013B,Unable to prosecute suspect
ae8ecc9bd9db92d1e50c8324c34b4f1fd7eb0096663a6e3834b48549233036cb,2019-02,Merseyside Police,Merseyside Police,-2.653131,53.457200,On or near ATHOL CLOSE,E01006869,St. Helens 010D,Unable to prosecute suspect
48bd4d23e2961d901f7c2db9816151b033f79d177fe996e3f6e47233d1fb502b,2019-02,Merseyside Police,Merseyside Police,-2.850139,53.362377,On or near BALSHAM CLOSE,E01006431,Knowsley 020D,Unable to prosecute suspect
d1ff172717701d9b66e5948f5677a06287d8f442c7d8a37725e7b270c228e272,2019-02,Merseyside Police,Merseyside Police,-3.024076,53.391745,On or near Shopping Area,E01007128,Wirral 016C,Investigation complete; no suspect identified
1bfa797e66e358f88cc94208cd50b5d53935aa1a21d7ec0392ea228a0b3cbd42,2019-02,Merseyside Police,Merseyside Police,-2.979569,53.402420,On or near Nightclub,E01033761,Liverpool 060D,Investigation complete; no suspect identified
6e73f942635b81c4f030597eb83f396dee6f39fa22caabc7110a9b48cd320a85,2019-02,Merseyside Police,Merseyside Police,-2.893449,53.461523,On or near HELFORD ROAD,E01006661,Liverpool 004A,Suspect charged
77581b25197ebe703112411c87e8a19bc3032caf048075f4fa882212929455e4,2019-02,Merseyside Police,Merseyside Police,-3.032693,53.603286,On or near Petrol Station,E01006927,Sefton 011D,Investigation complete; no suspect identified
e924dd79f4af9c35762b85ed612c35296c6d2d56813cb17cf0c6c85e1013e277,2019-02,Merseyside Police,Merseyside Police,-2.948029,53.413299,On or near ESHER ROAD,E01006697,Liverpool 030D,Offender given a drugs possession warning
f9c821d2a8ced3f1e7195cfd530e89c9682feb735d3092f010cf1a324f4bf10d,2019-02,Merseyside Police,Merseyside Police,-2.649577,53.451341,On or near BANK STREET,E01006865,St. Helens 013C,Unable to prosecute suspect
9c86a912f8c0defee00ded7fe19b97bb43d433816b1f3df58ea0f04128a05392,2019-02,Merseyside Police,Merseyside Police,-2.922912,53.465766,On or near MONTROVIA CRESCENT,E01006655,Liverpool 001C,Investigation complete; no suspect identified
7e5139415757565871ea77143bbac77ea50beb593548ea3365a2cc8f7a57f56a,2019-02,Merseyside Police,Merseyside Police,-3.056263,53.384120,On or near BIDSTON ROAD,E01007241,Wirral 020D,Investigation complete; no suspect identified
bd942f53ce999fe17c9484bf3ee3c9a727bdea28ecd7a48f12879ebcbbf70a97,2019-02,Merseyside Police,Merseyside Police,-2.990468,53.638105,On or near CUMBERLAND ROAD,E01006995,Sefton 008A,Offender given a drugs possession warning
2336b4e99262b70af70dfa2b8ba42ccd4a697132920b53cbfff50f9883d7ed38,2019-02,Merseyside Police,Merseyside Police,-3.082821,53.391478,On or near CUNARD CLOSE,E01007119,Wirral 019A,Unable to prosecute suspect
1b033a4c1e84d326389049925458bd25fe85161b641904d89e442c4ee1e63c72,2019-02,Merseyside Police,Merseyside Police,-2.857090,53.379290,On or near KNOTTY MEWS,E01006793,Liverpool 051A,Investigation complete; no suspect identified
99b930620c39dfba5233e11e03f0cd58d8a096d959edfae74b37826e206d8864,2019-02,Merseyside Police,Merseyside Police,-3.042038,53.425298,On or near LONGLAND ROAD,E01007236,Wirral 002E,Investigation complete; no suspect identified
b64d8a72f95777c59f1b9395c1bb11d94067950791f958adfb23347158740fd3,2019-02,Merseyside Police,Merseyside Police,-2.968473,53.442340,On or near ARNOT STREET,E01006610,Liverpool 009C,Unable to prosecute suspect
14b60d2d0cb10e26c2236ee200908058d3dc4855ed3959408598a2d58bcbf6d9,2019-02,Merseyside Police,Merseyside Police,-2.900614,53.481244,On or near TILSTON ROAD,E01006455,Knowsley 004A,Investigation complete; no suspect identified
7f12121459c2470afa7fc72ff8874398c2cc8813c7599cb14fdbb613b7483717,2019-02,Merseyside Police,Merseyside Police,-2.700427,53.437534,On or near HOGHTON ROAD,E01006844,St. Helens 020A,Suspect charged
2dbe13056a51fde588798f1eff81bb18f1b0003c75733e5dcac58fed616fcfad,2019-02,Merseyside Police,Merseyside Police,-2.988536,53.409636,On or near CUNLIFFE STREET,E01033755,Liverpool 062D,Unable to prosecute suspect
823e5a9df90a9deb4c886b260b4ae74a0af70f6514a2a7e589056773fcf156ac,2019-02,Merseyside Police,Merseyside Police,-2.644623,53.454289,On or near BACK MARKET STREET,E01006863,St. Helens 013A,Unable to prosecute suspect
ac26ca36c0ce6eb07bd03981f69720a26c4358ed9015259a4e6b24b0e7f9cd8c,2019-02,Merseyside Police,Merseyside Police,-2.876523,53.481414,On or near HARGATE ROAD,E01006436,Knowsley 003C,Unable to prosecute suspect
4c8e0394035159d0cb41727f2bc3a0aa93a6b0e6d43b40a6a396e52168bafcec,2019-02,Merseyside Police,Merseyside Police,-2.967077,53.457102,On or near HORNBY ROAD,E01006787,Liverpool 006A,Unable to prosecute suspect
a00d17fabb84dba3cea17a19c8b4561b31eae345c6cc02e46e37913a1c3f60a1,2019-02,Merseyside Police,Merseyside Police,-2.978599,53.409277,On or near LIME STREET,E01033760,Liverpool 060C,Suspect charged
dc91c5d421fc3f9fa74f9f3e5ac1f4358d45ae2055adad9183c5bf97dfac9308,2019-02,Merseyside Police,Merseyside Police,-2.964009,53.453279,On or near WELLFIELD ROAD,E01006791,Liverpool 006D,Investigation complete; no suspect identified
44305532427026c3217edcc401635ff6ead1cbcef9a663a7f120aa301e3f2f52,2019-02,Merseyside Police,Merseyside Police,-3.015565,53.387979,On or near TUNNEL ROAD,E01007291,Wirral 021D,Suspect charged
e33fe74ec06e45f5098022adafb215fea689841e210c1daf27c239709e8401c9,2019-02,Merseyside Police,Merseyside Police,-2.962247,53.397329,On or near LOWTHER STREET,E01033768,Liverpool 037F,Investigation complete; no suspect identified
ecbc4f278e3df04ca034645460cdb7bf98611c6ac2b8335d50a2ea8ee4746f4e,2019-02,Merseyside Police,Merseyside Police,-3.070426,53.375158,On or near HAMPTON CHASE,E01007247,Wirral 024D,Unable to prosecute suspect
b04adad9d26c1b58fa1873331aa2419149a799662ea5b141caad982536ad2624,2019-02,Merseyside Police,Merseyside Police,-2.760452,53.384771,On or near CHAPEL LANE,E01006503,Knowsley 017D,Unable to prosecute suspect
f1d6a0d97b1edb8096e3058ec2a11d209e293a48ea2fae7e6b85b923b3c77b0e,2019-02,Merseyside Police,Merseyside Police,-2.730647,53.473056,On or near TARN GROVE,E01006849,St. Helens 004A,Unable to prosecute suspect
4fe66b320068c412343b8bb0a06d03a74a215652c55d37ffb40a1176ba802fd3,2019-02,Merseyside Police,Merseyside Police,-2.953418,53.418811,On or near NEW GREY ROCK CLOSE,E01006693,Liverpool 024D,Investigation complete; no suspect identified
5fa7e65c399ef6c657555718c010ff64af549cab201d9a0a29a8b45173af9fe9,2019-02,Merseyside Police,Merseyside Police,-2.659057,53.468358,On or near CHURCH ROAD,E01006838,St. Helens 006B,Unable to prosecute suspect
a777990ea69dadd79dc37a7f44e12f9c953350184114b46f68d123cf47883838,2019-02,Merseyside Police,Merseyside Police,-2.941635,53.499049,On or near EATON ROAD,E01007065,Sefton 020A,Unable to prosecute suspect
966c80d691badb64ddaa6113eded809b0663d05e868e53e4aeb560ee8e760b9e,2019-02,Merseyside Police,Merseyside Police,-2.839670,53.410758,On or near Supermarket,E01006474,Knowsley 016C,Investigation complete; no suspect identified
e09d9aa8901378ab56af43117c81841f037d4d8c734989ee56c1f858803fb2a3,2019-02,Merseyside Police,Merseyside Police,-2.938202,53.426141,On or near LOWNDES ROAD,E01006767,Liverpool 019F,Investigation complete; no suspect identified
6c69933bfc73ffd23173ba16a0e5690bf2a8824a2fc3a037fe9b348e27318595,2019-02,Merseyside Police,Merseyside Police,-3.012776,53.648768,On or near Park/Open Space,E01006971,Sefton 009C,Offender given a drugs possession warning
ef14f59c2c8f32bf3af98c06af82fab0212b04e682a093a7679466d992ba695b,2019-02,Merseyside Police,Merseyside Police,-3.016830,53.352740,On or near HIGHER BEBINGTON ROAD,E01007117,Wirral 035B,Unable to prosecute suspect
4dd06ebaa61f82cd6d7acaa3f350c0e14ae162751fcd8289b0bf3c25debcaa3a,2019-02,Merseyside Police,Merseyside Police,-2.978559,53.402949,On or near Nightclub,E01033761,Liverpool 060D,Investigation complete; no suspect identified
81240c8168004e91ece528072939136093357d3a7edf5da305c54a72b21e4a59,2019-02,Merseyside Police,Merseyside Police,-2.936751,53.371086,On or near SILVER LEIGH,E01006521,Liverpool 052A,Unable to prosecute suspect
7a7acf0d675844afaa13584ce92afe061c5246442459985debce6530fb29445c,2019-02,Merseyside Police,Merseyside Police,-3.002532,53.648072,On or near HOGHTON PLACE,E01006968,Sefton 004C,Local resolution
8171c4438ee8af5e27486d8ebf9d6b969d0cb5032346e1ab9f2e844c78b3e034,2019-02,Merseyside Police,Merseyside Police,-3.035444,53.396096,On or near NEWLING STREET,E01032903,Wirral 010F,Unable to prosecute suspect
dff8e0ecd7211cff1e62e88a1acfddcb29e6deb5b9b21e5407a00c0f83283ea7,2019-02,Merseyside Police,Merseyside Police,-2.901169,53.480404,On or near DARESBURY CLOSE,E01006509,Knowsley 004E,Unable to prosecute suspect
0863c86e4f1d68701dcff323f57af179263e57a1081055ce246034aa9d3c2ee7,2019-02,Merseyside Police,Merseyside Police,-2.987595,53.406057,On or near Nightclub,E01033760,Liverpool 060C,Investigation complete; no suspect identified
01d1a57442d1b2d333fbd1a57663ee406b7295f2bf8137b9408f48b2e4a952f1,2019-02,Merseyside Police,Merseyside Police,-2.818023,53.398243,On or near Petrol Station,E01006424,Knowsley 017B,Investigation complete; no suspect identified
ebf513df91149f012c8a3e13f2b0bff89a8f813deaf0409532944423dbad4a17,2019-02,Merseyside Police,Merseyside Police,-3.040845,53.440518,On or near MARINE PROMENADE,E01007238,Wirral 001E,Unable to prosecute suspect
ada58d85c8e1d0493d91f158df2bb034a593956f38783944331dd71fa70806ce,2019-02,Merseyside Police,Merseyside Police,-2.897966,53.415025,On or near Supermarket,E01006567,Liverpool 026A,Suspect charged
a35a346cabe893109494fe512b88a1f4e353df9dcb6d27de8972f5dd0087209c,2019-02,Merseyside Police,Merseyside Police,-3.046667,53.433608,On or near CARLTON ROAD,E01007229,Wirral 001A,Investigation complete; no suspect identified
f892fbcc99f3ce7fb01a7732b007d6710e4ad7a32baae98e81d1da897bdae9bd,2019-02,Merseyside Police,Merseyside Police,-3.002084,53.636202,On or near DUKE STREET,E01006998,Sefton 007E,Unable to prosecute suspect
10f41d0dcbe1f6f3c1a373c14a070403a036fb5eac18226f68ea380f3a12b07f,2019-02,Merseyside Police,Merseyside Police,-2.929445,53.396573,On or near WELLINGTON ROAD,E01006721,Liverpool 038C,Investigation complete; no suspect identified
10f41d0dcbe1f6f3c1a373c14a070403a036fb5eac18226f68ea380f3a12b07f,2019-02,Merseyside Police,Merseyside Police,-2.929445,53.396573,On or near WELLINGTON ROAD,E01006721,Liverpool 038C,Investigation complete; no suspect identified
d985426918c025fdfe2aa8b89ac97e81592264aaa392ce729295825b1b16da32,2019-02,Merseyside Police,Merseyside Police,-3.091490,53.417054,On or near RALEIGH ROAD,E01007210,Wirral 006C,Unable to prosecute suspect
e21c346dca5b53bdba7d5283c5c4959e381982289a4b092a19917201373395e4,2019-02,Merseyside Police,Merseyside Police,-2.989330,53.458762,On or near SUMMER WAY,E01006964,Sefton 036A,Unable to prosecute suspect
df861ce4af3b04a6a7e2c329f55f32c792272a40af934ab4accf21b526092a72,2019-02,Merseyside Police,Merseyside Police,-3.091490,53.417054,On or near RALEIGH ROAD,E01007210,Wirral 006C,Investigation complete; no suspect identified
e7d156d0a48bc890075df61b35e1812f323d6121e91f46f456ed26c781ef2ed4,2019-02,Merseyside Police,Merseyside Police,-2.937559,53.396258,On or near GRANVILLE ROAD,E01006722,Liverpool 038D,Investigation complete; no suspect identified
95e8d4c64d44516e4c23b554d59e2a28a20473ee4718f8d9d6f4350be524d9ce,2019-02,Merseyside Police,Merseyside Police,-2.800956,53.415239,On or near OLD COLLIERY ROAD,E01006497,Knowsley 013A,Unable to prosecute suspect
8ea5c0f64aca8189b9d7ee44d61cbb644413a71f7fcdce69296d154d81726c32,2019-02,Merseyside Police,Merseyside Police,-2.981120,53.644573,On or near LANSDOWNE ROAD,E01007059,Sefton 006B,Unable to prosecute suspect
a510b99fcf01d41b3227e312d07d79e42f6d2511d759c4552f99f0390eb933b6,2019-02,Merseyside Police,Merseyside Police,-2.807072,53.404501,On or near CRONTON AVENUE,E01006502,Knowsley 017C,Investigation complete; no suspect identified
a0c91cf11f6d959a1206a706b991c12f037a847c383010374e43fb83fac75436,2019-02,Merseyside Police,Merseyside Police,-2.878518,53.498496,On or near COLMOOR CLOSE,E01006493,Knowsley 001C,Unable to prosecute suspect
4c1d79cdfdb49fff334d24091c9bce3ccba8735b29acb6d4b707afcc5253c9d1,2019-02,Merseyside Police,Merseyside Police,-3.026419,53.474692,On or near SOUTH ROAD,E01006956,Sefton 030B,Unable to prosecute suspect
d13ba69b6280fa339e00131c18482400d346233ef03792ee7a67de7e3ee1f6ce,2019-02,Merseyside Police,Merseyside Police,-2.937695,53.443448,On or near KNIGHTON ROAD,E01006732,Liverpool 011E,Unable to prosecute suspect
28108092ca3c0631b619789422c9cf3f0123f88b8da505db75cff43ccfa3cdc4,2019-02,Merseyside Police,Merseyside Police,-2.996846,53.454898,On or near GLOVER PLACE,E01007007,Sefton 037B,Unable to prosecute suspect
7752407b721c44e8ce2bf8bb38863796ccf7dccf94d95e0dce4d4e6ffee5d0f0,2019-02,Merseyside Police,Merseyside Police,-2.863636,53.384807,On or near GRANGEHURST COURT,E01006801,Liverpool 046D,Unable to prosecute suspect
65d76106d933843b84e4f5a3f0daef90af5e5ba6c37cf145320d55b9c114e77b,2019-02,Merseyside Police,Merseyside Police,-2.936629,53.394333,On or near WOODCROFT ROAD,E01006557,Liverpool 038B,Investigation complete; no suspect identified
9ae39d4f96d53700acab1ff65bbc6cf731a56d20e16a41bb01b8870007093cda,2019-02,Merseyside Police,Merseyside Police,-2.760452,53.384771,On or near CHAPEL LANE,E01006503,Knowsley 017D,Unable to prosecute suspect
499055ababe89cad7d67639ed6dc6ebb353d6cdbd538185d5f5d81d71ca33e0d,2019-02,Merseyside Police,Merseyside Police,-2.953055,53.430841,On or near ETTINGTON ROAD,E01006545,Liverpool 019A,Investigation complete; no suspect identified
8c9566701671edea5969d06e433189ff0df1704b2fd4d65c18efd6daeefcece8,2019-02,Merseyside Police,Merseyside Police,-3.047934,53.441040,On or near KING'S PARADE,E01007230,Wirral 001B,Investigation complete; no suspect identified
61a278ae6b77b83c7d336dd914c44de115d6ef769f19f557f129d3da213fd7da,2019-02,Merseyside Police,Merseyside Police,-3.032214,53.391234,On or near FOX STREET,E01007127,Wirral 016B,Unable to prosecute suspect
04def2404cf83e51b19ee2bc5e21711d4fab1229af0f24d821af2b059eac2c7a,2019-02,Merseyside Police,Merseyside Police,-2.938393,53.450517,On or near PIRRIE ROAD,E01032510,Liverpool 008F,Investigation complete; no suspect identified
d59e89a7685d2c067e93dff9b1fbe59e7f721308964712560fba5185aa6786e9,2019-02,Merseyside Police,Merseyside Police,-2.933779,53.424189,On or near Pedestrian Subway,E01006761,Liverpool 020B,Investigation complete; no suspect identified
235833ccaf93ada2cf1f337c3fa3562baf0bd5144e05a96f480292866137c4af,2019-02,Merseyside Police,Merseyside Police,-3.054516,53.402257,On or near AVON STREET,E01007122,Wirral 011C,Investigation complete; no suspect identified
32c476853e4a50a08137d1d5a39ce3e8c79c6c95fc705cf1d4c587db161bc5ab,2019-02,Merseyside Police,Merseyside Police,-3.052181,53.424049,On or near BROOKWAY,E01007314,Wirral 004E,Unable to prosecute suspect
40c29605b112f6d60b0bab154525558ed5a65c5fd6c5a20efc1bbc057ec180ed,2019-02,Merseyside Police,Merseyside Police,-2.952136,53.436835,On or near INCE AVENUE,E01006541,Liverpool 015A,Unable to prosecute suspect
7f43bd0d64eeead2bdabbf18f064316c4deeaef0144d44b2bb8f5e5d664c04b0,2019-02,Merseyside Police,Merseyside Police,-2.941635,53.499049,On or near EATON ROAD,E01007065,Sefton 020A,Unable to prosecute suspect
3c602626e2bdb2ea128e85f2c0a517a7a5bf175ffec1be0ccf20cee569cc01d6,2019-02,Merseyside Police,Merseyside Police,-3.012200,53.462849,On or near CHURCH ROAD,E01007004,Sefton 034A,Unable to prosecute suspect
9ff09b0d687dd6525842622a9f786e7069ded224f6cf851f3290059f24d27f31,2019-02,Merseyside Police,Merseyside Police,-2.908248,53.414615,On or near BADEN ROAD,E01006713,Liverpool 029E,Investigation complete; no suspect identified
d0b3b3b8a7da05febc92bc473d1498cf54707811da2734ec547e3cbc4d96c07b,2019-02,Merseyside Police,Merseyside Police,-2.969805,53.477673,On or near CHESTER AVENUE,E01007048,Sefton 029A,Investigation complete; no suspect identified
8befdbf318c98d3da133a2b8288f6ded4bfeb79a381f7fea4513d81af6c5e1b4,2019-02,Merseyside Police,Merseyside Police,-2.801459,53.426769,On or near Shopping Area,E01006463,Knowsley 007C,Investigation complete; no suspect identified
df6abe38b93cc7909c19e48b05047b6ff4e8eeeb189ee83eea5296a210357c77,2019-02,Merseyside Police,Merseyside Police,-2.824634,53.359042,On or near KEMPSELL WAY,E01006428,Knowsley 020B,Investigation complete; no suspect identified
77319e4ccf65331c31ba602a447feabcc32bc30c23b4dbfdc57a77356760987c,2019-02,Merseyside Police,Merseyside Police,-2.876403,53.424408,On or near ALLESLEY ROAD,E01006638,Liverpool 017B,Investigation complete; no suspect identified
232d9f78020da19bdad9db1fe5260ab841e252671045ef0229a38a2bcc1fbefa,2019-02,Merseyside Police,Merseyside Police,-2.968209,53.438675,On or near WINSLOW STREET,E01006611,Liverpool 012A,Investigation complete; no suspect identified
25606b94186c802239c902fcd333a4433bb4cbcaa03c2a117d0ab5862e12a77b,2019-02,Merseyside Police,Merseyside Police,-2.838739,53.412355,On or near CENTRE WAY,E01006481,Knowsley 015E,Investigation complete; no suspect identified
9821ddf9498e6b6e388fb38acafed5b2e18060973c2e06c01cbb8220d1213210,2019-02,Merseyside Police,Merseyside Police,-2.930942,53.466486,On or near Hospital,E01006659,Liverpool 005B,Investigation complete; no suspect identified
e6b9ebeb1efa20e3bde60d373d131edb016323fb5c0a0e3a5deba0e421414485,2019-02,Merseyside Police,Merseyside Police,-2.954644,53.425166,On or near SPRING BANK ROAD,E01006547,Liverpool 019C,Investigation complete; no suspect identified
aceeebc75ca4745153b4acc4b98c982c4f84e1b159814b5a9b30cec3e2681ec5,2019-02,Merseyside Police,Merseyside Police,-2.865565,53.358320,On or near Petrol Station,E01006537,Liverpool 055D,Investigation complete; no suspect identified
e554c4bee129c4829b1b3e12d7cc44e7209612103153f784625186183308eff0,2019-02,Merseyside Police,Merseyside Police,-2.967077,53.457102,On or near HORNBY ROAD,E01006787,Liverpool 006A,Unable to prosecute suspect
36b64e95ba897196e885e4af6305f27e5fba138bc9f0d9a2dc069afd01b76fe0,2019-02,Merseyside Police,Merseyside Police,-2.940643,53.396962,On or near DORSET AVENUE,E01006720,Liverpool 035A,Investigation complete; no suspect identified
c86b4cbe1b60d6ea38b294af00601bd8c5e7f4cc48401adf492ba958d27ecf37,2019-02,Merseyside Police,Merseyside Police,-2.868167,53.426437,On or near SAXBY ROAD,E01006467,Knowsley 008B,Investigation complete; no suspect identified
7265d2a5019a4bd6c8544f8a13a3ac239ff725f79ffe08a63749737f692d25a6,2019-02,Merseyside Police,Merseyside Police,-3.059195,53.400481,On or near ARKLE ROAD,E01007122,Wirral 011C,Investigation complete; no suspect identified
7cb61308ae563dfbff65a50daf3f873d70070260e6a2e9f6c927c0c504ae4bfc,2019-02,Merseyside Police,Merseyside Police,-2.964818,53.405272,On or near Further/Higher Educational Building,E01006513,Liverpool 060A,Investigation complete; no suspect identified
b4204bfbfa3d769d3bfb6457a2af13149c7f4e156774c9ad9a9ffec26af00f1b,2019-02,Merseyside Police,Merseyside Police,-3.001879,53.624347,On or near BENTHAM'S WAY,E01006929,Sefton 010A,Unable to prosecute suspect
41225af31c1975a5fcf87fb844fb84019373372fbe1c09d52f4b22b71e329268,2019-02,Merseyside Police,Merseyside Police,-2.963061,53.416055,On or near RUPERT DRIVE,E01006647,Liverpool 024C,Unable to prosecute suspect
09094d1c5d8b3739fa64bd8a4a01f214bcf4b9a890c5a6f011548ef83f83f4fd,2019-02,Merseyside Police,Merseyside Police,-2.964395,53.390561,On or near ENID STREET,E01006676,Liverpool 044D,Unable to prosecute suspect
ca8075598696e7c3bfb6b23f0a4ab03237ee4f32aa8a64e84542cf58bc6b8507,2019-02,Merseyside Police,Merseyside Police,-2.712977,53.492929,On or near CORONATION WALK,E01006806,St. Helens 002C,Unable to prosecute suspect
b6c16c56abc87008eb5b02f1a780dbc59efc6f485e2a5044b379a95dd3309588,2019-02,Merseyside Police,Merseyside Police,-2.736150,53.473292,On or near QUEENSWAY,E01006851,St. Helens 004C,Unable to prosecute suspect
056c629f40add355a6f435480475f5a828d44dcef00ab7dfe07df8ea66f28dcf,2019-02,Merseyside Police,Merseyside Police,-2.934724,53.507661,On or near LITTLE ACRE,E01007099,Sefton 019D,Investigation complete; no suspect identified
e27a34115b08d231b252a6aa33d5db8cddb3bdac82ba15cf0c1bdc017b5beecd,2019-02,Merseyside Police,Merseyside Police,-2.961345,53.454038,On or near PARKINSON ROAD,E01006791,Liverpool 006D,Unable to prosecute suspect
5ce3a6d2dccf42710fe7d8e8697bcaa5f20a7c7514bcc84888a6b947930ac1d9,2019-02,Merseyside Police,Merseyside Police,-2.973583,53.327950,On or near MENDELL CLOSE,E01007170,Wirral 039D,Investigation complete; no suspect identified
7a3db307b39cff6efe29b65ef3a485b6837b1b78f42330b647b3378d3cafc329,2019-02,Merseyside Police,Merseyside Police,-2.645460,53.451902,On or near BACK LEGH STREET,E01006863,St. Helens 013A,Investigation complete; no suspect identified
e49c9fbf55f1d4e80c3f71456909e5c888bd2a600a9c9d16a2a4932ef19726e8,2019-02,Merseyside Police,Merseyside Police,-2.999527,53.447217,On or near PLEASANT VIEW,E01007009,Sefton 037D,Investigation complete; no suspect identified
921951f812e64039fc1f882ad8efb7e6ae4e83ec7f95e61c11773e4452b41beb,2019-02,Merseyside Police,Merseyside Police,-3.073713,53.325922,On or near ASPEN CLOSE,E01007186,Wirral 040A,Unable to prosecute suspect
8732bf4a927f9524fd0863a2dd822a0d36a069efb67fa9bb2923e45969fac5c2,2019-02,Merseyside Police,Merseyside Police,-2.863636,53.384807,On or near GRANGEHURST COURT,E01006801,Liverpool 046D,Unable to prosecute suspect
622a89c46712eb43c00117e7480bf6fa16759b680ab8c0566fb4b923581fa6d0,2019-02,Merseyside Police,Merseyside Police,-2.952021,53.391280,On or near BENTLEY ROAD,E01006674,Liverpool 039C,Investigation complete; no suspect identified
feeb117be81d208a0c2d0624e0d6549aacf5d6d8c711c15696ed175af0c14d05,2019-02,Merseyside Police,Merseyside Police,-3.015484,53.379539,On or near BROUGHAM AVENUE,E01007293,Wirral 027C,Investigation complete; no suspect identified
6d3d11c72b0875e84940aaf6f505f4361227aca9bd452dabab9e75f944a796e4,2019-02,Merseyside Police,Merseyside Police,-2.979050,53.404689,On or near LAWTON STREET,E01033756,Liverpool 061C,Suspect charged
499e342e3bbc23434847ac208bb13b1c784057ff9cb5554159e953b9c0b214ae,2019-02,Merseyside Police,Merseyside Police,-2.868192,53.357501,On or near Supermarket,E01006537,Liverpool 055D,Investigation complete; no suspect identified
c045a6e6f5e197b7ece8439b1191b76d544d60f144c9b7e4c7be44aaadccfb55,2019-02,Merseyside Police,Merseyside Police,-2.950054,53.408950,On or near QUORN STREET,E01006691,Liverpool 030A,Investigation complete; no suspect identified
d484e73722ad942d2de2ba0bfe20a64807751c0c0be7c005bf42384834be7e6c,2019-02,Merseyside Police,Merseyside Police,-2.981120,53.644573,On or near LANSDOWNE ROAD,E01007059,Sefton 006B,Unable to prosecute suspect
f7120a0464100c9ae865a7fd51526eddc4e7e869b0aaf0b5c63be5e95cd5a969,2019-02,Merseyside Police,Merseyside Police,-2.930074,53.510160,On or near THE BROOK,E01007099,Sefton 019D,Investigation complete; no suspect identified
3bfbd5d4df898d26ec4c9eddc32886ef0301a590a56a0486f5b37b97f5f604ab,2019-02,Merseyside Police,Merseyside Police,-3.035486,53.496852,On or near MANOR ROAD,E01006943,Sefton 022F,Investigation complete; no suspect identified
085a6091f8f871fb0be2eb7ef7ddd021697ac2c696b48b0e02bcf280bcb44bb7,2019-02,Merseyside Police,Merseyside Police,-2.889119,53.379676,On or near Sports/Recreation Area,E01006532,Liverpool 047A,Investigation complete; no suspect identified
5a9ab559d37260f911d3d92866f252882e398708e58354e66953eac66be8fcdf,2019-02,Merseyside Police,Merseyside Police,-2.985335,53.491739,On or near WHALLEY COURT,E01007092,Sefton 023E,Investigation complete; no suspect identified
f24030a3149a221a73cdd0038d069773c5e8bdf994e7fdf2df61ce73063ab66c,2019-02,Merseyside Police,Merseyside Police,-2.979720,53.405699,On or near GREAT CHARLOTTE STREET,E01033760,Liverpool 060C,Investigation complete; no suspect identified
1d4e274da150e1c4a7044d6c8f2afdc3919de695218b6b2280723714c8e38976,2019-02,Merseyside Police,Merseyside Police,-3.023965,53.382127,On or near Supermarket,E01007292,Wirral 021E,Unable to prosecute suspect
639bcb2c19376630f9e62b4a020c46c6ebf9a1e87a341a6e3b794aa11f83c792,2019-02,Merseyside Police,Merseyside Police,-2.928234,53.441095,On or near Supermarket,E01033759,Liverpool 010F,Further investigation is not in the public interest
6e7f3c556e50a2d3bedb6aeaf24f1ec54910f513c0613b9023867dd8956f855c,2019-02,Merseyside Police,Merseyside Police,-3.071781,53.414715,On or near M53,E01007309,Wirral 006D,Offender given penalty notice
1021d7ab157ef7b63860aaf07f556ee675bae0f62490f7267bd9bec31b58033c,2019-02,Merseyside Police,Merseyside Police,-2.711217,53.492274,On or near GREENFIELD VIEW,E01006806,St. Helens 002C,Unable to prosecute suspect
d4fd1f78c4cf7c66b674d0edf7882048b76a489c3ade3b7752774b4ca7681471,2019-02,Merseyside Police,Merseyside Police,-2.978382,53.422106,On or near GREAT HOMER STREET,E01006648,Liverpool 023D,Investigation complete; no suspect identified
dc000069b2da43def2c10ae206e06df8ad556482e2cad10a301c44bbbb967ff0,2019-02,Merseyside Police,Merseyside Police,-3.048133,53.419779,On or near MOSELEY AVENUE,E01007217,Wirral 007D,Investigation complete; no suspect identified
0c69f6e184b5522737ec40f9cb8f4aef1f4697b3f9d20ac46815901089385197,2019-02,Merseyside Police,Merseyside Police,-2.971001,53.383487,On or near LINDFLELD CLOSE,E01006630,Liverpool 044B,Suspect charged
6fef47acb5832eec7d2647f345772cffe1c85df19434c2cb1e834662079a9028,2019-02,Merseyside Police,Merseyside Police,-2.984265,53.462472,On or near KIRBY ROAD,E01007019,Sefton 035A,Unable to prosecute suspect
c302c03181c3efcb9ee8288097893b34ecf287887e68820019e9ae81e2e3cb60,2019-02,Merseyside Police,Merseyside Police,-3.058318,53.391221,On or near ASHBURTON AVENUE,E01007158,Wirral 015D,Investigation complete; no suspect identified
4b43c8507330eccf8218b771a6c009a1dda3405e329d0e1e179681afc934dc36,2019-02,Merseyside Police,Merseyside Police,-2.983348,53.403224,On or near Parking Area,E01033756,Liverpool 061C,Investigation complete; no suspect identified
96dcf7b6f5b1267d5a17ad5324d96715413076f95b2ec4f876e6e6284ffe1a1d,2019-02,Merseyside Police,Merseyside Police,-2.984026,53.432595,On or near STANLEY CLOSE,E01033764,Liverpool 022E,Investigation complete; no suspect identified
e925dc5067c1b926f4aa648605160c128dc98c01522a5a88e055380b9ebddfe5,2019-02,Merseyside Police,Merseyside Police,-2.991160,53.475224,On or near DALEY ROAD,E01006984,Sefton 031E,Unable to prosecute suspect
0bd3963f110b3dc68b739fac0db1fa3555b7c5732231f87dfae3acba4b253236,2019-02,Merseyside Police,Merseyside Police,-2.937720,53.423403,On or near WEST DERBY ROAD,E01006760,Liverpool 028E,Further investigation is not in the public interest
5494e0579703f785237cf06179bacfba07aae527fcd680ba831faed9cc24fdb6,2019-02,Merseyside Police,Merseyside Police,-2.978382,53.422106,On or near GREAT HOMER STREET,E01006648,Liverpool 023D,Investigation complete; no suspect identified
2e0ba64b82e9a74024d3081a5c814ce95fd56b3d03a8177ab23c8b5b4d66dc1c,2019-02,Merseyside Police,Merseyside Police,-2.979394,53.390187,On or near CAMARTHEN CRESCENT,E01033765,Liverpool 061D,Investigation complete; no suspect identified
7f374410e30560f237eb9fd8c5efbd726879cd5ad6016737cb862e5c26521905,2019-02,Merseyside Police,Merseyside Police,-2.964168,53.455004,On or near YEW TREE ROAD,E01006787,Liverpool 006A,Unable to prosecute suspect
cca4f419dcc20ebe8ee1c54bf2c92edae5e249bb53d0fc780b752b7dd976ec24,2019-02,Merseyside Police,Merseyside Police,-2.964001,53.474197,On or near EDINBURGH CLOSE,E01007048,Sefton 029A,Offender given a drugs possession warning
91bd8b920306101b8321cafb062718ebfd8cb8b64e9e43ead3c2a96ddb12c383,2019-02,Merseyside Police,Merseyside Police,-2.838496,53.409939,On or near Bus/Coach Station,E01006481,Knowsley 015E,Investigation complete; no suspect identified
cdbe05e444b77044dd14aeb58bc69a759892f25d1cb5c3e1fc62299393d89ad3,2019-02,Merseyside Police,Merseyside Police,-3.044548,53.419029,On or near Shopping Area,E01007214,Wirral 007C,Suspect charged
ac9dda256db63e72dc89026e56ed9fbf772897f22be85911c418d5a38eaaa490,2019-02,Merseyside Police,Merseyside Police,-2.946209,53.517611,On or near LIVERPOOL ROAD NORTH,E01007095,Sefton 018C,Investigation complete; no suspect identified
4df04e9075fa8d22a3c7cf3f343f68ee3ba98fb35a850daa26d5b3ba7b04b03b,2019-02,Merseyside Police,Merseyside Police,-2.859037,53.389370,On or near Supermarket,E01006771,Liverpool 040D,Unable to prosecute suspect
2ed377c5dd42afb0b3b33e1c03c5aba4262c6906f706f227ed3327761fd8da09,2019-02,Merseyside Police,Merseyside Police,-2.976035,53.662843,On or near CHURCHILL AVENUE,E01006948,Sefton 003B,Unable to prosecute suspect
b2daf07526f1ec88ec415e85864a1f0414e36edc577c6b1e38f7925b10026725,2019-02,Merseyside Police,Merseyside Police,-2.964271,53.424962,On or near FRIAR STREET,E01006560,Liverpool 023A,Investigation complete; no suspect identified
ac88916c55eeb365abe188b450eecac268038268b1bbfd0125e863737bc922bb,2019-02,Merseyside Police,Merseyside Police,-2.949012,53.429723,On or near MANNINGHAM ROAD,E01006766,Liverpool 019E,Unable to prosecute suspect
8baba438ef29a0b0f41fc3c1765f79b2b0201d9cf3c9743706376c756ec6757a,2019-02,Merseyside Police,Merseyside Police,-3.073713,53.325922,On or near ASPEN CLOSE,E01007186,Wirral 040A,Unable to prosecute suspect
ffd5de436a41d1b7d810075fe3d3ce973f9e5d7aa015e03c1f41e93414bf8c20,2019-02,Merseyside Police,Merseyside Police,-2.977523,53.472550,On or near NETHERTON WAY,E01007047,Sefton 033E,Investigation complete; no suspect identified
e07bd92c0d30d3d8eb9c9b0635f40431072c6922fd7785f1937f796c2013a50a,2019-02,Merseyside Police,Merseyside Police,-3.033279,53.412843,On or near HALVILLE ROAD,E01007275,Wirral 005E,Unable to prosecute suspect
7ecba170429c2d43130e44e08f53ea673729ec90fc6930f1396044fb522770c5,2019-02,Merseyside Police,Merseyside Police,-3.027617,53.394564,On or near DOVER CLOSE,E01007128,Wirral 016C,Unable to prosecute suspect
b68dd0fc211485010735909db7e8a14ba6f91167c667cb3086a5f75158914503,2019-02,Merseyside Police,Merseyside Police,-2.703458,53.495215,On or near BROOKSIDE CLOSE,E01006804,St. Helens 002B,Unable to prosecute suspect
67794978de561b6483b56bae8bf5440808a70188d499984713d0a7e9fbf15da2,2019-02,Merseyside Police,Merseyside Police,-3.174801,53.393503,On or near MELROSE AVENUE,E01007202,Wirral 014E,Investigation complete; no suspect identified
1c2bdc915cb4c831ff1aa5fa660e6184eb90b6d2037086c269494d4cff55e634,2019-02,Merseyside Police,Merseyside Police,-2.971245,53.444394,On or near WYNDHAM STREET,E01006698,Liverpool 012D,Investigation complete; no suspect identified
cf3cb0693922b7340a98d2d87a6e072ded71d5b0182642123309059dfb35a628,2019-02,Merseyside Police,Merseyside Police,-2.888852,53.493080,On or near HEATHFIELD DRIVE,E01006495,Knowsley 001E,Unable to prosecute suspect
be5a86940efe5c26b7c8e0fed2cef8dcdf7a72a116c5128481b526fa81d87517,2019-02,Merseyside Police,Merseyside Police,-2.983495,53.405686,On or near Shopping Area,E01033760,Liverpool 060C,Suspect charged
390e5d08c6e34a3a3d78658fbce0c70ab8f1fc28784dec35b62dceea080b82fb,2019-02,Merseyside Police,Merseyside Police,-3.025894,53.414822,On or near BELL ROAD,E01007277,Wirral 008D,Investigation complete; no suspect identified
eb8eb8ac7def2ed47017d9dffc7c38e22facc576973809b1b46a08688edaaf0f,2019-02,Merseyside Police,Merseyside Police,-2.969400,53.442027,On or near Supermarket,E01006611,Liverpool 012A,Investigation complete; no suspect identified
0031a2e73d3164f6c1f5884b047cd3eb261af5b4f6b7632a1df70fa6fa08db91,2019-02,Merseyside Police,Merseyside Police,-3.000444,53.632099,On or near WARWICK CLOSE,E01007001,Sefton 008E,Investigation complete; no suspect identified
125341882653fbe9f346f3fced8d8e9c58a73146cd3dfaabedeadb82a564886d,2019-02,Merseyside Police,Merseyside Police,-2.744425,53.465726,On or near Sports/Recreation Area,E01006915,St. Helens 007B,Investigation complete; no suspect identified
03d695e1a054d0a0e6b86cb7c5dd7437bb5f3a154abc1491d52e377204fc8f13,2019-02,Merseyside Police,Merseyside Police,-2.943168,53.390110,On or near BROMPTON AVENUE,E01006549,Liverpool 043B,Investigation complete; no suspect identified
15700b270eb4d1dbba9156e7f583c3f2d3ff5f6955e364e7941493c21236f49b,2019-02,Merseyside Police,Merseyside Police,-2.928234,53.441095,On or near Supermarket,E01033759,Liverpool 010F,Unable to prosecute suspect
49d8fbe0d9c0c8d4370e5105956b1517dbaa09caed4d5816a10e93753271b566,2019-02,Merseyside Police,Merseyside Police,-2.783671,53.509403,On or near HYDE'S BROW,E01006886,St. Helens 001E,Unable to prosecute suspect
11ffe10d16cdf6d684557d5e1b879b63e3e8e20892a1951ed4455107a979f06d,2019-02,Merseyside Police,Merseyside Police,-2.869769,53.373661,On or near QUARRY STREET SOUTH,E01006799,Liverpool 051E,Further investigation is not in the public interest
d86aeabfdd04836e44b6ba0afe1ec4d84955c96215be5e27f2249724905cb3d9,2019-02,Merseyside Police,Merseyside Police,-2.941582,53.414321,On or near RUFFORD ROAD,E01006695,Liverpool 028C,Investigation complete; no suspect identified
61e6015ef23a46c2e8107ee84b21b33a73c29f102f5bf46081350b35f01be37d,2019-02,Merseyside Police,Merseyside Police,-3.004815,53.462642,On or near NEW FORT WAY,E01007011,Sefton 034C,Unable to prosecute suspect
ebb436f0364536eb984ad13deb140e7d14d2e268e7c65e8f0097592335f111d6,2019-02,Merseyside Police,Merseyside Police,-2.996272,53.359584,On or near NEW CHESTER ROAD,E01007138,Wirral 031B,Investigation complete; no suspect identified
316a31fd49c69266ff100a646036a0b1a0d474bd16044f64de196c130e3bd639,2019-02,Merseyside Police,Merseyside Police,-2.987117,53.404218,On or near Bus/Coach Station,E01033756,Liverpool 061C,Investigation complete; no suspect identified
47af660bdfb99fa8463bc98a1ed6aa251e00e8b6140d7646cc7d170e8e226c7c,2019-02,Merseyside Police,Merseyside Police,-2.922701,53.415754,On or near ST IVES GROVE,E01006711,Liverpool 027A,Unable to prosecute suspect
9a5c7ff571e3c071c66757faf219e30eba9a9f83f593351facd898b00568fe8f,2019-02,Merseyside Police,Merseyside Police,-3.092268,53.378699,On or near KILN ROAD,E01007300,Wirral 019D,Investigation complete; no suspect identified
b39a0a54ccdbb6675d677b9dd866489d91fe3279b065e031c0cb27dcc68b56b9,2019-02,Merseyside Police,Merseyside Police,-3.151641,53.371184,On or near NEWTON PARK ROAD,E01007258,Wirral 028A,Investigation complete; no suspect identified
2562a08ca5fa20388106f441d8803d27bf0acb6a2332d4570c92256c136c8a34,2019-02,Merseyside Police,Merseyside Police,-2.978382,53.422106,On or near GREAT HOMER STREET,E01006648,Liverpool 023D,Investigation complete; no suspect identified
86ef458297cff3ae159f4ba5a4ebc9530615663a0ef054723b0199d022875c4e,2019-02,Merseyside Police,Merseyside Police,-2.974400,53.401958,On or near LEECE STREET,E01006513,Liverpool 060A,Investigation complete; no suspect identified
c64006075681f8e70a2dbc8ca9a889cd82dc9cda20b6ba4b3f9846a28ecfa228,2019-02,Merseyside Police,Merseyside Police,-2.927093,53.441248,On or near Supermarket,E01033759,Liverpool 010F,Suspect charged
cebc3d2542a68a3867b8fd114b526846de707b56848b7e41a50c41bd7dcd7e90,2019-02,Merseyside Police,Merseyside Police,-2.955576,53.431136,On or near WATFORD ROAD,E01006542,Liverpool 018A,Unable to prosecute suspect
3d66cc8b551821c912e2f618dc3064ca608988b7e861f8835701c0a44ab2c3b3,2019-02,Merseyside Police,Merseyside Police,-3.183394,53.376914,On or near RIDLEY GROVE,E01007196,Wirral 026A,Unable to prosecute suspect
661454a5b3455c266f519e5415b0d1054d1176ce846355c0dd54ee3fd815eddd,2019-02,Merseyside Police,Merseyside Police,-2.935364,53.440159,On or near BRAYFIELD ROAD,E01006603,Liverpool 011B,Suspect charged
0d99371ab8d02e8e767ca9967eeb17286e870de403b29a6f5253ef4cc63f6b50,2019-02,Merseyside Police,Merseyside Police,-3.170844,53.378098,On or near DORSET ROAD,E01007263,Wirral 026D,Unable to prosecute suspect
f374cf5021d84e64e71651de6f43f3606db9e3734c891495d9b6a9db919eee92,2019-02,Merseyside Police,Merseyside Police,-2.990100,53.451709,On or near BACK STANLEY ROAD,E01006967,Sefton 037A,Investigation complete; no suspect identified
4165fbdcabaaf34f35f2e12a984d085aa2e4ce9f5fd327f9d04fc91293390472,2019-02,Merseyside Police,Merseyside Police,-2.936751,53.371086,On or near SILVER LEIGH,E01006521,Liverpool 052A,Unable to prosecute suspect
17b5d38529e17e727be5e0193e280b3f113840ff154c0f643aac1e9a79c6bac2,2019-02,Merseyside Police,Merseyside Police,-2.895457,53.476788,On or near BEWLEY DRIVE,E01006455,Knowsley 004A,Offender given a caution
17b5d38529e17e727be5e0193e280b3f113840ff154c0f643aac1e9a79c6bac2,2019-02,Merseyside Police,Merseyside Police,-2.895457,53.476788,On or near BEWLEY DRIVE,E01006455,Knowsley 004A,Offender given a caution
c74c8a24f2c90a14baa320baf904a2d36e05612ba96c584d882fd7a84a5b4f31,2019-02,Merseyside Police,Merseyside Police,-3.000724,53.476996,On or near TWYFORD AVENUE,E01006982,Sefton 031C,Investigation complete; no suspect identified
fcec8499d9e773528e6592c14b59bd0d96b4f86d098db2cea91653b65e274234,2019-02,Merseyside Police,Merseyside Police,-2.692004,53.453655,On or near CHILTERN ROAD,E01006819,St. Helens 011A,Unable to prosecute suspect
e119f9a75749dfd28a1643cb1c46c84f0dcb87ac916f861bc2951cca77a1182b,2019-02,Merseyside Police,Merseyside Police,-3.023965,53.382127,On or near Supermarket,E01007292,Wirral 021E,Unable to prosecute suspect
9cf2db5f5120fbf097028501a7c1bc01bbd11ca6e41b141ddb8b8eb18c7a2653,2019-02,Merseyside Police,Merseyside Police,-3.002516,53.476325,On or near OVERTON AVENUE,E01006978,Sefton 031A,Investigation complete; no suspect identified
6cfc2480adc261f36df26be249b465cacc2dcb18747f2b87f05e374f5ad7e348,2019-02,Merseyside Police,Merseyside Police,-2.620339,53.451631,On or near HOLLY AVENUE,E01006858,St. Helens 015C,Unable to prosecute suspect
bc1a413ce634832b80c65ce21e31e15d280d2c25c01f07f4808baa84d3720c7c,2019-02,Merseyside Police,Merseyside Police,-3.065933,53.402300,On or near Parking Area,E01007123,Wirral 011D,Unable to prosecute suspect
c2f4172bdb5beecebf8f2a6a23c876a2883e5453620c5ad79785c6862f34aa53,2019-02,Merseyside Police,Merseyside Police,-2.989457,53.413691,On or near VAUXHALL ROAD,E01033751,Liverpool 062A,Investigation complete; no suspect identified
425b96ae666c71d07ba8c99a77c820290bcc6f0692b66a8426e27b6427782ca3,2019-02,Merseyside Police,Merseyside Police,-2.949597,53.410069,On or near COTSWOLD STREET,E01006691,Liverpool 030A,Unable to prosecute suspect
5c5f63004e8ca8348e8ed8a76b35ec6090bcd8c55e934f50815d5fbff4d1f701,2019-02,Merseyside Police,Merseyside Police,-3.001797,53.647044,On or near LONDON STREET,E01006968,Sefton 004C,Unable to prosecute suspect
b64fdd8db7b0bf285dfea6b65b9eae26db92941b9eb7a5ed12a234a98edb5f5d,2019-02,Merseyside Police,Merseyside Police,-3.030984,53.384521,On or near LARCH ROAD,E01007130,Wirral 021A,Unable to prosecute suspect
d1a3717472d0630b760f8c2f5826a9251a6ef5a5d4806c51bdfe6d2bf2502850,2019-02,Merseyside Police,Merseyside Police,-2.833127,53.407747,On or near OAKWOOD DRIVE,E01006478,Knowsley 015B,Unable to prosecute suspect
3c17aab8172427f31b073c8d864377c6d8fe0bcd53c9e4aad55c75075d16bda0,2019-02,Merseyside Police,Merseyside Police,-2.965965,53.414701,On or near GREGSON STREET,E01006646,Liverpool 023C,Unable to prosecute suspect
761186403c3a02d8d8fe783b19e7e017dda9c2b0b4c3dcde696a93384d4ee9af,2019-02,Merseyside Police,Merseyside Police,-3.180865,53.389290,On or near AIRLIE ROAD,E01007193,Wirral 014A,Unable to prosecute suspect
dc48d75a4bdf77697e5ecdda8363ca9268e4c89b623bb79aced58eebcce29b26,2019-02,Merseyside Police,Merseyside Police,-3.027655,53.410492,On or near SHAKESPEARE ROAD,E01007272,Wirral 008A,Unable to prosecute suspect
49354111624ae42d4facf14dbb7fab894ab90f6ce28ad1e1e16df74127ac04f7,2019-02,Merseyside Police,Merseyside Police,-2.801662,53.429563,On or near Parking Area,E01006463,Knowsley 007C,Investigation complete; no suspect identified
ba24c37ce956bdf3e1bd40c59adf24ff73c310b43add0c25778895bb4569c248,2019-02,Merseyside Police,Merseyside Police,-3.001045,53.492562,On or near EDGEMOOR CLOSE,E01007020,Sefton 021A,Unable to prosecute suspect
ef738bb38f46bf1b016d207e7f2984a3d2467530a6b289475b16720857b69366,2019-02,Merseyside Police,Merseyside Police,-3.026168,53.390594,On or near ST JOHN STREET,E01007128,Wirral 016C,Investigation complete; no suspect identified
c2479f0fc87f015acf5807fcb827366915aaa81aba90313d487d8366c4c74276,2019-02,Merseyside Police,Merseyside Police,-2.692004,53.453655,On or near CHILTERN ROAD,E01006819,St. Helens 011A,Unable to prosecute suspect
c8ff9d5ff9edaace2c61279648ffbb47dffc2c77d2e4cfd921a07f5ec24a731e,2019-02,Merseyside Police,Merseyside Police,-2.910599,53.413375,On or near FERNLEIGH ROAD,E01006573,Liverpool 029C,Unable to prosecute suspect
9b96b8680a979631d54f9fa248cec5b0af3e09f26cf31de3946db0d2907b3d78,2019-02,Merseyside Police,Merseyside Police,-2.798664,53.424621,On or near BRIDGE ROAD,E01006459,Knowsley 009A,Investigation complete; no suspect identified
f7f5552dba65cb390c35fcae5d6443a9449067409855d587aa09d1486531cd2f,2019-02,Merseyside Police,Merseyside Police,-2.959393,53.663706,On or near Parking Area,E01007031,Sefton 002B,Investigation complete; no suspect identified
bc8299fbb4b8bb3355d87577ff61b144705054e9cdb1ef995fa49e07f682d203,2019-02,Merseyside Police,Merseyside Police,-3.057725,53.561746,On or near CHURCH ROAD,E01006988,Sefton 014A,Unable to prosecute suspect
19989747e64d6551ca276e0bdf1d671dd26aba2115ac67d434b45337d5b1277e,2019-02,Merseyside Police,Merseyside Police,-3.013829,53.375670,On or near LYDBROOK CLOSE,E01007293,Wirral 027C,Unable to prosecute suspect
2fd6a012eaae7c8a14820bd6335a3b44412e3c96e5a91d00e1cc63a2be543a55,2019-02,Merseyside Police,Merseyside Police,-2.972944,53.462699,On or near NORTHFIELD ROAD,E01006786,Liverpool 003E,Investigation complete; no suspect identified
a9896f796bfe8e7998c44c805d7c3d189fe7c2bfc20287df0fd2bf44b68fafc9,2019-02,Merseyside Police,Merseyside Police,-2.981621,53.390933,On or near SEFTON STREET,E01033765,Liverpool 061D,Investigation complete; no suspect identified
a28f977d2aad8615ffad7003f1aa1ca7a9de37189dba0580d7b8d83c097b769d,2019-02,Merseyside Police,Merseyside Police,-2.715833,53.466512,On or near MALLORY GROVE,E01006810,St. Helens 008A,Further investigation is not in the public interest
450c4405790826c95a94eee011f5277abcf5e937b15216840a5855c6712c7fbc,2019-02,Merseyside Police,Merseyside Police,-2.982736,53.424938,On or near HANKIN STREET,E01006779,Liverpool 022D,Unable to prosecute suspect
d0c4cd1009e7df35574246d3f42098bc93ddb22fded47157025667c9f600c551,2019-02,Merseyside Police,Merseyside Police,-3.051458,53.398419,On or near KINGSLEY STREET,E01007125,Wirral 015A,Suspect charged
89d9750dd6f4659d86eb9658bcf68b406b06732338264af12ca7c3add8b90c3d,2019-02,Merseyside Police,Merseyside Police,-2.941339,53.467312,On or near FOURTH AVENUE,E01006654,Liverpool 005A,Unable to prosecute suspect
d71a72cf09a065650c5290a025866861adfe82f7ed3b9acb27d952d2216b9077,2019-02,Merseyside Police,Merseyside Police,-2.991160,53.475224,On or near DALEY ROAD,E01006984,Sefton 031E,Unable to prosecute suspect
49e71c59a8c10cfa14e926510911c2da0ddcf0571535849f473ad5406d4d1462,2019-02,Merseyside Police,Merseyside Police,-2.810311,53.430898,On or near EGERTON ROAD,E01006464,Knowsley 007D,Unable to prosecute suspect
45e7265e4a8b39736bdac00dcbfadc8f211d1348b1cf6cddeaf573f70c7be0b8,2019-02,Merseyside Police,Merseyside Police,-2.933107,53.521902,On or near THE BOLEYN,E01007100,Sefton 018E,Investigation complete; no suspect identified
74a339db108c3b18db9e890404351666af893c916e5bb546d62d75f28fd7b738,2019-02,Merseyside Police,Merseyside Police,-2.901161,53.356942,On or near WILSON GROVE,E01006744,Liverpool 057C,Investigation complete; no suspect identified
e82f38f73698b6c459fb476d06ba8e4e31059a0730df777258d80ae2545b5b44,2019-02,Merseyside Police,Merseyside Police,-3.092268,53.378699,On or near KILN ROAD,E01007300,Wirral 019D,Investigation complete; no suspect identified
31cf95607e1967a8bb990b1130868d2fea335e112eb7243c756cf752003c3fb5,2019-02,Merseyside Police,Merseyside Police,-2.731876,53.452527,On or near HAYDOCK STREET,E01006872,St. Helens 014C,Investigation complete; no suspect identified
3aa648cd39d39c9700c8deb67b99f348e34d7662c0758b5f4fe78fcd11c1f748,2019-02,Merseyside Police,Merseyside Police,-2.909213,53.386482,On or near ALLERTON ROAD,E01006596,Liverpool 049C,Unable to prosecute suspect
dd2a67674fc433899efc699b1d221371b5acef3e68cea29418befe72c610e563,2019-02,Merseyside Police,Merseyside Police,-2.981486,53.392246,On or near CROW STREET,E01033765,Liverpool 061D,Investigation complete; no suspect identified
cbc6ccfca5ff660c9ac946065c5a255a2b70a079823e9457c2cf543490ea34d8,2019-02,Merseyside Police,Merseyside Police,-3.111084,53.401591,On or near OAKENHOLT ROAD,E01007208,Wirral 012A,Investigation complete; no suspect identified
3c64d52dbc4e9b644743cb3022c7a7b777335fbdf3e61d818c2dcf1d469dea6d,2019-02,Merseyside Police,Merseyside Police,-2.996877,53.495446,On or near HUMPHREYS HEY,E01007038,Sefton 021F,Investigation complete; no suspect identified
e37c8e105a015186328ad13ee201c79675cad0c2b7ad806aa4183c35d8f235e2,2019-02,Merseyside Police,Merseyside Police,-2.796905,53.422269,On or near LATHUM CLOSE,E01006460,Knowsley 007A,Unable to prosecute suspect
78cffb4398aaa18b84c7f411e2cadc2bcc0102b3ed13bf1de93e537b52aeeb64,2019-02,Merseyside Police,Merseyside Police,-3.013829,53.375670,On or near LYDBROOK CLOSE,E01007293,Wirral 027C,Unable to prosecute suspect
e3c4f8c3e3518cbe20c3f408db170eecada72c2369711584c8d9473d50496cbe,2019-02,Merseyside Police,Merseyside Police,-2.965768,53.441867,On or near CITY ROAD,E01006614,Liverpool 012B,Unable to prosecute suspect
85b5c075be3d2f8e275be741304effcfd91bc709205458b5dfd071ba2cd7b0a2,2019-02,Merseyside Police,Merseyside Police,-2.971209,53.434219,On or near LUTYENS CLOSE,E01006703,Liverpool 014D,Investigation complete; no suspect identified
09f2121fecf5943dfd28d20745253a0cee6df781335b9c8cfc81f619ef22c3dc,2019-02,Merseyside Police,Merseyside Police,-3.042779,53.411889,On or near DALE HEY,E01007276,Wirral 007E,Unable to prosecute suspect
c5f4c8a3da84c2bcaefc43bec3e3953391d2f68ec33e4a30c7a2903caf035235,2019-02,Merseyside Police,Merseyside Police,-2.975343,53.403740,On or near Parking Area,E01006513,Liverpool 060A,Investigation complete; no suspect identified
3337f6cea9a9d701b6024a4b8cb9b16eb15e172bbbda1227f0004d4c95c84234,2019-02,Merseyside Police,Merseyside Police,-2.956576,53.667620,On or near RATHMORE CRESCENT,E01007031,Sefton 002B,Investigation complete; no suspect identified
427c6544be775ee5acea934db59a4a5565bc1f7050fb25544b79d9a195f549f4,2019-02,Merseyside Police,Merseyside Police,-2.908425,53.381274,On or near Petrol Station,E01006689,Liverpool 049D,Local resolution
88ec7d0f96e831e9a9460eb72a6a35c5c2f66eb2cbe7ff86a727cbed0920ca27,2019-02,Merseyside Police,Merseyside Police,-2.963951,53.419491,On or near HODSON PLACE,E01006564,Liverpool 023B,Unable to prosecute suspect
e92795f6d1c40bc3c222db0394e8eab6c236853b02598c19273bfd82299ec4ad,2019-02,Merseyside Police,Merseyside Police,-2.976888,53.447548,On or near BREEZE HILL,E01006962,Sefton 038C,Investigation complete; no suspect identified
dfb5343a6ea696e066855995546687a0a0fb0b2b5163cfe68cb5f60d8bde0cdd,2019-02,Merseyside Police,Merseyside Police,-2.951615,53.380497,On or near ALEXANDRA PARK,E01006520,Liverpool 043A,Unable to prosecute suspect
f37dd638ad93dff1287cc45091952a76bc71036b5b32dc7882475deca5cfe8a7,2019-02,Merseyside Police,Merseyside Police,-2.875146,53.415986,On or near ADCOTE ROAD,E01006572,Liverpool 025A,Unable to prosecute suspect
9e9a9e643c3460a86687c31cd7383e70deec68553322f11f972587d86c2c850d,2019-02,Merseyside Police,Merseyside Police,-2.922701,53.415754,On or near ST IVES GROVE,E01006711,Liverpool 027A,Offender given a caution
6967e116c000926343b269be47836d0baf3a9e6dccaaf8531112ee2c718688b8,2019-02,Merseyside Police,Merseyside Police,-2.806665,53.429124,On or near CHURCH STREET,E01006463,Knowsley 007C,Investigation complete; no suspect identified
5c8dff69ecb3423262149e2b375b6f6ddc7cbf7928f899b38446a0d2d786dec0,2019-02,Merseyside Police,Merseyside Police,-2.975672,53.409562,On or near WILDE STREET,E01033758,Liverpool 060B,Unable to prosecute suspect
f19fdd1a0d5254a0783b685c30a4d9b42d6011bf62a8cc249eb6c81ef3e8074a,2019-02,Merseyside Police,Merseyside Police,-2.946701,53.525445,On or near COPPULL ROAD,E01007069,Sefton 017C,Unable to prosecute suspect
230bbb9ad3b4cbbae2eddcff1b1ef8e4c03101b2ba216545c7e01889e4f049b9,2019-02,Merseyside Police,Merseyside Police,-2.981892,53.414455,On or near SCOTLAND ROAD,E01006648,Liverpool 023D,Unable to prosecute suspect
d0155cca562efafdd7b6f5a529c3d6fdbabfc1b5668d7b60aca1092b9b01084b,2019-02,Merseyside Police,Merseyside Police,-2.715614,53.456195,On or near PARK ROAD,E01006873,St. Helens 014D,Offender given a drugs possession warning
c0311c136e1845725e7d10e9074e03a0e17ef1efa42f31b83b8a20971959c42a,2019-02,Merseyside Police,Merseyside Police,-2.887000,53.496042,On or near CHESTERFIELD DRIVE,E01006495,Knowsley 001E,Unable to prosecute suspect
8dab21c67eca419c527f2c78bd86a8b362a211954dd17f112e63724dda69572f,2019-02,Merseyside Police,Merseyside Police,-2.922791,53.436580,On or near MORNINGSIDE WAY,E01006604,Liverpool 016A,Investigation complete; no suspect identified
f23ad259840bfcd817131cfd7987b2181db96d3430610bfb9cc840b83433c104,2019-02,Merseyside Police,Merseyside Police,-2.976797,53.461931,On or near NORTHFIELD ROAD,E01007051,Sefton 035D,Investigation complete; no suspect identified
ee3a2776047e253938d4a289080eb75826123d8a9330957261b0e5501c9eec38,2019-02,Merseyside Police,Merseyside Police,-2.929148,53.420234,On or near LISTER DRIVE,E01006711,Liverpool 027A,Offender given penalty notice
8847eb2360001e5811c03804c2368ea87de2fca4061f36b331fa9782d584cbe3,2019-02,Merseyside Police,Merseyside Police,-3.012042,53.372584,On or near WYCLIFFE STREET,E01007295,Wirral 027D,Investigation complete; no suspect identified
c5cd4286b7bfc763d57cc593575e3640f904a649b04e0c3183b4082fd3e44cfb,2019-02,Merseyside Police,Merseyside Police,-3.057725,53.561746,On or near CHURCH ROAD,E01006988,Sefton 014A,Suspect charged
f95e67dd9284aac1825179ae92723626227e83e1c6f2f4798484d436a88c1c87,2019-02,Merseyside Police,Merseyside Police,-2.948684,53.415002,On or near MALDEN ROAD,E01006694,Liverpool 030B,Unable to prosecute suspect
3ed4e4a4026aafac94e39bd7115691bcb7b5ff39746d0917960fc4dfd75e8b2d,2019-02,Merseyside Police,Merseyside Police,-2.948684,53.415002,On or near MALDEN ROAD,E01006694,Liverpool 030B,Unable to prosecute suspect
82dddaafdc52cdd3c76f3119425d43685da8a1c9b0ccfd6eddb4c881532e6d69,2019-02,Merseyside Police,Merseyside Police,-3.013829,53.375670,On or near LYDBROOK CLOSE,E01007293,Wirral 027C,Unable to prosecute suspect
bdc3828cef99e70ad9960db3d6fd482c850b9a5c1c3d245ffd0885a88026c899,2019-02,Merseyside Police,Merseyside Police,-2.963817,53.424175,On or near DOWNING STREET,E01006564,Liverpool 023B,Unable to prosecute suspect
0a39b2a214cf1c775d70f3ee5254bd9ef70683ecb60361ac06c4427dee2f6246,2019-02,Merseyside Police,Merseyside Police,-2.658496,53.471058,On or near MARIAN ROAD,E01006842,St. Helens 005D,Unable to prosecute suspect
516c7bb3a64b8c519fdc3132373ddfbaa0d66965c30cd74803d4fd73f53d6c23,2019-02,Merseyside Police,Merseyside Police,-2.976363,53.651470,On or near CHESTER AVENUE,E01007062,Sefton 005D,Investigation complete; no suspect identified
a505554e73e3ebbbeaeedef7431f28a9a43e103156926201cd61345140de5bbe,2019-02,Merseyside Police,Merseyside Police,-3.174735,53.366518,On or near VILLAGE ROAD,E01007281,Wirral 028D,Investigation complete; no suspect identified
3aaad84ad8c96098fa9b142e265d3526bbd5e71a072673f41fc5e48e9a10bba3,2019-02,Merseyside Police,Merseyside Police,-3.019159,53.639320,On or near PALATINE ROAD,E01006971,Sefton 009C,Further investigation is not in the public interest
c373c5c61a61f48f9730b6d262f67b55fd665202b76aca5932477c80bdd91d04,2019-02,Merseyside Police,Merseyside Police,-2.980712,53.477557,On or near BOUNDARY ROAD,E01006981,Sefton 031B,Unable to prosecute suspect
ceae162225e83b3c44b57c29f2e6071b156ad0e9582eacab3762eb6514453551,2019-02,Merseyside Police,Merseyside Police,-2.971469,53.402063,On or near SOUTH HUNTER STREET,E01006513,Liverpool 060A,Unable to prosecute suspect
a8e1fece82b069764b297768f7e3d5102c506999da0cb36ff26d209c9ccc58b4,2019-02,Merseyside Police,Merseyside Police,-2.658496,53.471058,On or near MARIAN ROAD,E01006842,St. Helens 005D,Unable to prosecute suspect
fc29f950c746b3305b66298c29de876f2e26fd9fcbc7bdba64e1cebfd2bb50b4,2019-02,Merseyside Police,Merseyside Police,-2.978904,53.402928,On or near WOOD STREET,E01033761,Liverpool 060D,Investigation complete; no suspect identified
59eca11ce0fc2fd22ead937ebd4a89a3e0a79cb1bd3653c94b40b7602fd499db,2019-02,Merseyside Police,Merseyside Police,-2.984170,53.402337,On or near CAMPBELL STREET,E01033756,Liverpool 061C,Unable to prosecute suspect
a8ad9e8de49144e202d4a2e8ba50ac68f87def6f394312465dfdf8883a05a5ba,2019-02,Merseyside Police,Merseyside Police,-2.980712,53.477557,On or near BOUNDARY ROAD,E01006981,Sefton 031B,Unable to prosecute suspect
020ddffc44011f2ab0fce57b20b6e17cd12f9cf71caddd6eaeed9521115809e1,2019-02,Merseyside Police,Merseyside Police,-2.937560,53.442793,On or near HILCREST ROAD,E01006732,Liverpool 011E,Unable to prosecute suspect
d16fb7f2bb81e8a51769af0b4414b4ec503b3a47d556e196ff0645fcac9d32c2,2019-02,Merseyside Police,Merseyside Police,-2.910593,53.391271,On or near HEATHFIELD ROAD,E01006591,Liverpool 041C,Investigation complete; no suspect identified
5a723f6c27f0a02d0d16c60dba29bf10a355e47bd98a358497b4746cd40501c3,2019-02,Merseyside Police,Merseyside Police,-2.980826,53.402122,On or near SLATER PLACE,E01033761,Liverpool 060D,Investigation complete; no suspect identified
7b4f3813e1bd64377fc39347a786653fba51c51a9fe6c17293eb3a462b6cd568,2019-02,Merseyside Police,Merseyside Police,-3.025912,53.378048,On or near WALKER STREET,E01007179,Wirral 021C,Investigation complete; no suspect identified
a1fb8239583068f5cdce51b1c9f258957e5010de5a4e0c30dd1b840cc301fc89,2019-02,Merseyside Police,Merseyside Police,-2.958142,53.411403,On or near KENSINGTON,E01006746,Liverpool 030E,Unable to prosecute suspect
bce8250e73e408f9e1c0b49f62dcf3bb3085f2834e47bf9f3d8e7975948ea182,2019-02,Merseyside Police,Merseyside Police,-3.013829,53.375670,On or near LYDBROOK CLOSE,E01007293,Wirral 027C,Unable to prosecute suspect
f3eab79182d9de80c5029393284b5bc1f099ee22aa495fdb2ffe335da5a0fcf1,2019-02,Merseyside Police,Merseyside Police,-2.944096,53.442202,On or near BRAMBERTON ROAD,E01006612,Liverpool 008B,Investigation complete; no suspect identified
18682d841983e037d219303921f6470b93377d8c244fd9649125e22f3c547885,2019-02,Merseyside Police,Merseyside Police,-2.906285,53.459556,On or near EAST LANCASHIRE ROAD,E01006663,Liverpool 004C,Unable to prosecute suspect
d61056fc9bfd67a769a2be05abeb569ac17d7907edef4ff3c9957765bc4fb3ad,2019-02,Merseyside Police,Merseyside Police,-2.966383,53.411282,On or near Parking Area,E01006747,Liverpool 031B,Investigation complete; no suspect identified
26996faf1c284de7bb945ed9adcd7574c9bbd0c9bec4a3690893fe8d817f317d,2019-02,Merseyside Police,Merseyside Police,-2.848190,53.367910,On or near HUNTSMAN CLOSE,E01006433,Knowsley 018D,Unable to prosecute suspect
0540f698e635569047cd8c5435a9ec82da9c5c90ed50cd06dbf19a3b48b16c2d,2019-02,Merseyside Police,Merseyside Police,-2.982401,53.404563,On or near BROOKS ALLEY,E01033756,Liverpool 061C,Investigation complete; no suspect identified
9084ef35c3fa070b166f2bb83ae4b1b9bfb8bb99ca4e4d07f435e54d029e3a90,2019-02,Merseyside Police,Merseyside Police,-2.698245,53.434805,On or near EDITH STREET,E01006900,St. Helens 022B,Unable to prosecute suspect
5550dcb722783ca4ef37cb45266801a8c3d284b75f8e5a5656c175323d211e2b,2019-02,Merseyside Police,Merseyside Police,-3.043573,53.432664,On or near CARDIGAN ROAD,E01007229,Wirral 001A,Investigation complete; no suspect identified
63367ec02a2e0ee2c58e403ccda7fff84f070804dad63caf3fc9ed874e09f18c,2019-02,Merseyside Police,Merseyside Police,-2.934724,53.438411,On or near SANDYVILLE ROAD,E01006603,Liverpool 011B,Investigation complete; no suspect identified
1217e1de3e905c2a747150cdd036ea6099948b92aa04ad99a3bdf50d767777f1,2019-02,Merseyside Police,Merseyside Police,-3.109952,53.404901,On or near WITLEY AVENUE,E01007207,Wirral 009C,Investigation complete; no suspect identified
4de7f083893dce00adafc50e267bc0dcef6aa347b69b41d7eb19bd7e6f828fc5,2019-02,Merseyside Police,Merseyside Police,-2.987117,53.404218,On or near Bus/Coach Station,E01033756,Liverpool 061C,Investigation complete; no suspect identified
d01f692e861bef08c84788c650f5a6fc5ab7ff824f4a8677dfff20777387e618,2019-02,Merseyside Police,Merseyside Police,-2.929909,53.444058,On or near FALKLANDS APPROACH,E01006730,Liverpool 011C,Investigation complete; no suspect identified
65984dd4a552705a140802d1d3d173b82602003d2f42d05f8202e8d81ee2f30f,2019-02,Merseyside Police,Merseyside Police,-2.987117,53.404218,On or near Bus/Coach Station,E01033756,Liverpool 061C,Suspect charged
572ef5e2d8fe0b3c5537aa2fd477692f2abe908b8c79dcfe92b7c1aa59ab5fcc,2019-02,Merseyside Police,Merseyside Police,-2.953543,53.464024,On or near BEECH GROVE,E01006783,Liverpool 002E,Investigation complete; no suspect identified
6104430f7f511eeae30b8958ea9e49e5614bf8d7a3361b9ea166decafc22a328,2019-02,Merseyside Police,Merseyside Police,-2.983322,53.418371,On or near LAIRDS PLACE,E01033764,Liverpool 022E,Investigation complete; no suspect identified
30f5d53fdbd49421c452e9c927779fb0f07e29768ac79354caad9483ef2d7394,2019-02,Merseyside Police,Merseyside Police,-2.758744,53.435839,On or near THATTO HEATH ROAD,E01006903,St. Helens 019C,Unable to prosecute suspect
dec7119865a981e71a8b8e48b58f94e365e994657289fa7ad4b67f1b09afa099,2019-02,Merseyside Police,Merseyside Police,-2.942636,53.423194,On or near SCORTON STREET,E01006540,Liverpool 024A,Investigation complete; no suspect identified
4d783b8c863ae20319a51d41e0a5e154ab9009293b308a07ae7aff4f5088731c,2019-02,Merseyside Police,Merseyside Police,-2.982890,53.344171,On or near FAIRWAY NORTH,E01007142,Wirral 036B,Unable to prosecute suspect
3e5541a977e32e885eee33714e8dfaf955494abee3bc049d1cfab2dbbdf300cc,2019-02,Merseyside Police,Merseyside Police,-3.050112,53.371859,On or near CARLAW ROAD,E01007250,Wirral 030B,Unable to prosecute suspect
23feba7dd87a5a38783485c907cb4082c42faf9b7bb4a64d7813c97dacde93c9,2019-02,Merseyside Police,Merseyside Police,-3.049314,53.438394,On or near WELLINGTON ROAD,E01007237,Wirral 001D,Unable to prosecute suspect
449717440bbc55b7d8f41f254a9cb33ddb7950436ec022f809e423bc8908098b,2019-02,Merseyside Police,Merseyside Police,-2.948560,53.426320,On or near REDBROOK STREET,E01006548,Liverpool 019D,Unable to prosecute suspect
2a12f64c9b8672d716504a262028cf9e090b05aad2e44e949f708b6a0736b753,2019-02,Merseyside Police,Merseyside Police,-2.888082,53.483621,On or near Parking Area,E01006437,Knowsley 003D,Investigation complete; no suspect identified
afa4cbe65e2f8d0dee2319ec4c0e14bae8038786405ca171adb3a608a24a319a,2019-02,Merseyside Police,Merseyside Police,-2.717715,53.454870,On or near JOHNSON STREET,E01006873,St. Helens 014D,Investigation complete; no suspect identified
842f0d4a01af6d361fbabec096cdb1db61eee16b1d1981012b7a128f297314e4,2019-02,Merseyside Police,Merseyside Police,-3.012248,53.630534,On or near RIVINGTON CLOSE,E01006935,Sefton 009B,Investigation complete; no suspect identified
c14f25a03853010c8dfbd0f832c5b3b962b2d7778798aec0e64a8aa47d3f0030,2019-02,Merseyside Police,Merseyside Police,-2.838808,53.341684,On or near NORTH PARADE,E01006755,Liverpool 059C,Investigation complete; no suspect identified
f155fd16bcdfe47d277a493e6333c6388ed2a7f9560ac842bbcf4c2f996efe17,2019-02,Merseyside Police,Merseyside Police,-2.971807,53.447913,On or near WEAVER STREET,E01006790,Liverpool 006C,Investigation complete; no suspect identified
8456059b92e9a3d7f2dd2cd33406bc35f8cd381b130435dc5d33289316af9556,2019-02,Merseyside Police,Merseyside Police,-2.968627,53.644702,On or near ROSEBERY STREET,E01007055,Sefton 005A,Formal action is not in the public interest
6011c55ff2e9fc72ec1c6e464e22751e5011e319ac09d53a29674ac370b0017d,2019-02,Merseyside Police,Merseyside Police,-3.024076,53.391745,On or near Shopping Area,E01007128,Wirral 016C,Investigation complete; no suspect identified
2098d0057f16112c683b5c86a7a1c82d2915ceb0ff36e1f27d5db4a32318a367,2019-02,Merseyside Police,Merseyside Police,-2.803509,53.430952,On or near ARON COURT,E01006466,Knowsley 007E,Investigation complete; no suspect identified
b82619f1379b815afa3285351473fa8acfa6f2e2bf92231e163496706e6d93b0,2019-02,Merseyside Police,Merseyside Police,-2.730100,53.456125,On or near WOODVILLE STREET,E01006872,St. Helens 014C,Investigation complete; no suspect identified
eeff3c09aab324dbacfd70479ba1ed3f5e9fffc7f33cc42d4cc4d1758187021f,2019-02,Merseyside Police,Merseyside Police,-2.946863,53.382458,On or near WAVERLEY ROAD,E01006522,Liverpool 048A,Unable to prosecute suspect
31d91a9555f79e6344be04d8237c8245c92d58745831792b658014e637d34d75,2019-02,Merseyside Police,Merseyside Police,-2.965271,53.400702,On or near MYRTLE PARADE,E01006512,Liverpool 031A,Investigation complete; no suspect identified
75ac3dc8efa3c5e90795f39568390329eb430be5906c2a8c8d5305a605f86a85,2019-02,Merseyside Police,Merseyside Police,-2.965271,53.400702,On or near MYRTLE PARADE,E01006512,Liverpool 031A,Investigation complete; no suspect identified
61cf51200acd9e1afe6647cff452c3047b38e76664ddd29293df7e8eb284eba7,2019-02,Merseyside Police,Merseyside Police,-2.916722,53.397993,On or near WATERLOO STREET,E01006586,Liverpool 032C,Investigation complete; no suspect identified
b826191647454ef5e084be7c804c764a7c89cc5899c60ffbb5008ff56feb1001,2019-02,Merseyside Police,Merseyside Police,-2.745892,53.460045,On or near BRIARS GREEN,E01006915,St. Helens 007B,Investigation complete; no suspect identified
0de9c7132fbb77e31f5a310a788c103163cbb748e354677016387b1c30bf9df6,2019-02,Merseyside Police,Merseyside Police,-3.002980,53.457669,On or near KEATS STREET,E01007005,Sefton 034B,Suspect charged
d1e95d0f00241359a2009332b44743a753b4a1e23f9215740ebc0b759c4ccc5e,2019-02,Merseyside Police,Merseyside Police,-2.985690,53.434909,On or near MELROSE ROAD,E01006778,Liverpool 014E,Investigation complete; no suspect identified
3da1131435340e8c7792c8140af189559b4787b1c8414f03dc029ba0cc7349a0,2019-02,Merseyside Police,Merseyside Police,-2.993105,53.452043,On or near Shopping Area,E01007009,Sefton 037D,Unable to prosecute suspect
6502c0e44a6ae8f878c6eb08c74d5bf8fab62e0d57dbc53dbeca54115fa69685,2019-02,Merseyside Police,Merseyside Police,-2.838739,53.412355,On or near CENTRE WAY,E01006481,Knowsley 015E,Investigation complete; no suspect identified
de159bffb55f593692bce2a80037960bd119d3b2212715993ca784a9699be554,2019-02,Merseyside Police,Merseyside Police,-2.979837,53.401635,On or near PARR STREET,E01033761,Liverpool 060D,Investigation complete; no suspect identified
6e289566c9d4a695188cc144e4fc6088db9e88b0c24a61653a957f8b919f95f3,2019-02,Merseyside Police,Merseyside Police,-3.031498,53.383393,On or near MILTON ROAD,E01007131,Wirral 021B,Unable to prosecute suspect
e6ab9a6fdccf3d283748df56e4575eb4e5f2d02dfb1df75cd34df953bc718c91,2019-02,Merseyside Police,Merseyside Police,-2.913984,53.418994,On or near OVOLO ROAD,E01006719,Liverpool 027F,Unable to prosecute suspect
7ff36af94640b261d0233103e5aa6225adda83efc050e98a037626353b35cd5a,2019-02,Merseyside Police,Merseyside Police,-2.974629,53.488915,On or near GLOVER'S LANE,E01007088,Sefton 029D,Investigation complete; no suspect identified
c0c3494484e79014fafa10efc2a64181429a36c16fe3268af9e7f6ad3c64db03,2019-02,Merseyside Police,Merseyside Police,-3.113891,53.401386,On or near NETHERTON ROAD,E01007221,Wirral 012B,Investigation complete; no suspect identified
46608d64aefc2b72cd253ae0c9cf288c2016d654f00fd2c53e88774ddcb5a6aa,2019-02,Merseyside Police,Merseyside Police,-2.962998,53.394626,On or near NORTHBROOK STREET,E01006679,Liverpool 039D,Investigation complete; no suspect identified
8d02920bf5683f01563b8ef5685e4d275a7f70b7f1d45690fd492f1e516f52fc,2019-02,Merseyside Police,Merseyside Police,-2.980079,53.403000,On or near FLEET STREET,E01033756,Liverpool 061C,Investigation complete; no suspect identified
29644df5c48cef0a65ace6fb7d13add375c2faeade7fbfe066d23cb4dee8d25e,2019-02,Merseyside Police,Merseyside Police,-2.952484,53.429533,On or near THURSTON ROAD,E01006546,Liverpool 019B,Investigation complete; no suspect identified
5f8dacda6e668a91ad0d530c5a824199bd58249a4ee8a365f068f3dbbf66f2d3,2019-02,Merseyside Police,Merseyside Police,-2.855092,53.431089,On or near ST AIDAN'S GROVE,E01006441,Knowsley 006D,Unable to prosecute suspect
4a437b3776db61db60127b988a4f7def69b33aa9b7340dab8633b6fbeaa0fcdd,2019-02,Merseyside Police,Merseyside Police,-2.984666,53.644858,On or near PALM GROVE,E01007059,Sefton 006B,Further investigation is not in the public interest
c4ab60aa44eca1d48754d3b034248a2160a5950e7a3814a0ea1b76b3debb37f1,2019-02,Merseyside Police,Merseyside Police,-3.002980,53.457669,On or near KEATS STREET,E01007005,Sefton 034B,Unable to prosecute suspect
67f0c5bc9ad67dd38b19698bfcc8f6d9fe00b992d07dae1de6a32245fcfadcd1,2019-02,Merseyside Police,Merseyside Police,-2.711217,53.492274,On or near GREENFIELD VIEW,E01006806,St. Helens 002C,Local resolution
408e163d0ffbbfbf64298be2ba2c7e9865c77becf9c02c211513694cc5c633d0,2019-02,Merseyside Police,Merseyside Police,-2.968447,53.390195,On or near DOMBEY STREET,E01006518,Liverpool 044A,Unable to prosecute suspect
996a8b1216b07f9d0bfe4e21bded7d668e6445945b38098a27d87169d05d0e72,2019-02,Merseyside Police,Merseyside Police,-2.975672,53.409562,On or near WILDE STREET,E01033758,Liverpool 060B,Investigation complete; no suspect identified
de322bc01515a845bc09a44b5d2430c14e4a44530999acdbc2f16773a247cae8,2019-02,Merseyside Police,Merseyside Police,-2.890717,53.450469,On or near TRENT CLOSE,E01006667,Liverpool 007C,Unable to prosecute suspect
60d26459314c8a573ce1d33f277d2c44e5618b86045bf1426a8b7dc681a34f71,2019-02,Merseyside Police,Merseyside Police,-2.762768,53.433566,On or near FORRESTER AVENUE,E01006906,St. Helens 019E,Unable to prosecute suspect
929b9e4d883c8f2512a1a931b9a5c2d2b7ac355a611a1f4f1f16bc93979f50bf,2019-02,Merseyside Police,Merseyside Police,-2.972064,53.446616,On or near SELINA ROAD,E01006705,Liverpool 009E,Unable to prosecute suspect
f5ef707e873c789dcf55530b2c7239540fff2d394a22a8898c0bc13b8ee69214,2019-02,Merseyside Police,Merseyside Police,-2.969521,53.376586,On or near ARMSTRONG QUAY,E01033748,Liverpool 050I,Investigation complete; no suspect identified
a3e601f31dd813c880f4fd442a9090f20908ad5c0fce5302aa1102ae3ce1b987,2019-02,Merseyside Police,Merseyside Police,-3.004792,53.647037,On or near Shopping Area,E01006968,Sefton 004C,Investigation complete; no suspect identified
8297658ef93a71d96fb6e6f51f191ac433fd3ad070882d358e59ac17250638f6,2019-02,Merseyside Police,Merseyside Police,-3.029065,53.622499,On or near Sports/Recreation Area,E01006974,Sefton 009F,Investigation complete; no suspect identified
8a25d5873d4ef52d4c35d26471ee3c5f2accb67c36f4d022312ed55b74641b32,2019-02,Merseyside Police,Merseyside Police,-2.983454,53.433238,On or near WYKEHAM STREET,E01006702,Liverpool 014C,Investigation complete; no suspect identified
50506932ec813ecf38dbb398c4eea1c7d8af96a13c113878f61b0672a431e975,2019-02,Merseyside Police,Merseyside Police,-3.006598,53.623130,On or near LYNDHURST ROAD,E01006929,Sefton 010A,Unable to prosecute suspect
04cb46bae2326c073bccaa1c7d50e809575ff6f0f8b012f357b1894302331c72,2019-02,Merseyside Police,Merseyside Police,-2.966898,53.479027,On or near ELY CLOSE,E01007054,Sefton 029B,Investigation complete; no suspect identified
ef921c58b669cebe09b5b086a1cbd6d5b3a0b7c06764e848607638702a308f50,2019-02,Merseyside Police,Merseyside Police,-2.981930,53.406967,On or near Parking Area,E01033760,Liverpool 060C,Investigation complete; no suspect identified
37fa0505ab591fe3b95ca77717baa9aed66ae597ab019caf90f7ca2bdb27db4a,2019-02,Merseyside Police,Merseyside Police,-2.789081,53.409323,On or near ABBEYWOOD GROVE,E01006501,Knowsley 013C,Investigation complete; no suspect identified
820ec2c389cf42efefe4eef78db8de1c33fa7dc946881ae26ec41c6b0ee2fce4,2019-02,Merseyside Police,Merseyside Police,-3.011612,53.466603,On or near GLADSTONE ROAD,E01006952,Sefton 032A,Unable to prosecute suspect
fc765c6fbe1e34d996e76e66e2f1e2c6556f7b476e1b92d639808508b143288d,2019-02,Merseyside Police,Merseyside Police,-2.971807,53.447913,On or near WEAVER STREET,E01006790,Liverpool 006C,Investigation complete; no suspect identified
dd75daf364d7ec1ec0f62fda038c518ddfe2a1d0bd5f5973f4ff335394933e00,2019-02,Merseyside Police,Merseyside Police,-2.965965,53.414701,On or near GREGSON STREET,E01006646,Liverpool 023C,Unable to prosecute suspect
1f37d70acfafcd42d5f64cca15a4cff6f8f9b2c753319ad53f93a2838dbda223,2019-02,Merseyside Police,Merseyside Police,-3.003464,53.457737,On or near HOOD STREET,E01007005,Sefton 034B,Investigation complete; no suspect identified
13914c649d17de0904d2944e9e522e7aec33c3b15b309029f9996ab0baa20356,2019-02,Merseyside Police,Merseyside Police,-2.950684,53.431804,On or near LYNHOLME ROAD,E01006545,Liverpool 019A,Investigation complete; no suspect identified
21827a6d99476735732f96f04b11a0aa866cacd6c8648825ed56c3eee7d70c50,2019-02,Merseyside Police,Merseyside Police,-2.981930,53.406967,On or near Parking Area,E01033760,Liverpool 060C,Formal action is not in the public interest
c8d7fe4ad6c802f1893fd82895c06a5dc6d4c4f5544bf1234e00aaa790466d1c,2019-02,Merseyside Police,Merseyside Police,-2.941443,53.511464,On or near THE MEADOWS,E01007099,Sefton 019D,Investigation complete; no suspect identified
c8d881c26348c205fd890cf65f30f79e6d04c141f753e6396514e9d62f082120,2019-02,Merseyside Police,Merseyside Police,-2.868192,53.357501,On or near Supermarket,E01006537,Liverpool 055D,Investigation complete; no suspect identified
49604a60a776a5d2b504ff95efeb85c6591c4c0f2c5d74bbc41c01aa2dcfbab1,2019-02,Merseyside Police,Merseyside Police,-2.969177,53.440195,On or near NIMROD STREET,E01006611,Liverpool 012A,Investigation complete; no suspect identified
04a955ae77ad990177542aa2cfc88b6b2b69c74f7f2aaf88445faff78c2637d1,2019-02,Merseyside Police,Merseyside Police,-2.969045,53.414542,On or near SHAW STREET,E01006646,Liverpool 023C,Unable to prosecute suspect
66ea4c5d7219ae73f687eaa13ca6822c3e75e4d3831a442a719a64a1c09866ed,2019-02,Merseyside Police,Merseyside Police,-2.930942,53.466486,On or near Hospital,E01006659,Liverpool 005B,Action to be taken by another organisation
4507571aee1b951fdaf8261d7a088cabc3439cd29c9abd9d7472dc7a14761746,2019-02,Merseyside Police,Merseyside Police,-2.977878,53.460475,On or near KEENAN DRIVE,E01007051,Sefton 035D,Unable to prosecute suspect
7f80e745053d2a1789f711fe178e61baa23f318111ea6808333c293d3522f0fc,2019-02,Merseyside Police,Merseyside Police,-2.728757,53.463836,On or near HARESFINCH ROAD,E01006854,St. Helens 004F,Unable to prosecute suspect
5ed99559f602a01d582741f78ffc4cd659c6a2cc11dbda6660f26fd1e0931a54,2019-02,Merseyside Police,Merseyside Police,-3.028139,53.490983,On or near THIRD AVENUE,E01006939,Sefton 022D,Investigation complete; no suspect identified
b9348c102ff3ca7b95ae7f3a23904ec1d0dbdb12360af6397edd8899dd99f92c,2019-02,Merseyside Police,Merseyside Police,-2.745892,53.460045,On or near BRIARS GREEN,E01006915,St. Helens 007B,Investigation complete; no suspect identified
27822584e8a35553568e7e2218808eedb9370a0f46d98f32657f89467d681e63,2019-02,Merseyside Police,Merseyside Police,-2.920586,53.437613,On or near BROAD PLACE,E01006604,Liverpool 016A,Investigation complete; no suspect identified
f7bcf668ccd195aed816108fe1568447908f4cd86c4a072bd43dce5aa9d2740d,2019-02,Merseyside Police,Merseyside Police,-2.838247,53.411037,On or near Parking Area,E01006481,Knowsley 015E,Unable to prosecute suspect
95be2cc0e681735b05b184bd6145eb487ffad9352559162d98d4169b1b0125db,2019-02,Merseyside Police,Merseyside Police,-2.935232,53.400573,On or near PURSER GROVE,E01006726,Liverpool 035C,Investigation complete; no suspect identified
900d84415bdcbfa179fa098c106d0d416ec299aaa66ed6146c865d07f8c4f46b,2019-02,Merseyside Police,Merseyside Police,-2.947989,53.393901,On or near ORANGE GROVE,E01006552,Liverpool 039A,Unable to prosecute suspect
221320a520515cc67b6c7e7222c95344fff5c99d91effb41bd3a13e69664fc8b,2019-02,Merseyside Police,Merseyside Police,-2.933171,53.410836,On or near ALFORD STREET,E01006692,Liverpool 028B,Investigation complete; no suspect identified
3e9c44bed11d7c88603a52f1b53146a26a0c6b23a8e2f827c3d423236b5e608a,2019-02,Merseyside Police,Merseyside Police,-2.992545,53.475841,On or near BARK ROAD,E01006984,Sefton 031E,Suspect charged
79398f2748311ad7affaf1618c8d8fa9ab132cf9373900f95ca624f368b06807,2019-02,Merseyside Police,Merseyside Police,-2.912564,53.416623,On or near WHARNCLIFFE ROAD,E01006712,Liverpool 029D,Action to be taken by another organisation
877c7d660264ed0a79cbe02294c161ee3e4616d05727de6e2b239b493a3aa03f,2019-02,Merseyside Police,Merseyside Police,-2.946863,53.382458,On or near WAVERLEY ROAD,E01006522,Liverpool 048A,Unable to prosecute suspect
97c6a77553d5fe2b39e252295bd28ab56ce9a5940d4d8ac3254486cd0c83ce29,2019-02,Merseyside Police,Merseyside Police,-2.796237,53.420367,On or near SHAW LANE,E01006459,Knowsley 009A,Action to be taken by another organisation
8dda66b18153e8f557922799a816c6804ae7ba843bc01a4ee18466f5c8f2b97a,2019-02,Merseyside Police,Merseyside Police,-2.990515,53.410644,On or near COCKSPUR STREET WEST,E01033755,Liverpool 062D,Investigation complete; no suspect identified
5be322f411e9a39c70ca43eb29164c0e3d531fa9102be2106f3bb8887ef313d0,2019-02,Merseyside Police,Merseyside Police,-2.957586,53.466338,On or near BARNSTON ROAD,E01006783,Liverpool 002E,Unable to prosecute suspect
907d51aff30a83fd3840923afa07014b400432ef6229150c32cad5262160c137,2019-02,Merseyside Police,Merseyside Police,-3.003546,53.650014,On or near Shopping Area,E01033094,Sefton 004F,Investigation complete; no suspect identified
e57c301dff0f005b22eb384b1e7cb0db2cd2bfcec06ffb67201b7201914aea30,2019-02,Merseyside Police,Merseyside Police,-2.987102,53.459419,On or near Petrol Station,E01007019,Sefton 035A,Investigation complete; no suspect identified
859c54007c0ee7e153f7f407aa9d2c1518e3a302914fc8705416a244e023a32d,2019-02,Merseyside Police,Merseyside Police,-2.987102,53.459419,On or near Petrol Station,E01007019,Sefton 035A,Investigation complete; no suspect identified
ec048505e63104064eb9eee838f704a95238e58ce9bd9ea043e744884b5de284,2019-02,Merseyside Police,Merseyside Police,-2.852943,53.374097,On or near MACKET'S LANE,E01006797,Liverpool 051C,Unable to prosecute suspect
0d150a5b36dd519be88b920b710adca351ce55ee9f3caa8f7379edceaa2b4f8c,2019-02,Merseyside Police,Merseyside Police,-2.852946,53.367508,On or near MACKET'S LANE,E01006430,Knowsley 018C,Unable to prosecute suspect
c9a51ff17d241b9b3798ead4339c818774340e013d6a74a4e6075fb191ac4bee,2019-02,Merseyside Police,Merseyside Police,-2.979959,53.404996,On or near RANELAGH STREET,E01033756,Liverpool 061C,Investigation complete; no suspect identified
aa1df36e48e7315a9de8a75eeaef5de561bcaecadfe856b54f23bd1d199853bc,2019-02,Merseyside Police,Merseyside Police,-2.995921,53.363191,On or near NAPIER ROAD,E01007139,Wirral 031C,Investigation complete; no suspect identified
c210e81dd3326554c7bbeb75065b11a48783310372ea40f3748104b9ad284dc8,2019-02,Merseyside Police,Merseyside Police,-2.973674,53.387987,On or near SOUTHWELL STREET,E01006630,Liverpool 044B,Investigation complete; no suspect identified
a7f661b1f1d7f74abe4004d3818910e7af26c6a49a566eca703a49915932564c,2019-02,Merseyside Police,Merseyside Police,-2.903073,53.415346,On or near LEXHAM ROAD,E01006569,Liverpool 029B,Investigation complete; no suspect identified
7f49509095a5fd6272e2210c5afefb0028424703d283f3503250524390a77e1e,2019-02,Merseyside Police,Merseyside Police,-2.922701,53.415754,On or near ST IVES GROVE,E01006711,Liverpool 027A,Suspect charged
43f02d6861f056ab1f6fd5cfa6be968982947e541086ad8ffa7e3664bf8536dd,2019-02,Merseyside Police,Merseyside Police,-3.031642,53.389369,On or near BACK MENAI STREET,E01007128,Wirral 016C,Investigation complete; no suspect identified
86f99c29965928802efa985f6f918ee99e62f198bdc68385fcb45868bafe2097,2019-02,Merseyside Police,Merseyside Police,-2.828205,53.405238,On or near KEATS GREEN,E01006478,Knowsley 015B,Investigation complete; no suspect identified
17736c9f93656af8b89b949035e2c7545846c4b51710461bae8cbda3b7c9ff3b,2019-02,Merseyside Police,Merseyside Police,-2.801459,53.426769,On or near Shopping Area,E01006463,Knowsley 007C,Investigation complete; no suspect identified
b81047d37a8a73fe62d6ec04811fe5b70aa000bf381eb8aec1c7eb9a7932eb9d,2019-02,Merseyside Police,Merseyside Police,-3.014978,53.371534,On or near PALMERSTON STREET,E01007295,Wirral 027D,Unable to prosecute suspect
efc6cdc4c2731bd48e5f20276c623ee82fa63535b1666140a179888247f673ad,2019-02,Merseyside Police,Merseyside Police,-2.923502,53.411037,On or near PENSARN ROAD,E01032509,Liverpool 027H,Unable to prosecute suspect
dcf55abca23db6b994fbdb5635ca13987607cfd1f6b10da15e64da895bac116e,2019-02,Merseyside Police,Merseyside Police,-3.015565,53.387979,On or near TUNNEL ROAD,E01007291,Wirral 021D,Investigation complete; no suspect identified
82420597246025e9a8c693b64a50aa697b76e8202d8a164c180f5ead5dde9bf6,2019-02,Merseyside Police,Merseyside Police,-2.875199,53.434664,On or near CORNER BROOK,E01006645,Liverpool 017E,Suspect charged
f5c2409363844b6194643c20271d4fdc3bf8a1f2380b23f059139b89b4c9c22f,2019-02,Merseyside Police,Merseyside Police,-2.955602,53.391387,On or near DUCIE STREET,E01006674,Liverpool 039C,Offender given penalty notice
469b5f0de389c9adb5dd61649ede6f91c636d70ef9288d06738a76487ea816de,2019-02,Merseyside Police,Merseyside Police,-2.731876,53.452527,On or near HAYDOCK STREET,E01006872,St. Helens 014C,Unable to prosecute suspect
70d78ddcb7d43e592278e4fe42dfd35ad38c872f63fab6a7ff98385a8315c39d,2019-02,Merseyside Police,Merseyside Police,-3.015565,53.387979,On or near TUNNEL ROAD,E01007291,Wirral 021D,Investigation complete; no suspect identified
36f274e546e9e1a14793ef8125c1dfc38fbb2ad1fe01cfdf035ba5842aa0093f,2019-02,Merseyside Police,Merseyside Police,-2.892738,53.357239,On or near B5171,E01006742,Liverpool 057B,Investigation complete; no suspect identified
c6d7319b503d23d09cdc1726b7063638ce734bd1a5962e1db6686d77d0d4ad4a,2019-02,Merseyside Police,Merseyside Police,-2.967732,53.478607,On or near RIPON CLOSE,E01007054,Sefton 029B,Action to be taken by another organisation
14ada431990ee3624861adf11abe607d690279746e88813d60ab0b7f855e95ce,2019-02,Merseyside Police,Merseyside Police,-2.643515,53.453755,On or near PEEL STREET,E01006863,St. Helens 013A,Unable to prosecute suspect
23f6949ae3bbb0d8f422c0c2e4198760b8c7bfe5717fe59aa626be7f86adadf5,2019-02,Merseyside Police,Merseyside Police,-2.809566,53.429689,On or near Police Station,E01006464,Knowsley 007D,Investigation complete; no suspect identified
6233fef9a946a5b772b594bfed898b7880ea42a0aa15af16c3db60b96ffa7fa7,2019-02,Merseyside Police,Merseyside Police,-2.993105,53.452043,On or near Shopping Area,E01007009,Sefton 037D,Suspect charged
c6a18838d3930ac956f40162591278548468fb29690dc7d9e86b76bfc8b08902,2019-02,Merseyside Police,Merseyside Police,-3.030218,53.380806,On or near HARROWBY ROAD,E01007179,Wirral 021C,Unable to prosecute suspect
7ac9fcd22df8ad630723e2ce0fa1d4dee65a59ae5955e358f2539c2d6aadd72d,2019-02,Merseyside Police,Merseyside Police,-2.935501,53.410081,On or near GARTHOWEN ROAD,E01006692,Liverpool 028B,Investigation complete; no suspect identified
b6d7486449e40eb5d3d4d009ff627d17050627ceefc002db78386f4460593d00,2019-02,Merseyside Police,Merseyside Police,-2.962357,53.384195,On or near ST LAWRENCE CLOSE,E01006678,Liverpool 044E,Unable to prosecute suspect
946b53ec643b727bc3df3a9e3b9e1aa3918b3a0509e342ba7654b537eecbc504,2019-02,Merseyside Police,Merseyside Police,-2.667274,53.497606,On or near RECTORY ROAD,E01006805,St. Helens 003B,Investigation complete; no suspect identified
bdc78115099c214e1ce014f2814024ca984d9a4ffad1aff0967d4cdb3122a81c,2019-02,Merseyside Police,Merseyside Police,-2.962021,53.672799,On or near SLAIDBURN CRESCENT,E01007036,Sefton 001E,Investigation complete; no suspect identified
fd07d276271798dfaf53f7d32efd57fce4a5b82b9e38320aa9850a1bc3b02327,2019-02,Merseyside Police,Merseyside Police,-3.003047,53.648742,On or near POST OFFICE AVENUE,E01006968,Sefton 004C,Unable to prosecute suspect
69467452f0ad59dae183ffd8f331ce242b1ab08188c3195ab831129805b3c70e,2019-02,Merseyside Police,Merseyside Police,-2.964147,53.390221,On or near ELAINE STREET,E01006676,Liverpool 044D,Offender given a drugs possession warning
b521f7e32a31a889506e7565bdbbf6dbeafddbbd6d258e47c78135f89a80a452,2019-02,Merseyside Police,Merseyside Police,-2.837518,53.413020,On or near Parking Area,E01006481,Knowsley 015E,Investigation complete; no suspect identified
d52644a100a3d8643487425b58b5d56f4d1edf2f520c2dc02f67b9956fe9ffac,2019-02,Merseyside Police,Merseyside Police,-2.980826,53.402122,On or near SLATER PLACE,E01033761,Liverpool 060D,Investigation complete; no suspect identified
044b30889029461a7fa975548863afcab838a04cee86a5b3ad101d42bfff37a1,2019-02,Merseyside Police,Merseyside Police,-2.826175,53.346285,On or near EAST MILLWOOD ROAD,E01006754,Liverpool 059B,Investigation complete; no suspect identified
2e499fb8774ddcce63dd8b642ae9798ad97bafb08d269131fbda3ffcccaa1861,2019-02,Merseyside Police,Merseyside Police,-2.967139,53.444571,On or near HAMPDEN STREET,E01006610,Liverpool 009C,Investigation complete; no suspect identified
07ecfe4d2675bb81e928c5f893bb807b494656d6685fd9ad3d54b1a393939419,2019-02,Merseyside Police,Merseyside Police,-2.737771,53.453813,On or near Shopping Area,E01006872,St. Helens 014C,Investigation complete; no suspect identified
9ba596cfad49f612e9e4f0f0a99fdf5945cd67a87638db9790cdde714af81ffa,2019-02,Merseyside Police,Merseyside Police,-2.987468,53.481708,On or near NUNSFORD CLOSE,E01006981,Sefton 031B,Unable to prosecute suspect
7b389ff24a0d2c6346ebba10e2a0bd25d910dce599fa5de60ba073af4fbcdaa3,2019-02,Merseyside Police,Merseyside Police,-2.938149,53.396415,On or near LANGTON ROAD,E01006722,Liverpool 038D,Investigation complete; no suspect identified
3bc450847d2df1942c1b8ad90c3cfb38c5f0f65a65f7866f937ea362edc80fd8,2019-02,Merseyside Police,Merseyside Police,-2.829467,53.360338,On or near CRAVENWOOD ROAD,E01006426,Knowsley 020A,Unable to prosecute suspect
fe3e773b547b14783418918da93e031568dab04f705669c8cbba29f7de1be608,2019-02,Merseyside Police,Merseyside Police,-2.965271,53.400702,On or near MYRTLE PARADE,E01006512,Liverpool 031A,Investigation complete; no suspect identified
a370ed789ca8bdeeb824d30368032202bda10849f72fc19372284c19665c02e7,2019-02,Merseyside Police,Merseyside Police,-3.004792,53.647037,On or near Shopping Area,E01006968,Sefton 004C,Investigation complete; no suspect identified
850ba3fde3416b4ce42580cddd364508e232a42b53498390a233be32c7711ddc,2019-02,Merseyside Police,Merseyside Police,-3.015565,53.387979,On or near TUNNEL ROAD,E01007291,Wirral 021D,Local resolution
806aeddb865ff259d16d63270adaabac98cab5099fa6afb13d68a0dd98e3811f,2019-02,Merseyside Police,Merseyside Police,-3.121811,53.376547,On or near Parking Area,E01007268,Wirral 023F,Unable to prosecute suspect
7c36ce973e0d91f69efa0293fc0a6c7c080f0434b35fe005405dd3bcebb1c6b2,2019-02,Merseyside Police,Merseyside Police,-3.054771,53.394929,On or near Further/Higher Educational Building,E01007156,Wirral 015B,Investigation complete; no suspect identified
73e565666277975aea1243497ab708b986224661425113b4ece7149a0cdfe6cd,2019-02,Merseyside Police,Merseyside Police,-3.047934,53.441040,On or near KING'S PARADE,E01007230,Wirral 001B,Investigation complete; no suspect identified
36bff542ccd8362be4cb42a3a36c4021edbcffc197745966cb13968cfc8f8e9b,2019-02,Merseyside Police,Merseyside Police,-3.027780,53.391326,On or near SISTERS WAY,E01007128,Wirral 016C,Suspect charged
29e6b577ffdc1dfd1da892473ad1593d3228f3ee4d4268e736c78672cb5d33bf,2019-02,Merseyside Police,Merseyside Police,-3.094650,53.326792,On or near Parking Area,E01007189,Wirral 040D,Investigation complete; no suspect identified
9a7d540c8b25fcd16d23b032f5458ccabd4d7a0b597aec141eab5f594a5b476d,2019-02,Merseyside Police,Merseyside Police,-2.931010,53.437919,On or near LOWERSON ROAD,E01006600,Liverpool 011A,Suspect charged
2cd864a9ab93fbe87c3b83dc12ce9e9e91f888acffe2c072e520d9ad55da3297,2019-02,Merseyside Police,Merseyside Police,-2.944165,53.408673,On or near BOTANIC PLACE,E01006690,Liverpool 028A,Investigation complete; no suspect identified
e7e62bb098988737b6804dad6fdb4f847fab9d8c2c2d5c45b2b6ea676c7dc4fd,2019-02,Merseyside Police,Merseyside Police,-2.894244,53.494299,On or near HAWESWATER CLOSE,E01006458,Knowsley 002D,Unable to prosecute suspect
7b47a325641f31b1e1f33d035c87cb357a53919e6359791e4f1a2951644d7d9e,2019-02,Merseyside Police,Merseyside Police,-2.977302,53.402600,On or near BOLD STREET,E01033756,Liverpool 061C,Investigation complete; no suspect identified
edc7b8a5871d902a18564324600f3d4b4fe59d1d07440396dfa4d1b45c36eed2,2019-02,Merseyside Police,Merseyside Police,-2.799324,53.427673,On or near BOND STREET,E01006463,Knowsley 007C,Unable to prosecute suspect
ff5dfcb8ac567384960d27d56bf024874cf0330b70150c2160453713ecfa300a,2019-02,Merseyside Police,Merseyside Police,-2.915956,53.470089,On or near COPPLE HOUSE LANE,E01006508,Knowsley 004D,Unable to prosecute suspect
49051538e4f2d9d0046e3dccaac9eee39c78d8246c85d3502e43788bc6c3e1aa,2019-02,Merseyside Police,Merseyside Police,-2.988024,53.438809,On or near PORTIA STREET,E01006778,Liverpool 014E,Investigation complete; no suspect identified
458e5ea11fb3a8a1fb930d8d1409eeaea6edf802a2604b5866b2f7eed14a1cc6,2019-02,Merseyside Police,Merseyside Police,-3.119082,53.392860,On or near SYCAMORE AVENUE,E01007306,Wirral 017E,Unable to prosecute suspect
9fc67134e2f3c9f3ebba9446f7aec684e7fd99c7d88c38ad4e78be19b04d2361,2019-02,Merseyside Police,Merseyside Police,-2.964001,53.474197,On or near EDINBURGH CLOSE,E01007048,Sefton 029A,Unable to prosecute suspect
057a7d5452a7cf627e07fd7e50eead4431e7646ccb90300ccd3d300f25eac749,2019-02,Merseyside Police,Merseyside Police,-2.953731,53.413308,On or near GEORGE HARRISON CLOSE,E01006696,Liverpool 030C,Unable to prosecute suspect
38ee990fe449293218ee7242b60c5aaca4ad890d89ecaf223e4b8ec67783f179,2019-02,Merseyside Police,Merseyside Police,-2.984289,53.455703,On or near RUTLAND STREET,E01006966,Sefton 038F,Investigation complete; no suspect identified
683f96ce88cf70c8bc0aa1b75b04f862c6a83bef827ec9c91f3b6ca5a99b4793,2019-02,Merseyside Police,Merseyside Police,-2.983544,53.449525,On or near HAWTHORNE ROAD,E01006967,Sefton 037A,Unable to prosecute suspect
42f3457008d6ec4eaf34e606f5a3fae78bf307b544d7674eb3310805ee03fadc,2019-02,Merseyside Police,Merseyside Police,-2.665361,53.471712,On or near GALWAY CRESCENT,E01006842,St. Helens 005D,Investigation complete; no suspect identified
3fdc2c3db337f6e7cddddef5d036dca82399e439581b8b5d19c9ccf1b7140a7c,2019-02,Merseyside Police,Merseyside Police,-2.993160,53.405372,On or near Parking Area,E01033752,Liverpool 062B,Investigation complete; no suspect identified
b8286ff51f603deae32d7f2dabeb3a65e19f0d1344387f137cf1a68b21510c82,2019-02,Merseyside Police,Merseyside Police,-2.864280,53.433638,On or near BRANDEARTH HEY,E01006414,Knowsley 006C,Investigation complete; no suspect identified
816c275a341dc712fb3a8e04b77807e9cec98ee28bd1e7c1f53d4f9d38c2a58b,2019-02,Merseyside Police,Merseyside Police,-2.825643,53.420509,On or near HURST PARK DRIVE,E01006465,Knowsley 011A,Unable to prosecute suspect
fd608ad24781ad2044febae8ad5d16da814eefa876b5ef3e8da614455f54ce35,2019-02,Merseyside Police,Merseyside Police,-2.854324,53.390528,On or near Parking Area,E01006771,Liverpool 040D,Unable to prosecute suspect
90b38c9d1ab6d6e8fec4489b96854cd2328247f5665985e3229deb736769439e,2019-02,Merseyside Police,Merseyside Police,-2.797480,53.416836,On or near LUNT AVENUE,E01006500,Knowsley 013B,Unable to prosecute suspect
2ac5e1c1623754f7aad323a293800190a5e7a7f5eec59537f4a0988aacbeaecd,2019-02,Merseyside Police,Merseyside Police,-3.060106,53.403233,On or near Supermarket,E01007122,Wirral 011C,Suspect charged
af96b269335cbcea6129cfc56cea86fec8507682306fb381a5e1b8225d47f318,2019-02,Merseyside Police,Merseyside Police,-2.663191,53.471688,On or near BLUEBELL AVENUE,E01006840,St. Helens 005C,Investigation complete; no suspect identified
202ed6f594da54f9ed8412f09f00279c232756c6d56681b9c57f11c84c56e2bc,2019-02,Merseyside Police,Merseyside Police,-2.961202,53.392321,On or near GWENT STREET,E01006673,Liverpool 037D,Unable to prosecute suspect
b6ea656dbc4c1df44eefb85130b03a59aa49ba93cfdc4299ba3d8dd706451522,2019-02,Merseyside Police,Merseyside Police,-2.964809,53.409497,On or near Hospital,E01006747,Liverpool 031B,Investigation complete; no suspect identified
9999d53520ab9665a3e9002afa7535b92e671605d897b9ecb369f7ef2c6f6e0b,2019-02,Merseyside Police,Merseyside Police,-2.964937,53.443717,On or near NEWBURN STREET,E01006610,Liverpool 009C,Unable to prosecute suspect
7be2fc097b5235c434c375ddabd566fdcf95639dc19baa034caeb640216c2be1,2019-02,Merseyside Police,Merseyside Police,-3.005811,53.499686,On or near THE CRESCENT,E01007037,Sefton 021E,Unable to prosecute suspect
f9359f374ac2c8dbe76421ed575d096550e7072484cc338c6ce7bb960a05f9c4,2019-02,Merseyside Police,Merseyside Police,-2.838874,53.345028,On or near Supermarket,E01006755,Liverpool 059C,Unable to prosecute suspect
b2f53a43be23b6992f6bcbe0ccffb4dc9fcbee7a5f4c8e17f07f3eff11452afc,2019-02,Merseyside Police,Merseyside Police,-2.846730,53.423822,On or near PENNARD AVENUE,E01006442,Knowsley 010B,Unable to prosecute suspect
6ac7256312e51275d64149eb9c38cae4d29975f577fe9959b79a5fddabe34747,2019-02,Merseyside Police,Merseyside Police,-3.033186,53.369922,On or near MENDIP ROAD,E01007177,Wirral 029D,Investigation complete; no suspect identified
c8b424c48bf232c48321574d63a6444eca07c3cbd52b3e72808ee2bc1b7f41e6,2019-02,Merseyside Police,Merseyside Police,-2.911144,53.465605,On or near VALERIE CLOSE,E01006506,Knowsley 004B,Investigation complete; no suspect identified
fe19252576d92bbc4c701c08202d5672e3fc3b6670feede387819e3aa747e454,2019-02,Merseyside Police,Merseyside Police,-2.876697,53.475966,On or near THURSBY DRIVE,E01006436,Knowsley 003C,Unable to prosecute suspect
1d3ac39343783f10d974e29abc89912bf2b7ddf71e06eed8fd0bac44d0b41a39,2019-02,Merseyside Police,Merseyside Police,-3.043379,53.400153,On or near DAWSON AVENUE,E01032903,Wirral 010F,Local resolution
fa411a9e41d7b06a168cf4290e8b1ece3b5db0784ad9606bb5b38162ed52ec74,2019-02,Merseyside Police,Merseyside Police,-2.832613,53.342114,On or near OLDBRIDGE ROAD,E01006756,Liverpool 059D,Unable to prosecute suspect
9c72cd06ded60fafa5e5456cb1a7f883b6eff1b7d6ccf3f2881c5108f9e4b09d,2019-02,Merseyside Police,Merseyside Police,-2.920145,53.355889,On or near GRASSENDALE ESPLANADE,E01006687,Liverpool 056D,Investigation complete; no suspect identified
d774a49c1c47a751115a9d8a54bcf873e54f40d7ad958ec7cbe5c207f443b6b4,2019-02,Merseyside Police,Merseyside Police,-3.012323,53.464835,On or near CECIL ROAD,E01007011,Sefton 034C,Unable to prosecute suspect
6d8f90c6997c70c97789f0783703b4378fef3ac5201acf42bc4bf50f981ac521,2019-02,Merseyside Police,Merseyside Police,-3.043379,53.400153,On or near DAWSON AVENUE,E01032903,Wirral 010F,Local resolution
505a112e8eb6024e6824f87fe0b59fd0e7ba64e53c022c5f1f7b12eed027e736,2019-02,Merseyside Police,Merseyside Police,-3.019969,53.354565,On or near Sports/Recreation Area,E01007117,Wirral 035B,Investigation complete; no suspect identified
5179365433e7cc8fc90c8f23bbf0b273deec5adeef4b76a86ba2243f0ddffaae,2019-02,Merseyside Police,Merseyside Police,-2.948012,53.383420,On or near MANNERING ROAD,E01006522,Liverpool 048A,Investigation complete; no suspect identified
e0f615d1b18d7599154fdf9b29029b33b711b14328997767ce167e0c112d7e59,2019-02,Merseyside Police,Merseyside Police,-2.852764,53.429083,On or near BERRYEDGE CRESCENT,E01006441,Knowsley 006D,Investigation complete; no suspect identified
adae9c14bd803e488c6ac4845efcd4644cc1f84b8f818f2dfe6c8645309c6332,2019-02,Merseyside Police,Merseyside Police,-2.938951,53.427384,On or near OCTOBER DRIVE,E01006767,Liverpool 019F,Unable to prosecute suspect
6801249818e42c6bef03277ea3ac4f9f90f57b4d16258a547b79cf345c830766,2019-02,Merseyside Police,Merseyside Police,-2.961202,53.392321,On or near GWENT STREET,E01006673,Liverpool 037D,Unable to prosecute suspect
e8c8d78ffb4eb901f62c1b9a5831e95e058073185950d48808c5c747e826010c,2019-02,Merseyside Police,Merseyside Police,-2.917373,53.361133,On or near MAYFIELD GARDENS,E01006685,Liverpool 056C,Unable to prosecute suspect
01a43241c64f9389f991511c8478e7f0787214deed994648d8884ef18772e87f,2019-02,Merseyside Police,Merseyside Police,-2.988735,53.405247,On or near LORD STREET,E01033756,Liverpool 061C,Suspect charged
c895ae8883f107f5b05bc517e114c7ac3f5fed0bb70126401d5e07517575f181,2019-02,Merseyside Police,Merseyside Police,-2.859240,53.422573,On or near HEATH ROAD,E01006470,Knowsley 008E,Unable to prosecute suspect
e0240f7e0406373f127b55d414fff7e53dd7e491b1ba6640dea32294137fd38b,2019-02,Merseyside Police,Merseyside Police,-2.985883,53.400318,On or near BECKWITH STREET,E01033754,Liverpool 061B,Investigation complete; no suspect identified
409ed3481a10cca8be537b43fc6c78bbf7fda6df4ed92b9f8219f38e927db03f,2019-02,Merseyside Police,Merseyside Police,-2.698291,53.451398,On or near CHEVIOT AVENUE,E01006821,St. Helens 011C,Suspect charged
54265c74a473b5fc3eee1dc92d401b5c189ab997b52bee646d3df46b9f5d9450,2019-02,Merseyside Police,Merseyside Police,-2.940643,53.390148,On or near LANCASTER AVENUE,E01006554,Liverpool 048F,Suspect charged
c658d68d288583a768d6be86da447276a5579858cb0f98a2c76323ff7e23816b,2019-02,Merseyside Police,Merseyside Police,-2.687872,53.445886,On or near FLEET LANE,E01006899,St. Helens 017D,Unable to prosecute suspect
13eee25c6ff5b32b16c7eeaeae42ab431186d59513cbb9989ffd0c2e35c7e7c9,2019-02,Merseyside Police,Merseyside Police,-3.020261,53.390078,On or near OLIVER LANE,E01007126,Wirral 016A,Unable to prosecute suspect
46cb93bed33f2a6fbf4763b2a8a07e09354d416758c31029dbe935693d5e1fec,2019-02,Merseyside Police,Merseyside Police,-2.746475,53.458127,On or near WOLSELEY ROAD,E01006915,St. Helens 007B,Unable to prosecute suspect
78a3719d84678868e8808b5d3a3d43104ecd6b1502c86697a536dc3cc20e4ffb,2019-02,Merseyside Police,Merseyside Police,-3.061522,53.374941,On or near OULTON CLOSE,E01007246,Wirral 024C,Unable to prosecute suspect
4832c89461cc03170ca7ce9cba39eddddc69915cd49c2d5925e0e9d0b647015a,2019-02,Merseyside Police,Merseyside Police,-2.917373,53.361133,On or near MAYFIELD GARDENS,E01006685,Liverpool 056C,Unable to prosecute suspect
3de830d4a53b79556b5a987d5a353ccceffa5274af50cf0f449af3e17a6f32dc,2019-02,Merseyside Police,Merseyside Police,-3.012323,53.464835,On or near CECIL ROAD,E01007011,Sefton 034C,Investigation complete; no suspect identified
c5daa269934bc0e0a40ad6a8152bc12c13b2d2d552fa24019cde5e7fb89d49d2,2019-02,Merseyside Police,Merseyside Police,-2.685930,53.444027,On or near Sports/Recreation Area,E01006899,St. Helens 017D,Unable to prosecute suspect
849551d0bb2c2c6afed1758621222f6a8e4268123d5de99d38ad85796aec3e59,2019-02,Merseyside Police,Merseyside Police,-2.965668,53.432178,On or near HAYFIELD STREET,E01006558,Liverpool 018B,Unable to prosecute suspect
87011062695d62ed879c6d239ba547c6d929653a61b3b6740b6969886f384eee,2019-02,Merseyside Police,Merseyside Police,-2.947753,53.421185,On or near BELMONT ROAD,E01006760,Liverpool 028E,Unable to prosecute suspect
9a927995d37aed5c27e82160f5be5f26c06850ee7c8c669a1d92d0f903d92b39,2019-02,Merseyside Police,Merseyside Police,-2.983495,53.405686,On or near Shopping Area,E01033760,Liverpool 060C,Suspect charged
ef42002fdc532ef05cd1c9364a5860807cf839afa0bba315a18c40844bee268d,2019-02,Merseyside Police,Merseyside Police,-2.852764,53.429083,On or near BERRYEDGE CRESCENT,E01006441,Knowsley 006D,Investigation complete; no suspect identified
56a644b48816a0ec03b769cd406513d94c74568dae78d0a6fda1af54686c3658,2019-02,Merseyside Police,Merseyside Police,-2.989201,53.405226,On or near LORD STREET,E01033756,Liverpool 061C,Suspect charged
ca20f8e9ab9179b3abcbca25d3833c62d6930454e1cc5ac5be54037670bdff3e,2019-02,Merseyside Police,Merseyside Police,-3.028934,53.414211,On or near Petrol Station,E01007272,Wirral 008A,Investigation complete; no suspect identified
73ed1c43b2fa93f3a17e6ab40f159936d647d4a68234600d7cd20b12195d3fb9,2019-02,Merseyside Police,Merseyside Police,-2.983077,53.404521,On or near OLD POST OFFICE PLACE,E01033756,Liverpool 061C,Suspect charged
8b18c21064c4a87a7550927214ccba0b7b02d87c6002619c0c808095c43325db,2019-02,Merseyside Police,Merseyside Police,-2.874809,53.488186,On or near BIGDALE COURT,E01006448,Knowsley 001A,Offender given a drugs possession warning
fc43672d56d515cfbb0259b56e1c9fae4f638f9df73b24814abd7196b1504ff3,2019-02,Merseyside Police,Merseyside Police,-2.671371,53.495498,On or near Sports/Recreation Area,E01006805,St. Helens 003B,Offender given a drugs possession warning
26600b487ce5eb843f4bad4a44d9c2089c3dda56ecc49a9978da25bc4987c153,2019-02,Merseyside Police,Merseyside Police,-2.978928,53.494309,On or near STONYFIELD,E01007091,Sefton 023D,Unable to prosecute suspect
346a2aab113bdc2845f83ebe735968ee9548300cc1a1bd06877b5fc75a596578,2019-02,Merseyside Police,Merseyside Police,-2.874138,53.470259,On or near BAINTON ROAD,E01006416,Knowsley 005A,Investigation complete; no suspect identified
a5b51670f270043f78685f47aad1999729e693bed9dda93c875f438f2bd7fe4f,2019-02,Merseyside Police,Merseyside Police,-2.948176,53.377962,On or near Supermarket,E01006628,Liverpool 052D,Unable to prosecute suspect
6a835ece4bea94335c8e815d9a314b58f2af9a48de8117821a8b4de3b1f95bdf,2019-02,Merseyside Police,Merseyside Police,-3.024558,53.380513,On or near Parking Area,E01007292,Wirral 021E,Unable to prosecute suspect
d3b84f3792c4ac3f3bd2b3eb85a0046f62b52ce8c945d1798365eb32a1f4edd6,2019-02,Merseyside Police,Merseyside Police,-2.926552,53.430924,On or near BALLANTYNE GROVE,E01006605,Liverpool 016B,Unable to prosecute suspect
8e27d15110c54ff80ff6537e974b279f6d90894807f8d9fda5b206a0b74d199e,2019-02,Merseyside Police,Merseyside Police,-2.939568,53.410328,On or near HOLLY ROAD,E01006690,Liverpool 028A,Investigation complete; no suspect identified
02246d24d9121f72ee8f11c074d04b70016e4415c050eabad2113675de4f9f6c,2019-02,Merseyside Police,Merseyside Police,-2.716486,53.421241,On or near ASH GROVE,E01006897,St. Helens 020F,Unable to prosecute suspect
d3a95094ff7cdd6abcdf20cf04ae56a4a5a47a62f566f707dc456aa6836580f6,2019-02,Merseyside Police,Merseyside Police,-2.728401,53.455371,On or near LOWER HALL STREET,E01006872,St. Helens 014C,Investigation complete; no suspect identified
89d72557f44cd6b724814cc5b686c8b74d2f1046c0225318cbed574dbaff3681,2019-02,Merseyside Police,Merseyside Police,-2.997991,53.637719,On or near PORTLAND STREET,E01006997,Sefton 008B,Investigation complete; no suspect identified
61b3dc2a7d08af6a3d0eae60fe8f19b9a734b9984d811659fdecc93dc5e226c4,2019-02,Merseyside Police,Merseyside Police,-2.934468,53.401388,On or near PICTON GROVE,E01006726,Liverpool 035C,Unable to prosecute suspect
918a21b7434249001a4140dad4f0a2e4c195fc192ca51f8c0a63875995b0b238,2019-02,Merseyside Police,Merseyside Police,-2.671371,53.495498,On or near Sports/Recreation Area,E01006805,St. Helens 003B,Offender given a drugs possession warning
635783b1f961c890586373666e13278bef7ecad9922abfd486f0220bd18a90e9,2019-02,Merseyside Police,Merseyside Police,-2.947311,53.410078,On or near DELL STREET,E01006691,Liverpool 030A,Unable to prosecute suspect
ddf49809352ab009b3680e71b23c0fdc49010851c04c5b35baf96b2869f4e5bf,2019-02,Merseyside Police,Merseyside Police,-2.942670,53.387975,On or near CROXTETH DRIVE,E01006522,Liverpool 048A,Investigation complete; no suspect identified
4a97b8c73f771cbedba83c3ed12cdab44bfc19c68f88441c8f90112290df3785,2019-02,Merseyside Police,Merseyside Police,-2.671371,53.495498,On or near Sports/Recreation Area,E01006805,St. Helens 003B,Offender given a drugs possession warning
48d44b5b04108dce12e2b3b3bc0515c07c92ca0acbad6329ad5070a7bf1fa6bc,2019-02,Merseyside Police,Merseyside Police,-3.008133,53.650757,On or near Theme/Adventure Park,E01006968,Sefton 004C,Investigation complete; no suspect identified
3387fbf43115912c1c72607a3a7a251f1d18f0e567a9d5a1ebf3870b553d31ec,2019-02,Merseyside Police,Merseyside Police,-2.773948,53.454932,On or near LINDEN WAY,E01006822,St. Helens 009A,Suspect charged
9c63c570610238be1c4d8c91f04372a1aec1ea4ef6f35dbf01ff73ab0d62e2e8,2019-02,Merseyside Police,Merseyside Police,-2.935663,53.392093,On or near BETHEL GROVE,E01006557,Liverpool 038B,Investigation complete; no suspect identified
6a2b2a4e603fd787bf8bc46319982dc3c94ae896aafa41215a6285999ef0fd45,2019-02,Merseyside Police,Merseyside Police,-2.946128,53.428658,On or near LAMPETER ROAD,E01006766,Liverpool 019E,Unable to prosecute suspect
238bce6275612bf8061542a01b748feee90dd350e4a8684ad7a8b9d43da8825f,2019-02,Merseyside Police,Merseyside Police,-2.997991,53.637719,On or near PORTLAND STREET,E01006997,Sefton 008B,Investigation complete; no suspect identified
48ffd98518f26f3d6d5fd6165e030d715a16bb992f9f6e156c00174345155417,2019-02,Merseyside Police,Merseyside Police,-2.931411,53.449385,On or near TOWNSEND VIEW,E01006737,Liverpool 005F,Unable to prosecute suspect
086f6f769286ecef5127f670bf208bfd42c6b79420c62290ecd7f61f56b36113,2019-02,Merseyside Police,Merseyside Police,-2.997991,53.637719,On or near PORTLAND STREET,E01006997,Sefton 008B,Investigation complete; no suspect identified
9254d75258c0582d5b3581f6c8da7e23a823583129e2a2bfce49cea190d4a273,2019-02,Merseyside Police,Merseyside Police,-2.964177,53.310336,On or near CROSTHWAITE AVENUE,E01007169,Wirral 042E,Suspect charged
b198ab9ecaa51c31a7f05892063e1920e7447c7c21beafac6c1fd492779e2085,2019-02,Merseyside Police,Merseyside Police,-2.969805,53.477673,On or near CHESTER AVENUE,E01007048,Sefton 029A,Investigation complete; no suspect identified
63164b6ada4fc83f0553e99d9756b289b91eefeff506b7f263e7706b837db748,2019-02,Merseyside Police,Merseyside Police,-2.963290,53.317642,On or near NEW CHESTER ROAD,E01007164,Wirral 042A,Investigation complete; no suspect identified
6275147f207ff15d43aa6f8e8389f7bb9df250e9d9e778fbafdf2be841550b18,2019-02,Merseyside Police,Merseyside Police,-2.964737,53.317199,On or near MILLERSDALE CLOSE,E01007167,Wirral 042C,Unable to prosecute suspect
a5d293d9775ea322ac034cd1697be9a5e263ccd51679cf9cd82ad01a103bfd4b,2019-02,Merseyside Police,Merseyside Police,-3.030303,53.388077,On or near Bus/Coach Station,E01007128,Wirral 016C,Investigation complete; no suspect identified
1463481bd6ab12cddbb66afe9031156b91423f0930026bac70a12a6d21441129,2019-02,Merseyside Police,Merseyside Police,-3.039036,53.399076,On or near STOKE STREET,E01032903,Wirral 010F,Investigation complete; no suspect identified
0d94257a1447720d7495b762127bd94440866f33b56bfeaa90640c2b8c005044,2019-02,Merseyside Police,Merseyside Police,-2.755768,53.453898,On or near DEVON STREET,E01006878,St. Helens 016E,Unable to prosecute suspect
346fd940902bd98023a3637998ea46d7d8c228e05d728f4d16c9234f0e074dc8,2019-02,Merseyside Police,Merseyside Police,-2.951504,53.452346,On or near CARNATION ROAD,E01032511,Liverpool 008G,Unable to prosecute suspect
04097dd880f9be1dfbba24ab9803bfc17393f861d4d47647a485bed5ed139f94,2019-02,Merseyside Police,Merseyside Police,-2.741607,53.454427,On or near KING STREET,E01006877,St. Helens 012C,Investigation complete; no suspect identified
8e9b07c946fe43e9045e9b1911124831a2a67762a0541d34820614ce19910293,2019-02,Merseyside Police,Merseyside Police,-2.913890,53.359848,On or near HOWARD DRIVE,E01006688,Liverpool 056E,Investigation complete; no suspect identified
ca99885ffbbb45b4d2e5499787f5940c789c296cbed20b13592a6a063ef39504,2019-02,Merseyside Police,Merseyside Police,-2.716486,53.421241,On or near ASH GROVE,E01006897,St. Helens 020F,Offender given penalty notice
20fb5fb020718b11e71e2bd0fe912ddfc22c017000f5b4cde508361278622f55,2019-02,Merseyside Police,Merseyside Police,-2.987117,53.404218,On or near Bus/Coach Station,E01033756,Liverpool 061C,Investigation complete; no suspect identified
68fe50bee18cf48a598469f7a6ab22796810dac3ed15ad6d5f26df5817893406,2019-02,Merseyside Police,Merseyside Police,-2.971277,53.438542,On or near COUNTY ROAD,E01006700,Liverpool 012E,Investigation complete; no suspect identified
d35663d3ca4dba1b6a0ea84e3dc45f8fb25444f8c9a81dc379abfdbad0e88a28,2019-02,Merseyside Police,Merseyside Police,-2.741995,53.453400,On or near LOWE STREET SOUTH,E01006877,St. Helens 012C,Suspect charged
d3fc14e8057d08d5b491fa21fa9d030d8f059d05aa9eba8dc9fc09e80960d118,2019-02,Merseyside Police,Merseyside Police,-2.989577,53.482320,On or near STERRIX LANE,E01006981,Sefton 031B,Investigation complete; no suspect identified
b317c916ab234f756a1ed9b0a629700361902ae177efecbaa6c97a857c45613e,2019-02,Merseyside Police,Merseyside Police,-3.126016,53.404283,On or near MALLARD WAY,E01007228,Wirral 012E,Unable to prosecute suspect
1524045f470d0052c50e261b6558a3e39bbed37c9d24a6bc6d6734e75893dce2,2019-02,Merseyside Police,Merseyside Police,-2.740640,53.453372,On or near WESTFIELD STREET,E01006832,St. Helens 012A,Investigation complete; no suspect identified
e3892d9fc67ed4fc848b3b51507a7a9e50dd488a51cdcfe1f9d59dde096a4041,2019-02,Merseyside Police,Merseyside Police,-2.740640,53.453372,On or near WESTFIELD STREET,E01006832,St. Helens 012A,Investigation complete; no suspect identified
b5913b6673b86378b4c8121f50352938c825779148e37da1e006a8067c918c91,2019-02,Merseyside Police,Merseyside Police,-3.103661,53.405939,On or near YEW WAY,E01007206,Wirral 009B,Offender given a drugs possession warning
61c644217952f8d2feb2220ee260ca292071d41fdfb169bc3086d084865a9790,2019-02,Merseyside Police,Merseyside Police,-2.923735,53.423197,On or near BANKLAND ROAD,E01006761,Liverpool 020B,Investigation complete; no suspect identified
1923c6faebaf74192f5b66c4727a0b02b851e12441e1a3db5552143c8a2d5429,2019-02,Merseyside Police,Merseyside Police,-3.026166,53.384868,On or near WELLINGTON TERRACE,E01007130,Wirral 021A,Investigation complete; no suspect identified
e259900255f63d261d5fe358e2fd9b93519823f9829a86cb88f8c9e7080d6cba,2019-02,Merseyside Police,Merseyside Police,-2.946713,53.410936,On or near CHISWELL STREET,E01006690,Liverpool 028A,Investigation complete; no suspect identified
52c4a233dd92d95601db5c08627eee5be377f25ff80dc90dabc784e19f57b592,2019-02,Merseyside Police,Merseyside Police,-2.967630,53.401240,On or near Further/Higher Educational Building,E01006513,Liverpool 060A,Investigation complete; no suspect identified
e2c3ad49ffdc51873d0ae6f88eed5791eabf415e1caa0cd51a71edc28a1b28a8,2019-02,Merseyside Police,Merseyside Police,-2.969344,53.412445,On or near Further/Higher Educational Building,E01033758,Liverpool 060B,Investigation complete; no suspect identified
e4049a119bf299fc4694c08f7e60e620d18f9f813af6b6224719377e21b23d86,2019-02,Merseyside Police,Merseyside Police,-2.740464,53.455378,On or near NEW CROSS STREET,E01006877,St. Helens 012C,Unable to prosecute suspect
aee12f2df090ff734397696aba1ed9a3af9b6e52d09ed78f095d64e6751d13e9,2019-02,Merseyside Police,Merseyside Police,-2.895572,53.417102,On or near WYCHWOOD CLOSE,E01006570,Liverpool 026C,Investigation complete; no suspect identified
fbeaed9e0500ffe71af7f0a65aedd87dbb7689b34aa4cfca6a40c57a4db4312a,2019-02,Merseyside Police,Merseyside Police,-2.819684,53.409584,On or near WEST VIEW AVENUE,E01006477,Knowsley 015A,Unable to prosecute suspect
30d1abf48e54fc931f90f1e8f4ba706a18eccbb96b2f4ef9c27afacf75735ebc,2019-02,Merseyside Police,Merseyside Police,-2.749186,53.435863,On or near ADELAIDE AVENUE,E01006905,St. Helens 019D,Unable to prosecute suspect
fc120220727ea3c8f492e85f933345f7e1dc3e103f3a92174f2c8c0bc2da3b32,2019-02,Merseyside Police,Merseyside Police,-2.923735,53.423197,On or near BANKLAND ROAD,E01006761,Liverpool 020B,Unable to prosecute suspect
74a018ef1fdb0a2c692c750aa0b982df9e76e934c6545aa32647f6628ea7259d,2019-02,Merseyside Police,Merseyside Police,-3.005202,53.654719,On or near Park/Open Space,E01006950,Sefton 004B,Investigation complete; no suspect identified
06591d39439378ab1111bec426995900f51ab982a6fb408511197ca0b0c08f22,2019-02,Merseyside Police,Merseyside Police,-2.964923,53.391276,On or near GWENDOLINE STREET,E01006676,Liverpool 044D,Unable to prosecute suspect
7749104033d66275bf8c7d8bc682d03136bcc13723afb14df36b4d4848239ffe,2019-02,Merseyside Police,Merseyside Police,-3.011509,53.487611,On or near SHARPLES CRESCENT,E01007106,Sefton 025D,Investigation complete; no suspect identified
542be4647c205c1acafab56b1e3a9477cdd6d4a07fc33c9776b8f2e113577d45,2019-02,Merseyside Police,Merseyside Police,-3.028668,53.491042,On or near KILNYARD ROAD,E01006939,Sefton 022D,Unable to prosecute suspect
200d018ced786785081a982eee85cf4e14aaf5ce5edc1e3bb7314bbc5105e544,2019-02,Merseyside Police,Merseyside Police,-3.020261,53.390078,On or near OLIVER LANE,E01007126,Wirral 016A,Unable to prosecute suspect
996eced7e3503231f672040838175bae0f54f52cc3af9e92a8445a17f173699b,2019-02,Merseyside Police,Merseyside Police,-2.942670,53.387975,On or near CROXTETH DRIVE,E01006522,Liverpool 048A,Investigation complete; no suspect identified
343200fdea0b364591ec12c6493a4592b3d47eeb74f67c3b271bb2fc45142df8,2019-02,Merseyside Police,Merseyside Police,-3.033749,53.392533,On or near PARK ROAD EAST,E01007155,Wirral 020A,Investigation complete; no suspect identified
98db307d160e63f8529df4e14e80067e1caaecf1545daf793890df6fb8c4fd74,2019-02,Merseyside Police,Merseyside Police,-2.987381,53.407829,On or near DAVIES STREET,E01033762,Liverpool 060E,Investigation complete; no suspect identified
0572208fa09236a0fc5f41d620f20fcec33df40bf3f6fc13ba21f682538b736f,2019-02,Merseyside Police,Merseyside Police,-3.028668,53.491042,On or near KILNYARD ROAD,E01006939,Sefton 022D,Unable to prosecute suspect
67350e2be585084cb3e62abecabcec0038e904c38639fa40d32c94a7bfc4eed3,2019-02,Merseyside Police,Merseyside Police,-2.987381,53.407829,On or near DAVIES STREET,E01033762,Liverpool 060E,Investigation complete; no suspect identified
1138e6f5c3e9b7d551cf50c48cf2981cea3b95bc199645a209f476c380d0b7c7,2019-02,Merseyside Police,Merseyside Police,-3.006924,53.474777,On or near APPLETON ROAD,E01006977,Sefton 032E,Unable to prosecute suspect
92314aeb51512bdc18771e28f696e81a53a44295c7eca42d9739541bf93dd07f,2019-02,Merseyside Police,Merseyside Police,-3.038151,53.396675,On or near HARCOURT STREET,E01032903,Wirral 010F,Investigation complete; no suspect identified
85da82f250a158bbf9b8dec4c93fa81a8cd2d4fb23ecd1e767ee3f2513e10aab,2019-02,Merseyside Police,Merseyside Police,-2.883402,53.406316,On or near INCHCAPE ROAD,E01006773,Liverpool 036D,Action to be taken by another organisation
1fe5919949c9a9251b4a0a16ea051705d2409e04f3b393b0d40cf35d6394c8ef,2019-02,Merseyside Police,Merseyside Police,-2.969690,53.401215,On or near Theatre/Concert Hall,E01006514,Liverpool 037A,Investigation complete; no suspect identified
d3fc21bda276c0dea470257cbb2fb350211916c39834a6fde2731e771f7dd5bc,2019-02,Merseyside Police,Merseyside Police,-3.038804,53.429047,On or near SHEEN ROAD,E01007232,Wirral 002B,Investigation complete; no suspect identified
50d87617d5286e5c65dd26d76e710b96d139a9eca4493f3da06be3f1110047e0,2019-02,Merseyside Police,Merseyside Police,-2.797893,53.426028,On or near LAYTON WAY,E01006463,Knowsley 007C,Investigation complete; no suspect identified
ad36eff20dcc66da6486d5920d2d1d5256e5227b63c4b49aa575f5fffdad30e6,2019-02,Merseyside Police,Merseyside Police,-2.958304,53.472768,On or near OLYMPIC WAY,E01007041,Sefton 027A,Investigation complete; no suspect identified
b8c66577b0f9c21a81ee1958ed5fa992ebc321a03cd4b82db6342e9f906552c5,2019-02,Merseyside Police,Merseyside Police,-2.975287,53.493961,On or near WATERSIDE,E01007091,Sefton 023D,Investigation complete; no suspect identified
4a00144c8e5a1295909e8e765eb39a7a82f5d77fcd6373b1655bbdb4ea18e54e,2019-02,Merseyside Police,Merseyside Police,-2.742870,53.456055,On or near DUKE STREET,E01006877,St. Helens 012C,Investigation complete; no suspect identified
fd299cfb6b69c08efc75095157bd31c0da0c5969a5a8d0c3aec28e45321746a9,2019-02,Merseyside Police,Merseyside Police,-3.019055,53.620562,On or near SANDON ROAD,E01006931,Sefton 010C,Unable to prosecute suspect
ff915b466f0d0416363a5e82ab3344698b942f3a71f94e6f46c89d269c4f7ebe,2019-02,Merseyside Police,Merseyside Police,-2.952913,53.668989,On or near NORTH ROAD,E01007031,Sefton 002B,Investigation complete; no suspect identified
7c4b7a4e0f88971c59705bd16b9dbda3c7dc6ee38cc4021332fdedfac06453d8,2019-02,Merseyside Police,Merseyside Police,-2.916880,53.417210,On or near ALBANY ROAD,E01006712,Liverpool 029D,Investigation complete; no suspect identified
43511e9a18482c539bd1bc959ec6d0b29874f228e7acaa802a123d6f5b200178,2019-02,Merseyside Police,Merseyside Police,-3.040024,53.397018,On or near ASQUITH AVENUE,E01032903,Wirral 010F,Investigation complete; no suspect identified
53574089ecc668ecb8ef266d0149f6fab986f19a528af0e7f498c9377e5cd5ed,2019-02,Merseyside Police,Merseyside Police,-2.936953,53.396074,On or near EGERTON ROAD,E01006722,Liverpool 038D,Investigation complete; no suspect identified
74593deebe01bac3fdb0c3b86583cc263e2b64b349c4a584caae07d9def2b90d,2019-02,Merseyside Police,Merseyside Police,-2.848076,53.409035,On or near ASHDALE,E01006474,Knowsley 016C,Unable to prosecute suspect
9215f1badd399f66aa7c7c71d515db829bd0bcc46f508378890c01b41893209e,2019-02,Merseyside Police,Merseyside Police,-2.978940,53.417580,On or near GREAT NELSON STREET,E01033764,Liverpool 022E,Investigation complete; no suspect identified
cb03e01710b6142b4bee437882894fbe11854fa4995cc509cf765e17ad785caf,2019-02,Merseyside Police,Merseyside Police,-2.872674,53.377550,On or near RIDGETOR ROAD,E01006795,Liverpool 051B,Investigation complete; no suspect identified
c8294312fb00298d291ff1f74fea59f0b9d5b2d5a18f369d53c33d79e858e942,2019-02,Merseyside Police,Merseyside Police,-2.799194,53.432797,On or near ST HELENS ROAD,E01006466,Knowsley 007E,Investigation complete; no suspect identified
4348c8454c196ea1590094354185414e56b56590d9d229a00760b74eb1f14d9c,2019-02,Merseyside Police,Merseyside Police,-2.969033,53.651853,On or near VERNON ROAD,E01007062,Sefton 005D,Investigation complete; no suspect identified
016038178177cc6c441136a7edb40f50d9cde15b9f96bd9177fca343b644f173,2019-02,Merseyside Police,Merseyside Police,-3.009751,53.642474,On or near TRINITY GARDENS,E01006970,Sefton 007B,Investigation complete; no suspect identified
9bac06512f3a3f9da681ec2a2c2fe25a75a24495b5a962593e34104abe0e23d0,2019-02,Merseyside Police,Merseyside Police,-2.781510,53.457498,On or near BROOKLANDS ROAD,E01006825,St. Helens 009D,Investigation complete; no suspect identified
fe5525960ef80a4191e3e6d62e16654c5eb6a4e2dc60ae99c09bba2c686e6380,2019-02,Merseyside Police,Merseyside Police,-2.861863,53.347614,On or near TONBRIDGE CLOSE,E01006739,Liverpool 058B,Investigation complete; no suspect identified
1887eafc9caa72a8918e731c17e3c1a19ccaa8f0d162cc17dbada544226b7930,2019-02,Merseyside Police,Merseyside Police,-3.019969,53.354565,On or near Sports/Recreation Area,E01007117,Wirral 035B,Investigation complete; no suspect identified
c30e631fab1eb9e44c2314f641f5f27cf73c67efb0dde58d8dcc120405b254f0,2019-02,Merseyside Police,Merseyside Police,-2.997564,53.645884,On or near Parking Area,E01006969,Sefton 004D,Unable to prosecute suspect
1621ad4bc06e5ad82a809840dd8002bed889ff470e7d3f6ba54e970958f869e2,2019-02,Merseyside Police,Merseyside Police,-2.967353,53.462601,On or near MOSS LANE,E01006782,Liverpool 003B,Unable to prosecute suspect
10b85cc87462cf7b6cb8dfb2934d39676269e39dfeea200f7bfe2f47c68c9e59,2019-02,Merseyside Police,Merseyside Police,-2.977573,53.420315,On or near ADELAIDE PLACE,E01006648,Liverpool 023D,Investigation complete; no suspect identified
9c45ad7b962e6cc4a438230895565a0c58f7f51a2675b48956797270f468cad8,2019-02,Merseyside Police,Merseyside Police,-2.977115,53.406242,On or near HILBRE STREET,E01006513,Liverpool 060A,Investigation complete; no suspect identified
3e68d281abc8a59aedfa0e39ed9cea105e579b20f1c1e1ebd3591fd9f72b1bd2,2019-02,Merseyside Police,Merseyside Police,-3.035666,53.419466,On or near OXFORD ROAD,E01007218,Wirral 002A,Unable to prosecute suspect
39c30192d1e1567283818049b968d4fda5e146137f7cf4226aa9a99a5fe5dfde,2019-02,Merseyside Police,Merseyside Police,-2.953419,53.394631,On or near SOLWAY STREET WEST,E01006674,Liverpool 039C,Investigation complete; no suspect identified
80daf90e676391f96af9e706165db82d3ea1703ff6ecab041c3314a05394ea43,2019-02,Merseyside Police,Merseyside Police,-2.962886,53.388335,On or near DOVEY STREET,E01006677,Liverpool 043D,Investigation complete; no suspect identified
e4a8c35b5a2c82fe1a95df79692a6c25aa31c639f4e02a84fe824485873289f4,2019-02,Merseyside Police,Merseyside Police,-2.901864,53.427167,On or near AYSGARTH AVENUE,E01006620,Liverpool 021C,Investigation complete; no suspect identified
fc2111748831c7321abe11ec5af2887657f34c39f8fa6e4bddbbfa370e5cee6a,2019-02,Merseyside Police,Merseyside Police,-3.012354,53.390182,On or near PRIORY STREET,E01007291,Wirral 021D,Investigation complete; no suspect identified
20511debe669ed913590529b6179c3c4b275f0dc56964c7bc0125dd744b10da4,2019-02,Merseyside Police,Merseyside Police,-3.033037,53.395434,On or near ABERDEEN STREET,E01007133,Wirral 016E,Investigation complete; no suspect identified
8e3fbca032849e66da77b4912ecd876dad0d990dd4a22f233840ede5832610a1,2019-02,Merseyside Police,Merseyside Police,-2.924813,53.438183,On or near MORNINGSIDE VIEW,E01006600,Liverpool 011A,Unable to prosecute suspect
01774a05f6e9691d6b4e7ed4be4ca405f1700d4e72400365e1f6991b727b59a9,2019-02,Merseyside Police,Merseyside Police,-2.956003,53.391842,On or near JERMYN STREET,E01006674,Liverpool 039C,Unable to prosecute suspect
f36e5d14a1d5300bd19a6683b66cfdcc9f371364e26132906b2fff5b00719c08,2019-02,Merseyside Police,Merseyside Police,-2.935663,53.392093,On or near BETHEL GROVE,E01006557,Liverpool 038B,Investigation complete; no suspect identified
46eeb94c33d318be27bcf80ec97b513617976096f952576a48ef6bce8f228d8d,2019-02,Merseyside Police,Merseyside Police,-2.892027,53.354817,On or near HAMLIN ROAD,E01006743,Liverpool 058D,Investigation complete; no suspect identified
6ef2791088b0e57edf49a7535e78edd3a27943840adf65897035e332a64c60d4,2019-02,Merseyside Police,Merseyside Police,-2.942670,53.387975,On or near CROXTETH DRIVE,E01006522,Liverpool 048A,Investigation complete; no suspect identified
17cd18a0bc959c1faecfa53b0596c73be71cad1b6e0f96b10b9b7797cf50f70f,2019-02,Merseyside Police,Merseyside Police,-2.965768,53.441867,On or near CITY ROAD,E01006614,Liverpool 012B,Investigation complete; no suspect identified
29067e577ab3368804533e1c90077df161fe00c43069aee099924af798d63c49,2019-02,Merseyside Police,Merseyside Police,-2.894689,53.460327,On or near NEWLYN WALK,E01006661,Liverpool 004A,Investigation complete; no suspect identified
3da3bd33601ade47111c54df88c8821262f896239a40d34a4aea273ba1b92417,2019-02,Merseyside Police,Merseyside Police,-3.023788,53.492450,On or near Parking Area,E01007105,Sefton 025C,Unable to prosecute suspect
d8524c06b9c736cf6583446aa69c43c3fe7f52a36a71d73f66062eaed4f4c14c,2019-02,Merseyside Police,Merseyside Police,-2.979358,53.403024,On or near Nightclub,E01033756,Liverpool 061C,Offender given a caution
21eda41ea86119081b3305111191ee038f15b7d56bbf7da0ae0624ffd244f16f,2019-02,Merseyside Police,Merseyside Police,-2.839058,53.411742,On or near Further/Higher Educational Building,E01006481,Knowsley 015E,Investigation complete; no suspect identified
3728a27e42471bfc8b4dba944729fd4ec56fab91409b9397b06ec6e2426e5f3f,2019-02,Merseyside Police,Merseyside Police,-3.007069,53.648654,On or near Shopping Area,E01006968,Sefton 004C,Investigation complete; no suspect identified
d914760a9db040e338227416109ec191fe65c168135372434093d6f31b11fcc2,2019-02,Merseyside Police,Merseyside Police,-2.989808,53.410021,On or near HADWENS BUILDINGS,E01033755,Liverpool 062D,Investigation complete; no suspect identified
ccb191a1cf3fcea40cfb380c50b3b0ae5b236e01382afac1ad653ed74d45cb8f,2019-02,Merseyside Police,Merseyside Police,-2.874922,53.495916,On or near BROMPTON AVENUE,E01006492,Knowsley 001B,Investigation complete; no suspect identified
078ed5e6440b637b2d15f30d6142ccb154c3210db34c8b51ae05b7788a0b8f3a,2019-02,Merseyside Police,Merseyside Police,-3.054385,53.398771,On or near ELFET STREET,E01007125,Wirral 015A,Unable to prosecute suspect
0bdda88396d0ffba6f9a3e29bad2860fb6f6ef706befdaf59f6f300c37ad693d,2019-02,Merseyside Police,Merseyside Police,-2.832613,53.342114,On or near OLDBRIDGE ROAD,E01006756,Liverpool 059D,Unable to prosecute suspect
bbbcb806e52753b13e44ed293df18b2ba3ebf7a462bbe5ee598eb171c7026450,2019-02,Merseyside Police,Merseyside Police,-3.032395,53.421723,On or near Supermarket,E01007215,Wirral 005A,Investigation complete; no suspect identified
e706e00bf17f07b66a5fea373b216945d0dae71b168ff862bd8fa72b554ef299,2019-02,Merseyside Police,Merseyside Police,-2.963109,53.432163,On or near SYBIL ROAD,E01006542,Liverpool 018A,Investigation complete; no suspect identified
a32f372895b4304cb5c40638fd0e2f557ce4385a74157aa824eec3097298c6f1,2019-02,Merseyside Police,Merseyside Police,-2.906981,53.468854,On or near HORSESHOE DRIVE,E01006508,Knowsley 004D,Unable to prosecute suspect
7536c7eaacd5e839d3492dc337c80502e317f6046d53e801b6f525bf53a710f3,2019-02,Merseyside Police,Merseyside Police,-3.032395,53.421723,On or near Supermarket,E01007215,Wirral 005A,Unable to prosecute suspect
dd842408190f2f18cb94dae79f10a6f02e8c7fa33e2945fcdc35b5b5fd7069b4,2019-02,Merseyside Police,Merseyside Police,-3.036043,53.484443,On or near CROSSDALE ROAD,E01007109,Sefton 028E,Investigation complete; no suspect identified
3fb75d7a061a3ae18ff46c8dae7adb7880ce2edaa2afe09a56bb0ccc116c8c80,2019-02,Merseyside Police,Merseyside Police,-3.065754,53.415560,On or near A59,E01007121,Wirral 011B,Investigation complete; no suspect identified
3ff2c5c87c35e04c39250989c2bdbb139770cbcb737172aad0b2edcae71ac203,2019-02,Merseyside Police,Merseyside Police,-2.941492,53.423167,On or near GRANGE STREET,E01006540,Liverpool 024A,Unable to prosecute suspect
fbb5824ef6573c61c33118262aa6970929fc68779857d6e047fcd24b662cb073,2019-02,Merseyside Police,Merseyside Police,-2.978928,53.494309,On or near STONYFIELD,E01007091,Sefton 023D,Unable to prosecute suspect
362bdc6c691dc65a8d374f22e4092175ffad9c6ef95322242d7f6360d731b9f8,2019-02,Merseyside Police,Merseyside Police,-3.003244,53.496966,On or near LARCHFIELD ROAD,E01007020,Sefton 021A,Investigation complete; no suspect identified
ea121042301b71c5db1f0dc156ffcca6f2f82ec9da5114acaeddfe1cef6bd2be,2019-02,Merseyside Police,Merseyside Police,-2.977302,53.402600,On or near BOLD STREET,E01033756,Liverpool 061C,Investigation complete; no suspect identified
c5e261a0145a398436f874272105a24f4f0e9fc70a6841561c1c42e064191d5a,2019-02,Merseyside Police,Merseyside Police,-2.985957,53.432794,On or near PANSY STREET,E01006778,Liverpool 014E,Investigation complete; no suspect identified
55b9e28acc5d5cb3112f4d860b089aa427ac1fa0c139610c5d7fed1ae980ec93,2019-02,Merseyside Police,Merseyside Police,-2.707351,53.453754,On or near KERR GROVE,E01006871,St. Helens 011D,Investigation complete; no suspect identified
85a6f19cba61152854454b2ff592fe3f80556b28cb5275c9b0e9563f35c74530,2019-02,Merseyside Police,Merseyside Police,-2.835290,53.340001,On or near Sports/Recreation Area,E01006755,Liverpool 059C,Investigation complete; no suspect identified
06d5229830e0dfc4607a4dabcb1d311dc085194090bbf83b4b76543ef2446870,2019-02,Merseyside Police,Merseyside Police,-2.838874,53.345028,On or near Supermarket,E01006755,Liverpool 059C,Unable to prosecute suspect
ad1acaffc8a090c20ee157c741451766d5c23926d153a5b7a627f9a6cfe15342,2019-02,Merseyside Police,Merseyside Police,-3.035598,53.421003,On or near VICARAGE GROVE,E01007218,Wirral 002A,Investigation complete; no suspect identified
8836adda1f718c3d9bb2440f4a959d94a1819bbe0c535c9eb0f8a5a4b539a81f,2019-02,Merseyside Police,Merseyside Police,-2.992962,53.464656,On or near HEATHFIELD DRIVE,E01007017,Sefton 034E,Investigation complete; no suspect identified
4c271aa9bfdf008c56b3424376865a09c6a059cb6944627a45aaede9d4645ca5,2019-02,Merseyside Police,Merseyside Police,-3.035666,53.419466,On or near OXFORD ROAD,E01007218,Wirral 002A,Unable to prosecute suspect
bf6707c39d5408736855fa612d5dca6230af890591b102cb6830db3d25cfab51,2019-02,Merseyside Police,Merseyside Police,-2.705079,53.461192,On or near MACDONALD AVENUE,E01006815,St. Helens 008F,Unable to prosecute suspect
4bed2ff4ffcc98859393fef6b1e9fe5ceb13aab3bb5be24ce9750eb37152f719,2019-02,Merseyside Police,Merseyside Police,-2.963109,53.432163,On or near SYBIL ROAD,E01006542,Liverpool 018A,Unable to prosecute suspect
396fc968c71c80b79190f4b3f3d530ec67918084efff2e49a33d6adf08f0da49,2019-02,Merseyside Police,Merseyside Police,-3.012323,53.464835,On or near CECIL ROAD,E01007011,Sefton 034C,Unable to prosecute suspect
51d06ac0aeb6e25069990826d048cd24d137b3768542372dad0a5fe4e451aa0f,2019-02,Merseyside Police,Merseyside Police,-2.957289,53.486574,On or near WHEATFIELD CLOSE,E01007053,Sefton 027D,Investigation complete; no suspect identified
f205235e9c4a26af2c17ac6014d755175927533ccbde81b19e72e4aaac81b2ec,2019-02,Merseyside Police,Merseyside Police,-2.925692,53.445385,On or near ABBOTSFORD ROAD,E01006731,Liverpool 011D,Action to be taken by another organisation
03bfb010b026f0433a7fdc4c71b136fe45da9f7ffae45d3eb34ee34aeb3ca4e4,2019-02,Merseyside Police,Merseyside Police,-2.915169,53.437025,On or near HORNSPIT LANE,E01006625,Liverpool 016D,Investigation complete; no suspect identified
da0230e0ad81d72647daf4d6ed640eda54f81b351646c0642d99736980aff1fb,2019-02,Merseyside Police,Merseyside Police,-2.966383,53.411282,On or near Parking Area,E01006747,Liverpool 031B,Investigation complete; no suspect identified
b40e8b3c9a8ceb790742e4b71b45f192181711491c6b598d3d877ac151d80904,2019-02,Merseyside Police,Merseyside Police,-2.969063,53.478165,On or near ST ASAPH GROVE,E01007054,Sefton 029B,Investigation complete; no suspect identified
4a1d1312dedc4642c86e7824f842da32d40a001950817609932a97e967bb021b,2019-02,Merseyside Police,Merseyside Police,-2.754049,53.458025,On or near RIVINGTON ROAD,E01006918,St. Helens 007E,Investigation complete; no suspect identified
0e694ed8f2368efc7a98c7ecd0c2a5f980dc87354d399b803b5f3efbce3214b6,2019-02,Merseyside Police,Merseyside Police,-3.036727,53.395654,On or near PARK ROAD NORTH,E01032903,Wirral 010F,Investigation complete; no suspect identified
628b76060970f3bd2bbbfbcf36ed906a6b1ba35f3b0ca16bdd06540f44f38e56,2019-02,Merseyside Police,Merseyside Police,-2.631125,53.450927,On or near RYDAL STREET,E01006858,St. Helens 015C,Offender given a drugs possession warning
ce14eec41844080f5ff418f8e76b1c2f4b31e54dcc42d114af77c4ee876cfb3d,2019-02,Merseyside Police,Merseyside Police,-2.958897,53.428898,On or near HOULDING STREET,E01006546,Liverpool 019B,Investigation complete; no suspect identified
5ad9e6ed745d5811a8b2be507db6a2041b524bff5f0155693306fc9211e8dfaf,2019-02,Merseyside Police,Merseyside Police,-2.941492,53.423167,On or near GRANGE STREET,E01006540,Liverpool 024A,Unable to prosecute suspect
d794c35468742c230197a4926571eded42409399039a70cf95386a266ba95f55,2019-02,Merseyside Police,Merseyside Police,-2.948643,53.428018,On or near WALTHAM ROAD,E01006766,Liverpool 019E,Investigation complete; no suspect identified
2e602a9b64277b185420aae15c22b19389aa9312b244f40d065cefbd634a756f,2019-02,Merseyside Police,Merseyside Police,-3.062924,53.369679,On or near ENNERDALE ROAD,E01007252,Wirral 024E,Investigation complete; no suspect identified
9730f669f82caa6383452549a8f25544f30a09b0e8026bc00d2771c0cc03377e,2019-02,Merseyside Police,Merseyside Police,-2.985464,53.402353,On or near DUKE STREET LANE,E01033754,Liverpool 061B,Suspect charged
2674a50e8a49c850751d7548e1be57cf131ef25a903460c714e3602bdeeacccc,2019-02,Merseyside Police,Merseyside Police,-2.996322,53.641993,On or near ARBOUR STREET,E01006996,Sefton 007D,Unable to prosecute suspect
f3093ba63c05615874f636cb5d12d1936eeb2596506feb447c72fed67a5569b1,2019-02,Merseyside Police,Merseyside Police,-2.857964,53.354681,On or near SHADOWBROOK DRIVE,E01006537,Liverpool 055D,Investigation complete; no suspect identified
bc5a4823170e3c6df6f50e1f513fa2b9aa9e4866403cd12be2c461d50a3f9f04,2019-02,Merseyside Police,Merseyside Police,-2.971824,53.631750,On or near Supermarket,E01006999,Sefton 008C,Investigation complete; no suspect identified
00a3bc6e96c6bca3311b79dfb4e46d8add8511a178c080c2a93790b57e1fb773,2019-02,Merseyside Police,Merseyside Police,-2.971444,53.418783,On or near NETHERFIELD ROAD SOUTH,E01006646,Liverpool 023C,Investigation complete; no suspect identified
193cce66bd681995e89208b22beeb5f42f87b60df002b4ab7191323784ac9c22,2019-02,Merseyside Police,Merseyside Police,-2.942711,53.371489,On or near ANNESLEY ROAD,E01006528,Liverpool 052C,Further investigation is not in the public interest
bf8b7511d03cb0e60ba58a53c1456a8e19f8619824ffb940de52b82ffdc1cbc4,2019-02,Merseyside Police,Merseyside Police,-2.928480,53.393695,On or near AVONDALE ROAD,E01006724,Liverpool 038F,Investigation complete; no suspect identified
733b1392051d13ab4daf47634840a53a0233139c40432c521912ed4211e427c5,2019-02,Merseyside Police,Merseyside Police,-3.105635,53.343393,On or near OLD MEADOW ROAD,E01007288,Wirral 037E,Unable to prosecute suspect
c8853d849b63fb7a3c47e75ec4a5f4bb0a81a5580299b739cb3257fcce978bbf,2019-02,Merseyside Police,Merseyside Police,-2.988145,53.445963,On or near BALLIOL ROAD,E01006961,Sefton 038B,Suspect charged
d9e1a28f43ce422945ac3bc890e9585b63fb46f1ed139ca2b09d6228adc79576,2019-02,Merseyside Police,Merseyside Police,-2.957453,53.406833,On or near BACK IRVINE STREET,E01006748,Liverpool 031C,Suspect charged
7d38f9e17b3e96d0c9809ed0aa87643830168a109a3201113f3f7537c60ea883,2019-02,Merseyside Police,Merseyside Police,-2.906981,53.468854,On or near HORSESHOE DRIVE,E01006508,Knowsley 004D,Unable to prosecute suspect
aa4369aee2e54acaebfa78a03dc76c260ae2b5b15bf6852668304b8914d860cf,2019-02,Merseyside Police,Merseyside Police,-2.956003,53.391842,On or near JERMYN STREET,E01006674,Liverpool 039C,Unable to prosecute suspect
caa38029693ef09dfc0306da8f9a8494d77ff15253e794a8fb9816f18fbdc21d,2019-02,Merseyside Police,Merseyside Police,-2.953731,53.413308,On or near GEORGE HARRISON CLOSE,E01006696,Liverpool 030C,Unable to prosecute suspect
d90c88e195ff47523439dc15a8063f687328d5bbf7ceba7c548934e7853a67e2,2019-02,Merseyside Police,Merseyside Police,-2.921992,53.398959,On or near GRANGE TERRACE,E01006721,Liverpool 038C,Unable to prosecute suspect
c1906ce03462fb861f8b4e200b2a3a717e25f3cc529435b50fd86f900a54c7f3,2019-02,Merseyside Police,Merseyside Police,-2.717650,53.417090,On or near PENDLEBURY STREET,E01006908,St. Helens 022C,Unable to prosecute suspect
cb56ba0d5966a5dc8405f7bd90fb1facd7e26ffe0715aa3c72660319e06d2c3a,2019-02,Merseyside Police,Merseyside Police,-3.032693,53.603286,On or near Petrol Station,E01006927,Sefton 011D,Investigation complete; no suspect identified
280a15bd1d86b6092a72234feabb21558dd7cac52af8736f741380b7df2ce463,2019-02,Merseyside Police,Merseyside Police,-2.717650,53.417090,On or near PENDLEBURY STREET,E01006908,St. Helens 022C,Unable to prosecute suspect
758e168fbbb8e21ff83a5fbdf65c6536d088422ddfd228e12a02fe7a41a7b581,2019-02,Merseyside Police,Merseyside Police,-3.002268,53.460677,On or near POPE STREET,E01007003,Sefton 036B,Unable to prosecute suspect
0589e8d4de97fc7c3b1525ba22af313e5eab5151f9004942581f8afb5b722697,2019-02,Merseyside Police,Merseyside Police,-3.003727,53.646767,On or near Shopping Area,E01006968,Sefton 004C,Formal action is not in the public interest
9442c9038934fca52afea53d689b77004a3ed7203e2dd1f800e69ad8a4bfde35,2019-02,Merseyside Police,Merseyside Police,-2.894137,53.418991,On or near Police Station,E01006570,Liverpool 026C,Further investigation is not in the public interest
eabb8bab589e31c5979391acbef63e361881f9e76d59e01dc08fe5edc0475029,2019-02,Merseyside Police,Merseyside Police,-2.967445,53.399067,On or near ST BRIDE STREET,E01006514,Liverpool 037A,Investigation complete; no suspect identified
1a561338557a5f71ef933cfcc87837bfebc2e216ce37265113228136760849c0,2019-02,Merseyside Police,Merseyside Police,-2.963946,53.314751,On or near Petrol Station,E01007169,Wirral 042E,Investigation complete; no suspect identified
98790142b102373c8bd4ff1b53b3eeedc2b01fa2f562268070953f7f9cbc0e4c,2019-02,Merseyside Police,Merseyside Police,-2.874611,53.480790,On or near BARN HEY ROAD,E01006446,Knowsley 005G,Unable to prosecute suspect
380960f5f93a5d18e4074c4dc9653bf0cea05b112728961c5d84098325a82c79,2019-02,Merseyside Police,Merseyside Police,-2.964392,53.415038,On or near COBDEN STREET,E01006646,Liverpool 023C,Unable to prosecute suspect
7ce851e8278d6d54a15f02b2bb8762ce1f0c0d9eb8f3e8c461c695f7bbae194e,2019-02,Merseyside Police,Merseyside Police,-2.947399,53.413358,On or near HALSBURY ROAD,E01006697,Liverpool 030D,Investigation complete; no suspect identified
6a56e6ed0de5445fe49857dcab0c376104b2c8715bcccf1920fe5e2772780b5b,2019-02,Merseyside Police,Merseyside Police,-2.944864,53.395382,On or near LESSEPS ROAD,E01006556,Liverpool 039B,Unable to prosecute suspect
bd7171e5adb780f7fba9aad026bfbc72dd353b877467d4cdc515fe6cfb26a3e3,2019-02,Merseyside Police,Merseyside Police,-2.887660,53.366634,On or near REDINGTON ROAD,E01006535,Liverpool 054B,Local resolution
de22abc94ce09c8ec7a007d3bbc42f4a2d304b51ea32f82f0b7a45e35008b73f,2019-02,Merseyside Police,Merseyside Police,-2.984887,53.408614,On or near PRESTON STREET,E01033762,Liverpool 060E,Unable to prosecute suspect
7077e6bffcc67c02ba4f08b959e95ebbdd591fa8c01efd4508623a687ae6bb09,2019-02,Merseyside Police,Merseyside Police,-2.996619,53.405326,On or near CANADA BOULEVARD,E01033752,Liverpool 062B,Investigation complete; no suspect identified
b2ab4959d5b6d5073efebf53fc25b5db4ef421cee3d75f5c78d63d84029814dd,2019-02,Merseyside Police,Merseyside Police,-2.848984,53.364012,On or near PALMERSTON DRIVE,E01006431,Knowsley 020D,Investigation complete; no suspect identified
f2e4a63824e733c5482b85989767dcff26d3abebde092fb9100188c92945c354,2019-02,Merseyside Police,Merseyside Police,-2.899352,53.408705,On or near NORVILLE ROAD,E01006584,Liverpool 034E,Investigation complete; no suspect identified
ace4a05fd6eff8a153790402b4ff284caa54c236994b9d1656e244be4ba3f939,2019-02,Merseyside Police,Merseyside Police,-3.044464,53.422931,On or near KENWYN ROAD,E01007217,Wirral 007D,Unable to prosecute suspect
7ee4442cf772c6464247fe74e54bec9aff3ced5e573120e799b13e8875455b5b,2019-02,Merseyside Police,Merseyside Police,-2.984887,53.408614,On or near PRESTON STREET,E01033762,Liverpool 060E,Unable to prosecute suspect
42e4ff1cb89bd01805762a5466605af0bd9cbe90bcc1355c145c5333e6ea0000,2019-02,Merseyside Police,Merseyside Police,-2.929529,53.391476,On or near FERNDALE ROAD,E01006550,Liverpool 038A,Suspect charged
16d516da7e38858d1672e23589102d45dbe1e6a76a4e6f6509ea2f7b634eba1d,2019-02,Merseyside Police,Merseyside Police,-2.996609,53.461497,On or near EMPIRE ROAD,E01007013,Sefton 036E,Investigation complete; no suspect identified
06c24f67e67132e946c3ffb28c98271628db375970e02bfe29d6753fb7bfead9,2019-02,Merseyside Police,Merseyside Police,-2.929529,53.391476,On or near FERNDALE ROAD,E01006550,Liverpool 038A,Suspect charged
2f35c4b45c4878ca5428a33fc37a7451163bf5aa96990844b2eb700ac4796b7e,2019-02,Merseyside Police,Merseyside Police,-2.987014,53.405648,On or near Shopping Area,E01033760,Liverpool 060C,Further investigation is not in the public interest
b3703cda21aa6e2b443ae39ec496b6b9df84d49e524d905fdc948296f182153a,2019-02,Merseyside Police,Merseyside Police,-2.929529,53.391476,On or near FERNDALE ROAD,E01006550,Liverpool 038A,Suspect charged
3f39cd6199a26a7e511883ef1da5c91f23dac120bb188f25fc9a37539d55be0e,2019-02,Merseyside Police,Merseyside Police,-2.998358,53.419855,On or near DUBLIN STREET,E01006776,Liverpool 022B,Unable to prosecute suspect
431d3dc0c15631aac5b67a0083764149bebd6747b23557d91e75005cb21c3bd5,2019-02,Merseyside Police,Merseyside Police,-2.894137,53.418991,On or near Police Station,E01006570,Liverpool 026C,Further investigation is not in the public interest
5b1e2ec69768580d7e64589c714c5d8450f8f5c556240074a8984dc988a8d19e,2019-02,Merseyside Police,Merseyside Police,-3.184174,53.372510,On or near THE CRESCENT,E01007198,Wirral 026C,Investigation complete; no suspect identified
575baeee5dd56d620b7a1029a0d234f94111596994d71fa22a186588b12d0d0e,2019-02,Merseyside Police,Merseyside Police,-2.917089,53.397585,On or near WRIGHTS TERRACE,E01006586,Liverpool 032C,Unable to prosecute suspect
71466e129b5f460e9929aa2415b9d88a88a2487467bccba97f9917ef7e2bd755,2019-02,Merseyside Police,Merseyside Police,-2.974400,53.401958,On or near LEECE STREET,E01006513,Liverpool 060A,Investigation complete; no suspect identified
71956a86b760a6f07d56a383ec59ba776d7ab9f7432cfd5162d718a5412b5454,2019-02,Merseyside Police,Merseyside Police,-3.045538,53.377796,On or near STORETON CLOSE,E01007242,Wirral 020E,Investigation complete; no suspect identified
960a5a536e21ca13704097aca5131f8d0526a758927d22047ec1afadc95d58f3,2019-02,Merseyside Police,Merseyside Police,-2.625655,53.450677,On or near ALDER STREET,E01006861,St. Helens 015F,Further investigation is not in the public interest
38dbce5d95a48350d727c2fef23125093f32244fdd097c66476976cfc21a774a,2019-02,Merseyside Police,Merseyside Police,-2.988869,53.407143,On or near PRINCES STREET,E01033760,Liverpool 060C,Unable to prosecute suspect
1875cdde29fa68c3451c48d89b30576aa9ab9f9bf09505f1886a37144c1d66e7,2019-02,Merseyside Police,Merseyside Police,-2.978216,53.406368,On or near BOLTON STREET,E01033760,Liverpool 060C,Suspect charged
14d72d19447aa3216ffa1946b13deded68d12c23aa75913d8d7c4cc125c00f37,2019-02,Merseyside Police,Merseyside Police,-2.633826,53.453304,On or near WINSTON AVENUE,E01006864,St. Helens 013B,Unable to prosecute suspect
e488c0bbfed52b784700c2f1ff973b2857a98c082675e84523d3f66637bdfcac,2019-02,Merseyside Police,Merseyside Police,-2.852505,53.408599,On or near COLIN CLOSE,E01006473,Knowsley 016B,Investigation complete; no suspect identified
580c11e883ef0fada9f29cc39fc6012f32f6676ceff612060d06d1c3e3d2bff9,2019-02,Merseyside Police,Merseyside Police,-2.951919,53.454743,On or near FREESIA AVENUE,E01032511,Liverpool 008G,Unable to prosecute suspect
51f0c8127cc21efa4e28924341997cb49afab7ff1652c306bfea9941a510e27f,2019-02,Merseyside Police,Merseyside Police,-3.053840,53.396816,On or near CRANBOURNE AVENUE,E01007156,Wirral 015B,Further investigation is not in the public interest
ecfec9662e4601f7b3c264911627b4a22f372e66d7b36de201da59af9043ed02,2019-02,Merseyside Police,Merseyside Police,-2.994951,53.471138,On or near Pedestrian Subway,E01033095,Sefton 033F,Unable to prosecute suspect
d7f894ff379eaf6aa2e30e12f17dba5fc311e71151c603999726fed48c01717d,2019-02,Merseyside Police,Merseyside Police,-2.964811,53.641847,On or near CROWLAND STREET,E01007060,Sefton 006C,Investigation complete; no suspect identified
d92087c495d080b198ed9525bf4052f1b3609db4695555021c8c392f5ca2bfd9,2019-02,Merseyside Police,Merseyside Police,-2.981574,53.444399,On or near Bus/Coach Station,E01006961,Sefton 038B,Investigation complete; no suspect identified
958bcc9b995ca2502e0155f5c99a96115f193e50be723577a15cc04cf79d1f80,2019-02,Merseyside Police,Merseyside Police,-2.983924,53.454879,On or near SURREY STREET,E01006966,Sefton 038F,Offender given a drugs possession warning
cc69c277affe77136167b326af2e8e34696e9b3380ff159ca843958c38a04593,2019-02,Merseyside Police,Merseyside Police,-2.897758,53.398730,On or near QUEENS DRIVE (WAVERTREE),E01006582,Liverpool 041A,Investigation complete; no suspect identified
9b916d83cdca2f66b7407eb194079e90bd0df76a7d2f5f0baf00435bc08cb182,2019-02,Merseyside Police,Merseyside Police,-2.840428,53.426294,On or near Sports/Recreation Area,E01006440,Knowsley 010A,Investigation complete; no suspect identified
68729c34047981abeb5c19ee4aadc5ecac9ac7aa92f76578d934af15258eac30,2019-02,Merseyside Police,Merseyside Police,-2.929331,53.445851,On or near NETHERWOOD ROAD,E01006730,Liverpool 011C,Investigation complete; no suspect identified
ba20daf1451380fbf86174fc0f5031ec2034af9b4f2f4ca56678be805cd6406d,2019-02,Merseyside Police,Merseyside Police,-2.958897,53.428898,On or near HOULDING STREET,E01006546,Liverpool 019B,Investigation complete; no suspect identified
59cf1491d83956ebff664958c9f2dffccd5e42f548a5a2c77d36ac1d372aceb2,2019-02,Merseyside Police,Merseyside Police,-2.800768,53.417227,On or near CHERRY TREE CLOSE,E01006500,Knowsley 013B,Formal action is not in the public interest
1ca337880bce48513770faceeaff389b525d2c60bbb18cc27bf344e852a8094a,2019-02,Merseyside Police,Merseyside Police,-2.727267,53.416331,On or near Sports/Recreation Area,E01006910,St. Helens 022E,Suspect charged
1ca337880bce48513770faceeaff389b525d2c60bbb18cc27bf344e852a8094a,2019-02,Merseyside Police,Merseyside Police,-2.727267,53.416331,On or near Sports/Recreation Area,E01006910,St. Helens 022E,Suspect charged
553ed4ad07d8fa45937fd77e41d986b8410b4417b3b434c2930a875971df97dc,2019-02,Merseyside Police,Merseyside Police,-2.973190,53.403676,On or near Further/Higher Educational Building,E01006513,Liverpool 060A,Unable to prosecute suspect
0a7e8e3b2cc6ee941ce0217ea9113ca77ab8430884aa5b2ea242e9d0d25d851b,2019-02,Merseyside Police,Merseyside Police,-2.984037,53.407012,On or near DAWSON STREET,E01033760,Liverpool 060C,Investigation complete; no suspect identified
51782007321be1c63ca49e32622e2433be7adc925a1271b86a136b673d1517f9,2019-02,Merseyside Police,Merseyside Police,-2.745887,53.457232,On or near COWLEY HILL LANE,E01006877,St. Helens 012C,Unable to prosecute suspect
fd4ad8d29e531d6738634e297ce8a2018aa7b11a59c4725f8a181f65d53e6035,2019-02,Merseyside Police,Merseyside Police,-2.868916,53.413712,On or near EASTON ROAD,E01006486,Knowsley 014C,Unable to prosecute suspect
29a6af6c30ac0415d7e310f9ef5269d48b855c8c4ea4e69f07494718047fc9e2,2019-02,Merseyside Police,Merseyside Police,-2.926628,53.390833,On or near NITHSDALE ROAD,E01006550,Liverpool 038A,Investigation complete; no suspect identified
7d9c987e3b5395a05d25c144817feeb8a1b423f7a1242c6c85333a198058023c,2019-02,Merseyside Police,Merseyside Police,-2.854470,53.452603,On or near KNOWSLEY LANE,E01006439,Knowsley 005F,Investigation complete; no suspect identified
2f1a58a87e81f3858c2c93e59f5ee76e21c374b546e1615e320687cdd3781423,2019-02,Merseyside Police,Merseyside Police,-2.863481,53.438022,On or near BLACKTHORNE CRESCENT,E01006413,Knowsley 006B,Investigation complete; no suspect identified
4c12981e5261e4ca9fdbc18e84707cc80a5821114bcbc028039d767dbada2192,2019-02,Merseyside Police,Merseyside Police,-2.931880,53.518937,On or near WENNING AVENUE,E01007100,Sefton 018E,Unable to prosecute suspect
050aebaec5273192908ee59519148e638b48d576ad02bbc4b289237e927e03dd,2019-02,Merseyside Police,Merseyside Police,-2.971807,53.447913,On or near WEAVER STREET,E01006790,Liverpool 006C,Investigation complete; no suspect identified
72b27fc612d4efd2a9c18482c35dd943c7f854ab4dff90ecc169274387d293ed,2019-02,Merseyside Police,Merseyside Police,-2.933171,53.410836,On or near ALFORD STREET,E01006692,Liverpool 028B,Unable to prosecute suspect
bdde4f3b842aacd7c661408aa73e987757e6f6756f8921eb9bf16001c370c213,2019-02,Merseyside Police,Merseyside Police,-2.975487,53.400170,On or near BACK KNIGHT STREET,E01006513,Liverpool 060A,Investigation complete; no suspect identified
b57b786618a5830bf47f18b802c892d16528ed8864ed60593676691f4b44ce41,2019-02,Merseyside Police,Merseyside Police,-2.764254,53.416576,On or near VICTORIA PLACE,E01006893,St. Helens 021C,Investigation complete; no suspect identified
7479553d0b2d190477872c1c29fb16da08e7ffbfd08959d80b24142a520e5ed9,2019-02,Merseyside Police,Merseyside Police,-3.002183,53.625675,On or near STAMFORD ROAD,E01006929,Sefton 010A,Action to be taken by another organisation
ff2888369d76660ddac5fed593b43b8ad4bb33518f0fe96e20320e525fabf4fd,2019-02,Merseyside Police,Merseyside Police,-3.033905,53.398959,On or near MARSHALL STREET,E01007133,Wirral 016E,Formal action is not in the public interest
729d205385a07f44d85a91e3dfc9120677792be432fa7105797a675ef0fd55b7,2019-02,Merseyside Police,Merseyside Police,-3.028772,53.622870,On or near Sports/Recreation Area,E01006974,Sefton 009F,Investigation complete; no suspect identified
fc00b27e11d5e0f1259947bb07b518059e525f5b95c214d5d12afad7daaee7d0,2019-02,Merseyside Police,Merseyside Police,-2.911616,53.413106,On or near AYLESFORD ROAD,E01006573,Liverpool 029C,Unable to prosecute suspect
64416ab694ff5affc7e7c3419bce7ab7e1fe14aad06e3ebec0b8ce66e5429f4a,2019-02,Merseyside Police,Merseyside Police,-2.852764,53.429083,On or near BERRYEDGE CRESCENT,E01006441,Knowsley 006D,Unable to prosecute suspect
f17e3eb94459e23960042dad18f9913f49405f731aa37fc8cdd7d1c62df42119,2019-02,Merseyside Police,Merseyside Police,-2.897758,53.398730,On or near QUEENS DRIVE (WAVERTREE),E01006582,Liverpool 041A,Suspect charged
3de03db3bf1eead4ef71cdb7ac5dda7a49d36bb780f74eaeb1639cf7cbec74be,2019-02,Merseyside Police,Merseyside Police,-2.727458,53.465417,On or near GARETH AVENUE,E01006854,St. Helens 004F,Local resolution
e1f1be4ef575423aa0882f36d235e11e828ffb3ddb842d244afca880b8ad9f3b,2019-02,Merseyside Police,Merseyside Police,-2.918078,53.456059,On or near EAST LANCASHIRE ROAD,E01006660,Liverpool 001E,Suspect charged
dc1a08311fa9579c688ca6507b38df22f031d0b7ba5ae9484c92f53a2c310e77,2019-02,Merseyside Police,Merseyside Police,-2.993646,53.405584,On or near Further/Higher Educational Building,E01033752,Liverpool 062B,Investigation complete; no suspect identified
8ebdb0fb455fb88bb771752a377dc0fb05706a848c3c44fde64b666bcb0ff1a7,2019-02,Merseyside Police,Merseyside Police,-2.932721,53.412970,On or near LORNE STREET,E01006692,Liverpool 028B,Investigation complete; no suspect identified
f4f632fcfbe735d5c94d015ac4f69f63a8dee24bfae215a5a8c02002f1aaa9a4,2019-02,Merseyside Police,Merseyside Police,-2.897758,53.398730,On or near QUEENS DRIVE (WAVERTREE),E01006582,Liverpool 041A,Suspect charged
3a062055fc54a3ac19c4551c7cbe91e489a77c5391229de13b12b0cccda2b391,2019-02,Merseyside Police,Merseyside Police,-2.926391,53.449838,On or near FELMERSHAM AVENUE,E01006737,Liverpool 005F,Investigation complete; no suspect identified
5390f0237de1c6e3029c5ba6c4811ffc32eaab5d0486c98d7bc4822e60d950a9,2019-02,Merseyside Police,Merseyside Police,-3.002786,53.461554,On or near SMOLLETT STREET,E01007003,Sefton 036B,Unable to prosecute suspect
c5824180a302aafa55b732f0ae9350dc3387c38eb1345bfb4727fd4162d7b408,2019-02,Merseyside Police,Merseyside Police,-3.042465,53.387352,On or near DEVONSHIRE ROAD,E01007160,Wirral 020B,Action to be taken by another organisation
423345dd0bff355e17a6de14f158deb407ee7378823513f49a92f9ff30e902f7,2019-02,Merseyside Police,Merseyside Police,-2.979600,53.406392,On or near ELLIOT STREET,E01033760,Liverpool 060C,Investigation complete; no suspect identified
eb5fa3f906baef5f3026966d4166c1e6548ab0c992ae90a47253b243cf15b4b0,2019-02,Merseyside Police,Merseyside Police,-2.911599,53.422877,On or near NEW HEY,E01006621,Liverpool 021D,Investigation complete; no suspect identified
9c64ac47ad6e6dc8e18a721c465434f621635180449167305ae8c6088ed4e451,2019-02,Merseyside Police,Merseyside Police,-2.930942,53.466486,On or near Hospital,E01006659,Liverpool 005B,Investigation complete; no suspect identified
a60e1b2305b6552d0d0041f6a0a02bce887d5ccfb69f1274240589ea038920c9,2019-02,Merseyside Police,Merseyside Police,-3.017684,53.382873,On or near QUEEN STREET,E01007291,Wirral 021D,Unable to prosecute suspect
2af862f13b4f8081e6b96a668cc6fc90f6b3bdc64a48c6c21d15f8d0924dde7a,2019-02,Merseyside Police,Merseyside Police,-3.090321,53.416624,On or near DRAKE ROAD,E01007204,Wirral 009A,Unable to prosecute suspect
e7f559e3734773a3bbe227191a375b809aecd322396c9bd2bc8265d4f08f6ea6,2019-02,Merseyside Police,Merseyside Police,-2.932721,53.412970,On or near LORNE STREET,E01006692,Liverpool 028B,Investigation complete; no suspect identified
370de06a87f587f74dbb420bdbcb84111b4b833b9d82902e5eabad8da56b1f16,2019-02,Merseyside Police,Merseyside Police,-3.060236,53.372201,On or near WRENBURY CLOSE,E01007246,Wirral 024C,Investigation complete; no suspect identified
064d9fb2ecd766abac23de7a2ea39b1a903c90def105b22b4cee28dc7c53cfa5,2019-02,Merseyside Police,Merseyside Police,-2.996045,53.458635,On or near KNOWSLEY ROAD,E01007013,Sefton 036E,Investigation complete; no suspect identified
806fd827f30b73bc67e2d6ee8fbeefc147f88353252aebfca9dd8c5253cdd2b0,2019-02,Merseyside Police,Merseyside Police,-3.034092,53.487255,On or near MERSEY ROAD,E01007109,Sefton 028E,Investigation complete; no suspect identified
289ef34cffd533514e29ccd4ee14c93e1b39dff3fd4beebbc57d3532f1dffe93,2019-02,Merseyside Police,Merseyside Police,-2.965584,53.378623,On or near GARSWOOD STREET,E01032505,Liverpool 050F,Unable to prosecute suspect
a322b8d92b569b462baa2002b79db78830ba59bee97921e1aaedc6f5ff1229a6,2019-02,Merseyside Police,Merseyside Police,-2.645460,53.451902,On or near BACK LEGH STREET,E01006863,St. Helens 013A,Investigation complete; no suspect identified
7c339e921b93ef1ae93b78ec41765abc0db917beb00679685d1c493e235b65b5,2019-02,Merseyside Police,Merseyside Police,-3.043887,53.436859,On or near ALBION PLACE,E01007231,Wirral 001C,Investigation complete; no suspect identified
4209a2a0870a289b28141b695dbfb667c37e354c248273dc0f1390e13170e0a0,2019-02,Merseyside Police,Merseyside Police,-2.865842,53.475667,On or near DIXON ROAD,E01006446,Knowsley 005G,Investigation complete; no suspect identified
32f607b9fe2159ec63c197897688e10c5e297fc85ec09098d4fd44b94b997956,2019-02,Merseyside Police,Merseyside Police,-2.987102,53.459419,On or near Petrol Station,E01007019,Sefton 035A,Investigation complete; no suspect identified
0b0040afed20ed4b73769b55db674d3b88acf7ac4835cbab110d2dbb3e9ada73,2019-02,Merseyside Police,Merseyside Police,-3.029654,53.476390,On or near ST JOHN'S PLACE,E01006958,Sefton 030C,Suspect charged
540be329006ab5ebad84c1c87d21e8b43fa3e870a96163af66b7fa2f421014c2,2019-02,Merseyside Police,Merseyside Police,-2.960596,53.460858,On or near ST JOHN'S AVENUE,E01006785,Liverpool 003D,Investigation complete; no suspect identified
5152becb73dc8cf9d8aa917b354c864cadbc82dca4bd0fbfbb0b21f24ecdc014,2019-02,Merseyside Police,Merseyside Police,-2.983924,53.454879,On or near SURREY STREET,E01006966,Sefton 038F,Offender given penalty notice
dbe4fc155faece5d133ca7ef52210f814e5e1e8650aeb9f6574db7f29153bb55,2019-02,Merseyside Police,Merseyside Police,-3.032214,53.391234,On or near FOX STREET,E01007127,Wirral 016B,Investigation complete; no suspect identified
f7fbc8e6a83a1914e5d2a9a68381e916a080f37f34d8b1be48f8cbdbe891b1a0,2019-02,Merseyside Police,Merseyside Police,-2.967166,53.432499,On or near SAKER STREET,E01006558,Liverpool 018B,Unable to prosecute suspect
73099d5a4ecbcdd1a45cdfdedbd7f70bffc65ddde627d2ec476b552cadcfd7f1,2019-02,Merseyside Police,Merseyside Police,-2.970242,53.315033,On or near SWALEDALE CLOSE,E01007167,Wirral 042C,Investigation complete; no suspect identified
2c6352e83aa0ed6bd995b06e2d0d70be5b40572b4d190940415744406a716b76,2019-02,Merseyside Police,Merseyside Police,-3.015565,53.387979,On or near TUNNEL ROAD,E01007291,Wirral 021D,Unable to prosecute suspect
5d263b26d8dd2add6952f2ba3da1a903d4cee16728386aa8ab5a58e7df02916e,2019-02,Merseyside Police,Merseyside Police,-2.702384,53.436624,On or near Supermarket,E01006844,St. Helens 020A,Action to be taken by another organisation
a4fbdcb6dc448fa074e3454475c7f5e5c6a3cdb2f7e3a293298bc2ddb44f9a66,2019-02,Merseyside Police,Merseyside Police,-3.029300,53.390154,On or near Parking Area,E01007128,Wirral 016C,Suspect charged
b70237d89ca2d3d43338cc904613a95a95e373943dbeb64e88f2806f003fd62d,2019-02,Merseyside Police,Merseyside Police,-3.019266,53.629306,On or near GROSVENOR GARDENS,E01006974,Sefton 009F,Unable to prosecute suspect
61047b39a2c90a4e9aaa3dad02235526c9df7bdf6e4a66eb598f657c3cf73813,2019-02,Merseyside Police,Merseyside Police,-2.868192,53.357501,On or near Supermarket,E01006537,Liverpool 055D,Suspect charged
61047b39a2c90a4e9aaa3dad02235526c9df7bdf6e4a66eb598f657c3cf73813,2019-02,Merseyside Police,Merseyside Police,-2.868192,53.357501,On or near Supermarket,E01006537,Liverpool 055D,Suspect charged
5b54709963bd011b4f8a1571feed0695c4f991eea567fa765f584c35490805a1,2019-02,Merseyside Police,Merseyside Police,-2.897976,53.354782,On or near WOOD STREET,E01006745,Liverpool 057D,Investigation complete; no suspect identified
a5f523aac42cb206374e04dfc13d317e84303d2e4777a349a4b039713ab11d40,2019-02,Merseyside Police,Merseyside Police,-2.918158,53.423447,On or near KREMLIN DRIVE,E01006768,Liverpool 020F,Investigation complete; no suspect identified
4dd9f25fb08aeba540c4e08ec6505ad5866fcf8e529d1282a870308b1c85c144,2019-02,Merseyside Police,Merseyside Police,-3.019266,53.629306,On or near GROSVENOR GARDENS,E01006974,Sefton 009F,Unable to prosecute suspect
88ec1f40f9b3a68ba5c34c0af8da9780f95196d94f3b661cb6220b62b6c436b2,2019-02,Merseyside Police,Merseyside Police,-2.865842,53.475667,On or near DIXON ROAD,E01006446,Knowsley 005G,Investigation complete; no suspect identified
39e5d99ae27e417c3ecd37619eb2fe31bbadb8e08cc18f18737120c09b4eb7ad,2019-02,Merseyside Police,Merseyside Police,-2.868136,53.424927,On or near FINCHAM SQUARE,E01006467,Knowsley 008B,Unable to prosecute suspect
52507e02d1811c6bc78805e1b70c61d6691247cb5da0da6af140829fb93477bd,2019-02,Merseyside Police,Merseyside Police,-2.967429,53.312781,On or near ADASTON AVENUE,E01007164,Wirral 042A,Unable to prosecute suspect
7717287c7ac5f9810365d04f7f02e71313de0c495bae9b4452870b1294178fcb,2019-02,Merseyside Police,Merseyside Police,-2.880408,53.479858,On or near ASHMUIR HEY,E01006437,Knowsley 003D,Investigation complete; no suspect identified
0b590bf05792024967613461fb3e6c6ddcd375edca71f38bd79965a7ae8341d1,2019-02,Merseyside Police,Merseyside Police,-2.999343,53.641815,On or near Petrol Station,E01006996,Sefton 007D,Unable to prosecute suspect
735d85424f4e5871f9ee0fac9b84885abd27ca10d46b180cb63b80b7ebdd6812,2019-02,Merseyside Police,Merseyside Police,-2.891867,53.426999,On or near KENDAL PARK,E01006640,Liverpool 021F,Investigation complete; no suspect identified
fb5f7efac9011af4b1f699ee90f152600bd3405562cbf9887c8ae9e3267cc4fa,2019-02,Merseyside Police,Merseyside Police,-3.041929,53.384498,On or near BARNARD ROAD,E01007160,Wirral 020B,Unable to prosecute suspect
f6aab4ac8987de173be95476ba88ccb86c87e4963bb65921c052d78ef367f333,2019-02,Merseyside Police,Merseyside Police,-2.775583,53.418211,On or near Petrol Station,E01006891,St. Helens 023C,Investigation complete; no suspect identified
92d7f62bbb6e1d1764b6b0a2011b3878a7455fa145f0f98c63a6391c340d9791,2019-02,Merseyside Police,Merseyside Police,-2.985267,53.649222,On or near HARTWOOD ROAD,E01007064,Sefton 006E,Investigation complete; no suspect identified
a4f8e0827d4a107c05bcc787c05a8b1f1973e1bcad9b1b49815c885f47d311cf,2019-02,Merseyside Police,Merseyside Police,-2.863647,53.420996,On or near Supermarket,E01006453,Knowsley 008A,Investigation complete; no suspect identified
c39e3de5a100d1879579ecde2249da5d98fc5a920c96eb90d8408ca30a00b0c9,2019-02,Merseyside Police,Merseyside Police,-2.960886,53.411650,On or near ELLEN'S CLOSE,E01006747,Liverpool 031B,Unable to prosecute suspect
3d2963b2ae1fb64bc558d877bf3fdc1a450737a1ddf2eaa74d12b61d3a3245c2,2019-02,Merseyside Police,Merseyside Police,-2.980427,53.341584,On or near CROFT GREEN,E01007143,Wirral 036C,Unable to prosecute suspect
434121da60e7bc34b29d4b012215ab4f38e66941d4577838e9a685b6e141242b,2019-02,Merseyside Police,Merseyside Police,-2.988735,53.405247,On or near LORD STREET,E01033756,Liverpool 061C,Investigation complete; no suspect identified
a6e0724c079d642efbb6080f077ffcf4cbc4c031b508959f08dbcb20559d0de0,2019-02,Merseyside Police,Merseyside Police,-2.803138,53.426443,On or near Supermarket,E01006463,Knowsley 007C,Unable to prosecute suspect
f4d5b500da80f00c8f65b602a2a1629eaf8a1de00374ccfcdbf3a453b350613e,2019-02,Merseyside Police,Merseyside Police,-3.029300,53.390154,On or near Parking Area,E01007128,Wirral 016C,Suspect charged
f4d5b500da80f00c8f65b602a2a1629eaf8a1de00374ccfcdbf3a453b350613e,2019-02,Merseyside Police,Merseyside Police,-3.029300,53.390154,On or near Parking Area,E01007128,Wirral 016C,Suspect charged
7ce6cdef322853c8bfd7d701d14425feb6fe997465ebff4ef21d2ecf457db693,2019-02,Merseyside Police,Merseyside Police,-3.041929,53.384498,On or near BARNARD ROAD,E01007160,Wirral 020B,Unable to prosecute suspect
5703fd0a46dd4094282c72e8bfe2437e37a242c546d4dca583ef9ae693a91381,2019-02,Merseyside Police,Merseyside Police,-3.003266,53.469145,On or near RUTHVEN ROAD,E01006977,Sefton 032E,Unable to prosecute suspect
45ca485d3d06f1dc53b5b117797f0074889999bfa6ab82f86c946f83da888e8d,2019-02,Merseyside Police,Merseyside Police,-2.796237,53.420367,On or near SHAW LANE,E01006459,Knowsley 009A,Investigation complete; no suspect identified
d853293d398a8caa9299883077cfa27447575a3f31fab6728ad3b101e2a6ecc3,2019-02,Merseyside Police,Merseyside Police,-2.976861,53.404365,On or near UPPER NEWINGTON,E01033756,Liverpool 061C,Unable to prosecute suspect
93367c6b766900ab92183af11da6471da7c2306ff4637d79810ee30e574744fc,2019-02,Merseyside Police,Merseyside Police,-2.707628,53.450516,On or near MATHER AVENUE,E01006871,St. Helens 011D,Investigation complete; no suspect identified
9a6015b6c8d912f1d7025e21fea4724a25b6ec2248e2266a5446c89224324ba5,2019-02,Merseyside Police,Merseyside Police,-3.021678,53.481798,On or near MORNINGTON AVENUE,E01007107,Sefton 025E,Investigation complete; no suspect identified
d9a14cb148d2325d9b363ac8d1433a92174bf2ef705b3879a7baa1e749e4d507,2019-02,Merseyside Police,Merseyside Police,-2.856519,53.376291,On or near WHITNEY ROAD,E01006797,Liverpool 051C,Investigation complete; no suspect identified
b0dc5d5f1f4d9641d3dd06dcd76be78a511aa7ecbd84cd7ec73e845352af486d,2019-02,Merseyside Police,Merseyside Police,-2.949065,53.480743,On or near AINTREE WAY,E01007041,Sefton 027A,Investigation complete; no suspect identified
a7717ad296e84b948e26682123870597c3895a368412b775de0661d54b61f8ee,2019-02,Merseyside Police,Merseyside Police,-2.981930,53.406967,On or near Parking Area,E01033760,Liverpool 060C,Investigation complete; no suspect identified
f0a0caae1fb07698ab387d85a3e956d289f21950150ebf74a29c3b8840075e09,2019-02,Merseyside Police,Merseyside Police,-2.981323,53.407376,On or near Theatre/Concert Hall,E01033760,Liverpool 060C,Unable to prosecute suspect
572f17915e8d31b365dc0a776bd654c021d0c603862663a261b56b04965d1206,2019-02,Merseyside Police,Merseyside Police,-2.931265,53.376612,On or near VICTORIA CLOSE,E01006521,Liverpool 052A,Unable to prosecute suspect
79cb816f483640ef559bd13a084ae4d57b13322f7e9dfdb35e2186de2973b602,2019-02,Merseyside Police,Merseyside Police,-2.998447,53.460871,On or near SNAVE CLOSE,E01007013,Sefton 036E,Suspect charged
777c2be114061a94c96e8ca511bdb03c406fede766e80e4f8c2ddf928a7267b1,2019-02,Merseyside Police,Merseyside Police,-2.933160,53.465956,On or near SECOND AVENUE,E01006659,Liverpool 005B,Suspect charged
305654c06991aa0a23876d3806b6831637ffecdc0b599625df7ce01da0a6b604,2019-02,Merseyside Police,Merseyside Police,-2.958385,53.660658,On or near Pedestrian Subway,E01007031,Sefton 002B,Investigation complete; no suspect identified
4a9c3c31be624d7047abdbbff23c7cb115ce18627e682481b5a0bde09a8b7056,2019-02,Merseyside Police,Merseyside Police,-2.890096,53.393376,On or near HIGHVILLE ROAD,E01006581,Liverpool 036C,Further investigation is not in the public interest
1e5d5a9a92ad175ec233307dc5a5465634324920dba76b1a99f4acdab84246b4,2019-02,Merseyside Police,Merseyside Police,-2.956966,53.468240,On or near HOOTON ROAD,E01006780,Liverpool 002D,Investigation complete; no suspect identified
ff8862a16c877ebb927f87a6f4d0740d2396df584a1cb68568d385ebaba96fa9,2019-02,Merseyside Police,Merseyside Police,-2.972737,53.385783,On or near SADDLESTONE GROVE,E01006630,Liverpool 044B,Unable to prosecute suspect
ce5ee2803a3cbd4df81ca011bc7bfaf2d5964490bbd65fcefc0ffaed503a8a61,2019-02,Merseyside Police,Merseyside Police,-2.958897,53.428898,On or near HOULDING STREET,E01006546,Liverpool 019B,Offender given a drugs possession warning
408dd8f9769c7fab618dfa1eeec455a534fc5013a7b78bfde6b224f5b19c9a3d,2019-02,Merseyside Police,Merseyside Police,-3.000430,53.456180,On or near SPENSER STREET,E01007008,Sefton 037C,Unable to prosecute suspect
176e69fc106a62de31c703fbb75294d42dc2049db526940d0ba1581d9b32d9fd,2019-02,Merseyside Police,Merseyside Police,-2.743879,53.450862,On or near SANDFIELD CRESCENT,E01006832,St. Helens 012A,Unable to prosecute suspect
63182c36ea790da7c41a0747316ef06b6fde493c48daf525b58a8abea7eff4f8,2019-02,Merseyside Police,Merseyside Police,-2.958897,53.428898,On or near HOULDING STREET,E01006546,Liverpool 019B,Offender given a drugs possession warning
db6ea24a2c199fb1a7b1ea8e276add00f43bff109b9d00a5ae00dc52b6d07ad2,2019-02,Merseyside Police,Merseyside Police,-2.910506,53.445636,On or near COLESBORNE ROAD,E01006672,Liverpool 010E,Investigation complete; no suspect identified
97991d2471052fec3cee4abb5e0b9470e752fec4aa81d66fbe21fd995dc06a36,2019-02,Merseyside Police,Merseyside Police,-2.973247,53.462121,On or near WESTFIELD ROAD,E01006786,Liverpool 003E,Investigation complete; no suspect identified
ea3fb5dbe575b536b19a4da7f73e91342fa78c5d575c578dd4864255002364c2,2019-02,Merseyside Police,Merseyside Police,-2.956966,53.468240,On or near HOOTON ROAD,E01006780,Liverpool 002D,Investigation complete; no suspect identified
3a66c954aa91e6a2fdf8cb3ec1c6fbe40eec6dde736487c4e244c89d1c66f08c,2019-02,Merseyside Police,Merseyside Police,-3.007182,53.345595,On or near QUARRY AVENUE,E01007152,Wirral 036D,Unable to prosecute suspect
f1bfbf350dcec80d9e1c6be108b96ae2abaa07508ea610c8055ffb632d0a1704,2019-02,Merseyside Police,Merseyside Police,-3.007182,53.345595,On or near QUARRY AVENUE,E01007152,Wirral 036D,Unable to prosecute suspect
eba2db5016b49639d25d74ed2e4e697a22597e8cb3365809179669366428cdf5,2019-02,Merseyside Police,Merseyside Police,-3.029300,53.390154,On or near Parking Area,E01007128,Wirral 016C,Investigation complete; no suspect identified
a1a3a1de0e6122c6f879ba5cf9a1f15d4a775f0e9bceee1324f72305b7013051,2019-02,Merseyside Police,Merseyside Police,-2.849538,53.408423,On or near WATERSIDE PARK,E01006476,Knowsley 016E,Investigation complete; no suspect identified
09f87e99d1b9fba1d367a32653e84af7c26b58b2e9d3a2a3d474e9927c24f7f1,2019-02,Merseyside Police,Merseyside Police,-3.073461,53.382861,On or near SANDALWOOD DRIVE,E01007162,Wirral 019C,Unable to prosecute suspect
640dba06b4f630c4b8dc1f842379f3298e1443e5bacffe50c0dd4e80dd2b67ce,2019-02,Merseyside Police,Merseyside Police,-2.989801,53.649041,On or near KESTREL COURT,E01006969,Sefton 004D,Investigation complete; no suspect identified
b7365185166626c045d449f5cf280df040867e6482ef94958d5c90629316cb31,2019-02,Merseyside Police,Merseyside Police,-2.957502,53.474617,On or near FENTON CLOSE,E01007041,Sefton 027A,Unable to prosecute suspect
d0739ee20906488798de87a7006a7a94a36940859b27c26e918b131773dcbcd2,2019-02,Merseyside Police,Merseyside Police,-2.943063,53.416655,On or near HAMPSTEAD ROAD,E01006695,Liverpool 028C,Investigation complete; no suspect identified
815e6ead8474cf73b4096bab195b721758ea4a0677cac5e561e2634b3e128952,2019-02,Merseyside Police,Merseyside Police,-3.097365,53.343649,On or near ROSEMEAD AVENUE,E01007279,Wirral 034D,Unable to prosecute suspect
c712031d2a4d87645a345d056e73808ec5cd298bee9f1e79e32271d15bd16bd2,2019-02,Merseyside Police,Merseyside Police,-2.928164,53.432395,On or near ADAIR ROAD,E01006605,Liverpool 016B,Investigation complete; no suspect identified
e6fc479f2af02c4456a1d0057873b9414734de44c682cf5ec7b2d53906c99d54,2019-02,Merseyside Police,Merseyside Police,-2.823074,53.343600,On or near CROYDE ROAD,E01006754,Liverpool 059B,Investigation complete; no suspect identified
d6b5b38f6dfddc2ec525b55ca5b69be5636837e3ecb72247347133ec2681cd3c,2019-02,Merseyside Police,Merseyside Police,-2.764742,53.423665,On or near FIELD WAY,E01032905,St. Helens 019J,Investigation complete; no suspect identified
3a7989246c8e9640eb65d5c21e5d8a1ab303e646916c7024e4064d90dde9f37e,2019-02,Merseyside Police,Merseyside Police,-2.900134,53.406587,On or near BOWRING PARK ROAD,E01006584,Liverpool 034E,Investigation complete; no suspect identified
481f24bce78396383e63ab003cb42ad38abf7e106683e8c6070a3a95946aae48,2019-02,Merseyside Police,Merseyside Police,-3.083732,53.394778,On or near Further/Higher Educational Building,E01007124,Wirral 011E,Unable to prosecute suspect
d25cdef24f41738db128197b1bf326f7d94a0fdc579ab98bdac5a037c3d57b82,2019-02,Merseyside Police,Merseyside Police,-2.754014,53.455194,On or near TAMWORTH STREET,E01006876,St. Helens 016D,Unable to prosecute suspect
bf159ba5c5d0105a1bcb5cc90f3a5de7fff3fa60d7fb04698b9c148fbf0b5f67,2019-02,Merseyside Police,Merseyside Police,-2.988110,53.650457,On or near KINGFISHER COURT,E01006944,Sefton 003A,Investigation complete; no suspect identified
f6259afc71f3fbf734e27147c927c9a1ba7231dbf3e93512c785ce263e48b211,2019-02,Merseyside Police,Merseyside Police,-3.010174,53.646893,On or near Parking Area,E01006968,Sefton 004C,Investigation complete; no suspect identified
2a34fbc9c052289960d2599973c89c62966e27cb116a1955d2cafe01958995f7,2019-02,Merseyside Police,Merseyside Police,-2.943584,53.425218,On or near HERBERT TAYLOR CLOSE,E01006760,Liverpool 028E,Unable to prosecute suspect
ed5a0cd89d2d468e2061d891efe710837e295d81daaf9d646b2901d5a0f205f2,2019-02,Merseyside Police,Merseyside Police,-2.941492,53.423167,On or near GRANGE STREET,E01006540,Liverpool 024A,Unable to prosecute suspect
476236a6d00475a218dca30a9f790ae78e6ba2299823b948e8c83147ea609e71,2019-02,Merseyside Police,Merseyside Police,-3.020229,53.390609,On or near WALTON STREET,E01007126,Wirral 016A,Unable to prosecute suspect
8d69084972cb50d2f406a8e1fb346d50b02126687ac3f7c95badcfd4170fc921,2019-02,Merseyside Police,Merseyside Police,-2.851976,53.339973,On or near DAM WOOD ROAD,E01006741,Liverpool 058C,Suspect charged
6c99217a5011c1a4485364674f8cc1cd00811a5945ff29e6263f5d7c6f3aa723,2019-02,Merseyside Police,Merseyside Police,-2.740464,53.455378,On or near NEW CROSS STREET,E01006877,St. Helens 012C,Unable to prosecute suspect
b2fcd1699b0983df3162fc03cedb723969b267dd73d65db2a2810b69a5e507fe,2019-02,Merseyside Police,Merseyside Police,-2.966853,53.416043,On or near PARKSIDE STREET,E01006646,Liverpool 023C,Offender given a drugs possession warning
e38ce35db5eb5665b519561b1fe7572c9463b0366235c578592847c4e3764e3a,2019-02,Merseyside Police,Merseyside Police,-2.692289,53.451757,On or near COTSWOLD GROVE,E01006820,St. Helens 011B,Unable to prosecute suspect
381949f10156e8e000bdefc65b0f90e961bebc3993593076bd7dae3a5ff0e9ea,2019-02,Merseyside Police,Merseyside Police,-2.981499,53.403914,On or near ROE ALLEY,E01033756,Liverpool 061C,Offender given a caution
d759726f2b13ea7b8f1a0e0f96e637f139c76cdb469f2c1f9a50f8555d6aa9d2,2019-02,Merseyside Police,Merseyside Police,-2.713935,53.422551,On or near DUNSTER GROVE,E01006897,St. Helens 020F,Suspect charged
04dc4579ea80d8e139a3a03982e533a07d097518bb3cbb850e85645d8319b080,2019-02,Merseyside Police,Merseyside Police,-2.930114,53.441719,On or near BROADWAY,E01006603,Liverpool 011B,Unable to prosecute suspect
7f872f915305b825231189fa5020a1057599a9356d8d5502a524f5c1312b61eb,2019-02,Merseyside Police,Merseyside Police,-3.084491,53.419922,On or near Sports/Recreation Area,E01007210,Wirral 006C,Suspect charged
c5dfcccd5dcca21928778f7efd6cf7be35c9e5a7c5100221512240900bb1bc7c,2019-02,Merseyside Police,Merseyside Police,-3.071119,53.562453,On or near THE COPSE,E01007079,Sefton 014B,Further investigation is not in the public interest
81e36394a2a2934e0c8337c059c7c9996ecddba99ee6a58e109d797640a94de8,2019-02,Merseyside Police,Merseyside Police,-2.955301,53.426257,On or near BALA STREET,E01006547,Liverpool 019C,Offender given penalty notice
a6690cf0c02301fdc1e58ecea90a9cd57a762923954a82a381f340b08259ba2c,2019-02,Merseyside Police,Merseyside Police,-2.987882,53.412580,On or near STOCKDALE CLOSE,E01033751,Liverpool 062A,Suspect charged
490ae12d3392d8677f4628272d3cb139c6312b2e5356250a2d0039a75ffd7915,2019-02,Merseyside Police,Merseyside Police,-2.954046,53.470366,On or near MELLING AVENUE,E01006656,Liverpool 002B,Unable to prosecute suspect
bd1108ae5f53d2be7ea2968700e094513ef4b2157454d472c360d43d6dcbd2de,2019-02,Merseyside Police,Merseyside Police,-2.938068,53.398906,On or near SALISBURY ROAD,E01006726,Liverpool 035C,Investigation complete; no suspect identified
ad317e09e49a63f45d50f772a407940ac077cc819774cff63878b0dad53257f7,2019-02,Merseyside Police,Merseyside Police,-2.837409,53.401326,On or near SILVERDALE CLOSE,E01006471,Knowsley 016A,Investigation complete; no suspect identified
179a9d88f765521396c26b202127c91222026738bb95cfea0b7943b4882d02ad,2019-02,Merseyside Police,Merseyside Police,-3.027777,53.354363,On or near VILLAGE ROAD,E01007116,Wirral 032E,Suspect charged
e30b704f6d7ebc7bf36ac6174a6e68c015998af0087d9cbbc7f187cc24a01bde,2019-02,Merseyside Police,Merseyside Police,-3.010607,53.646638,On or near ROYAL TERRACE,E01006968,Sefton 004C,Investigation complete; no suspect identified
07e509212062f880aabcc64d5efa09cce26e35d3138883cd51399464cdefce55,2019-02,Merseyside Police,Merseyside Police,-2.938068,53.398906,On or near SALISBURY ROAD,E01006726,Liverpool 035C,Investigation complete; no suspect identified
e0af8969ab9e566e1f25f4a65a783014739555001271f8d01c62f47253c7f732,2019-02,Merseyside Police,Merseyside Police,-2.938068,53.398906,On or near SALISBURY ROAD,E01006726,Liverpool 035C,Investigation complete; no suspect identified
2a057b91cfdf2cf4d34b20f08ce307798f84aed7f7f8b8ec8e40c5db1768e733,2019-02,Merseyside Police,Merseyside Police,-2.756057,53.462525,On or near HAMMILL STREET,E01006916,St. Helens 007C,Unable to prosecute suspect
7225c99c3fcd6ef9279da73dd159f3baa191ee12096d38e2dcf30758e4d518f1,2019-02,Merseyside Police,Merseyside Police,-3.174442,53.395205,On or near Supermarket,E01007202,Wirral 014E,Unable to prosecute suspect
8270aa8b3d82f229548bde3a6107fea7e82aea0adbf92d15f4fb115c0ff37e4c,2019-02,Merseyside Police,Merseyside Police,-2.938068,53.398906,On or near SALISBURY ROAD,E01006726,Liverpool 035C,Investigation complete; no suspect identified
dc696b895b033dec8bb02bc66f566dc9df62478ee3340e76e3e499f1f978cea2,2019-02,Merseyside Police,Merseyside Police,-2.926347,53.465793,On or near LADYSMITH ROAD,E01006660,Liverpool 001E,Unable to prosecute suspect
82ee58aaa69f30912df963dc06e7671ef6b7c7f71d5acd44a4dfa1a879d4b22f,2019-02,Merseyside Police,Merseyside Police,-3.006837,53.333499,On or near MERIDEN AVENUE,E01007147,Wirral 038D,Unable to prosecute suspect
a73b7402f5a511ff0f3bfb80aae96c72106205b82243c3e21b1389b03e4ba356,2019-02,Merseyside Police,Merseyside Police,-2.725319,53.471579,On or near GREEN LEACH COURT,E01006853,St. Helens 004E,Investigation complete; no suspect identified
e6b5867ac05245e490b841d312ea2b56464e00901f156e34ff3d15455a37ca41,2019-02,Merseyside Police,Merseyside Police,-2.921250,53.418902,On or near SARK ROAD,E01006718,Liverpool 027E,Unable to prosecute suspect
95ea6e5e015ff1ab7b028a5678091d6823be5df73755442a86b91067ef16e557,2019-02,Merseyside Police,Merseyside Police,-2.964809,53.409497,On or near Hospital,E01006747,Liverpool 031B,Suspect charged
5cdfa73523b2eb53b4eb7d576e1bae98a3ccd27274ca8db983999b8284eecab8,2019-02,Merseyside Police,Merseyside Police,-2.922171,53.418347,On or near GREEN LANE,E01006718,Liverpool 027E,Unable to prosecute suspect
012394ccd2a6e3e3ce70ccf72bbb616a48b1ac09bfb7e7793503740ad5776724,2019-02,Merseyside Police,Merseyside Police,-2.975081,53.439643,On or near CHIRKDALE STREET,E01006699,Liverpool 014A,Suspect charged
52450cb650a49343c7e3542f91f2b9b7d5bcb4c06d0c58095cdd1dc52335b985,2019-02,Merseyside Police,Merseyside Police,-2.898126,53.357657,On or near ISLAND PLACE,E01006745,Liverpool 057D,Unable to prosecute suspect
47077664d45f1c93f24e605b139c5b0593d7bc09c9ad4a76d36351d025824523,2019-02,Merseyside Police,Merseyside Police,-3.045710,53.398317,On or near BRETT STREET,E01032903,Wirral 010F,Investigation complete; no suspect identified
b75c37e3c076e5c88eaf5cbb67f42c71c123c6ae0fcd58468fb6c8e8c789dddc,2019-02,Merseyside Police,Merseyside Police,-2.859045,53.427833,On or near MELBURY ROAD,E01006467,Knowsley 008B,Investigation complete; no suspect identified
9a515bf7cf26c73cb1a8de951164fcbdce0109c3b9ae3f4e8defb4831878f3e6,2019-02,Merseyside Police,Merseyside Police,-2.971642,53.673189,On or near PILLING CLOSE,E01006948,Sefton 003B,Investigation complete; no suspect identified
fef9ad0d5849d1db006782ebc39874d32fe7dc1ab61e2313b98611a9a53eb2c3,2019-02,Merseyside Police,Merseyside Police,-2.950196,53.405210,On or near THORBURN STREET,E01033763,Liverpool 031G,Investigation complete; no suspect identified
c25eb330847db98342f8ab6d97812549e32ea566d66117b01836aba318e2b730,2019-02,Merseyside Police,Merseyside Police,-3.041685,53.432393,On or near GREENBANK AVENUE,E01007233,Wirral 002C,Investigation complete; no suspect identified
63eab21f464561599411b706928ad77ee641378a971c201a449b3fef86f7a074,2019-02,Merseyside Police,Merseyside Police,-3.014606,53.391259,On or near CROSS STREET,E01007126,Wirral 016A,Unable to prosecute suspect
dd8e7d90c66cdef22e5f70b0346c3656816b7949a62de82e158e8d0668f0dae6,2019-02,Merseyside Police,Merseyside Police,-2.822650,53.411263,On or near HILLCREST PARADE,E01006477,Knowsley 015A,Investigation complete; no suspect identified
dec3328df3c677e7195b5e62579e546c477e1000f26e077dcead0e5eafc355b3,2019-02,Merseyside Police,Merseyside Police,-2.967630,53.401240,On or near Further/Higher Educational Building,E01006513,Liverpool 060A,Unable to prosecute suspect
70a183d029440c6a233e45aeafaf42bac19b7ad2dedd2184f2198b4baeffdeb7,2019-02,Merseyside Police,Merseyside Police,-2.964809,53.409497,On or near Hospital,E01006747,Liverpool 031B,Investigation complete; no suspect identified
83294ccd2f9c584b4d5094124940d9deee057a88a4e8815056a1e1a1101848f2,2019-02,Merseyside Police,Merseyside Police,-3.014606,53.391259,On or near CROSS STREET,E01007126,Wirral 016A,Unable to prosecute suspect
7b54238957e5656ab9fbf29f1d3a66098c9aa1bfd79e0aeb554a40481aa50ce2,2019-02,Merseyside Police,Merseyside Police,-2.967630,53.401240,On or near Further/Higher Educational Building,E01006513,Liverpool 060A,Unable to prosecute suspect
ba1dc38431d3898e7441e049f87916d64984dc1fac830e573c17b0d7c84035e0,2019-02,Merseyside Police,Merseyside Police,-3.014606,53.391259,On or near CROSS STREET,E01007126,Wirral 016A,Unable to prosecute suspect
0c7ad46fbd1f64aa3550546a51ea9113550b6bd1a5fd2bd874a3eeb48dbe065f,2019-02,Merseyside Police,Merseyside Police,-3.098956,53.330744,On or near ROCK AVENUE,E01007184,Wirral 037B,Investigation complete; no suspect identified
159027f447bc429679fed1dc6fecec244f606afecd8592da30d5dbe9d8b2ea23,2019-02,Merseyside Police,Merseyside Police,-2.890096,53.393376,On or near HIGHVILLE ROAD,E01006581,Liverpool 036C,Further investigation is not in the public interest
581a9185d55fc0d5f916725fa5564b152b0ae4af4f23cb8f91f294fd5a9023cf,2019-02,Merseyside Police,Merseyside Police,-2.991993,53.484475,On or near MUSKER DRIVE,E01007089,Sefton 024E,Unable to prosecute suspect
46fa7c62d99d172680e553f47347b3a5baf4a5f7c26f0b782607faa178a58f9c,2019-02,Merseyside Police,Merseyside Police,-2.918108,53.384840,On or near IVYDALE ROAD,E01006595,Liverpool 049B,Investigation complete; no suspect identified
69c1cfec959b92387f3cb342947c422d7c14ff55c9c0f5789aa094f352d5f4e1,2019-02,Merseyside Police,Merseyside Police,-3.031621,53.394700,On or near NEWTON STREET,E01007133,Wirral 016E,Investigation complete; no suspect identified
ce78560a97610202add52ad851c00637f4e465ea7afd8600cfb35a4a556dfc4a,2019-02,Merseyside Police,Merseyside Police,-2.969690,53.401215,On or near Theatre/Concert Hall,E01006514,Liverpool 037A,Investigation complete; no suspect identified
2abd940cceef84a27afc73069b0eb24d1ed515155035ae5f569a17bfb2b6f547,2019-02,Merseyside Police,Merseyside Police,-2.988969,53.450325,On or near CASPIAN PLACE,E01006967,Sefton 037A,Investigation complete; no suspect identified
488f8ca05d4baa0bf07030d4950eeb61d491e586afbf7158f04ec2b5c75557d5,2019-02,Merseyside Police,Merseyside Police,-2.930232,53.455399,On or near LONG LANE,E01006659,Liverpool 005B,Investigation complete; no suspect identified
327882b58059da47598cc14589ccc2aead4a83b60c9c3c2ec2562893e7e1badb,2019-02,Merseyside Police,Merseyside Police,-2.844751,53.427234,On or near MAPLE LEAF DRIVE,E01006441,Knowsley 006D,Investigation complete; no suspect identified
cf80e31703e9f73f7e97c339ce69f63ed95527e9bae3a5aa12d3f56e95063717,2019-02,Merseyside Police,Merseyside Police,-2.709749,53.460337,On or near BIDSTON AVENUE,E01006812,St. Helens 008C,Investigation complete; no suspect identified
ec28821ea26f17ed58109319326444ea2bbeeaaf4f8ab5ea126398340c5e092f,2019-02,Merseyside Police,Merseyside Police,-3.073461,53.382861,On or near SANDALWOOD DRIVE,E01007162,Wirral 019C,Unable to prosecute suspect
fd185d68c3a968f0fc95e359146c1fe6c29cc60719e8840d2e7634ba6589a128,2019-02,Merseyside Police,Merseyside Police,-3.002637,53.338838,On or near GRANBY CRESCENT,E01007146,Wirral 038C,Investigation complete; no suspect identified
c4a3537aa4015f8c08759cd96d1220a12ba4dc4a28306f1eded98b805744c134,2019-02,Merseyside Police,Merseyside Police,-2.632080,53.461502,On or near DIXON AVENUE,E01006868,St. Helens 010C,Investigation complete; no suspect identified
d317a3f63edf147b385e6a95eeb71b32d889ce0de0af4fa1d3f3642afda2480f,2019-02,Merseyside Police,Merseyside Police,-3.017684,53.382873,On or near QUEEN STREET,E01007291,Wirral 021D,Unable to prosecute suspect
9dc501956cbbbc98c2d4900e0cd0088032de726a6a05f58eac50861b36de6a1a,2019-02,Merseyside Police,Merseyside Police,-2.978148,53.390943,On or near GRAFTON STREET,E01033765,Liverpool 061D,Investigation complete; no suspect identified
55386f690a5c58f50d913b0f9031e41e30f9431d31d6146fc375aca9147ec0b6,2019-02,Merseyside Police,Merseyside Police,-2.953752,53.412220,On or near THORNES ROAD,E01006696,Liverpool 030C,Investigation complete; no suspect identified
b0016a8ac971030f18e1aacd7a1a527481c3a1cfca8d47c27eb35c344dd42e4f,2019-02,Merseyside Police,Merseyside Police,-2.976279,53.441341,On or near CAIRO STREET,E01006699,Liverpool 014A,Investigation complete; no suspect identified
f92368a8c70934556f3010f3c148963dd5d3e6b4a1a49be7fd1806fc50197669,2019-02,Merseyside Police,Merseyside Police,-2.975081,53.439643,On or near CHIRKDALE STREET,E01006699,Liverpool 014A,Suspect charged
b34257040b27d90a75673968b885781ad11d2a5c3c456eee19f5414ebc46eabe,2019-02,Merseyside Police,Merseyside Police,-3.117864,53.392278,On or near OAK AVENUE,E01007306,Wirral 017E,Investigation complete; no suspect identified
f698bcd907eb5dda1cf3b6df56a6c7476f84d69794d3c6b1af925215425e94be,2019-02,Merseyside Police,Merseyside Police,-2.843105,53.419336,On or near WAVELL ROAD,E01006443,Knowsley 010C,Unable to prosecute suspect
903a30204e9b743f71e97e0ff686614aca34305f56d5d5f98b858d74a33befed,2019-02,Merseyside Police,Merseyside Police,-2.955070,53.406564,On or near BACK TOWERLANDS STREET,E01033763,Liverpool 031G,Investigation complete; no suspect identified
bee8eda75961dd3fe0b5cf137c8198192be6e17e2cabbb5ca594c019895ab627,2019-02,Merseyside Police,Merseyside Police,-2.935313,53.506353,On or near GATLEY DRIVE,E01007099,Sefton 019D,Investigation complete; no suspect identified
d341019c659b147d8e2b5bc8dfc8ae3e13ba7d28dfbfc8e6250428b583c50ecb,2019-02,Merseyside Police,Merseyside Police,-2.935249,53.394478,On or near Supermarket,E01006723,Liverpool 038E,Suspect charged
2910540fad8975a579d4980c3dc392fd63bd7bfb216147cbadbd6ee109c42a8c,2019-02,Merseyside Police,Merseyside Police,-3.024648,53.355478,On or near TEEHEY LANE,E01007116,Wirral 032E,Unable to prosecute suspect
3ded8135d32efac35f757b62cf315383aa3d4ac4cf72c3ee191db4a2a51b9003,2019-02,Merseyside Police,Merseyside Police,-2.886379,53.487975,On or near COUNTY ROAD,E01006495,Knowsley 001E,Investigation complete; no suspect identified
4e18c2b2438a054ecb315b1184cc42d5d82833f667b808876a3b6b8e1efa09d9,2019-02,Merseyside Police,Merseyside Police,-2.999933,53.484373,On or near FORD VIEW,E01006980,Sefton 024B,Investigation complete; no suspect identified
a116ad0de6a4e715e67831078148117a292e868c08ac8aabb41d4a89b2cdcea2,2019-02,Merseyside Police,Merseyside Police,-3.155735,53.359188,On or near CALDY ROAD,E01007283,Wirral 028E,Investigation complete; no suspect identified
dcec9e41471623c6eca6c9f59efbc4f0663bb27e5f37972688b7cdc1ef533319,2019-02,Merseyside Police,Merseyside Police,-3.021131,53.410710,On or near THE BIRCHES,E01007274,Wirral 008C,Unable to prosecute suspect
0be3564cda0b9fa82848b69a480643fddf5bdef03b69eec9d2e3d6637b53dd72,2019-02,Merseyside Police,Merseyside Police,-2.712967,53.449199,On or near SANKEY STREET,E01006874,St. Helens 014E,Investigation complete; no suspect identified
6b441ed76d87e47340d76b47ce76d028e965253ccfe4910b9b4765b4cac42f6f,2019-02,Merseyside Police,Merseyside Police,-2.913089,53.469212,On or near WHINMOOR ROAD,E01006508,Knowsley 004D,Investigation complete; no suspect identified
a629667b525dfcf82611d8ec9fd51f73704915daa45902ea9b8c86aa70e50e40,2019-02,Merseyside Police,Merseyside Police,-3.034514,53.490955,On or near VICTORIA AVENUE,E01006937,Sefton 022B,Investigation complete; no suspect identified
730a3bdad08f177ea93613130f7b66305eb4be58fdc81bc5ed5c83f653c9e5c5,2019-02,Merseyside Police,Merseyside Police,-2.679729,53.471451,On or near SLAG LANE,E01006803,St. Helens 003A,Investigation complete; no suspect identified
ac1b0e4055f29a645212f87879242d9be672c5abe8f96cbfa8457f1e69fb3b31,2019-02,Merseyside Police,Merseyside Police,-2.993105,53.452043,On or near Shopping Area,E01007009,Sefton 037D,Investigation complete; no suspect identified
7df00988b066e2efe4656dfe0678633891638fc97a0db73e309aac122a26dbe9,2019-02,Merseyside Police,Merseyside Police,-2.936976,53.459382,On or near DYSON HALL DRIVE,E01006659,Liverpool 005B,Unable to prosecute suspect
dfc1d5c42a9e5c64a67b9b6fd8cc98e55fb79a0c4fb63b60fa8955206f23142c,2019-02,Merseyside Police,Merseyside Police,-3.021745,53.494625,On or near MOORLAND AVENUE,E01007022,Sefton 021B,Investigation complete; no suspect identified
3b258c22b91b981bc70d04c1f3365a3ca136b66fc28defffc2e89689180ac4e7,2019-02,Merseyside Police,Merseyside Police,-3.183775,53.391724,On or near THE KING'S GAP,E01007193,Wirral 014A,Suspect charged
30e0296a164052f74e9f1161e852547744162841d086eb22a5bd360f764e2e9a,2019-02,Merseyside Police,Merseyside Police,-2.925912,53.390407,On or near PATTERDALE ROAD,E01006550,Liverpool 038A,Unable to prosecute suspect
b4fbcffaa66af440513ceaa0ef73ca2976383cf6635aae7bbf415db71ddf002d,2019-02,Merseyside Police,Merseyside Police,-2.983495,53.405686,On or near Shopping Area,E01033760,Liverpool 060C,Offender given a drugs possession warning
a2b78d53eaaf6f0a8a87bf2326a5aa74b9292c050039488e8ea2c12561963f7d,2019-02,Merseyside Police,Merseyside Police,-2.936129,53.442067,On or near LAMBOURNE ROAD,E01006732,Liverpool 011E,Suspect charged
7c14f1c77772ca4e3c0e8edd623b4fc57754f3e1b2fb97c030f99a9bfeaf2e76,2019-02,Merseyside Police,Merseyside Police,-2.981499,53.403914,On or near ROE ALLEY,E01033756,Liverpool 061C,Investigation complete; no suspect identified
de37379641b9e3480409ae369b93649356e52384ceae86824fe4a0e34820d5df,2019-02,Merseyside Police,Merseyside Police,-2.950994,53.673813,On or near DAWSON AVENUE,E01007028,Sefton 001B,Unable to prosecute suspect
692bc0129a5acb62c0f4b558f06155268356455ed8f17434668aa278d54dbe69,2019-02,Merseyside Police,Merseyside Police,-2.942636,53.423194,On or near SCORTON STREET,E01006540,Liverpool 024A,Investigation complete; no suspect identified
ff63af2df87d1f895425cb33bb5737ed8a7a58836113cafc751c88bd762f17d3,2019-02,Merseyside Police,Merseyside Police,-3.038080,53.420343,On or near THE SUMMIT,E01007216,Wirral 005B,Investigation complete; no suspect identified
4c9e25c22d006bd7cafe04402836487ef11204267251a92cc37a2f82a2573b7e,2019-02,Merseyside Police,Merseyside Police,-2.922171,53.418347,On or near GREEN LANE,E01006718,Liverpool 027E,Unable to prosecute suspect
fa4c79c975a6de3f66aedfe7a6254eab1ab27c1d21bff448cb692e91d046a3bb,2019-02,Merseyside Police,Merseyside Police,-2.965087,53.653305,On or near CHURCH CLOSE,E01007062,Sefton 005D,Investigation complete; no suspect identified
5d88d561138f48ce3b2e450bf9213263f422efa671b7eaace092299f3cfc1611,2019-02,Merseyside Police,Merseyside Police,-2.698245,53.434805,On or near EDITH STREET,E01006900,St. Helens 022B,Investigation complete; no suspect identified
12db56b73540d34b73b731d5122f5c1b06760bea5a9e875adb803c230ef7be94,2019-02,Merseyside Police,Merseyside Police,-2.977682,53.467038,On or near MARMION AVENUE,E01007047,Sefton 033E,Action to be taken by another organisation
398fd239341433b28ee28ab01b40c817b4d49b76bef31c69b0d2c8d7e7920d31,2019-02,Merseyside Police,Merseyside Police,-2.935249,53.394478,On or near Supermarket,E01006723,Liverpool 038E,Suspect charged
188397f58437c82b5fd1e6398eb9f4d0b296713db27b0b4fe2976c4e222c1974,2019-02,Merseyside Police,Merseyside Police,-2.978384,53.413710,On or near Police Station,E01006648,Liverpool 023D,Suspect charged
f1d25ceea910c9c7c06486ddf5421cc2cad89d050a8344b114d03ac26e8ff747,2019-02,Merseyside Police,Merseyside Police,-3.040039,53.413072,On or near KINGSLEY ROAD,E01007271,Wirral 010E,Unable to prosecute suspect
6102655360fea2bba32f6c7f48fc518ec767b8b3ed0f207a263063d013bc492c,2019-02,Merseyside Police,Merseyside Police,-3.026581,53.493280,On or near LITTLE CROSBY ROAD,E01006939,Sefton 022D,Investigation complete; no suspect identified
cca77cb012d85038b353a7ce8c956f73acad52243002700780b0dd2a83894dd0,2019-02,Merseyside Police,Merseyside Police,-2.971313,53.314602,On or near EDALE CLOSE,E01007167,Wirral 042C,Unable to prosecute suspect
33a5ee273c56b585df3d49636edaf6cbfb9084657ee3afd0b8588be10245f478,2019-02,Merseyside Police,Merseyside Police,-3.113191,53.403370,On or near OLD MARYLAND LANE,E01007227,Wirral 012D,Unable to prosecute suspect
6e8a7fe23a16c30d3aaac19a709a81645032efcc56a4a65f493c9b6ada8549f0,2019-02,Merseyside Police,Merseyside Police,-2.948738,53.416098,On or near MILLVALE STREET,E01006694,Liverpool 030B,Investigation complete; no suspect identified
6b015efe7a3b09460c23318e7ee508c9f5d971f64dcb16a7c92c9e02fd1b0757,2019-02,Merseyside Police,Merseyside Police,-2.854357,53.420694,On or near LIVERPOOL ROAD,E01006470,Knowsley 008E,Unable to prosecute suspect
a4f1493d35ac3e3fad14dfd314f6166543e74b40e5f41ef11166b89e3d6cf49c,2019-02,Merseyside Police,Merseyside Police,-3.114044,53.358282,On or near DEVIZES DRIVE,E01007280,Wirral 033A,Investigation complete; no suspect identified
38de892e9e855be39b5c3197d5b39fd5a5e3816147cca09045100cc36d5ab391,2019-02,Merseyside Police,Merseyside Police,-2.973429,53.448385,On or near STUART ROAD,E01006790,Liverpool 006C,Investigation complete; no suspect identified
850597e8d8143d58a46040b27f3d2b164953b9923028ef041aa3dbe9dd76c397,2019-02,Merseyside Police,Merseyside Police,-2.983348,53.403224,On or near Parking Area,E01033756,Liverpool 061C,Investigation complete; no suspect identified
2ab991672a6d81fdc25f9cb67459650d5623fd02f0b0790707bade46e606ad46,2019-02,Merseyside Police,Merseyside Police,-2.849812,53.394263,On or near LINKFIELD CLOSE,E01006771,Liverpool 040D,Investigation complete; no suspect identified
793597993edb9dbe8a4a1589983dd65563763dd6a6f65e6fb18c737166547456,2019-02,Merseyside Police,Merseyside Police,-3.095422,53.356341,On or near HEYWOOD BOULEVARD,E01007256,Wirral 034C,Investigation complete; no suspect identified
ba188e1e498a00688521ad306ed773d1766f9c075e321e207a490bd927efe4fa,2019-02,Merseyside Police,Merseyside Police,-3.040039,53.413072,On or near KINGSLEY ROAD,E01007271,Wirral 010E,Unable to prosecute suspect
5f585afb5be61dd77e5ba13eecf4319026b4f7621df944eeb1c22fbe32d7803f,2019-02,Merseyside Police,Merseyside Police,-2.918197,53.411321,On or near SHELTON CLOSE,E01032508,Liverpool 027G,Investigation complete; no suspect identified
447ad464e17479fa4de61d011386ae2da8c18a26bf298012f3215a7ba2ea7ca9,2019-02,Merseyside Police,Merseyside Police,-2.730847,53.453981,On or near HALL STREET,E01006870,St. Helens 014B,Unable to prosecute suspect
e9fb81a1db21e374882893d17e8dd07fff022f52be816e445f1f84212eb1b888,2019-02,Merseyside Police,Merseyside Police,-2.894544,53.491366,On or near GRASMERE CLOSE,E01006458,Knowsley 002D,Unable to prosecute suspect
0d975f7367f645908417ace29401ae439b80ac582ae2ed0b1e03658b28aff8c8,2019-02,Merseyside Police,Merseyside Police,-2.977143,53.417981,On or near CLEGG STREET,E01006648,Liverpool 023D,Offender given a caution
1ab4b5903e29d0822e03bcd96781f29b1359496266380f0558813a5a7064404f,2019-02,Merseyside Police,Merseyside Police,-2.972033,53.426140,On or near ALBION STREET,E01006560,Liverpool 023A,Unable to prosecute suspect
937ce2a8cc6bd81ca562500db6d66f3b1247c1417b53917fabcc9478ad144f10,2019-02,Merseyside Police,Merseyside Police,-2.963951,53.419491,On or near HODSON PLACE,E01006564,Liverpool 023B,Unable to prosecute suspect
7c74482de8b609753fcee82a6a3bbbff77d47aaa33ed61bed0d71919534af9d3,2019-02,Merseyside Police,Merseyside Police,-2.762160,53.430729,On or near FOUNTAIN STREET,E01006906,St. Helens 019E,Investigation complete; no suspect identified
56dc613d3c735d3eef0f3ce45465ee88b87f46a45cd07f8deb4ba0a8721405dd,2019-02,Merseyside Police,Merseyside Police,-2.625655,53.450677,On or near ALDER STREET,E01006861,St. Helens 015F,Unable to prosecute suspect
212aaa2d4e31ecf25fb6e86ddbe8462039f5f55ef9e70a7252456ad2bbcd02cb,2019-02,Merseyside Police,Merseyside Police,-3.024558,53.380513,On or near Parking Area,E01007292,Wirral 021E,Unable to prosecute suspect
1c69601f235ce122fff06f5d3f12161aaa94e749c502bfc40851be45314c4ecc,2019-02,Merseyside Police,Merseyside Police,-2.977556,53.399883,On or near CUMMINGS STREET,E01033761,Liverpool 060D,Investigation complete; no suspect identified
e58c21c18bd4c83fd3ab012bead7fb589cf98061dc1ab8755f366ec66f3579cf,2019-02,Merseyside Police,Merseyside Police,-3.088491,53.418627,On or near GARDENSIDE,E01007210,Wirral 006C,Unable to prosecute suspect
48ad282859ae486c440e4d1a131aa53b7e42da8c39bd396fdf442e9987147ca8,2019-02,Merseyside Police,Merseyside Police,-2.614046,53.453839,On or near Petrol Station,E01006859,St. Helens 015D,Investigation complete; no suspect identified
4cd5708d0a89d28bbdb0fb4cd650e770d4b3f89e3d6496b5629cfbe5af776d76,2019-02,Merseyside Police,Merseyside Police,-2.709549,53.451053,On or near Supermarket,E01006874,St. Helens 014E,Unable to prosecute suspect
e1c56b87753412145aefa4895fab22006983a17b0741ecee42832048dad6b841,2019-02,Merseyside Police,Merseyside Police,-2.991357,53.444273,On or near EXETER ROAD,E01007009,Sefton 037D,Investigation complete; no suspect identified
9d0c6d66a234d43f5e9829a30a52abc4e3eeede489e3ea09e80d9ac67ea9070b,2019-02,Merseyside Police,Merseyside Police,-2.921828,53.441469,On or near SETTRINGTON ROAD,E01033759,Liverpool 010F,Formal action is not in the public interest
0113bea8a98afe77d0ca9b9eac86318ce41875bc651c5e8ea1c5f2a4aba415a1,2019-02,Merseyside Police,Merseyside Police,-3.058117,53.547837,On or near MARINA ROAD,E01007077,Sefton 016C,Unable to prosecute suspect
73f03dbee41bf05c8e0c0043b96d1767668dddba19c8e673403b3e762f213c39,2019-02,Merseyside Police,Merseyside Police,-2.972064,53.446616,On or near SELINA ROAD,E01006705,Liverpool 009E,Investigation complete; no suspect identified
496bc5a1adaa2a96e60ca7a10cccba52c3d5a5367ff42542f99ee118f290f127,2019-02,Merseyside Police,Merseyside Police,-2.682543,53.451534,On or near WINTER GROVE,E01006816,St. Helens 017A,Unable to prosecute suspect
65530d802e2ecd41f4784ad9f42adc86691f7f8d111b1374c64b8e713eca0791,2019-02,Merseyside Police,Merseyside Police,-2.981075,53.405122,On or near Shopping Area,E01033760,Liverpool 060C,Unable to prosecute suspect
b45da965ce87daddaa4d1cbec609ac1ad5b93c6009db54f4c27c83d91044a828,2019-02,Merseyside Police,Merseyside Police,-3.016670,53.613823,On or near Sports/Recreation Area,E01006933,Sefton 010E,Investigation complete; no suspect identified
9013e47e7c1ccadeb366ccf4dcaf3523ae472f2ac6a6f81d0eff5a6fdb1d3b6e,2019-02,Merseyside Police,Merseyside Police,-3.041685,53.432393,On or near GREENBANK AVENUE,E01007233,Wirral 002C,Investigation complete; no suspect identified
d63c338fee42d1994e86c593ce5bfae49ef5e360b1a14e5167e74bd993aacbf4,2019-02,Merseyside Police,Merseyside Police,-2.682543,53.451534,On or near WINTER GROVE,E01006816,St. Helens 017A,Unable to prosecute suspect
f50f7b2c9497c5843164897c5492adba7186c70443d069ba87f4b46076d3a458,2019-02,Merseyside Police,Merseyside Police,-2.992026,53.451657,On or near Shopping Area,E01007009,Sefton 037D,Investigation complete; no suspect identified
92b41eb65067461bf3abbadd468f5d1c5f47f8a8a4edf47b22b8d01fe3f21ac8,2019-02,Merseyside Police,Merseyside Police,-2.972926,53.408577,On or near GREEK STREET,E01006747,Liverpool 031B,Investigation complete; no suspect identified
84d39962dbc89583556bbcdaf92d7a80c85095440716c81a287c0c1d000433f4,2019-02,Merseyside Police,Merseyside Police,-2.829614,53.357839,On or near BLAKEACRE CLOSE,E01006429,Knowsley 020C,Unable to prosecute suspect
8f2a738c1248b9dc3a7cbb19903189c8db86de0b43ff53d2b0455c2db9147425,2019-02,Merseyside Police,Merseyside Police,-3.106035,53.401198,On or near ALWYN GARDENS,E01007208,Wirral 012A,Investigation complete; no suspect identified
9bce6cf9f16649ea0b0fcd457864670ef9f165709afb34277c8118cb896cb014,2019-02,Merseyside Police,Merseyside Police,-3.037957,53.495537,On or near BERWICK DRIVE,E01006943,Sefton 022F,Investigation complete; no suspect identified
56a7b13e9f9b41564a1b94c3d2a92fbf4956ca3867d889c16444f427af9b2f86,2019-02,Merseyside Police,Merseyside Police,-2.912139,53.457219,On or near ALTBRIDGE PARK,E01006662,Liverpool 004B,Unable to prosecute suspect
1ead6295f95b0f8953ba1e8d07402ab5b65e33c738b190ecaec3ccb7671ac724,2019-02,Merseyside Police,Merseyside Police,-2.756286,53.454227,On or near RIVINGTON ROAD,E01006876,St. Helens 016D,Unable to prosecute suspect
77e5af4a001f06afaaa17a638f65d3292a010ff29fbb37e021e01aae9ff408a7,2019-02,Merseyside Police,Merseyside Police,-3.009875,53.369915,On or near Supermarket,E01007176,Wirral 029C,Investigation complete; no suspect identified
4a37dc0a58d2479ee4f57e148f8c5a846cf48e93270e5fffd3d99dddbcc66835,2019-02,Merseyside Police,Merseyside Police,-2.980079,53.403000,On or near FLEET STREET,E01033756,Liverpool 061C,Investigation complete; no suspect identified
06137807bcd00bc8c9cb0837f4fe73c80e84a7d5b188f76e2927e6a4c0e1a496,2019-02,Merseyside Police,Merseyside Police,-3.109805,53.336819,On or near PINE WAY,E01007192,Wirral 037D,Investigation complete; no suspect identified
82eb6ea726e215b7b469b69377a8785fcfa7f6c2693bd8bb6215368a765bcd9e,2019-02,Merseyside Police,Merseyside Police,-2.977556,53.399883,On or near CUMMINGS STREET,E01033761,Liverpool 060D,Investigation complete; no suspect identified
8be5270d74a36dd4e9d190f65f74979fd206a4df46ae9555222e84c7c7acbc1d,2019-02,Merseyside Police,Merseyside Police,-3.011133,53.379234,On or near VANGUARD WAY,E01007293,Wirral 027C,Investigation complete; no suspect identified
f2d7baf99a83ea5805aa724658c2d48e25ee5e22daf5d81a0ff344ee94920dfb,2019-02,Merseyside Police,Merseyside Police,-2.847318,53.414038,On or near WHITE LODGE AVENUE,E01006452,Knowsley 012D,Investigation complete; no suspect identified
5c68632de39770c9b95df3b04dbd046408a3ef4ffbbbab5041f5ccc937917b58,2019-02,Merseyside Police,Merseyside Police,-3.014705,53.393542,On or near HAMILTON STREET,E01007126,Wirral 016A,Unable to prosecute suspect
2788ebd78bc249dd14d6e38f8a8d3e514c02f319b77d7be20492293ce2d5fdda,2019-02,Merseyside Police,Merseyside Police,-2.987595,53.406057,On or near Nightclub,E01033760,Liverpool 060C,Investigation complete; no suspect identified
2fe19ede0699c0a442e77a2f486fa2427af6b9aa9681885612b159a30a59505f,2019-02,Merseyside Police,Merseyside Police,-2.942657,53.446555,On or near ABINGDON GROVE,E01006612,Liverpool 008B,Unable to prosecute suspect
f847458a602186727a2d38f3a1fb5500a2e51d7349502ed9d991485e356f0d36,2019-02,Merseyside Police,Merseyside Police,-3.021131,53.410710,On or near THE BIRCHES,E01007274,Wirral 008C,Unable to prosecute suspect
d06118674746295d7b167237320e64b17479d32f340e56435024c784921c8105,2019-02,Merseyside Police,Merseyside Police,-2.983878,53.406618,On or near Supermarket,E01033760,Liverpool 060C,Unable to prosecute suspect
01b8701862a782e668e0520cb27b453160c85468a0365805f1ebafd3c525d4ed,2019-02,Merseyside Police,Merseyside Police,-3.113476,53.398135,On or near ROSSLYN DRIVE,E01007226,Wirral 017B,Further investigation is not in the public interest
e2c8acbb972da6fe25c6d2571d4728dcc18ad0e56d62a26f72731b2308d8dfb3,2019-02,Merseyside Police,Merseyside Police,-3.176375,53.397119,On or near AVONDALE ROAD,E01007201,Wirral 014D,Investigation complete; no suspect identified
393db8790e0686eebbcd85f1774432bb7317883a100606268c420f07b31e4d8e,2019-02,Merseyside Police,Merseyside Police,-3.106129,53.389161,On or near WARWICK ROAD,E01007301,Wirral 018C,Investigation complete; no suspect identified
290870388810dbe7a3fd5d64f1a443742b36881f4944abf209d764b790beacb5,2019-02,Merseyside Police,Merseyside Police,-3.020835,53.481212,On or near KINGSWAY,E01007107,Sefton 025E,Investigation complete; no suspect identified
1f9cd7fb4158c057deb2e1edacdea284a358b974e3bb7d1f502902a67cf637eb,2019-02,Merseyside Police,Merseyside Police,-3.028805,53.361492,On or near BROADWAY,E01007113,Wirral 032C,Investigation complete; no suspect identified
eb492ecb81bd62c09046b2717b6937d1aa9aaca89eb97ad975068b15ee628dc6,2019-02,Merseyside Police,Merseyside Police,-2.918623,53.391290,On or near EDENFIELD ROAD,E01006590,Liverpool 042D,Investigation complete; no suspect identified
2a88c70e45c641fdb2ed50c6d46bca13497c2ed6ab42ad15f42be937cd8302e9,2019-02,Merseyside Police,Merseyside Police,-2.973897,53.460921,On or near KING AVENUE,E01007052,Sefton 035E,Investigation complete; no suspect identified
2c6b85a1cdd56c8f758a607bce131ab7cc1953afc57ee7a118db7215a9e85f80,2019-02,Merseyside Police,Merseyside Police,-2.632080,53.461502,On or near DIXON AVENUE,E01006868,St. Helens 010C,Unable to prosecute suspect
e0608ce8f354cae75f3445590fa743f862bbf3be0db54b951fedc90f98a2ff9e,2019-02,Merseyside Police,Merseyside Police,-2.733889,53.444425,On or near Shopping Area,E01006912,St. Helens 019G,Unable to prosecute suspect
a8190025087599e2ec3ea4a26a9b8014ed80c29a8390e74d9ed18ba53b423ba3,2019-02,Merseyside Police,Merseyside Police,-2.965768,53.441867,On or near CITY ROAD,E01006614,Liverpool 012B,Investigation complete; no suspect identified
db2daf3750540a5302e2ca77d67f08f62cf412ec5f4e1ca308cf2dd971a5a200,2019-02,Merseyside Police,Merseyside Police,-3.017041,53.392479,On or near MARKET STREET,E01007126,Wirral 016A,Investigation complete; no suspect identified
2f984351e8dab23230d7a07c9e051946e7284512b4f3cb41bb6fcbe9b3007588,2019-02,Merseyside Police,Merseyside Police,-3.010977,53.637439,On or near SPRING CLOSE,E01006972,Sefton 009D,Investigation complete; no suspect identified
66d2ef0b32f9e0ead66a6336464c377ec93568c3abfcea31a63b65dd74713636,2019-02,Merseyside Police,Merseyside Police,-2.709275,53.458111,On or near PARK ROAD,E01006812,St. Helens 008C,Investigation complete; no suspect identified
4ec55b2c78539c758735bc85ee7e0a6b93d89c26a0341929b14c5454ddbd9641,2019-02,Merseyside Police,Merseyside Police,-2.978159,53.427492,On or near MEDEA STREET,E01033764,Liverpool 022E,Suspect charged
01ab1d361914cdf92a57b82b53c8953a54cd60caf28f5dcf2897bf08ef9f08ae,2019-02,Merseyside Police,Merseyside Police,-3.010632,53.488760,On or near SEFTON VIEW,E01007106,Sefton 025D,Investigation complete; no suspect identified
6714f4a9525acb68be411f77e7be64f8dc4ad137fe48166791b9857ac9f8401c,2019-02,Merseyside Police,Merseyside Police,-2.852214,53.363936,On or near YEW TREE ROAD,E01006431,Knowsley 020D,Unable to prosecute suspect
56fb251380a94d35436fb38c6cd25e44ecfd4d4dab51a468eb43c7b03e4934cb,2019-02,Merseyside Police,Merseyside Police,-2.910599,53.413375,On or near FERNLEIGH ROAD,E01006573,Liverpool 029C,Investigation complete; no suspect identified
d6f61c6350c0bffb0ed0a6056ec3d34e7a82f920646faf76f3b80fcd3d8c9541,2019-02,Merseyside Police,Merseyside Police,-3.003710,53.651163,On or near BOLD STREET,E01033097,Sefton 004G,Unable to prosecute suspect
4d8df63daaf3fce1d1fb9c0c6c864f06f75b07bc5f1748b8046f92c2d8165521,2019-02,Merseyside Police,Merseyside Police,-3.006965,53.466309,On or near SANDY ROAD,E01007011,Sefton 034C,Unable to prosecute suspect
4dfd029283076637e7acac23dcdcc753e74fc7128942ff8fb0ff90908314376a,2019-02,Merseyside Police,Merseyside Police,-2.715223,53.440988,On or near SUTTON OAK DRIVE,E01006845,St. Helens 014A,Investigation complete; no suspect identified
8503a449896af29db82b6996bf7eacf44757f689efcb55447377e85080130ec1,2019-02,Merseyside Police,Merseyside Police,-3.028744,53.393269,On or near EXMOUTH WAY,E01007127,Wirral 016B,Unable to prosecute suspect
a2a9e92d7bfe004e58907b66cc5fd541c15fa0699a228e8647cef569e9a206db,2019-02,Merseyside Police,Merseyside Police,-2.800768,53.417227,On or near CHERRY TREE CLOSE,E01006500,Knowsley 013B,Unable to prosecute suspect
26935b71487458a6405e13a9ef2b2d080a23541c3ed93b7a4cbd541f194fecfc,2019-02,Merseyside Police,Merseyside Police,-2.737102,53.451731,On or near Shopping Area,E01006832,St. Helens 012A,Suspect charged
6b630854d7dedd58bff589d70c629dfd271ea529e6e6e7a1cc0c386cbe34b1bf,2019-02,Merseyside Police,Merseyside Police,-2.963615,53.437876,On or near PRIORY ROAD,E01006615,Liverpool 012C,Investigation complete; no suspect identified
5e94f3d93b1c6bfb9f7c584d6896fd9c0d247df4801dc2c56f4aa1e08b23736b,2019-02,Merseyside Police,Merseyside Police,-2.751307,53.405045,On or near Petrol Station,E01006889,St. Helens 023B,Unable to prosecute suspect
7f117f460c874ee5e758470a9b11bc055df91197ca51a3fad0241b70336b817c,2019-02,Merseyside Police,Merseyside Police,-2.892930,53.359215,On or near GARFOURTH ROAD,E01006742,Liverpool 057B,Unable to prosecute suspect
b07737484043f2ad9d571681e94638b0136a3a52985159d295f61a21ba432242,2019-02,Merseyside Police,Merseyside Police,-2.786912,53.414083,On or near BRAEMAR CLOSE,E01006504,Knowsley 013D,Unable to prosecute suspect
3f827d03ec98fc5203b985edbf263e91f9197ea2d49e42c8f0be7c6256b6fc00,2019-02,Merseyside Police,Merseyside Police,-2.987117,53.404218,On or near Bus/Coach Station,E01033756,Liverpool 061C,Unable to prosecute suspect
d91609f8bb7014e2ca56e07564186110737b04335d781cf19d628a03337d56b0,2019-02,Merseyside Police,Merseyside Police,-2.806665,53.429124,On or near CHURCH STREET,E01006463,Knowsley 007C,Unable to prosecute suspect
cd81bcad2d186b1f7cbf9c4349b8c3ae83f818ed7f24c2d8036ea67c461172dc,2019-02,Merseyside Police,Merseyside Police,-2.765448,53.453701,On or near GIBBONS AVENUE,E01006879,St. Helens 016F,Unable to prosecute suspect
8407b08b8afc73d3a899494a84bc771cdbdb0d12601ffe68be0fc528f6140591,2019-02,Merseyside Police,Merseyside Police,-2.735406,53.458160,On or near STANDISH STREET,E01006881,St. Helens 012E,Investigation complete; no suspect identified
4aff22418b3e998f38b1ce14ad7defb97dbf542f09e0619376e6572fb8e3b89d,2019-02,Merseyside Police,Merseyside Police,-3.159778,53.399016,On or near FRANKBY ROAD,E01007200,Wirral 014C,Suspect charged
b8555750b689f93221fd9d4cf0309c8a9856e2630f8a67fb2a2b2e52738cea5e,2019-02,Merseyside Police,Merseyside Police,-2.849860,53.370991,On or near MARKFIELD CRESCENT,E01006433,Knowsley 018D,Investigation complete; no suspect identified
ba4ca7d067cff91ab84a7be7889d411e8399611ddae2fe1dc5112850b35e8c08,2019-02,Merseyside Police,Merseyside Police,-2.972662,53.413469,On or near PAGE WALK,E01006646,Liverpool 023C,Investigation complete; no suspect identified
46617fcd14013409411f33b76351d8b6fbb47928ccf4f7390050dc3536ff7fc0,2019-02,Merseyside Police,Merseyside Police,-2.695398,53.452152,On or near Petrol Station,E01006820,St. Helens 011B,Investigation complete; no suspect identified
2c6bc67b445223f29d2af64b8dff01475af15419bb72d77b75b392c7acd0a4c9,2019-02,Merseyside Police,Merseyside Police,-2.877899,53.417395,On or near LONGREACH ROAD,E01006571,Liverpool 026D,Investigation complete; no suspect identified
ee968084fefc1b35b57d187c5026ae635aa014eafa093ca9406b89300ae18327,2019-02,Merseyside Police,Merseyside Police,-2.912556,53.412740,On or near BROAD GREEN ROAD,E01032508,Liverpool 027G,Suspect charged
f5222ae42fda14820fa24eb64c1b5ab001a38b7a893a9e4c8a7263fdd6e79837,2019-02,Merseyside Police,Merseyside Police,-2.980589,53.443463,On or near HERO STREET,E01006961,Sefton 038B,Investigation complete; no suspect identified
3ec8f68a7f9a69d406ad96fa13011e3d23232ffd92ebcd847e8bae3ae07d43ea,2019-02,Merseyside Police,Merseyside Police,-2.987487,53.461106,On or near Petrol Station,E01007019,Sefton 035A,Unable to prosecute suspect
157531734ccd8bba7a2eae42bbf08fccd0f91fc1ff169fa6df829a555384d544,2019-02,Merseyside Police,Merseyside Police,-2.753420,53.450542,On or near BOUNDARY ROAD,E01006834,St. Helens 012B,Investigation complete; no suspect identified
ef82c07eac6e3c62a702845a91b4691935cde897ebdd8fc42ab2f52091703bac,2019-02,Merseyside Police,Merseyside Police,-3.042871,53.417497,On or near PARKFIELD DRIVE,E01007214,Wirral 007C,Investigation complete; no suspect identified
0dc3e6f596ce53af9fdc1965d98adfed70be7c30a2d4943e0fc75d629dc1a551,2019-02,Merseyside Police,Merseyside Police,-2.976799,53.643521,On or near FIR STREET,E01007061,Sefton 006D,Unable to prosecute suspect
4ac5b3dfc54be4a2bf894d8b14132d5ebfab2b005001a89c9b39cd2ca538c756,2019-02,Merseyside Police,Merseyside Police,-3.082662,53.402994,On or near ST OSWALD'S MEWS,E01007124,Wirral 011E,Offender given a drugs possession warning
4953321d0a0f57abfe00610763d37ebf4d9a96e292f6b901e0a1c6f6d9463d6a,2019-02,Merseyside Police,Merseyside Police,-2.737102,53.451731,On or near Shopping Area,E01006832,St. Helens 012A,Unable to prosecute suspect
ab08ab8b65285bb2ad1f08a760d9df2ed2236fbabee491280d13b7d7d6cf4976,2019-02,Merseyside Police,Merseyside Police,-3.025526,53.374491,On or near B5148,E01007174,Wirral 029B,Investigation complete; no suspect identified
7323bbd659d6f1250aed61568ba69cfe1f58a09d2de9183bb6e9bee8ebc61371,2019-02,Merseyside Police,Merseyside Police,-2.987595,53.406057,On or near Nightclub,E01033760,Liverpool 060C,Investigation complete; no suspect identified
a033b560c4da0e94468cbc2170f91b110c41010d85b6e56230d9e127a495e317,2019-02,Merseyside Police,Merseyside Police,-3.029300,53.390154,On or near Parking Area,E01007128,Wirral 016C,Investigation complete; no suspect identified
fb2bc1e19711655e9e36c957d1cdc66b551b0cedd1f25b7b2525c15b330264cb,2019-02,Merseyside Police,Merseyside Police,-2.713789,53.428215,On or near CRANE AVENUE,E01006901,St. Helens 020G,Unable to prosecute suspect
9f0629e38e9ac86dec917fafbc5d7b4721822e37171306445a093f9ce79ac9fc,2019-02,Merseyside Police,Merseyside Police,-3.083471,53.389243,On or near BEESTON CLOSE,E01007119,Wirral 019A,Investigation complete; no suspect identified
961e1bc407fd46e61392ccadcd8e906164f8f2dcd2df77358267168af14f9f8e,2019-02,Merseyside Police,Merseyside Police,-3.106836,53.405964,On or near SCHOOL CLOSE,E01007207,Wirral 009C,Unable to prosecute suspect
e701c6bad9cb1aeb03e04b894a12044b706c7f3518a023d3aa91047815e658df,2019-02,Merseyside Police,Merseyside Police,-3.039484,53.481546,On or near HOLDEN GROVE,E01006941,Sefton 028A,Investigation complete; no suspect identified
31c49141f26f41cd2e747b6bedb7d348880ca5bc73796e4fd1eb3e67836f83ca,2019-02,Merseyside Police,Merseyside Police,-2.947803,53.427485,On or near SUBURBAN ROAD,E01006766,Liverpool 019E,Suspect charged
a731ce777bb3f303a4827d23e6b419a5c4db9baf268b233e7137a638e96e492c,2019-02,Merseyside Police,Merseyside Police,-2.913152,53.369624,On or near BROCKHOLME ROAD,E01006682,Liverpool 053C,Investigation complete; no suspect identified
d51ad695710758f8bc48c4d23bf84b17fde98044ac721f9a597e89fdbb4752f3,2019-02,Merseyside Police,Merseyside Police,-2.972510,53.437786,On or near NETLEY STREET,E01006700,Liverpool 012E,Unable to prosecute suspect
23ec0b281d7875484cdde923b100534f9b196f272bb3f1994a7fb212c19fd97a,2019-02,Merseyside Police,Merseyside Police,-2.987162,53.407472,On or near Nightclub,E01033762,Liverpool 060E,Investigation complete; no suspect identified
68751d6f0a1f605b6e0c2f8a62b46f6b1d5fa441ed1049e2225b7db40d50cf5e,2019-02,Merseyside Police,Merseyside Police,-2.930603,53.377283,On or near IRWELL CLOSE,E01006526,Liverpool 048C,Unable to prosecute suspect
5c59be506f012a4110fe059e5f0756a5a4d353fb312d69423c8d3076f4a708fc,2019-02,Merseyside Police,Merseyside Police,-2.976384,53.426886,On or near JASON WALK,E01006646,Liverpool 023C,Investigation complete; no suspect identified
7ddad0e7eb7b2fdfd1f861b9ad184ab5798d33b50e9e3eb2abf89d93025c9936,2019-02,Merseyside Police,Merseyside Police,-2.987487,53.461106,On or near Petrol Station,E01007019,Sefton 035A,Unable to prosecute suspect
a145c99025609fb5ed322dce6903c9962c7923de4bc133172d0fc9c1a22f7ac7,2019-02,Merseyside Police,Merseyside Police,-2.872167,53.415262,On or near MYLIA CLOSE,E01006574,Liverpool 025B,Unable to prosecute suspect
9f6b1b3415a09986e0d8a779a168851f01a98176adf24a7d7ec175090f444476,2019-02,Merseyside Police,Merseyside Police,-2.950758,53.420307,On or near CARDIGAN WAY,E01006693,Liverpool 024D,Investigation complete; no suspect identified
a0a39df31e7b3f92460af7e44e47657b033e62c2fe8d90400b9528da265d3f10,2019-02,Merseyside Police,Merseyside Police,-3.060117,53.404922,On or near PATRICIA AVENUE,E01007121,Wirral 011B,Suspect charged
3c8e49d4db1ccb4d681577531fbdabdc3d93fd5606daab0b442e69433bf370a2,2019-02,Merseyside Police,Merseyside Police,-2.961588,53.418782,On or near COWAN DRIVE,E01006647,Liverpool 024C,Suspect charged
50e0182727cb618fff4178a53d19177200e0f616372c681e154dd9fdf2c6953c,2019-02,Merseyside Police,Merseyside Police,-2.982736,53.424938,On or near HANKIN STREET,E01006779,Liverpool 022D,Unable to prosecute suspect
35556addf5ea87c17ee83b037f629476c8a69459209488969b99a5ced740e8bb,2019-02,Merseyside Police,Merseyside Police,-2.934492,53.431995,On or near LONDONDERRY ROAD,E01006606,Liverpool 020A,Further investigation is not in the public interest
41cd128f7d1121116670c8079ed0133b444118594561bdb74f45c86a1900a630,2019-02,Merseyside Police,Merseyside Police,-2.935249,53.394478,On or near Supermarket,E01006723,Liverpool 038E,Suspect charged
f4637519faf398db627292408d0de5576b73756bfcb195138d07d78579d14142,2019-02,Merseyside Police,Merseyside Police,-2.692149,53.445942,On or near FLEET LANE,E01006899,St. Helens 017D,Unable to prosecute suspect
7c4b7e5399acd4092045dc96319c25323bd81ac09776005355e5a519ade7bb01,2019-02,Merseyside Police,Merseyside Police,-2.964161,53.442734,On or near ELPHIN GROVE,E01006614,Liverpool 012B,Offender given a caution
034cb0e335bb83de5930f61320ab67e3dd00d539f1eb9ccfef79e67efd00519a,2019-02,Merseyside Police,Merseyside Police,-3.008149,53.625400,On or near BEDFORD ROAD,E01006929,Sefton 010A,Investigation complete; no suspect identified
d3f8a55c7564c4c578a3210eb4628befd536646a81b5bb70477c5efbc61c6ec3,2019-02,Merseyside Police,Merseyside Police,-2.980963,53.641078,On or near PRINCES GARDENS,E01007061,Sefton 006D,Unable to prosecute suspect
f3fbcdd0ba1e9ed202d5d3c3047630e9cd84f9532ed53793cc08f4139c483f17,2019-02,Merseyside Police,Merseyside Police,-2.744980,53.434667,On or near SUTTON HEATH ROAD,E01006905,St. Helens 019D,Investigation complete; no suspect identified
deade7ef5a226292d89a5a044014bf629a025f242ba6b7247d5c1981f3826487,2019-02,Merseyside Police,Merseyside Police,-3.014036,53.632577,On or near WELBECK ROAD,E01006934,Sefton 007A,Investigation complete; no suspect identified
9f6d68c29665bc810521a530f8c02253a97d23271a56f82d9ff2d888363ae2a3,2019-02,Merseyside Police,Merseyside Police,-2.980027,53.491639,On or near HARROPS CROFT,E01007092,Sefton 023E,Investigation complete; no suspect identified
2694bfedfb68d4511bc805e3faf1259633a2e6ecb2871bf3c8f5e8cc38faeaf1,2019-02,Merseyside Police,Merseyside Police,-2.961419,53.411934,On or near GILMARTIN GROVE,E01006747,Liverpool 031B,Offender given penalty notice
fb0307fc22cfdecd49b466a4995b47796a6d3d2f3e3a7921bb864e47f3f7b5c9,2019-02,Merseyside Police,Merseyside Police,-3.015565,53.387979,On or near TUNNEL ROAD,E01007291,Wirral 021D,Suspect charged
3697421f18c9e69e17fd0b131df1e98958ff6f774a0ba0dd58a25c0375ec8d40,2019-02,Merseyside Police,Merseyside Police,-2.979586,53.639777,On or near FOREST ROAD,E01007060,Sefton 006C,Investigation complete; no suspect identified
2261109c2f19719372a66fecb07a41d5d317cb7a36276bce76d397236fc8841d,2019-02,Merseyside Police,Merseyside Police,-2.983941,53.327182,On or near ASHFIELD CRESCENT,E01007136,Wirral 039B,Unable to prosecute suspect
9c05b5a714ea4601473c88273eb3d7f30f647550739a541f66930344d07382d5,2019-02,Merseyside Police,Merseyside Police,-2.713505,53.450751,On or near PARR STOCKS ROAD,E01006874,St. Helens 014E,Unable to prosecute suspect
881f3d78fc4cc3c684fa6e19d537d98a0f053e6db046e6f1a0d3ccad4c7a1551,2019-02,Merseyside Police,Merseyside Police,-2.625655,53.450677,On or near ALDER STREET,E01006861,St. Helens 015F,Unable to prosecute suspect
b9adb5d1352c2ddd25284ff23ea81968cc1e414702897b34372d419a07230806,2019-02,Merseyside Police,Merseyside Police,-2.944096,53.442202,On or near BRAMBERTON ROAD,E01006612,Liverpool 008B,Investigation complete; no suspect identified
ebc2a2bf5cf042bc6ed29d3e7928ca185e33e989e0384847955b951193faddf0,2019-02,Merseyside Police,Merseyside Police,-3.006092,53.351618,On or near TOLEMAN AVENUE,E01007152,Wirral 036D,Unable to prosecute suspect
a7aa8dc22dea82b509f512863a3ab31550833a7d6c82238b00d28e6dfbad14fb,2019-02,Merseyside Police,Merseyside Police,-2.987734,53.332804,On or near PALATINE ROAD,E01007137,Wirral 039C,Investigation complete; no suspect identified
66eb3ff9b349c760bdbcada5374eb570b3037e285d606e030e18a93494e06664,2019-02,Merseyside Police,Merseyside Police,-2.990791,53.403765,On or near Parking Area,E01033756,Liverpool 061C,Offender given a drugs possession warning
3e83a32cfe53a264633d1bfebb53267b09149473f85462d29a60b72a69f28694,2019-02,Merseyside Police,Merseyside Police,-2.970380,53.652507,On or near CHESTER ROAD,E01007062,Sefton 005D,Unable to prosecute suspect
5a922637c96c904f5b28d85110481021c94976787307ee592aee032b68647753,2019-02,Merseyside Police,Merseyside Police,-2.981499,53.403914,On or near ROE ALLEY,E01033756,Liverpool 061C,Offender given a caution
16a4c49d5f581fa953a68f50a34a6b96f56b33e58084594d2af8e104502ab929,2019-02,Merseyside Police,Merseyside Police,-2.981075,53.405122,On or near Shopping Area,E01033760,Liverpool 060C,Suspect charged
c119de1fd46d3c08eccd366e13b01ccbf9ec8580190d436e0d5c3730538659e8,2019-02,Merseyside Police,Merseyside Police,-3.012877,53.644156,On or near DUKE STREET,E01006971,Sefton 009C,Unable to prosecute suspect
dadd01dd744d86632f9d1a17b83178ec3df36962391794af903d3b7376603db4,2019-02,Merseyside Police,Merseyside Police,-2.972384,53.448088,On or near IMISON STREET,E01006790,Liverpool 006C,Formal action is not in the public interest
468797657fa314be62944a9ff3e79cc5d68b18351253349df8176abff8689657,2019-02,Merseyside Police,Merseyside Police,-2.878750,53.498018,On or near MOORFIELD,E01006493,Knowsley 001C,Investigation complete; no suspect identified
c2f3dc7908dd234621b57b4ed01cc0ee7014531dab9ecd2198ddc69039b347a1,2019-02,Merseyside Police,Merseyside Police,-2.711851,53.450024,On or near CALDWELL STREET,E01006874,St. Helens 014E,Unable to prosecute suspect
43067440daab37becbb902171315f99ed78f3823f6b7ef2ec89516e11535041b,2019-02,Merseyside Police,Merseyside Police,-2.965584,53.378623,On or near GARSWOOD STREET,E01032505,Liverpool 050F,Offender given a drugs possession warning
f9eb764661eb0c88badf9de5028ab7b297daaaab318c574aec5ccaacca9e4d68,2019-02,Merseyside Police,Merseyside Police,-2.964619,53.381831,On or near PARK HILL ROAD,E01006633,Liverpool 050B,Offender given a drugs possession warning
9121d80cc01bdde39b4ca5e4c48b9f8e488a2dc9f00d667dfbec753c24f6dceb,2019-02,Merseyside Police,Merseyside Police,-2.916771,53.448510,On or near WELLESBOURNE ROAD,E01006734,Liverpool 005C,Investigation complete; no suspect identified
81babb7e263faa3706afd2ba485c78c931310ef1388156984772c6b243410047,2019-02,Merseyside Police,Merseyside Police,-2.999929,53.448337,On or near CHURCH WALK,E01007009,Sefton 037D,Unable to prosecute suspect
6a207812b8419c89838f995f22030a7e842fcfc21381de80b992102c0370356f,2019-02,Merseyside Police,Merseyside Police,-2.930406,53.434427,On or near EASTMAN ROAD,E01006605,Liverpool 016B,Investigation complete; no suspect identified
5f02eeee06ba242bcc5c959667880356604d360c20592e84f13df5b45d4f6d7f,2019-02,Merseyside Police,Merseyside Police,-2.878685,53.430711,On or near LEAMORE LANE,E01006637,Liverpool 017A,Investigation complete; no suspect identified
a4b3343b35bf5406af6d0dc96ba99ff060b1f6d77557a7758482677d7b6e06a1,2019-02,Merseyside Police,Merseyside Police,-2.917964,53.443781,On or near BOWSCALE ROAD,E01006599,Liverpool 010B,Unable to prosecute suspect
43c8a45276a5b0ca86bd9f5ef68dc5c442b80962969ca3e9a4c4e2075ba33137,2019-02,Merseyside Police,Merseyside Police,-2.921992,53.398959,On or near GRANGE TERRACE,E01006721,Liverpool 038C,Offender given penalty notice
f377129594013de28f34253f410dde828f8b5e3e782c7e12ac294241b4b6ac4f,2019-02,Merseyside Police,Merseyside Police,-3.001189,53.652047,On or near JOHNSON STREET,E01033094,Sefton 004F,Unable to prosecute suspect
3a95055d3210a4d16203646496ef50efdb3226934e90ebfd74ab87a23a34dec3,2019-02,Merseyside Police,Merseyside Police,-2.930203,53.423741,On or near BRADDAN AVENUE,E01006764,Liverpool 020D,Unable to prosecute suspect
6e1b8571917723bf8f0400611c8772b65458d5770f3fb5154a92de412f44a59b,2019-02,Merseyside Police,Merseyside Police,-2.867670,53.398332,On or near ACRES CLOSE,E01006775,Liverpool 040F,Unable to prosecute suspect
df401524543eeeb9ac280aa4ef967c4c71ef67fd70d174d2007764cdd3b2d4b8,2019-02,Merseyside Police,Merseyside Police,-2.987526,53.465384,On or near PATRICIA GROVE,E01033095,Sefton 033F,Unable to prosecute suspect
460e89b57d4dbfb8dd67538edd3ec8095c3ffbc6d682ad55f47118ddb7b672a0,2019-02,Merseyside Police,Merseyside Police,-2.876307,53.474593,On or near ROWLINGS WAY,E01006434,Knowsley 005C,Investigation complete; no suspect identified
60ce3654bc8bddee4b24fe3d678b8282cafa6283c82ad745902c924db9a2f8fe,2019-02,Merseyside Police,Merseyside Police,-2.623850,53.446696,On or near ADAMS CLOSE,E01006861,St. Helens 015F,Investigation complete; no suspect identified
fbee67970b153b850807ae1b8a6de52a2d8f6202b4999ef4eafda4b7151f3fe6,2019-02,Merseyside Police,Merseyside Police,-2.990899,53.405796,On or near Supermarket,E01033752,Liverpool 062B,Offender given a caution
3eecbf797c518909b8bc3d67a42647eae04f58915a35e379b8d827df748ea634,2019-02,Merseyside Police,Merseyside Police,-2.990899,53.405796,On or near Supermarket,E01033752,Liverpool 062B,Offender given a caution
924901a8bd7f2188c0a967fbf640b2578eba04d7a95ac46e6ec636581c85a80c,2019-02,Merseyside Police,Merseyside Police,-3.002980,53.457669,On or near KEATS STREET,E01007005,Sefton 034B,Unable to prosecute suspect
84018a7b3255222e1306ac27d16fef680e4cbc5ba9a2f89320c79087884d2b0c,2019-02,Merseyside Police,Merseyside Police,-2.976003,53.401046,On or near BERRY STREET,E01006513,Liverpool 060A,Unable to prosecute suspect
8ef9353505c23737cb94fb5e0b264fbb7b990553ee51e3dfd5d436247838e3a7,2019-02,Merseyside Police,Merseyside Police,-2.986008,53.407652,On or near SIR THOMAS STREET,E01033762,Liverpool 060E,Suspect charged
41668b315bbdfda35c8b3ff7eacc28f34eb214bc9840d6ac50d2f93ccba8c85e,2019-02,Merseyside Police,Merseyside Police,-2.709549,53.451053,On or near Supermarket,E01006874,St. Helens 014E,Investigation complete; no suspect identified
7605e6f0133a817e485e8fa56122b90b67380a095ee7b4c62a9b6d9aa130510d,2019-02,Merseyside Police,Merseyside Police,-2.912564,53.388514,On or near ALLERTON ROAD,E01006591,Liverpool 041C,Investigation complete; no suspect identified
25ec3b8f0963a4a4eaf2eaf3b169e3846a799531d6b27fe0510f15c22e1838ac,2019-02,Merseyside Police,Merseyside Police,-2.974213,53.401681,On or near ROSCOE STREET,E01006513,Liverpool 060A,Investigation complete; no suspect identified
602e1b31a52925e888cdaba36c5baf325ea07c0069a95f4415ebc8a360f7b2aa,2019-02,Merseyside Police,Merseyside Police,-2.842155,53.413149,On or near STANLEY ROAD,E01006474,Knowsley 016C,Investigation complete; no suspect identified
2a2371ae3bd4855ddff22fc5b09ef60da3b6110bb67ef2cc5268b922eae4d69f,2019-02,Merseyside Police,Merseyside Police,-2.701902,53.434757,On or near WILBUR STREET,E01006844,St. Helens 020A,Unable to prosecute suspect
2c8afdb542504ae5a53cdd64fa088ae981d51c0a53e33d8af8bf1a069aad8b94,2019-02,Merseyside Police,Merseyside Police,-2.985119,53.403704,On or near Parking Area,E01033756,Liverpool 061C,Investigation complete; no suspect identified
b718affe541f7dc00498dc7c96ecc0030f45d191b293f993aafb267b9ef3676f,2019-02,Merseyside Police,Merseyside Police,-3.019611,53.391172,On or near BANK STREET,E01007126,Wirral 016A,Suspect charged
5719403a0d4222f2c45cbafbc5fdb371c3cd94db1fd64192cb0e5e431afe0159,2019-02,Merseyside Police,Merseyside Police,-3.056764,53.400125,On or near DEANS WAY,E01007122,Wirral 011C,Unable to prosecute suspect
c9e9b4971dcd6df56013f6502174634b986b87a2094a3c66281f77a6a0d945c6,2019-02,Merseyside Police,Merseyside Police,-2.890915,53.363455,On or near BROCKLEBANK LANE,E01006536,Liverpool 054C,Unable to prosecute suspect
b55d25f634b0e2c975cfd4ad5d3fcb2c3ed0bf6329c32232794786b96f4a4229,2019-02,Merseyside Police,Merseyside Police,-3.030362,53.410433,On or near GORSEDALE PARK,E01007269,Wirral 010C,Unable to prosecute suspect
6d4b26a88acd064692e82b5cb7cb2f273d049f78b749e801862341f2f51f2c09,2019-02,Merseyside Police,Merseyside Police,-2.786421,53.420064,On or near Hospital,E01006499,Knowsley 009E,Investigation complete; no suspect identified
59e92d79183103e212f4c5b1364afa17c6f063bdbe7e2a86999bad5c4e47c7f3,2019-02,Merseyside Police,Merseyside Police,-2.974667,53.402487,On or near Parking Area,E01006513,Liverpool 060A,Offender given a caution
41bd4a340e6b8aee5a9f87eede72f7757feb5025010fd6589bc80e4a64367a0e,2019-02,Merseyside Police,Merseyside Police,-2.956560,53.423353,On or near TEAKWOOD CLOSE,E01006563,Liverpool 024B,Investigation complete; no suspect identified
9cc8a0928b95ce8d5800ec665f9672318fac5ec5fc6931c5da170465ff81434a,2019-02,Merseyside Police,Merseyside Police,-2.980571,53.403472,On or near Nightclub,E01033756,Liverpool 061C,Offender given a caution
74db846a2bf992f4f521fd7d7c4acf6ee95665df7d3752f5406a30901354c1dc,2019-02,Merseyside Police,Merseyside Police,-2.987162,53.407472,On or near Nightclub,E01033762,Liverpool 060E,Offender given a drugs possession warning
3d137853d67f2d770af97c90c477d53baece31eda239478d5ca9c1bbb16d1a77,2019-02,Merseyside Police,Merseyside Police,-3.029387,53.419295,On or near ROYSTON AVENUE,E01007220,Wirral 005D,Unable to prosecute suspect
fad8f8af8168f7e4e33711798a3b265e8c29bead9d10715afe27b5fbaebac169,2019-02,Merseyside Police,Merseyside Police,-2.900586,53.460705,On or near BACK GILLMOSS LANE,E01006663,Liverpool 004C,Unable to prosecute suspect
4ae5b5db1f3110b60e09603a138d033e57ee36128e06ca412f6832ce2afc8d94,2019-02,Merseyside Police,Merseyside Police,-2.878720,53.475430,On or near GORLESTON MEWS,E01006434,Knowsley 005C,Offender given a drugs possession warning
ba7945c93d90dee5928984837bc4ec748c45e0ea5b78784faae1a335d1022538,2019-02,Merseyside Police,Merseyside Police,-2.957504,53.488784,On or near Police Station,E01007087,Sefton 029C,Suspect charged
00e73e7b9a641cb11e69ad3839ab2f1ccd73853edc860ab584c7d9cc7c0daefd,2019-02,Merseyside Police,Merseyside Police,-2.988869,53.407143,On or near PRINCES STREET,E01033760,Liverpool 060C,Investigation complete; no suspect identified
aa044128f17a8d71dba34dc899f6a676a2edc793b7025abe7e92478fa5da207a,2019-02,Merseyside Police,Merseyside Police,-2.986008,53.407652,On or near SIR THOMAS STREET,E01033762,Liverpool 060E,Suspect charged
ffa817cee323a91f2d4a2ae289b14dbd8833d8a0ac95466bee30977806e8283f,2019-02,Merseyside Police,Merseyside Police,-2.958185,53.396606,On or near CARLINGFORD CLOSE,E01006679,Liverpool 039D,Suspect charged
70c8033f62b4f715fdcb117e01e141914425d436b661f7681e870f279c0ffcec,2019-02,Merseyside Police,Merseyside Police,-2.983348,53.403224,On or near Parking Area,E01033756,Liverpool 061C,Offender given a drugs possession warning
1a87588ea01d2c6bd1d5cdcfb041871823e9d6525a96eaddd4c438f21cd9db74,2019-02,Merseyside Police,Merseyside Police,-2.987162,53.407472,On or near Nightclub,E01033762,Liverpool 060E,Offender given a drugs possession warning
53e8cadf3147dcebef915f56664e644eae84aa9dd9818778d6c924df5a893795,2019-02,Merseyside Police,Merseyside Police,-2.792890,53.516991,On or near KENDAL CLOSE,E01006886,St. Helens 001E,Investigation complete; no suspect identified
6ab17ae94f157f950efd1329ef7531db362d323e263f9423d1a059c601c5555f,2019-02,Merseyside Police,Merseyside Police,-2.710165,53.450043,On or near GRANVILLE STREET,E01006875,St. Helens 017C,Unable to prosecute suspect
d163028fa01fecd33048766e13b6f7726841b51c2f9aab3032d4823b89769132,2019-02,Merseyside Police,Merseyside Police,-2.969244,53.441156,On or near ISMAY STREET,E01006611,Liverpool 012A,Investigation complete; no suspect identified
82afa028b063ee4c47fc078ff79fdc64b5a6061fbc2bf627b54a21400f7a5022,2019-02,Merseyside Police,Merseyside Police,-2.977556,53.399883,On or near CUMMINGS STREET,E01033761,Liverpool 060D,Investigation complete; no suspect identified
47e1e983d9e473e67c0f8bb1794d2290dc3172199420026442c9430d7e13dd3d,2019-02,Merseyside Police,Merseyside Police,-2.915486,53.380321,On or near BRIDGE ROAD,E01006595,Liverpool 049B,Unable to prosecute suspect
2ea07be1c42c6ea1ecc772918417b6c879c0ae11f0d5f7121814407f45f83988,2019-02,Merseyside Police,Merseyside Police,-2.967646,53.461556,On or near DINGLEY AVENUE,E01006784,Liverpool 003C,Unable to prosecute suspect
0941927fdd4cd0cc7c35263df4877d1a5d3316256d2f88446e7c46918489926c,2019-02,Merseyside Police,Merseyside Police,-3.037924,53.590395,On or near ROSE CRESCENT,E01006924,Sefton 011B,Unable to prosecute suspect
1d3c3fbf4c055a3cda062f925c20a2942b0f5ee054b814cc49fbc19edd8bce64,2019-02,Merseyside Police,Merseyside Police,-2.988764,53.406488,On or near NORTH JOHN STREET,E01033760,Liverpool 060C,Unable to prosecute suspect
f5163a95fd86c30aa8de351108a4f87c2783fbb829809630e564a83bd6ce1255,2019-02,Merseyside Police,Merseyside Police,-2.798219,53.416903,On or near MAPLE CLOSE,E01006500,Knowsley 013B,Investigation complete; no suspect identified
08e63f9e7acc0f9abd972de06ae463961c7fa4e8775e6a4265e9d03d58082ab2,2019-02,Merseyside Police,Merseyside Police,-3.010174,53.646893,On or near Parking Area,E01006968,Sefton 004C,Offender given a caution
2a4b07cc8d0fb62c688ec5c25f6ffb8360211e621482bae6c55e3e72a7b0cf1f,2019-02,Merseyside Police,Merseyside Police,-3.027569,53.473649,On or near DEAN STREET,E01006957,Sefton 032C,Investigation complete; no suspect identified
51d4b175fd92ec18581540e937cd73cad63c612a375d2e16ee2b04ef1841a813,2019-02,Merseyside Police,Merseyside Police,-3.084423,53.353350,On or near THE LEAS,E01007255,Wirral 034B,Investigation complete; no suspect identified
4b985bdfb4c30bac0e7fb08d2172f0c39aaf4fc7ce666bddee06f3506aac7259,2019-02,Merseyside Police,Merseyside Police,-2.994432,53.497875,On or near MASEFIELD ROAD,E01007024,Sefton 024C,Investigation complete; no suspect identified
b7fbfdf4ba55f6dd867776c8fc83e97d9408826c84d2c916abc9e287cab22c88,2019-02,Merseyside Police,Merseyside Police,-2.798664,53.424621,On or near BRIDGE ROAD,E01006459,Knowsley 009A,Unable to prosecute suspect
e585a3bed9779ddd97d878843ddeeb297051a89e8fca9d260fffea6e3467c933,2019-02,Merseyside Police,Merseyside Police,-2.985799,53.409038,On or near DALE STREET (QUEENSWAY),E01033755,Liverpool 062D,Investigation complete; no suspect identified
76287b42f2a96428bf7f7ba252f0d4678dd49424d582aceb5d07ab87a722cb18,2019-02,Merseyside Police,Merseyside Police,-2.713789,53.428215,On or near CRANE AVENUE,E01006901,St. Helens 020G,Investigation complete; no suspect identified
3ea3c374c4afd498f8816d3067ed98820b528ff9df7fc9c3d5fb2735871a8a4a,2019-02,Merseyside Police,Merseyside Police,-2.981499,53.403914,On or near ROE ALLEY,E01033756,Liverpool 061C,Investigation complete; no suspect identified
ad1a93c7ef31c1cb43f1e0617bc2452cad8c8ca316ec88bacbc2f6e7bff4fce9,2019-02,Merseyside Police,Merseyside Police,-2.995016,53.363693,On or near WOODFORD ROAD,E01007138,Wirral 031B,Investigation complete; no suspect identified
fafe8c6d2fc39f02d4006f6026e43badc2746c23c79071acbb7f8b62340176bd,2019-02,Merseyside Police,Merseyside Police,-2.958185,53.396606,On or near CARLINGFORD CLOSE,E01006679,Liverpool 039D,Suspect charged
0f4ee003fbcba8376c862ae06089611dcea6eb3546017214a9139e3f7fdb3e7e,2019-02,Merseyside Police,Merseyside Police,-2.958185,53.396606,On or near CARLINGFORD CLOSE,E01006679,Liverpool 039D,Unable to prosecute suspect
3f6bb927f4d8a14c1b95fe2bdc2775af12c1f420d2bb09c36c6a77046640a382,2019-02,Merseyside Police,Merseyside Police,-2.991885,53.461078,On or near HALSALL ROAD,E01007012,Sefton 036D,Unable to prosecute suspect
3f6bb927f4d8a14c1b95fe2bdc2775af12c1f420d2bb09c36c6a77046640a382,2019-02,Merseyside Police,Merseyside Police,-2.991885,53.461078,On or near HALSALL ROAD,E01007012,Sefton 036D,Unable to prosecute suspect
bd20b9de04df36761f8e0b120c7eee6290ca1d94764efbd9f7719ec711e48495,2019-02,Merseyside Police,Merseyside Police,-2.979260,53.405982,On or near BACK LIME STREET,E01033760,Liverpool 060C,Investigation complete; no suspect identified
283aaa7a3043fce3d517a2a0cff4a75f3196657313ec387814b88d7bf019ef67,2019-02,Merseyside Police,Merseyside Police,-3.071370,53.569966,On or near FISHERMANS CLOSE,E01006985,Sefton 013A,Investigation complete; no suspect identified
9dafaad88f3f82b12bd098fb12bd74f5b1a0eea0b2fb609b4d9ae0833301b22b,2019-02,Merseyside Police,Merseyside Police,-2.932400,53.431301,On or near FINVOY ROAD,E01006763,Liverpool 020C,Suspect charged
07e16599a7d12e8abcbc29e44c4cc2a9ea7f23654215bd86ad9e94c9d51c4f6e,2019-02,Merseyside Police,Merseyside Police,-2.922701,53.415754,On or near ST IVES GROVE,E01006711,Liverpool 027A,Unable to prosecute suspect
0dd407f602cbbfef5ecd79c2a01d30798edc7b1bd8ecf6279999ba6137d9c60d,2019-02,Merseyside Police,Merseyside Police,-2.909824,53.397542,On or near CHILDWALL ROAD,E01006589,Liverpool 041B,Unable to prosecute suspect
7d3cd6de0c60f4c7936fe6f9842c1a5ab34c5573f69d0fb8513ec5e34c94bccc,2019-02,Merseyside Police,Merseyside Police,-2.991185,53.486666,On or near HARP'S CROFT,E01007089,Sefton 024E,Unable to prosecute suspect
2c0e8facb5afb39dded19ac00977d31f55a842c3e30f78ce3ff8d2d020c942fc,2019-02,Merseyside Police,Merseyside Police,-2.896954,53.355509,On or near SHREWSBURY ROAD,E01006745,Liverpool 057D,Unable to prosecute suspect
c7691ded8460b146888486f1f90d682fffd50e02260e992b0b707cb59ed169a5,2019-02,Merseyside Police,Merseyside Police,-3.061495,53.418565,On or near HILLSIDE ROAD,E01007211,Wirral 004A,Investigation complete; no suspect identified
4aae4b466c9ccbea7bd51fbe9f30c8b1b37e372b8696346873743df706cf3e7b,2019-02,Merseyside Police,Merseyside Police,-2.978599,53.409277,On or near LIME STREET,E01033760,Liverpool 060C,Unable to prosecute suspect
c6ca8a05598be29d8897474cbcf9f6c48ebfc00c684565dffc318a4ec997d2bc,2019-02,Merseyside Police,Merseyside Police,-2.989746,53.407999,On or near EBERLE STREET,E01033752,Liverpool 062B,Investigation complete; no suspect identified
936093f59e54e238e89d1eda2f8041caf130337f2ff57dd1c51e1c2b5eca35b8,2019-02,Merseyside Police,Merseyside Police,-2.903957,53.426540,On or near EATON ROAD,E01006620,Liverpool 021C,Unable to prosecute suspect
937446268f351e67698ff95569cfcc4344c3a7dfde014ae7787fe64a337d9689,2019-02,Merseyside Police,Merseyside Police,-2.990098,53.406935,On or near SWEETING STREET,E01033752,Liverpool 062B,Unable to prosecute suspect
2b940451d2b299d22570dd1d3966a0ecd47ef7b5b3423fffd971575869caa8a4,2019-02,Merseyside Police,Merseyside Police,-3.029866,53.395506,On or near VITTORIA CLOSE,E01007133,Wirral 016E,Unable to prosecute suspect
f028bdfb182d3564fab9f7c802de04de1e11037d7b70ac64b6cd5c0220d65dae,2019-02,Merseyside Police,Merseyside Police,-2.983958,53.409458,On or near Parking Area,E01033762,Liverpool 060E,Investigation complete; no suspect identified
e020d83216e73aeb64d02c3ef67d5485768b7ec8b37272b4c28ae8095e4406e0,2019-02,Merseyside Police,Merseyside Police,-2.786912,53.414083,On or near BRAEMAR CLOSE,E01006504,Knowsley 013D,Suspect charged
a121347c64230d299b480309ab0193049de62d16085a4475a66b333557e8d068,2019-02,Merseyside Police,Merseyside Police,-2.991851,53.455101,On or near STANLEY ROAD,E01007007,Sefton 037B,Unable to prosecute suspect
82f3b8c1dd5f4a80805084474eb56fbb7aa2128c28b8c071cf16eafa49650323,2019-02,Merseyside Police,Merseyside Police,-2.993510,53.489389,On or near BOWLAND DRIVE,E01006979,Sefton 024A,Unable to prosecute suspect
03ac4e5afc35ec0560e65a22536573be2c1f3d4686e8875279cf09c45a45bd47,2019-02,Merseyside Police,Merseyside Police,-2.849618,53.427532,On or near BELTON ROAD,E01006441,Knowsley 006D,Investigation complete; no suspect identified
9958dfdc4e06c22c209275e67be6c7951a9942afe6e6667435cf4f3c8d3741a0,2019-02,Merseyside Police,Merseyside Police,-2.913699,53.412740,On or near Further/Higher Educational Building,E01032508,Liverpool 027G,Investigation complete; no suspect identified
b0a935d1e3b9c71ec6251bec72b0fae933cb9dca40a1fee24e895db27d600cb2,2019-02,Merseyside Police,Merseyside Police,-3.031578,53.417173,On or near WATER STREET,E01007220,Wirral 005D,Unable to prosecute suspect
9c19876b259e615f772d4d59600fb473bedfb07ed8b4261db4fe12a2b9e96053,2019-02,Merseyside Police,Merseyside Police,-2.712535,53.435108,On or near BOSCOW CRESCENT,E01006847,St. Helens 020C,Unable to prosecute suspect
e65275062946ca2c30ef6a3eb3c9973d41c46c0d451b502af8bc0bf21edc3ac1,2019-02,Merseyside Police,Merseyside Police,-2.749536,53.454917,On or near BOUNDARY ROAD,E01006877,St. Helens 012C,Unable to prosecute suspect
ccfeb60c16bb7d2bbde95879f4a2e485d74678e0f4881fc5aa400fb981528bb7,2019-02,Merseyside Police,Merseyside Police,-3.033031,53.421259,On or near TRAFALGAR ROAD,E01007219,Wirral 005C,Unable to prosecute suspect
ecdd7c181fbdf035d6db97ffa716bd4b5bf968faa9a8e0d4ce3c78f31d1df954,2019-02,Merseyside Police,Merseyside Police,-2.745763,53.467291,On or near BIRCH AVENUE,E01006919,St. Helens 007F,Investigation complete; no suspect identified
c52a67cc05dd842d411c1141f100cfa26510ada9cde679d9ee8e5d3f3f9b58e1,2019-02,Merseyside Police,Merseyside Police,-3.026411,53.395068,On or near WATSON STREET,E01007126,Wirral 016A,Investigation complete; no suspect identified
9fae56b44eff2603ae2feabcc222ee819d626680c8bafe38b48775d5af36e4f8,2019-02,Merseyside Police,Merseyside Police,-2.698159,53.443345,On or near PORTLAND WAY,E01006899,St. Helens 017D,Investigation complete; no suspect identified
e6c7f68f6065f8fd6eefb1f9722056b55973c4e2683a07ba89d2aa20ea6168fa,2019-02,Merseyside Police,Merseyside Police,-2.747232,53.454922,On or near GRANT CLOSE,E01006877,St. Helens 012C,Investigation complete; no suspect identified
2b987755a1e578c7e1507d24a0d6eb5523f2cde8d162745194895a6718823687,2019-02,Merseyside Police,Merseyside Police,-3.010417,53.376301,On or near Conference/Exhibition Centre,E01007295,Wirral 027D,Investigation complete; no suspect identified
41e5f68a09f014b3890598d27bbb7fa25c00e6401cf72e77d76e8012410db687,2019-02,Merseyside Police,Merseyside Police,-2.995421,53.485391,On or near BRIDGE CROFT,E01006979,Sefton 024A,Unable to prosecute suspect
ad202d2686b142e9bf60dd4eac7cd87158d1fd8e372783029d382c18bdd38456,2019-02,Merseyside Police,Merseyside Police,-2.652620,53.454362,On or near SEFTON STREET,E01006865,St. Helens 013C,Unable to prosecute suspect
83521dc7d4a7a6cc43c11c14f0445835579bd12eb9f30249c1e0f1023dc42826,2019-02,Merseyside Police,Merseyside Police,-2.937093,53.412019,On or near BRIDGEMERE CLOSE,E01006692,Liverpool 028B,Unable to prosecute suspect
e074bfcb5f7fd64e3f6d1b4fc30cc3c3320c0b68e54f671075e51bfe8e1389c9,2019-02,Merseyside Police,Merseyside Police,-3.034854,53.395930,On or near PRINCE EDWARD STREET,E01032903,Wirral 010F,Unable to prosecute suspect
d1c9e7c98d3810c0ccdd06a97a55b19df87cc93012855462e3933b4d18a8d45e,2019-02,Merseyside Police,Merseyside Police,-2.661879,53.467740,On or near SHORT STREET,E01006838,St. Helens 006B,Investigation complete; no suspect identified
007815f308ea6fcd0bd4aa4a6264cdf2eadb610b17b24503e2cd702f4543f5a4,2019-02,Merseyside Police,Merseyside Police,-2.969800,53.380908,On or near GOSFORD STREET,E01033767,Liverpool 050J,Unable to prosecute suspect
ff086f7d85fb765b45cba189c5fb593a44921357538756f834427f99d1dc0fde,2019-02,Merseyside Police,Merseyside Police,-2.908096,53.468172,On or near AMANDA ROAD,E01006506,Knowsley 004B,Unable to prosecute suspect
1d2687e9c12108db90e4f11e9373f9965e38799dbf6677ab32bdcff36fd5526b,2019-02,Merseyside Police,Merseyside Police,-2.979358,53.403024,On or near Nightclub,E01033756,Liverpool 061C,Unable to prosecute suspect
cace47e5a64949092fe24500cd31711ed032946b81283074507f9adebe4c935b,2019-02,Merseyside Police,Merseyside Police,-3.014293,53.467227,On or near CLAREMONT ROAD,E01006952,Sefton 032A,Investigation complete; no suspect identified
487291e16c1e9c9fbf38a4682573bfd4376642d74a08938984ddf456f4b580f8,2019-02,Merseyside Police,Merseyside Police,-2.901166,53.404134,On or near ACUBA ROAD,E01006575,Liverpool 034A,Investigation complete; no suspect identified
6d0ee7fdd9bb32426ec04e10657f961891fbc604f3f9e166df0698742e08853d,2019-02,Merseyside Police,Merseyside Police,-2.829486,53.382945,On or near BEESANDS CLOSE,E01006707,Liverpool 045B,Investigation complete; no suspect identified
ee30b3d03b14734428f957e46f6c9d142d449688743f42094e69cc060ac652da,2019-02,Merseyside Police,Merseyside Police,-3.129098,53.395148,On or near THORNLEY ROAD,E01007224,Wirral 017A,Investigation complete; no suspect identified
0abb916d0119a38840c03ef68c369c0c617aa641f61ccd2bc93034068f24f90a,2019-02,Merseyside Police,Merseyside Police,-3.008133,53.650757,On or near Theme/Adventure Park,E01006968,Sefton 004C,Investigation complete; no suspect identified
db1c4419fa2742db76561ca578adb30a251f2677a1e1f6d6bc5e97e96104d6c2,2019-02,Merseyside Police,Merseyside Police,-3.015955,53.619303,On or near LANGDALE GARDENS,E01006931,Sefton 010C,Unable to prosecute suspect
8c7a364b76e852b75076910caf6e18310f73b4ad0dbcfaeb9fe2829f00042b0b,2019-02,Merseyside Police,Merseyside Police,-2.999159,53.318561,On or near LAWNS AVENUE,E01007148,Wirral 038E,Investigation complete; no suspect identified
561639705f47c86e687a71c2fc419da45dbb5154939c7434dbfe8ec10d8510c2,2019-02,Merseyside Police,Merseyside Police,-3.006958,53.462822,On or near MAPLE CLOSE,E01007011,Sefton 034C,Unable to prosecute suspect
f0bf8e969500c7a70acd173438f4fb2e3a07a68e4fe97703e98b9c82f82189f4,2019-02,Merseyside Police,Merseyside Police,-2.968893,53.449546,On or near HERBARTH CLOSE,E01006790,Liverpool 006C,Investigation complete; no suspect identified
eb23d7ccb0b7ec9f8d0e7c03ad3d2a76dc75a6c43070eddfb1d9b36af8a23cee,2019-02,Merseyside Police,Merseyside Police,-3.042682,53.596484,On or near MUIRFIELD DRIVE,E01006921,Sefton 012A,Investigation complete; no suspect identified
bc3e95290bbb214033ecd0fd0e6bb03d95dd7f37edfe970a5870e7990a2889aa,2019-02,Merseyside Police,Merseyside Police,-2.990771,53.406138,On or near CASTLE STREET,E01033752,Liverpool 062B,Investigation complete; no suspect identified
c2f9143e84d9d157f84dc65e3477fa06f65157190ce2b755b34e59496747fb16,2019-02,Merseyside Police,Merseyside Police,-3.043981,53.417380,On or near HARTINGTON ROAD,E01007214,Wirral 007C,Investigation complete; no suspect identified
3a93b8d2e6bd65b39a999ff3df1e89d761d49e0f139ee02988d86be583710636,2019-02,Merseyside Police,Merseyside Police,-2.939779,53.504430,On or near OLD HALL CLOSE,E01007074,Sefton 019A,Investigation complete; no suspect identified
af21b61b3eec9d059620f67d33f4230d7dc56f98807aed90a23f78609ff8c311,2019-02,Merseyside Police,Merseyside Police,-3.047186,53.419203,On or near CECIL ROAD,E01007217,Wirral 007D,Investigation complete; no suspect identified
76cccb1eb5d445f75718852053299ed9a2617743d332a1eeac181c863663e583,2019-02,Merseyside Police,Merseyside Police,-3.084981,53.356410,On or near THINGWALL GRANGE,E01007255,Wirral 034B,Investigation complete; no suspect identified
5a9d28ffbfd6b69d91f19fef2ee535d42099e6e5dafaf8d39173da2aa1a1ead4,2019-02,Merseyside Police,Merseyside Police,-3.042608,53.380285,On or near POPLAR ROAD,E01007242,Wirral 020E,Investigation complete; no suspect identified
7dcc44b02c8c12ac6a15f302fdfba77e20a0af429782f1649f4894979503ff1c,2019-02,Merseyside Police,Merseyside Police,-3.031395,53.392841,On or near HILTON CLOSE,E01007127,Wirral 016B,Unable to prosecute suspect
db2b3559865fe57e367f9b74ac3d11c77377c383b808d60260279a244c868006,2019-02,Merseyside Police,Merseyside Police,-2.762636,53.442178,On or near LUGSMORE LANE,E01006835,St. Helens 016C,Investigation complete; no suspect identified
96372324431497125ce9188822051df4e47dc94ea8f4213a4b1923beff885d7c,2019-02,Merseyside Police,Merseyside Police,-2.754926,53.453094,On or near DOUGLAS STREET,E01006880,St. Helens 012D,Investigation complete; no suspect identified
008a247adc0e2a08538415eb2c26e79dd843f3d9c2b2edc4ea5c55f18b4a010b,2019-02,Merseyside Police,Merseyside Police,-2.980571,53.403472,On or near Nightclub,E01033756,Liverpool 061C,Investigation complete; no suspect identified
bfddc665124f1379245b25228cde4c3cb5179a493bfaec353b5b93ee4f4909b0,2019-02,Merseyside Police,Merseyside Police,-2.932338,53.464219,On or near Parking Area,E01006659,Liverpool 005B,Investigation complete; no suspect identified
5687a878e0a16a76a7fb7a4592bb55efcd53f9f7104bb999a1ea7ba439f8a1a4,2019-02,Merseyside Police,Merseyside Police,-2.913320,53.399241,On or near WELLSTEAD CLOSE,E01006586,Liverpool 032C,Investigation complete; no suspect identified
2f5d99e7ea70e82a61112909afdbb83e1055d773a2897a90ad11974d48a2ef8f,2019-02,Merseyside Police,Merseyside Police,-3.028744,53.393269,On or near EXMOUTH WAY,E01007127,Wirral 016B,Unable to prosecute suspect
c645377d449c696267e9bdf9249c9d0f851409693ad98acb74d77233a6520984,2019-02,Merseyside Police,Merseyside Police,-3.060475,53.402375,On or near TAPESTRY GARDENS,E01007123,Wirral 011D,Investigation complete; no suspect identified
bdc706ebef774cdb29a643d8e75f80e5cb880d9b1a358a0cf41c6cffe5a05ee0,2019-02,Merseyside Police,Merseyside Police,-2.869238,53.384478,On or near CUCKOO CLOSE,E01006792,Liverpool 046A,Investigation complete; no suspect identified
3fa082aa36f2e1513f1f3f5069028d7811a1443ba477cda8eff26f13315e5a29,2019-02,Merseyside Police,Merseyside Police,-3.039609,53.439225,On or near BALMORAL ROAD,E01007238,Wirral 001E,Unable to prosecute suspect
234f6047e818f8dfb61b15149ca3474f01e8b7958cdc8c5ab32d33f596e7d2a8,2019-02,Merseyside Police,Merseyside Police,-2.960662,53.429783,On or near KEMLYN ROAD,E01006546,Liverpool 019B,Suspect charged
5b57250c609053bee41799fe74059e59f9782de207d3cb88731b71b78d267d5b,2019-02,Merseyside Police,Merseyside Police,-2.979687,53.402976,On or near Nightclub,E01033756,Liverpool 061C,Investigation complete; no suspect identified
d35a6d91ceac4be34a206a1e5fc3068433f3d4495a92e18dfb67f65aede97066,2019-02,Merseyside Police,Merseyside Police,-3.003330,53.650447,On or near STANLEY STREET,E01033094,Sefton 004F,Investigation complete; no suspect identified
1031b99e3ff114593ae6680f0d12148a870cc2bc4d6f1b9aabfd21d32857fec5,2019-02,Merseyside Police,Merseyside Police,-3.084841,53.414732,On or near SCORESBY ROAD,E01007210,Wirral 006C,Investigation complete; no suspect identified
88c029415025dba880033580b1db83bb25be71a40dffd7fda41f366684db5db7,2019-02,Merseyside Police,Merseyside Police,-3.072156,53.552116,On or near SEFTON ROAD,E01006992,Sefton 015B,Investigation complete; no suspect identified
9510c663ecad214e22309ac2d323ba70cc29b5d7cd3d68890487177df4b045f7,2019-02,Merseyside Police,Merseyside Police,-2.901166,53.404134,On or near ACUBA ROAD,E01006575,Liverpool 034A,Investigation complete; no suspect identified
68cc65f1cb28496599fbf12b22ff417c9d6e0430e0e8cf2fc854ef160d00bb8d,2019-02,Merseyside Police,Merseyside Police,-2.795446,53.428741,On or near ST JAMES' ROAD,E01006466,Knowsley 007E,Investigation complete; no suspect identified
1cb81450a67698cc24eb488ba61fc58ac503ce7dad953d91a4b2bf1c4042a044,2019-02,Merseyside Police,Merseyside Police,-2.859511,53.375551,On or near WOODVALE ROAD,E01006798,Liverpool 051D,Investigation complete; no suspect identified
08a1320b1814c6ec1d91cd69c341c5f1c51fef1aaa4eec6d979577d40b6c04f0,2019-02,Merseyside Police,Merseyside Police,-3.002944,53.493840,On or near EDGEMOOR DRIVE,E01007020,Sefton 021A,Investigation complete; no suspect identified
788ffd8111bfb42e07136328d5e221674df290d6e8e50de652d259a30bcf62a1,2019-02,Merseyside Police,Merseyside Police,-3.004544,53.456910,On or near LONGFELLOW STREET,E01007008,Sefton 037C,Further investigation is not in the public interest
03c2d840eaf66886bc4310c2e8649350de2354ff57f51ba106fef1d7e4a8d3fe,2019-02,Merseyside Police,Merseyside Police,-3.099034,53.381675,On or near Petrol Station,E01007302,Wirral 018D,Investigation complete; no suspect identified
983d7fb8c125730f83f3e9a3b3fb2d038b183ddf4af6268b62264ce90e2b92cd,2019-02,Merseyside Police,Merseyside Police,-2.880378,53.499471,On or near WHITEBEAM CLOSE,E01006490,Knowsley 002E,Investigation complete; no suspect identified
f88dd7124894982f166835a43f6edf370645866cf085e9b18586cbf718191f2c,2019-02,Merseyside Police,Merseyside Police,-3.024733,53.389078,On or near Shopping Area,E01007128,Wirral 016C,Investigation complete; no suspect identified
4500bbd0b6b691cc403c23ea1e34cd46134144a940c04d7113e98fd15fd0032a,2019-02,Merseyside Police,Merseyside Police,-2.843678,53.404958,On or near CHARLWOOD AVENUE,E01006471,Knowsley 016A,Investigation complete; no suspect identified
46f866d0b8b910587f38665ab4136c21ec5241f4dc4a782cd5c14266d908e948,2019-02,Merseyside Police,Merseyside Police,-3.035884,53.602107,On or near Supermarket,E01006920,Sefton 011A,Unable to prosecute suspect
e449ca3d80e85f53c535ba31de1f2324589560800d35e2d601f0ba768da1e685,2019-02,Merseyside Police,Merseyside Police,-2.880930,53.493391,On or near CRITCHLEY WAY,E01006493,Knowsley 001C,Investigation complete; no suspect identified
afc0e1f7faaa832ac09577f3d081f7f13ce81678ad99391c560c7b4221f04714,2019-02,Merseyside Police,Merseyside Police,-2.866965,53.423587,On or near FINCHAM ROAD,E01033228,Knowsley 008F,Unable to prosecute suspect
6c7a16f98e35dc82eb409d1e08037601c2b7b761b2095b5444742ee8f7cdb328,2019-02,Merseyside Police,Merseyside Police,-2.917638,53.421689,On or near ECCLESHILL ROAD,E01006717,Liverpool 027D,Investigation complete; no suspect identified
08c912b28310c6b76c51c60f141bc6d2ffc1798b7089e9ab03c82cd2b24d6938,2019-02,Merseyside Police,Merseyside Police,-3.002944,53.493840,On or near EDGEMOOR DRIVE,E01007020,Sefton 021A,Investigation complete; no suspect identified
5a06650d7953274ada5ae66224c033fd7c56906a89a2db10fb511eff52c7eaef,2019-02,Merseyside Police,Merseyside Police,-2.953108,53.426472,On or near ST ANDREW ROAD,E01006547,Liverpool 019C,Unable to prosecute suspect
da0d114ec84000aba2bef055fff6cb724fbfec67ceed2902c6502d96b9d96bc9,2019-02,Merseyside Police,Merseyside Police,-2.985199,53.392180,On or near MARINERS WHARF,E01033750,Liverpool 061A,Investigation complete; no suspect identified
d57246dffbce0fea55f5734efa9be17586d256a24bfba6641fab0e18610992ce,2019-02,Merseyside Police,Merseyside Police,-3.099290,53.398033,On or near SUNNINGDALE,E01007209,Wirral 009D,Investigation complete; no suspect identified
0c83f6a2767c78c00990369c1b7ecd78dabf239a82f55a8edcaff2995699e233,2019-02,Merseyside Police,Merseyside Police,-2.977917,53.442515,On or near Petrol Station,E01006699,Liverpool 014A,Investigation complete; no suspect identified
2bfc128f0131b5bd74c4f2cf99861db2bec648270f8f95fcae41ddcf222d118d,2019-02,Merseyside Police,Merseyside Police,-2.853333,53.385357,On or near WOODLEE ROAD,E01006709,Liverpool 040A,Unable to prosecute suspect
6c648ea4cf3e6fa8e0bb958bc4eaeeaa3b8b8a88cb6a7376f5598be970533991,2019-02,Merseyside Police,Merseyside Police,-2.953664,53.469444,On or near ALLENDALE AVENUE,E01006656,Liverpool 002B,Investigation complete; no suspect identified
03a9f63137267bcf191e52a42ab1abd5e5aff30e6cb3d503411d317ca6f86d5f,2019-02,Merseyside Police,Merseyside Police,-2.712516,53.413256,On or near ABBOTS HALL AVENUE,E01006898,St. Helens 022A,Investigation complete; no suspect identified
e553bf2c44697f544d5c206570456ec297457ebb5817e971624ddea0982a1cf1,2019-02,Merseyside Police,Merseyside Police,-3.060946,53.381391,On or near WOODBANK PARK,E01007241,Wirral 020D,Investigation complete; no suspect identified
953bd26f7f02bf63c467522c9f20089fc79bcf60526d259e3974ca26365bd3e2,2019-02,Merseyside Police,Merseyside Police,-2.917848,53.388797,On or near DUDDINGSTON AVENUE,E01006553,Liverpool 042A,Investigation complete; no suspect identified
faa6271b2a1234cb70d4a396b6335cc5a4eac3a60312040dc6d7194726a2b57c,2019-02,Merseyside Police,Merseyside Police,-2.887228,53.416715,On or near NEWENHAM CRESCENT,E01006571,Liverpool 026D,Unable to prosecute suspect
eb7556e66dfb622bc3d167e5a40594ad114fb4b3762e4fd9276ac167a24ca5fa,2019-02,Merseyside Police,Merseyside Police,-2.958222,53.454432,On or near CEDARDALE ROAD,E01006788,Liverpool 006B,Unable to prosecute suspect
16b26c176dc7971b1f483e322c47e70125f95991820bf7b1728061ce5223f63c,2019-02,Merseyside Police,Merseyside Police,-2.977364,53.407939,On or near Shopping Area,E01033760,Liverpool 060C,Unable to prosecute suspect
572edd85cfe41a9375d2e0b1f6e6590bd52a0c95ff919430ab5e4dd54e2e6daf,2019-02,Merseyside Police,Merseyside Police,-2.797893,53.426028,On or near LAYTON WAY,E01006463,Knowsley 007C,Investigation complete; no suspect identified
7017b7d32afcc2e844cae424e3930fc4fc5d3421373db2c4bcb1a5c2275cc714,2019-02,Merseyside Police,Merseyside Police,-3.103274,53.406114,On or near YEW TREE ROAD,E01007206,Wirral 009B,Investigation complete; no suspect identified
cd6c287eea6be5b83cb7e4e1f90e28615b7cb2aa307e673e5700fdd905a9c55b,2019-02,Merseyside Police,Merseyside Police,-2.975260,53.443489,On or near MARGARET ROAD,E01006961,Sefton 038B,Investigation complete; no suspect identified
3a331c7b329d03d0e47e0f5007b042bf4e109e6c78973c83b52de27100f3abc9,2019-02,Merseyside Police,Merseyside Police,-3.068768,53.399569,On or near BOUNDARY ROAD,E01007123,Wirral 011D,Investigation complete; no suspect identified
e935d0532513b94ddfd19c91f99a3e787593719e0761a436eab646ed15b9df74,2019-02,Merseyside Police,Merseyside Police,-3.029573,53.474890,On or near MOUNT PLEASANT,E01006958,Sefton 030C,Unable to prosecute suspect
837e39ccf6e9100007a16047f54dd0234ce46292c57caea277b377fbc51d81cb,2019-02,Merseyside Police,Merseyside Police,-2.999096,53.482753,On or near OATFIELD LANE,E01006980,Sefton 024B,Investigation complete; no suspect identified
0224b0ae48d842b302fe1a2a4a0a5376ecaf852e57df05dc045ecd332889c1c6,2019-02,Merseyside Police,Merseyside Police,-2.979358,53.403024,On or near Nightclub,E01033756,Liverpool 061C,Unable to prosecute suspect
aa21761414ebf8782115a8d6637679b58a52977b97296462c9502d460f9ab069,2019-02,Merseyside Police,Merseyside Police,-3.040894,53.432041,On or near LENNOX AVENUE,E01007234,Wirral 002D,Suspect charged
b2a4f63df379cfb8b704a600614de68c6155f2a606dec5d0f03158755e5b1c1d,2019-02,Merseyside Police,Merseyside Police,-3.106854,53.384057,On or near DUNNING CLOSE,E01007301,Wirral 018C,Investigation complete; no suspect identified
873fa21d060cb5c6e689b7d6fb6b4d79ae8fe6ee0c24d7b17d0422f98f7a9724,2019-02,Merseyside Police,Merseyside Police,-2.918604,53.361780,On or near BEECH LAWN,E01006685,Liverpool 056C,Investigation complete; no suspect identified
4af3be4f21044651e478f67a041be767fc0738736150020cac69f86da5f1b08d,2019-02,Merseyside Police,Merseyside Police,-2.951424,53.433263,On or near HAZELHURST ROAD,E01006544,Liverpool 015C,Investigation complete; no suspect identified
18119748978c4fca13582a2c097dd0fba348ee29e03b3ebf86dda9e1196110ba,2019-02,Merseyside Police,Merseyside Police,-2.833032,53.382058,On or near TOTHALE TURN,E01006710,Liverpool 045D,Unable to prosecute suspect
89cf16f4f11001c2b5b05a834abc1d361bb96862ea8deeb04f7554672155a922,2019-02,Merseyside Police,Merseyside Police,-3.033645,53.377082,On or near Supermarket,E01007181,Wirral 022B,Investigation complete; no suspect identified
ae1712c6c7ed432b8fdc0d49c8cfe4118510b7b0a35d496a4d86398f819428b7,2019-02,Merseyside Police,Merseyside Police,-2.954606,53.670890,On or near HOLMDALE AVENUE,E01007030,Sefton 001D,Investigation complete; no suspect identified
9c62978ad03876d393b0d2cc8ae4094e0bbf45184f7b8859cbe8b9e3481af3da,2019-02,Merseyside Police,Merseyside Police,-2.970939,53.491003,On or near BUCKFAST CLOSE,E01007085,Sefton 023B,Suspect charged
b36eff9c62f491397faa2a563e7c777347be5f9833c15a7ec51720b836764afc,2019-02,Merseyside Police,Merseyside Police,-2.722458,53.453034,On or near PARR STREET,E01006872,St. Helens 014C,Investigation complete; no suspect identified
543acc2598ff5862e7fa6d5b76bb784c4beef55ae9c22298f11e209b8053280b,2019-02,Merseyside Police,Merseyside Police,-2.897432,53.348242,On or near WINDOW LANE,E01006740,Liverpool 057A,Unable to prosecute suspect
5b96f65dc041ea6da0dc61eadd28a68f28a346e8c11bb5f67d1e0ae328cb7f94,2019-02,Merseyside Police,Merseyside Police,-3.032588,53.383707,On or near DINGLE ROAD,E01007131,Wirral 021B,Unable to prosecute suspect
d23ae865b89d35ed94365548e22ab9790dac8fa019bd108313f54030ea9b07da,2019-02,Merseyside Police,Merseyside Police,-2.907845,53.390735,On or near Sports/Recreation Area,E01006592,Liverpool 041D,Investigation complete; no suspect identified
1278e363cf68cb3c22251bdedfc717b987448177b2ee7a84514e1eccf5d6f0bb,2019-02,Merseyside Police,Merseyside Police,-2.697483,53.439754,On or near ROLLING MILL LANE,E01006899,St. Helens 017D,Investigation complete; no suspect identified
29665b6142417b860681dba6c66762dccefe54c35a8cc10cb2dfec285ce0c476,2019-02,Merseyside Police,Merseyside Police,-2.987882,53.412580,On or near STOCKDALE CLOSE,E01033751,Liverpool 062A,Suspect charged
3c861b6fc01347313b8e57150b0c9fc3a27550f04ba09de75df29dd4e688d395,2019-02,Merseyside Police,Merseyside Police,-2.978559,53.402949,On or near Nightclub,E01033761,Liverpool 060D,Investigation complete; no suspect identified
505a54b7240d24beea5b78eaf4f95de682a69698201cd54a196ebec27b0e589d,2019-02,Merseyside Police,Merseyside Police,-2.951615,53.380497,On or near ALEXANDRA PARK,E01006520,Liverpool 043A,Investigation complete; no suspect identified
59c6f38ddd45261ffc67e5f408e128fd9cef7ab0e31a16f075e156174d2030b7,2019-02,Merseyside Police,Merseyside Police,-2.875938,53.429625,On or near ROTHBURY ROAD,E01006638,Liverpool 017B,Suspect charged
db0771a9b6ec87799ae56ecfaf6c36923787df3d27984187ff99db9cf8b134bb,2019-02,Merseyside Police,Merseyside Police,-2.692772,53.463871,On or near CARRWOOD CLOSE,E01006815,St. Helens 008F,Investigation complete; no suspect identified
191e082929e65b2af9254b9575a5f91a87e070eb050b87fa678313975d0b12be,2019-02,Merseyside Police,Merseyside Police,-2.949591,53.425332,On or near RICHMOND PARK,E01006548,Liverpool 019D,Unable to prosecute suspect
0576c21eb2ebacdc14f6a060a955fd5a3e6f1422cbd09af2cd60df2433252e4d,2019-02,Merseyside Police,Merseyside Police,-2.903957,53.426540,On or near EATON ROAD,E01006620,Liverpool 021C,Unable to prosecute suspect
fc6cfcdf608ecdac714f5d99163bf6c04f327d3b6fb9362336d53c63a83025fe,2019-02,Merseyside Police,Merseyside Police,-2.914929,53.447571,On or near GUILSTED ROAD,E01006598,Liverpool 010A,Unable to prosecute suspect
72e6b188f868ae92f03ab053ff058541c00fd9f6c60abdecf4fd077c19f8bda2,2019-02,Merseyside Police,Merseyside Police,-2.979600,53.406392,On or near ELLIOT STREET,E01033760,Liverpool 060C,Investigation complete; no suspect identified
c1b203fd9a3a9f0ba7a65f57fa61f52f65fbd08f86e04fbf3dffce1e2919b416,2019-02,Merseyside Police,Merseyside Police,-2.902503,53.477212,On or near DENVER ROAD,E01006509,Knowsley 004E,Unable to prosecute suspect
d72bee87f9a38aa2e4477aade67baec9cd50f5f5a59ed83677498f4593d604b8,2019-02,Merseyside Police,Merseyside Police,-2.849925,53.448186,On or near RIDING HILL ROAD,E01006439,Knowsley 005F,Unable to prosecute suspect
06cfbcf99ac29b48a25b6d2104ebeb9b9c68733ad5f3df795042b00f6c4c077f,2019-02,Merseyside Police,Merseyside Police,-2.627317,53.449024,On or near ROMAN CLOSE,E01006860,St. Helens 015E,Unable to prosecute suspect
f0fc74b3995611508c73e4c2485683011f1ab81286b4317433398f0ddbb7cca2,2019-02,Merseyside Police,Merseyside Police,-2.970939,53.491003,On or near BUCKFAST CLOSE,E01007085,Sefton 023B,Unable to prosecute suspect
bf9e15fafa1dc06d62187daa01ad4d51847c34160a9a820d92c797b72fa3958f,2019-02,Merseyside Police,Merseyside Police,-2.972006,53.644926,On or near PITT STREET,E01007056,Sefton 005B,Unable to prosecute suspect
a467932f93ffc0e56242a7a486ab06ebf6b44893b555765bb6f3cf53aec605ef,2019-02,Merseyside Police,Merseyside Police,-2.950346,53.426773,On or near TAPLOW STREET,E01006547,Liverpool 019C,Further investigation is not in the public interest
2554f0714304f67ee26ec731cc2db7ede50b59a727deacb5a931331278d283d4,2019-02,Merseyside Police,Merseyside Police,-3.079168,53.370737,On or near ACKERS ROAD,E01007249,Wirral 025A,Investigation complete; no suspect identified
7d6d1b03e102429b52ea0104fdf0fe48a6fff8ef63f375ce088fae40a88890cd,2019-02,Merseyside Police,Merseyside Police,-3.003047,53.648742,On or near POST OFFICE AVENUE,E01006968,Sefton 004C,Investigation complete; no suspect identified
35f23fd0fc77e7b297a606991bcbf38480cb7ae31cd5813c0a9d62bf1b628d16,2019-02,Merseyside Police,Merseyside Police,-3.081556,53.396757,On or near FARMFIELD DRIVE,E01007124,Wirral 011E,Unable to prosecute suspect
513ff14ba1d01e927681393f0c92ba661ec4dc71292de78ba7d00f9f403c3367,2019-02,Merseyside Police,Merseyside Police,-3.033031,53.421259,On or near TRAFALGAR ROAD,E01007219,Wirral 005C,Further investigation is not in the public interest
d0fae51081ae7637346d88ab68b7f2775f060f2ab591ab8324f84de78ebe7f83,2019-02,Merseyside Police,Merseyside Police,-3.032124,53.387513,On or near QUARRYBANK STREET,E01007129,Wirral 016D,Suspect charged
ed8a18dc6c207e6d49e8ae575366fb1266529c3f61f9972bfdfde2561617bd6e,2019-02,Merseyside Police,Merseyside Police,-2.905348,53.430377,On or near TOWN ROW,E01006619,Liverpool 021B,Suspect charged
9a8efefe447a590fb17af599fa0be160fbef01ac976c4e2492f2c71b89ba7902,2019-02,Merseyside Police,Merseyside Police,-2.864280,53.433638,On or near BRANDEARTH HEY,E01006414,Knowsley 006C,Investigation complete; no suspect identified
92e748fc6fd872f5a958e1627caa482dffc516c703d737e06db4b82e19f88f90,2019-02,Merseyside Police,Merseyside Police,-2.893834,53.459767,On or near SILVERWELL WALK,E01006661,Liverpool 004A,Unable to prosecute suspect
bc0308ced2e10d1c0ce5ecfdddb90f8b9f1418b73539b9cc925920868ede701e,2019-02,Merseyside Police,Merseyside Police,-3.028416,53.382170,On or near ASPENDALE ROAD,E01007131,Wirral 021B,Investigation complete; no suspect identified
f0e7962b5aac69c71bf0d1c7a77d106e9dfbe748d5bb753f981c8d6459448e63,2019-02,Merseyside Police,Merseyside Police,-2.918155,53.415627,On or near SHAFTESBURY TERRACE,E01006711,Liverpool 027A,Unable to prosecute suspect
a814d616a8755339075b1e06780d6900a04b3157ba17c76fdee02b8fc142008e,2019-02,Merseyside Police,Merseyside Police,-2.628797,53.459461,On or near KERSHAW WAY,E01006868,St. Helens 010C,Unable to prosecute suspect
99fc1d204ca58af9a721c6b504ce6dc7889b822691d701f3b3cb5aedacd7ed9a,2019-02,Merseyside Police,Merseyside Police,-2.930942,53.466486,On or near Hospital,E01006659,Liverpool 005B,Investigation complete; no suspect identified
825a8665973c51e466d8c12ec0eeb1fee6abd0d35545726fe8eb82ce12a5712f,2019-02,Merseyside Police,Merseyside Police,-3.017041,53.392479,On or near MARKET STREET,E01007126,Wirral 016A,Unable to prosecute suspect
210e21a7acd79f22288005d72df4abad8704df2527de7e1d01e54f23e0ca4f39,2019-02,Merseyside Police,Merseyside Police,-2.985445,53.442534,On or near MIRANDA ROAD,E01006963,Sefton 038D,Unable to prosecute suspect
1c3fe029db97c795643f38a30a6fa343bc52ffe13b111a06228420b8ef203838,2019-02,Merseyside Police,Merseyside Police,-2.988055,53.440813,On or near WOLSEY STREET,E01006778,Liverpool 014E,Unable to prosecute suspect
0affe2111a2d753729e2cb5c246584f84a5a8747c724b38ce2a7eb4b6b42edb4,2019-02,Merseyside Police,Merseyside Police,-2.836911,53.425779,On or near MARTON ROAD,E01006445,Knowsley 010E,Unable to prosecute suspect
7fff3493b68fb0c0dfe897eaf5a8f03f3b266edab663a4bb968dbd57c75e5b50,2019-02,Merseyside Police,Merseyside Police,-3.079168,53.370737,On or near ACKERS ROAD,E01007249,Wirral 025A,Investigation complete; no suspect identified
3ecfe7ad897936f636491eeefb4fcd52e11d76b40ecdb21f5fbb0be49d539fac,2019-02,Merseyside Police,Merseyside Police,-3.023701,53.384889,On or near ARGYLE STREET SOUTH,E01007291,Wirral 021D,Unable to prosecute suspect
34062980eff17118f71f7bdd774ce9b33b48c575ea27aa32589549f3efc113d8,2019-02,Merseyside Police,Merseyside Police,-2.743750,53.460733,On or near RUTLAND STREET,E01006915,St. Helens 007B,Unable to prosecute suspect
f0c02f211da0cbf9a422b1998947da16e4090b38a3be42b2d0eefbe10d001e71,2019-02,Merseyside Police,Merseyside Police,-2.990098,53.406935,On or near SWEETING STREET,E01033752,Liverpool 062B,Unable to prosecute suspect
d3e93ba75d6c0d5700199e297e14d8c75acdb52c846b1830bcc64a1acfb83a56,2019-02,Merseyside Police,Merseyside Police,-2.950128,53.428465,On or near PRIORY ROAD,E01006766,Liverpool 019E,Suspect charged
5f0c25efdf8624af8df6f0290799177a061d7de27ca26a5ed1f251e51b741337,2019-02,Merseyside Police,Merseyside Police,-3.005290,53.369234,On or near SEFTON ROAD,E01007289,Wirral 031E,Unable to prosecute suspect
34db7fdd08957cbb4c870d5b8279ef955ef96a20cd32d70d10a8ef747b45a322,2019-02,Merseyside Police,Merseyside Police,-2.939440,53.415434,On or near ELM VALE,E01006759,Liverpool 028D,Unable to prosecute suspect
5e98cb2eefcfbd39b508506f7bb358de2f74bf294305e8a3e0982686645b120d,2019-02,Merseyside Police,Merseyside Police,-2.900311,53.456959,On or near CRANTOCK CLOSE,E01006662,Liverpool 004B,Investigation complete; no suspect identified
5c6d66129219b6790e54fb0feb4d726ac83b8a8a3d93cea86421aac010d25162,2019-02,Merseyside Police,Merseyside Police,-2.999718,53.461148,On or near HORNBY BOULEVARD,E01007013,Sefton 036E,Unable to prosecute suspect
1ce6267a3708c93918dafa49636d0feb183fff4ba64d18d0c26aa6e20e68917a,2019-02,Merseyside Police,Merseyside Police,-2.982668,53.452642,On or near GLOUCESTER ROAD,E01006966,Sefton 038F,Unable to prosecute suspect
18e91c14ef69b9b1beb9df9f66e167924684ff373f3c695b9273f73269868d1a,2019-02,Merseyside Police,Merseyside Police,-3.036861,53.412902,On or near DEVERAUX ROAD,E01007276,Wirral 007E,Investigation complete; no suspect identified
b1b212517faf0502b035ee29e75f62acc88e30137bff888941c50ac51651b28d,2019-02,Merseyside Police,Merseyside Police,-2.725241,53.475858,On or near WASDALE AVENUE,E01006850,St. Helens 004B,Unable to prosecute suspect
72a343db60387607db2e4b1e77ac7643687a94e2702d863d1603f054340ed8bc,2019-02,Merseyside Police,Merseyside Police,-2.999300,53.656611,On or near ALBANY ROAD,E01006950,Sefton 004B,Investigation complete; no suspect identified
544dbb0a89c88d135fefdb8ff1eaa66df0c2e39b83b1ee2ce4235f94d673b9aa,2019-02,Merseyside Police,Merseyside Police,-3.053811,53.398704,On or near COLWYN STREET,E01007125,Wirral 015A,Investigation complete; no suspect identified
2055d3bfa9d2566e4380c41880db587d098289873ac777812075931b6181d4eb,2019-02,Merseyside Police,Merseyside Police,-2.928602,53.399986,On or near CARNO STREET,E01006725,Liverpool 035B,Unable to prosecute suspect
de69d44f327f2b2c6c8f7a1766a584ccd3e1d6cac79acdcb81cf8e407ebb88e4,2019-02,Merseyside Police,Merseyside Police,-3.109334,53.403684,On or near LYONS CLOSE,E01007208,Wirral 012A,Investigation complete; no suspect identified
9686e74c8ff11f05dde75b4bd850637b1e1fe22721c4f1f91e3229be170b5c53,2019-02,Merseyside Police,Merseyside Police,-3.095363,53.405584,On or near Sports/Recreation Area,E01007206,Wirral 009B,Investigation complete; no suspect identified
e9de1f4a60f258fac93632f673457c8a4fd484a9eee3cc9d56a196b01df03e42,2019-02,Merseyside Police,Merseyside Police,-3.001043,53.470692,On or near SEFTON ROAD,E01006977,Sefton 032E,Suspect charged
1ff79342003d1ab7ca52ec7b3ce433ffea6271f8180e158fa388b6fb7fb22018,2019-02,Merseyside Police,Merseyside Police,-2.628111,53.447680,On or near DAISY AVENUE,E01006860,St. Helens 015E,Suspect charged
a56b9c92e49f68ab4f5d4fb6c2d904a7d451d152fac0df8c5301c0724351c05f,2019-02,Merseyside Police,Merseyside Police,-2.854470,53.452603,On or near KNOWSLEY LANE,E01006439,Knowsley 005F,Investigation complete; no suspect identified
b847800adcfdfcfeb9280662a994c37cdc560c669dd6c08fc9bd50bfe99fee49,2019-02,Merseyside Police,Merseyside Police,-2.985026,53.453701,On or near BROOKHILL ROAD,E01006966,Sefton 038F,Investigation complete; no suspect identified
a72856494c2e1a64cc11d621dbac1f0bfb48d8d471d8c29de7a76f09baf67b94,2019-02,Merseyside Police,Merseyside Police,-2.995131,53.474930,On or near GALE ROAD,E01006984,Sefton 031E,Suspect charged
0d2715f2fefe1dcb9c2e2b78518c6bea1da04afe6dbd7add8fd99080a5f9d876,2019-02,Merseyside Police,Merseyside Police,-2.969409,53.451672,On or near CLOCK TOWER DRIVE,E01006790,Liverpool 006C,Unable to prosecute suspect
da893c33bed1846c80b1eedb6ca72e52ec6ae3755b1951b9b737dad4ec3fa285,2019-02,Merseyside Police,Merseyside Police,-2.994014,53.478076,On or near OCTAVIA HILL ROAD,E01006981,Sefton 031B,Unable to prosecute suspect
6f91a8767c5e5d938181550a411644d9b5eba2390022ff9361e4536102d1cbd0,2019-02,Merseyside Police,Merseyside Police,-2.990334,53.408048,On or near Parking Area,E01033752,Liverpool 062B,Investigation complete; no suspect identified
3fe71abb0449fc8f2697a6d963c791730bb98e942148991b87a012afe025cb2f,2019-02,Merseyside Police,Merseyside Police,-2.861936,53.370616,On or near BRENDOR ROAD,E01006530,Liverpool 055A,Investigation complete; no suspect identified
a729715d7c279f50c0006d758867bbdbdd71399acf39a88e08e5191fc507794c,2019-02,Merseyside Police,Merseyside Police,-2.968244,53.422306,On or near DANBY CLOSE,E01006564,Liverpool 023B,Investigation complete; no suspect identified
53eb860d95124b5af27913a129816eede178aee120cd33cce89481548b573de1,2019-02,Merseyside Police,Merseyside Police,-3.088124,53.382432,On or near MYRTLE WAY,E01007300,Wirral 019D,Unable to prosecute suspect
162a30f0de0bf5f6a7abee544562ff892d5d033badf5d9d51392f63d9c6b5b97,2019-02,Merseyside Police,Merseyside Police,-3.017041,53.392479,On or near MARKET STREET,E01007126,Wirral 016A,Unable to prosecute suspect
013920cc18a7deb3d2ea82cc71777eadb550960c3df05ed05c98fac254b84cdc,2019-02,Merseyside Police,Merseyside Police,-3.024003,53.376194,On or near ASTONWOOD ROAD,E01007294,Wirral 021F,Unable to prosecute suspect
0af62695abfb8d60797c904f1960426a9350efd29d4d186c6d9c6e801063563b,2019-02,Merseyside Police,Merseyside Police,-2.930942,53.466486,On or near Hospital,E01006659,Liverpool 005B,Suspect charged
e33d66a5da8635383acdff03517eb7ed4eae167ce8474674909e7f4308ca2217,2019-02,Merseyside Police,Merseyside Police,-2.973337,53.465411,On or near JOHNSTON AVENUE,E01007049,Sefton 035B,Unable to prosecute suspect
c043f46bb0c96eacc7b0ec32ef0dcc9d5f5704af14970c1ba1225644e7d00e78,2019-02,Merseyside Police,Merseyside Police,-2.957453,53.406833,On or near BACK IRVINE STREET,E01006748,Liverpool 031C,Investigation complete; no suspect identified
111f1c309f9c17ebc7476144bb55c98b3f5f4f938b2c070dd2af87f378c1563c,2019-02,Merseyside Police,Merseyside Police,-2.984222,53.328959,On or near VALLEY ROAD,E01007136,Wirral 039B,Investigation complete; no suspect identified
8c64dae2edaa4a89c15613d979a59c650d17e5f4ee2cfa5d3aa11be8e0db8990,2019-02,Merseyside Police,Merseyside Police,-2.946241,53.422230,On or near ELLEL GROVE,E01006540,Liverpool 024A,Offender given a drugs possession warning
239883beac2087baa064508e1b649d8267930e810d84b509c72c14559e75f47c,2019-02,Merseyside Police,Merseyside Police,-3.058944,53.424888,On or near BEVERLEY ROAD,E01007311,Wirral 004D,Investigation complete; no suspect identified
df7191be7a78714754d1fe1eb3c8bb7f2726635d556aa1fedfac77164e7761d3,2019-02,Merseyside Police,Merseyside Police,-2.818011,53.413335,On or near PAIGNTON CLOSE,E01006477,Knowsley 015A,Investigation complete; no suspect identified
0b62c6e05b47d928cacbeaaea2e1fbfbd7a35638e50739c512d233fcb1117e85,2019-02,Merseyside Police,Merseyside Police,-2.899368,53.390233,On or near DAIRYLANDS CLOSE,E01006592,Liverpool 041D,Investigation complete; no suspect identified
9e21d4334f0c78f7e951d40db076f12be904a7dbe7763fa957a269c5cf4648fb,2019-02,Merseyside Police,Merseyside Police,-3.167527,53.372216,On or near BEACON DRIVE,E01007260,Wirral 028B,Investigation complete; no suspect identified
585ebe65ba7e34b4ec3a6428e596edb3b4542bbf887987dd0efb9891fcf031df,2019-02,Merseyside Police,Merseyside Police,-2.983915,53.395202,On or near CHALONER STREET,E01033754,Liverpool 061B,Suspect charged
c0d9028d5f1962e8994cd7d9e26e31d969f68232e3c85bc09f8f60769a6eea01,2019-02,Merseyside Police,Merseyside Police,-3.000201,53.468200,On or near LINACRE ROAD,E01007016,Sefton 034D,Unable to prosecute suspect
4019c47e06cfbe3d6f3bada7334a23a4f4ff6c6e72a6118fbe503e1f3ce7f092,2019-02,Merseyside Police,Merseyside Police,-2.899368,53.390233,On or near DAIRYLANDS CLOSE,E01006592,Liverpool 041D,Investigation complete; no suspect identified
949d3ba7301434c3c59a4732d5179a4a75518317d9f9d06eb20b64021a9b75b8,2019-02,Merseyside Police,Merseyside Police,-2.748504,53.448469,On or near AYRSHIRE GARDENS,E01006832,St. Helens 012A,Investigation complete; no suspect identified
4bbccac7b545f0984b4b6c41783d03b8bce613f1c35de18432f696f44ccfb502,2019-02,Merseyside Police,Merseyside Police,-3.015925,53.479420,On or near KNIGHTSWAY,E01006955,Sefton 030A,Investigation complete; no suspect identified
ff028504286783223aa7977daf766fd77cdb03e70794c74fc60cb9e077b1d4cd,2019-02,Merseyside Police,Merseyside Police,-2.919355,53.414782,On or near BIBBY STREET,E01032508,Liverpool 027G,Unable to prosecute suspect
873c2ffc68114aa3dbca9c61c3cd29d8bafd13ed1a9b5b1c8963637f88f88a11,2019-02,Merseyside Police,Merseyside Police,-2.972388,53.643790,On or near PALMERSTON ROAD,E01007056,Sefton 005B,Suspect charged
8869fc5248f51d179adc9e3e414da72493688c0704d218a297f6250f53e3a27b,2019-02,Merseyside Police,Merseyside Police,-3.091540,53.381969,On or near SALACRE CLOSE,E01007300,Wirral 019D,Investigation complete; no suspect identified
c0752ddabfb12d1434233be5329f240c6161074fd148cc3066424e365fc64dad,2019-02,Merseyside Police,Merseyside Police,-2.965369,53.453484,On or near BARTON ROAD,E01006791,Liverpool 006D,Investigation complete; no suspect identified
50d18812e389b0f753eab013a34bde379f077dfb0fab7bd278c7b12302569326,2019-02,Merseyside Police,Merseyside Police,-2.831351,53.344397,On or near HEATON CLOSE,E01006756,Liverpool 059D,Unable to prosecute suspect
7499afb99df95494496adf5ec5478095205cdf90f9066fbc6c6e840bc87d4dbe,2019-02,Merseyside Police,Merseyside Police,-2.677074,53.470316,On or near AVERY ROAD,E01006803,St. Helens 003A,Investigation complete; no suspect identified
ffaa080d0a420b405dd4eb36c0599609abe04b3791f009fcf19b1fbc07e41aa5,2019-02,Merseyside Police,Merseyside Police,-2.971277,53.438542,On or near COUNTY ROAD,E01006700,Liverpool 012E,Unable to prosecute suspect
9aa6767f5880994d509277263773c67fa93999f580996788b7836fd2ad95c42a,2019-02,Merseyside Police,Merseyside Police,-2.939181,53.426205,On or near GLOUCESTER ROAD NORTH,E01006767,Liverpool 019F,Unable to prosecute suspect
ee3f1eba1189cac658f0aa0f09fe8ff08ca953a089fc1effb3dbd295e28355c9,2019-02,Merseyside Police,Merseyside Police,-2.971922,53.461512,On or near SOUTHFIELD ROAD,E01006786,Liverpool 003E,Investigation complete; no suspect identified
565541f5a5d8d2425d26fb34fe438f7e2e99101c27805728bce877a68b0e2419,2019-02,Merseyside Police,Merseyside Police,-2.971215,53.389580,On or near ERIN CLOSE,E01006518,Liverpool 044A,Investigation complete; no suspect identified
904b5213e5f9f1b0ea44f367f50d3aff8b2e204d95b351007eecafa3f527297b,2019-02,Merseyside Police,Merseyside Police,-2.979358,53.403024,On or near Nightclub,E01033756,Liverpool 061C,Unable to prosecute suspect
1849954c7d183d8f19b8822d267ec93d3446609161751fe567997f9226c67748,2019-02,Merseyside Police,Merseyside Police,-2.879364,53.416243,On or near SHORTWOOD ROAD,E01006572,Liverpool 025A,Unable to prosecute suspect
8ed896cda27ceacc943ebf23cb6f28b96b14665169e26841d150e86b842bdcc0,2019-02,Merseyside Police,Merseyside Police,-3.009848,53.344656,On or near LANCELYN TERRACE,E01007154,Wirral 035E,Unable to prosecute suspect
b9054525ce9722889d233f5b2ed67e3572ef24da759e4e87549f8378026408bc,2019-02,Merseyside Police,Merseyside Police,-3.027844,53.407704,On or near OAKDALE AVENUE,E01007269,Wirral 010C,Investigation complete; no suspect identified
68fae6ac0b17768021412690dcbd70b4f90cdee4ee89a63294ef3be0806f1b9c,2019-02,Merseyside Police,Merseyside Police,-3.166406,53.373566,On or near GLEGGSIDE,E01007260,Wirral 028B,Investigation complete; no suspect identified
1782e5b8229ad960a568520c95ffcb1128c4df9ce89b46b27f39b4d7261b6628,2019-02,Merseyside Police,Merseyside Police,-3.024750,53.470473,On or near STANLEY ROAD,E01006957,Sefton 032C,Investigation complete; no suspect identified
dbe1f683aa29bcad4e4e2b1bbfa7921c5bed21d453a5857fda0917b4f00b0ca6,2019-02,Merseyside Police,Merseyside Police,-2.736503,53.453623,On or near CLAUGHTON STREET,E01006872,St. Helens 014C,Formal action is not in the public interest
4e34af384df32944697534ef197f0c797862a4176b9d5d5a2fb4d2456fc91935,2019-02,Merseyside Police,Merseyside Police,-2.976336,53.431993,On or near ARCHER CLOSE,E01033764,Liverpool 022E,Unable to prosecute suspect
520765cfd69a169090efeb05ff01f088dc7041346d0b2b762a9b6090129c8a45,2019-02,Merseyside Police,Merseyside Police,-2.982890,53.344171,On or near FAIRWAY NORTH,E01007142,Wirral 036B,Unable to prosecute suspect
4199a1f914f5fe6b3aae5247d878a1c82430ec483dead7ed1602c700b03d02f8,2019-02,Merseyside Police,Merseyside Police,-3.083491,53.372298,On or near HOME FARM ROAD,E01007249,Wirral 025A,Investigation complete; no suspect identified
78159c1370b7921865103b1cb8816ede1efa05de075f04e558a9972be746432b,2019-02,Merseyside Police,Merseyside Police,-2.699068,53.451016,On or near SIDLAW AVENUE,E01006821,St. Helens 011C,Unable to prosecute suspect
28e0a32ca62873abe93d21bbbce1e5deb18e4da61049571b61c3adadd56ebc78,2019-02,Merseyside Police,Merseyside Police,-3.083491,53.372298,On or near HOME FARM ROAD,E01007249,Wirral 025A,Investigation complete; no suspect identified
89dc8623d6ca51ad92edec9105543c831a022ad54f40d6a9820913059bc3c395,2019-02,Merseyside Police,Merseyside Police,-2.953669,53.530091,On or near WOODLEIGH CLOSE,E01007068,Sefton 017B,Investigation complete; no suspect identified
4bedb5b1e81640f81378f6750512c77eb89b5bb341ba8584f9f494bf88101fdc,2019-02,Merseyside Police,Merseyside Police,-2.845862,53.421806,On or near CARTMEL ROAD,E01006442,Knowsley 010B,Unable to prosecute suspect
28309ab4dacd3ef9b71072d688f234d11dc5347eeda40d8a979190e9faa74320,2019-02,Merseyside Police,Merseyside Police,-2.975487,53.400170,On or near BACK KNIGHT STREET,E01006513,Liverpool 060A,Investigation complete; no suspect identified
d86d3c530459a6bb384fbdffe85bf03c5ddefe78a146327751c17c6996b8237a,2019-02,Merseyside Police,Merseyside Police,-2.961387,53.465202,On or near WARBRECK AVENUE,E01006780,Liverpool 002D,Investigation complete; no suspect identified
5f05c551a8572d8baaeba5776e31d25a725c8fcf16bac191dcfd921ab3e6f066,2019-02,Merseyside Police,Merseyside Police,-2.996456,53.450478,On or near BANK ROAD,E01007007,Sefton 037B,Investigation complete; no suspect identified
654ec79e32cad84ab96003da04d2121829a0ca49a8c4081a5641dfad37f43ed5,2019-02,Merseyside Police,Merseyside Police,-2.965271,53.400702,On or near MYRTLE PARADE,E01006512,Liverpool 031A,Investigation complete; no suspect identified
88598609b2a5aa0058e2edde8e15fb9039010802c99fc686ee2caf0dd8e87a65,2019-02,Merseyside Police,Merseyside Police,-3.035710,53.413856,On or near LONSBORO ROAD,E01007276,Wirral 007E,Investigation complete; no suspect identified
c46d5c3cecb857dd1119153ac760a340a98e556e78a87baabb43988b310fa091,2019-02,Merseyside Police,Merseyside Police,-2.852327,53.350029,On or near BOTANY ROAD,E01006741,Liverpool 058C,Investigation complete; no suspect identified
b0e517cf71169bcf2989442366a63e4dc1a5b04f4d38547d042efff635138c32,2019-02,Merseyside Police,Merseyside Police,-2.979301,53.329135,On or near HEYS AVENUE,E01007136,Wirral 039B,Investigation complete; no suspect identified
8011f181d327aa19dad1e1b095297296d5e1002b54afaacd2cb4c337a6c9e397,2019-02,Merseyside Police,Merseyside Police,-2.917103,53.390502,On or near Supermarket,E01006593,Liverpool 042E,Investigation complete; no suspect identified
b187a260bfcc01902cf9cfcb6dcb690ed0dc2f04c00511f9ed4b2090cb571909,2019-02,Merseyside Police,Merseyside Police,-2.976861,53.404365,On or near UPPER NEWINGTON,E01033756,Liverpool 061C,Offender given a drugs possession warning
7fd7677f66bb2ef12c046bb2d7200e0a2e2732c3e8cfa0c9887e152662bab7bf,2019-02,Merseyside Police,Merseyside Police,-3.013132,53.618805,On or near SHAFTESBURY GROVE,E01006933,Sefton 010E,Investigation complete; no suspect identified
bd5ff768c1c62f0c91f3378e85e080521abee224fc16454b2e754caa7527f6c2,2019-02,Merseyside Police,Merseyside Police,-2.704230,53.496316,On or near BLACKLEYHURST AVENUE,E01006804,St. Helens 002B,Unable to prosecute suspect
8212fd937332dac102998f849c5a23e237254e42012533a49c52025621aef009,2019-02,Merseyside Police,Merseyside Police,-2.979569,53.402420,On or near Nightclub,E01033761,Liverpool 060D,Investigation complete; no suspect identified
a0b39847989534346479dfbf687b2e8e67f23b3a7e3df130b2c041c9b191f3fc,2019-02,Merseyside Police,Merseyside Police,-3.034351,53.385130,On or near BALL'S ROAD EAST,E01007239,Wirral 022C,Offender given a drugs possession warning
c9ba51988e889b0344a2bff5cea13025d1b53c37439e8806e16c0fffe99fb893,2019-02,Merseyside Police,Merseyside Police,-3.061928,53.393059,On or near HILL ROAD,E01007157,Wirral 015C,Investigation complete; no suspect identified
07ed2e4659301d5a5d25ee829266d4865cce49bd19944454bd0f23829cce1c40,2019-02,Merseyside Police,Merseyside Police,-3.034854,53.395930,On or near PRINCE EDWARD STREET,E01032903,Wirral 010F,Unable to prosecute suspect
22bd9c9d70318da19464f929617ff7f6b8b08d8becc8c09964e5efef1f387394,2019-02,Merseyside Police,Merseyside Police,-3.000343,53.652099,On or near GORDON STREET,E01033097,Sefton 004G,Investigation complete; no suspect identified
d851882e1cb436f44b0eded876cd1188c44c9aae59cdac20d3ff195c25315623,2019-02,Merseyside Police,Merseyside Police,-2.821525,53.366919,On or near LOWER CLOSE,E01006422,Knowsley 019B,Unable to prosecute suspect
233ce266122d787d525559d124b327925f14fe66d3daaa6c1743aaccf1307ccc,2019-02,Merseyside Police,Merseyside Police,-2.957059,53.389973,On or near KELVIN GROVE,E01006675,Liverpool 043C,Investigation complete; no suspect identified
e017fe94bf98a915d864077885c7bed85b1fa03626dae65dbeb07f2bbbe076ec,2019-02,Merseyside Police,Merseyside Police,-3.037945,53.481487,On or near MERSEY VIEW,E01006941,Sefton 028A,Investigation complete; no suspect identified
dcc17f889f8080ca3b802a85fffaafec74b118462cffb2dc1ea726afbe7d640e,2019-02,Merseyside Police,Merseyside Police,-3.079508,53.547412,On or near HEYDON CLOSE,E01006993,Sefton 015C,Investigation complete; no suspect identified
d3eb5875430912192ef4fb6a232b4ccb8bd14ca2495c71ed9f583a10902d37be,2019-02,Merseyside Police,Merseyside Police,-2.881504,53.423670,On or near JULIE GROVE,E01006568,Liverpool 026B,Investigation complete; no suspect identified
5695b801f21cfb18424d14a1351046bc26b74be7b89b12ccbe0aca23a9a606b9,2019-02,Merseyside Police,Merseyside Police,-3.045714,53.399090,On or near BRASSEY STREET,E01032903,Wirral 010F,Unable to prosecute suspect
c945a8c864a7333457609bda9a0120d58f559572cdac9488eb04dfe39b69429e,2019-02,Merseyside Police,Merseyside Police,-3.038269,53.422517,On or near WITHEN'S LANE,E01007218,Wirral 002A,Unable to prosecute suspect
a50cc171acd125debf2227fe085864825fab44e376b8368084325104873990f7,2019-02,Merseyside Police,Merseyside Police,-2.962421,53.408339,On or near MOUNT VERNON STREET,E01006748,Liverpool 031C,Investigation complete; no suspect identified
9b217b0049b97fe1e36d76a96c21437efd487023ad0b12c8a4fe3f8c0a8ab775,2019-02,Merseyside Police,Merseyside Police,-2.937827,53.485650,On or near ORIEL CLOSE,E01007042,Sefton 026C,Investigation complete; no suspect identified
d5efaee1b4b495df21e7ae3a70c9f187698a3e9773821d4de851de4d5c5bc2b0,2019-02,Merseyside Police,Merseyside Police,-3.033706,53.380848,On or near ADELAIDE ROAD,E01007244,Wirral 022E,Investigation complete; no suspect identified
6b42bca1d17672deda0f52cf2380d8e505bd78042c114550a75c4afa80381b28,2019-02,Merseyside Police,Merseyside Police,-2.985119,53.403704,On or near Parking Area,E01033756,Liverpool 061C,Investigation complete; no suspect identified
8bf35e9d0db67a6587796f578916316062b37f4620e5f41aaf57175451e015de,2019-02,Merseyside Police,Merseyside Police,-2.863647,53.420996,On or near Supermarket,E01006453,Knowsley 008A,Unable to prosecute suspect
704b49731662f9c470cee9e384cd3aed6c10dae5fcc4e0d0a4f856b2411e5a8f,2019-02,Merseyside Police,Merseyside Police,-2.953277,53.432673,On or near OAKDENE ROAD,E01006545,Liverpool 019A,Unable to prosecute suspect
a3814102bd34a5140efaf100850b2fa99b3864b0a8db3ef1ffe91cbb600ae387,2019-02,Merseyside Police,Merseyside Police,-3.071528,53.433990,On or near COASTAL DRIVE,E01007308,Wirral 003B,Investigation complete; no suspect identified
ab6a14a58d850e59b40917f7e9872da95023c9daa2abea0ae1e1f021432661a3,2019-02,Merseyside Police,Merseyside Police,-2.786740,53.451990,On or near HIGHAM AVENUE,E01006826,St. Helens 018A,Unable to prosecute suspect
311c9f2f30749b59a4fe689a1f360a4b099d08a28d7053de6787092999fe5653,2019-02,Merseyside Police,Merseyside Police,-2.981892,53.414455,On or near SCOTLAND ROAD,E01006648,Liverpool 023D,Suspect charged
2302744872b919326b6e7f28718ab2ff29a3fd34611c5ebd189e95a6d321e7f7,2019-02,Merseyside Police,Merseyside Police,-2.869582,53.459622,On or near RANDLES ROAD,E01006439,Knowsley 005F,Investigation complete; no suspect identified
aed13299a758475be4a720f612f9ec01309971634f72f7e1100c2c25a63232fe,2019-02,Merseyside Police,Merseyside Police,-2.964822,53.449938,On or near GLADSTONE ROAD,E01006791,Liverpool 006D,Unable to prosecute suspect
bcf96dd24f802d53378c0b526e43da3126d4807dc99cbe701f859293986fdd73,2019-02,Merseyside Police,Merseyside Police,-3.008133,53.650757,On or near Theme/Adventure Park,E01006968,Sefton 004C,Investigation complete; no suspect identified
514bfbbada056a6fa480e0bf871740634c65722adcd2935b6503b6ca306297f2,2019-02,Merseyside Police,Merseyside Police,-3.061279,53.400202,On or near TOLLEMACHE ROAD,E01007125,Wirral 015A,Investigation complete; no suspect identified
225618093005212b9e92795e835ef9ea5e45d866e6f9638255e692f323754256,2019-02,Merseyside Police,Merseyside Police,-2.874138,53.470259,On or near BAINTON ROAD,E01006416,Knowsley 005A,Investigation complete; no suspect identified
2165bc7757e80e86105c9979aeb1180d90891f10c9dc752fc17e98dee2653563,2019-02,Merseyside Police,Merseyside Police,-2.836484,53.423166,On or near Sports/Recreation Area,E01006445,Knowsley 010E,Investigation complete; no suspect identified
9209fa66a6924e4bcbc6c421e5d041076d2e8285f57382087d1af88ea370c201,2019-02,Merseyside Police,Merseyside Police,-2.765448,53.453701,On or near GIBBONS AVENUE,E01006879,St. Helens 016F,Unable to prosecute suspect
9fda750eaca6a8fc2af55544dba3c1b925f2c8f305b5e04830b3d16965aba393,2019-02,Merseyside Police,Merseyside Police,-2.991653,53.431767,On or near Theatre/Concert Hall,E01006778,Liverpool 014E,Unable to prosecute suspect
4808e8511ae2f7a76d25c9a14fb73c4920ebf34ca128b64401684416718c5d89,2019-02,Merseyside Police,Merseyside Police,-3.084595,53.376091,On or near Supermarket,E01007303,Wirral 025D,Investigation complete; no suspect identified
ad1a339716ba814e5e7343bd4f0e9dab58de28ade4018611fd0794303f72db85,2019-02,Merseyside Police,Merseyside Police,-2.762123,53.442972,On or near PRESCOT ROAD,E01006835,St. Helens 016C,Investigation complete; no suspect identified
f0ed09e9b2dff5c4115ef3b8a4cb2134513376dbeebb865a7ecc154a0b1d235b,2019-02,Merseyside Police,Merseyside Police,-2.998734,53.450001,On or near ST MARY'S CLOSE,E01007007,Sefton 037B,Unable to prosecute suspect
8e3bb6a370a115fbb700f458eb7f6c98db887c35ccffc5ae558586657f40eebd,2019-02,Merseyside Police,Merseyside Police,-2.841299,53.372067,On or near GREENFINCH GROVE,E01006421,Knowsley 018A,Investigation complete; no suspect identified
1f728c8eff1eb25dab408f7f8cbd079668e8fc71a5af2997748c338194215091,2019-02,Merseyside Police,Merseyside Police,-2.981930,53.653402,On or near PRESTON ROAD,E01006951,Sefton 003D,Investigation complete; no suspect identified
cd4fc2a2610319d3ad7eb691ab23d17b3f3a2323c9205bc63fbf6f29be5b0a01,2019-02,Merseyside Police,Merseyside Police,-2.930942,53.466486,On or near Hospital,E01006659,Liverpool 005B,Investigation complete; no suspect identified
e782d7ed7c2404aa7109395be001690e65f8eb7564f6c8d0920ff054937f1b0c,2019-02,Merseyside Police,Merseyside Police,-2.737771,53.453813,On or near Shopping Area,E01006872,St. Helens 014C,Investigation complete; no suspect identified
6bf7cf28960289b8bc4f22c441fcafeae534cf74372e4a2c91ac0e10cc9ebd2c,2019-02,Merseyside Police,Merseyside Police,-2.851092,53.413185,On or near Further/Higher Educational Building,E01006474,Knowsley 016C,Investigation complete; no suspect identified
678084ba91257af7ef59e8dbea5d2318f29d4298312b5d743c821ccc68959a87,2019-02,Merseyside Police,Merseyside Police,-2.792890,53.516991,On or near KENDAL CLOSE,E01006886,St. Helens 001E,Investigation complete; no suspect identified
0ac0095f53ae80890b14f196dd7c8e66efa2db8edc57906f83c47cd173510326,2019-02,Merseyside Police,Merseyside Police,-2.992447,53.656039,On or near Hospital,E01006944,Sefton 003A,Investigation complete; no suspect identified
e5e434b3ae3cbb3fe3259f5b316b02b01dbb2854ab20ed8a77e367f8289c1a9b,2019-02,Merseyside Police,Merseyside Police,-3.021548,53.607983,On or near HEATHFIELD ROAD,E01006925,Sefton 011C,Investigation complete; no suspect identified
edc4208a698e97c1e9a333e52125b3cdd7c5fe6666d60f61c4072bf9f8d16181,2019-02,Merseyside Police,Merseyside Police,-3.050054,53.393299,On or near PARK ROAD WEST,E01007156,Wirral 015B,Unable to prosecute suspect
593f580e8eb119fc2d3e50da67a173df9764fa61c25f8cd307fff4357e7a71bb,2019-02,Merseyside Police,Merseyside Police,-2.942670,53.387975,On or near CROXTETH DRIVE,E01006522,Liverpool 048A,Investigation complete; no suspect identified
1d81f6e5fd907e02d0dbed71145cf7997cdbc6ccb50225bcd196ba588ea35f56,2019-02,Merseyside Police,Merseyside Police,-3.024409,53.414394,On or near MYRTLE GROVE,E01007277,Wirral 008D,Investigation complete; no suspect identified
6eae58ed9f37e369fa567184e60b31ba4537527c13faa6cb733b2714ad622fbf,2019-02,Merseyside Police,Merseyside Police,-2.859868,53.357481,On or near LEAFIELD ROAD,E01006537,Liverpool 055D,Investigation complete; no suspect identified
39f08779f5418a11f0baa689a8f40bd846b39764739bc2dd2b394bd0e50bd7e5,2019-02,Merseyside Police,Merseyside Police,-2.976279,53.441341,On or near CAIRO STREET,E01006699,Liverpool 014A,Investigation complete; no suspect identified
ffa5ad60b3d7ed83ea8d40d848d9f4f24c53280c06a1b21972c6480ceffc071e,2019-02,Merseyside Police,Merseyside Police,-2.924804,53.387153,On or near GREENBANK ROAD,E01006553,Liverpool 042A,Investigation complete; no suspect identified
336f011bd017899d7f1902977e123b0736830d7c00cd9bd27012b42995aea73f,2019-02,Merseyside Police,Merseyside Police,-3.068768,53.399569,On or near BOUNDARY ROAD,E01007123,Wirral 011D,Investigation complete; no suspect identified
afd30689f17e9a9e5ccab4a7bc91ac47b2be15dd9f6081b6f2580e58d4a682c9,2019-02,Merseyside Police,Merseyside Police,-3.018107,53.471761,On or near SANDRINGHAM ROAD,E01006959,Sefton 032D,Unable to prosecute suspect
2c396d37006ce340ccd4458facd5b812efd8f90575673911b04df92777703492,2019-02,Merseyside Police,Merseyside Police,-3.068768,53.399569,On or near BOUNDARY ROAD,E01007123,Wirral 011D,Investigation complete; no suspect identified
043ddcabc9a2c05d60e19d9ba185970809d92ce784e2e3b584eebdeaa2b66640,2019-02,Merseyside Police,Merseyside Police,-2.962220,53.454067,On or near RICE LANE,E01006791,Liverpool 006D,Investigation complete; no suspect identified
d99b392668f76e2c812ea3323339ae45a6f5779a060523ee4d59cc836ed7a354,2019-02,Merseyside Police,Merseyside Police,-2.837132,53.427027,On or near MARTON ROAD,E01006440,Knowsley 010A,Investigation complete; no suspect identified
ae8abec1386a442f02fd3c093fb79016c4a1366af487473a11722db5ff7cf386,2019-02,Merseyside Police,Merseyside Police,-2.980079,53.403000,On or near FLEET STREET,E01033756,Liverpool 061C,Investigation complete; no suspect identified
762784cb84ff486e868dec3158259233e6fe1d1d83aaaf5110667e8197105379,2019-02,Merseyside Police,Merseyside Police,-2.988457,53.490545,On or near EDGE LANE,E01007038,Sefton 021F,Investigation complete; no suspect identified
687f80aa72b9b9a65267db84d692c19145b48c55ec0728f64e6ead06c458ddfe,2019-02,Merseyside Police,Merseyside Police,-3.064751,53.419398,On or near KELMSCOTT DRIVE,E01007312,Wirral 003C,Unable to prosecute suspect
68d67c7f05dafc77c0bddcb01feda49db7379831a7617f805dd6a8c84115b9a8,2019-02,Merseyside Police,Merseyside Police,-2.983878,53.406618,On or near Supermarket,E01033760,Liverpool 060C,Investigation complete; no suspect identified
62cffc353c8726f6404bed131475bbad2e3510283f2b17bf72a5a14293e6c635,2019-02,Merseyside Police,Merseyside Police,-2.983186,53.404026,On or near Conference/Exhibition Centre,E01033756,Liverpool 061C,Local resolution
3fe0cc105cad7ecc4524a4a7cd643491c01ee3ff142f66d0d0a26574dfb07559,2019-02,Merseyside Police,Merseyside Police,-2.949404,53.379094,On or near PARKFIELD ROAD,E01032507,Liverpool 050H,Unable to prosecute suspect
eeb1ffb94b221b488108de9b99ff089a4c88d53b0c8a71b805e523624b4a1669,2019-02,Merseyside Police,Merseyside Police,-3.086917,53.375206,On or near THE MEADOW,E01007257,Wirral 025C,Investigation complete; no suspect identified
f042010bbdf790ed805741f2521cadc39e70ee0d26c23867a2748d2f16a64930,2019-02,Merseyside Police,Merseyside Police,-2.972033,53.426140,On or near ALBION STREET,E01006560,Liverpool 023A,Investigation complete; no suspect identified
0a834d6ae3b152ef4c2ce682315378ea011ab6ce5023aab688b3f59601ac5b2c,2019-02,Merseyside Police,Merseyside Police,-2.933507,53.400748,On or near WILLOW ROAD,E01006728,Liverpool 035E,Investigation complete; no suspect identified
35f2f95a91d869d1afbed955d852ddbf168c8e906da3b46fe52b856c11ef17ab,2019-02,Merseyside Police,Merseyside Police,-2.873530,53.372357,On or near CAM STREET,E01006799,Liverpool 051E,Unable to prosecute suspect
049f03ab78f05fb2289fd47357f23d138316ca8e193be42c2d7c67b713a0e965,2019-02,Merseyside Police,Merseyside Police,-2.987595,53.406057,On or near Nightclub,E01033760,Liverpool 060C,Investigation complete; no suspect identified
9505a412ec5c3c24672fc67f64d01c3e048d72b95ecb7172da9266c4183c487a,2019-02,Merseyside Police,Merseyside Police,-2.739002,53.454488,On or near WILLIAM STREET,E01006877,St. Helens 012C,Unable to prosecute suspect
c7e3ebf47fd0a0dd86a674004ea2e97840c8782384b06e8408bae9db5c156fdd,2019-02,Merseyside Police,Merseyside Police,-2.906436,53.467348,On or near DENISE ROAD,E01006506,Knowsley 004B,Investigation complete; no suspect identified
75d981dde009bbb6478edf8bf0d74347f49a4583392a2e70d736b63edcb50b96,2019-02,Merseyside Police,Merseyside Police,-2.840031,53.416085,On or near ALT ROAD,E01006482,Knowsley 011B,Investigation complete; no suspect identified
9bf2872b9083342e536676f9e398270f565d86e3ca8e3fd11df5a31b76105b1b,2019-02,Merseyside Police,Merseyside Police,-2.985119,53.403704,On or near Parking Area,E01033756,Liverpool 061C,Investigation complete; no suspect identified
9518a9dad08b9589c5e6c628825f87aae9457dc2acdd2375e6a1e844b6145ace,2019-02,Merseyside Police,Merseyside Police,-2.971483,53.388166,On or near PROPHET WALK,E01006630,Liverpool 044B,Investigation complete; no suspect identified
40cafb8a50e1f12761b1c7463aaa106c596c4e2aa1218a0c797a822fa75f6478,2019-02,Merseyside Police,Merseyside Police,-2.971306,53.433840,On or near SCOTT CLOSE,E01006703,Liverpool 014D,Investigation complete; no suspect identified
e4974005185e89fcdcac5c12c739ebe0b64fc33f22677c3a375feeafa2937173,2019-02,Merseyside Police,Merseyside Police,-2.965668,53.432178,On or near HAYFIELD STREET,E01006558,Liverpool 018B,Investigation complete; no suspect identified
576a0f3155d07d4fa004557a7f4f47044bba5b4b021d5c340f8b4afb76c3f8b4,2019-02,Merseyside Police,Merseyside Police,-2.786871,53.411854,On or near SELBORNE,E01006504,Knowsley 013D,Unable to prosecute suspect
213b59be193727886b2f8f1d0ac1f9e393cfd08bd0b5dec1cbbedc9a67c29b4e,2019-02,Merseyside Police,Merseyside Police,-2.942692,53.437953,On or near CENTENARY CLOSE,E01006616,Liverpool 015D,Investigation complete; no suspect identified
745348c9f05d9a04b3d849aa4121bc2f3ffd642665d1a3712f1743b19ec47ea1,2019-02,Merseyside Police,Merseyside Police,-2.974289,53.468846,On or near NETHERTON WAY,E01007047,Sefton 033E,Investigation complete; no suspect identified
22e8667f656dba7adf9db6f07e9655c7f2bc64285e23aa89232103caad52fe5b,2019-02,Merseyside Police,Merseyside Police,-2.962220,53.454067,On or near RICE LANE,E01006791,Liverpool 006D,Unable to prosecute suspect
e90447361aa788f645f31dfbe341c9d8b12a7dd8f0ebc57172700cb6ffc4de47,2019-02,Merseyside Police,Merseyside Police,-2.884728,53.493363,On or near OAKWORTH CLOSE,E01006493,Knowsley 001C,Investigation complete; no suspect identified
860ae550435ccfd640db2f8d7e16cc9363d652549bc261fcd8fdb513d0744807,2019-02,Merseyside Police,Merseyside Police,-3.068558,53.406807,On or near Sports/Recreation Area,E01007121,Wirral 011B,Suspect charged
3b99a97981fc6d454ec0b4a96310d528e576e8f8c93f42744a7dbca603ac8968,2019-02,Merseyside Police,Merseyside Police,-2.964305,53.384584,On or near PARK ROAD,E01006632,Liverpool 044C,Investigation complete; no suspect identified
b645a3e77d00d288936d165eb437b593abcb88b455fc9442523c7c99d8c6795f,2019-02,Merseyside Police,Merseyside Police,-2.992545,53.475841,On or near BARK ROAD,E01006984,Sefton 031E,Investigation complete; no suspect identified
75b4b401eeba5b3b2d4d4244c7cb8159cfa91a4c1dee8ed0e14b2087bdd98bdf,2019-02,Merseyside Police,Merseyside Police,-3.059670,53.394787,On or near FOXGLOVE ROAD,E01007158,Wirral 015D,Investigation complete; no suspect identified
f5f507fd2fc00446b6009d404d11b775d6894812b10984e440bd5e784fb65ffe,2019-02,Merseyside Police,Merseyside Police,-2.865217,53.351563,On or near SPEKE HALL ROAD,E01006743,Liverpool 058D,Investigation complete; no suspect identified
b3e4c58079854dd0a7cef12a9d1d6bf07bcbfc951a427a24f64f081e9cc47e4e,2019-02,Merseyside Police,Merseyside Police,-3.083491,53.372298,On or near HOME FARM ROAD,E01007249,Wirral 025A,Investigation complete; no suspect identified
dce2540c73d1a94ee667a218a5da31324294c09855168a5c19397d4bea10ecd5,2019-02,Merseyside Police,Merseyside Police,-2.981892,53.414455,On or near SCOTLAND ROAD,E01006648,Liverpool 023D,Offender given a drugs possession warning
f23ac5dce5cb128662b25d7026bef598fd6b6dd7f2e070c57750d60ee580b95f,2019-02,Merseyside Police,Merseyside Police,-3.169794,53.372670,On or near GRAFTON WALK,E01007263,Wirral 026D,Investigation complete; no suspect identified
eb339c0a19e9c2cf3be87eed57a3fbf04b71a4ffb1d1ce8f541122887b4ca07b,2019-02,Merseyside Police,Merseyside Police,-2.870186,53.430225,On or near COLWELL CLOSE,E01006637,Liverpool 017A,Investigation complete; no suspect identified
e8476c7075d8bdb6604e95d40c77d76b46e893ab6bc5cfb01a66cdfe8fbfce59,2019-02,Merseyside Police,Merseyside Police,-2.944894,53.422529,On or near DENTON GROVE,E01006540,Liverpool 024A,Investigation complete; no suspect identified
8da1281372eceeb0d51ab922b590115a8e3cc52bd23c79ad419ee35ae64e4b3f,2019-02,Merseyside Police,Merseyside Police,-3.029573,53.474890,On or near MOUNT PLEASANT,E01006958,Sefton 030C,Investigation complete; no suspect identified
5fc4b150892603013d5c50ee92fda987ac711551d84ecc4c3315eb79eea00b54,2019-02,Merseyside Police,Merseyside Police,-2.747556,53.433887,On or near DENISON GROVE,E01006905,St. Helens 019D,Unable to prosecute suspect
d7b4ae52ddfda2edf53710f02caf80497c97f3f5b10b24ce53130ddd4af3b53f,2019-02,Merseyside Police,Merseyside Police,-2.882020,53.472574,On or near ORSETT ROAD,E01006435,Knowsley 005D,Unable to prosecute suspect
f61977d361ec284e762e05c29397d9873e5070cefe5a8d874ebc3d03b4a7cf28,2019-02,Merseyside Police,Merseyside Police,-2.979959,53.404996,On or near RANELAGH STREET,E01033756,Liverpool 061C,Investigation complete; no suspect identified
7a3dce533211cbcf555d8610a143c40858b7db297f68b947c7efffbe22182438,2019-02,Merseyside Police,Merseyside Police,-2.994656,53.472049,On or near AMOS AVENUE,E01006976,Sefton 033A,Investigation complete; no suspect identified
c2a371c8ff7ba9c7e21bad4e9615e27c9d54ef2dceffa44b8985e5869baa4b8f,2019-02,Merseyside Police,Merseyside Police,-2.922701,53.415754,On or near ST IVES GROVE,E01006711,Liverpool 027A,Investigation complete; no suspect identified
293487bfd6a4a81534b521e3c10fd9508b8c9eb780da77c0f68c082d712971de,2019-02,Merseyside Police,Merseyside Police,-2.786564,53.453052,On or near STANWOOD CLOSE,E01006826,St. Helens 018A,Investigation complete; no suspect identified
3ebb1c2a5b9213cae1bf45de9265e57e8442372605ebe387792505fe1b95b518,2019-02,Merseyside Police,Merseyside Police,-2.725621,53.457509,On or near WATERSIDE,E01006872,St. Helens 014C,Unable to prosecute suspect
9774675064ce04f160b82f65b144dd779f5e42a35cf920d77eb838f009dc594f,2019-02,Merseyside Police,Merseyside Police,-2.690386,53.446761,On or near BARLOW GROVE,E01006817,St. Helens 017B,Unable to prosecute suspect
a8946c62341746aaec6a9cde347000752cdc9549c4b057ca69ae16286605e472,2019-02,Merseyside Police,Merseyside Police,-3.013132,53.618805,On or near SHAFTESBURY GROVE,E01006933,Sefton 010E,Investigation complete; no suspect identified
84cfefec17911f9ce9fce278f926b0fe6ccbafa99aff1f0ea6f5c741306e0b28,2019-02,Merseyside Police,Merseyside Police,-2.991993,53.484475,On or near MUSKER DRIVE,E01007089,Sefton 024E,Investigation complete; no suspect identified
d3e4666456692a2d181574e2f99f279ac0dfd94f36f73e65e6f2f4061330fdf8,2019-02,Merseyside Police,Merseyside Police,-2.981499,53.403914,On or near ROE ALLEY,E01033756,Liverpool 061C,Investigation complete; no suspect identified
0af154f6448726bfddea4303ce3b17db8735883223344e9a4dc39e47859995fd,2019-02,Merseyside Police,Merseyside Police,-2.751356,53.466699,On or near HARD LANE,E01006919,St. Helens 007F,Unable to prosecute suspect
b92d912df10a92f336687b989bb10e69b4055531c9cd640848cd69ef3ab7b971,2019-02,Merseyside Police,Merseyside Police,-2.939032,53.480193,On or near AINTREE LANE,E01007043,Sefton 027B,Investigation complete; no suspect identified
297ab3cb66091b6af40949fccb8f3848407e909d830a4e658ee32613d8f7920a,2019-02,Merseyside Police,Merseyside Police,-3.004929,53.475136,On or near STANTON AVENUE,E01006978,Sefton 031A,Investigation complete; no suspect identified
8082f2542240a1b8ad2c8050622555589cd33bcc5edaf8fe202b15757100dfc1,2019-02,Merseyside Police,Merseyside Police,-3.039912,53.487367,On or near Pedestrian Subway,E01006940,Sefton 022E,Unable to prosecute suspect
36096fa9b0de0787804a0d0a463a477520e0ba8f067b85986060b37f17a51bad,2019-02,Merseyside Police,Merseyside Police,-2.784106,53.452079,On or near GILLARS GREEN DRIVE,E01006826,St. Helens 018A,Unable to prosecute suspect
c5d66834a59181bdd022fd8031560933ed5d1853be05306715bf63cb2a8458ed,2019-02,Merseyside Police,Merseyside Police,-2.751356,53.466699,On or near HARD LANE,E01006919,St. Helens 007F,Unable to prosecute suspect
85a2f2c6dd3473ed96ec57400c11bb99353629d1b5818062eef93d24f7406a85,2019-02,Merseyside Police,Merseyside Police,-2.892930,53.359215,On or near GARFOURTH ROAD,E01006742,Liverpool 057B,Investigation complete; no suspect identified
384acdc4986b40b10c36b241d9675486ca77811b60787f2097a62b87c85bfb37,2019-02,Merseyside Police,Merseyside Police,-3.072379,53.553166,On or near FORMBY BRIDGE,E01006992,Sefton 015B,Offender given penalty notice
4a1f736c4fd572967a6291d46ba16183a476b78e5203b045790e066d3c85c52f,2019-02,Merseyside Police,Merseyside Police,-2.926391,53.449838,On or near FELMERSHAM AVENUE,E01006737,Liverpool 005F,Unable to prosecute suspect
62f0ff4dbdfef45b5dfbdd4f65621e39e62779e632572202719fd2112dcfbcbe,2019-02,Merseyside Police,Merseyside Police,-2.962509,53.647708,On or near TEDDER AVENUE,E01007055,Sefton 005A,Investigation complete; no suspect identified
1d32418b831c4e7ae025f6968f40c26056d3623895ad2427046a1996a5fdbba6,2019-02,Merseyside Police,Merseyside Police,-2.926391,53.449838,On or near FELMERSHAM AVENUE,E01006737,Liverpool 005F,Unable to prosecute suspect
b4aa3f2475a102eeb6d684dd317d1c1ee4d221d74c3ab2e5d0b8feb56c0300a1,2019-02,Merseyside Police,Merseyside Police,-2.753420,53.450542,On or near BOUNDARY ROAD,E01006834,St. Helens 012B,Investigation complete; no suspect identified
75268cbd385c84c94997c39c63f3573d56cb83eb3116e19e1d8af0fe59d36e26,2019-02,Merseyside Police,Merseyside Police,-2.628332,53.445360,On or near CHURCH DRIVE,E01006860,St. Helens 015E,Unable to prosecute suspect
6bb79864e41b005cf2aa5d9822fbd8903c8348f625f6e1f4988f1640bebc35b9,2019-02,Merseyside Police,Merseyside Police,-2.886020,53.419411,On or near Supermarket,E01006571,Liverpool 026D,Investigation complete; no suspect identified
f67b3e7612b416cbac42a0d17857e25c0cba247261ccb9c094a445e132df2587,2019-02,Merseyside Police,Merseyside Police,-2.995011,53.449852,On or near Park/Open Space,E01007007,Sefton 037B,Investigation complete; no suspect identified
10a5ccf7ae7543e4080591aaa27d80b4ac92bc68aba4ebeb3ad033b1eedacadb,2019-02,Merseyside Police,Merseyside Police,-2.711217,53.492274,On or near GREENFIELD VIEW,E01006806,St. Helens 002C,Investigation complete; no suspect identified
590926c64a6a89e3d88272f677e3dfa2a7695e130a8a8c204c5450733552c599,2019-02,Merseyside Police,Merseyside Police,-2.855737,53.359766,On or near Supermarket,E01006538,Liverpool 055E,Investigation complete; no suspect identified
012faadd1bb07314468ad806fa13598a119c324c9c469d21fbf85f5c24462256,2019-02,Merseyside Police,Merseyside Police,-2.967646,53.461556,On or near DINGLEY AVENUE,E01006784,Liverpool 003C,Investigation complete; no suspect identified
5e594cbf50b545c70fe39269e5671fcfc84181d1e53bae3af1bca54e18f61e1f,2019-02,Merseyside Police,Merseyside Police,-2.972740,53.400417,On or near PILGRIM STREET,E01006513,Liverpool 060A,Investigation complete; no suspect identified
7b3b3898b61bc08e52f18b6851dfd2d29b23482c65e22c5083f30872d2cc0b01,2019-02,Merseyside Police,Merseyside Police,-3.055987,53.395449,On or near Supermarket,E01007157,Wirral 015C,Offender given a drugs possession warning
d8fa96ad4e3ee40b1af5554cf0fd9ef1375fcc81828da14a249391a77e06f7b5,2019-02,Merseyside Police,Merseyside Police,-2.878420,53.434668,On or near MAB LANE,E01006645,Liverpool 017E,Offender given a caution
4ba4dc7dac6bf208f20d37c805b75846742832c39829fbd3771e9510859eed77,2019-02,Merseyside Police,Merseyside Police,-2.995421,53.485391,On or near BRIDGE CROFT,E01006979,Sefton 024A,Unable to prosecute suspect
0fdb16dfcae70e855756de10a178a72a36c90c545f83d4c98943cc879e155c2d,2019-02,Merseyside Police,Merseyside Police,-2.687872,53.445886,On or near FLEET LANE,E01006899,St. Helens 017D,Investigation complete; no suspect identified
03b59b0e170264a41fbd7fba77c955b5917649af3920c3284a687e1f747ebcb8,2019-02,Merseyside Police,Merseyside Police,-2.848535,53.413230,On or near RUPERT ROAD,E01006474,Knowsley 016C,Further investigation is not in the public interest
9f71e3885e9ad64f4f0db856862ebd1ffd02175c6736c4a3d67662b67eb0d7cf,2019-02,Merseyside Police,Merseyside Police,-2.990771,53.406138,On or near CASTLE STREET,E01033752,Liverpool 062B,Investigation complete; no suspect identified
464988f55983349134cb026178e51bafb851164bd1e9463cb8a04456fabe884e,2019-02,Merseyside Police,Merseyside Police,-2.982523,53.342583,On or near CORONATION DRIVE,E01007143,Wirral 036C,Unable to prosecute suspect
0294c1d921c493052a30a226563a037c38d9cf67b8ee61606c882aeb5d8609d5,2019-02,Merseyside Police,Merseyside Police,-2.625059,53.446995,On or near STEPHENSON ROAD,E01006861,St. Helens 015F,Unable to prosecute suspect
dbe8e820ed4e7f139d1197c3cf4b4a5d52d1b7f1960cb8b87e539ce90f043b99,2019-02,Merseyside Police,Merseyside Police,-2.980571,53.403472,On or near Nightclub,E01033756,Liverpool 061C,Investigation complete; no suspect identified
f93e58beb8f6d781b989f78eac6c9c65b6f58a2fb41c39582096c7563205448e,2019-02,Merseyside Police,Merseyside Police,-2.984094,53.332556,On or near MUNCASTER CLOSE,E01007137,Wirral 039C,Unable to prosecute suspect
7f0b7073fa6e123dfd3efd4816d742e2ee318c5c0b6ff6fbe41f767736ffac83,2019-02,Merseyside Police,Merseyside Police,-2.652620,53.454362,On or near SEFTON STREET,E01006865,St. Helens 013C,Unable to prosecute suspect
fc82c9a5cbe741052b0409e52a65ab66c81a5f49733ca03ad86aad88b8c9e693,2019-02,Merseyside Police,Merseyside Police,-2.625059,53.446995,On or near STEPHENSON ROAD,E01006861,St. Helens 015F,Unable to prosecute suspect
0ca505e6978f76b67c18a8ffa9301ba0ff472d5022fce0d1a1ef2b651db01e66,2019-02,Merseyside Police,Merseyside Police,-2.918892,53.451199,On or near BRAYBROOKE ROAD,E01006734,Liverpool 005C,Investigation complete; no suspect identified
94682acce2d5117d2659b4cf2c3138d6c426ebb5f7c154e29bff7b48c3b0d2d4,2019-02,Merseyside Police,Merseyside Police,-2.980571,53.403472,On or near Nightclub,E01033756,Liverpool 061C,Investigation complete; no suspect identified
9e5366ca8b4a42ae638035dea9365805433063ea66c5728aa7da8a84a6c57ba1,2019-02,Merseyside Police,Merseyside Police,-3.004597,53.365339,On or near WOODWARD ROAD,E01007289,Wirral 031E,Unable to prosecute suspect
758500de59d33c101c1c5fe4ea0e05b5a309ec6f8ac98138af1f6e9d661adcc9,2019-02,Merseyside Police,Merseyside Police,-2.622802,53.451205,On or near POPLAR AVENUE,E01006861,St. Helens 015F,Unable to prosecute suspect
5421df78ae93f34956489e3108dba31ccabceeaa252544acce19cdd07bf83dba,2019-02,Merseyside Police,Merseyside Police,-2.737942,53.449794,On or near Supermarket,E01006832,St. Helens 012A,Investigation complete; no suspect identified
5b4451354cf3d3429719812bdf3eb49894ed64981762aeb25186c3f4353ebc32,2019-02,Merseyside Police,Merseyside Police,-3.074912,53.432072,On or near BAYVIEW DRIVE,E01007308,Wirral 003B,Investigation complete; no suspect identified
9ddd8741a20d9fcc4a6730b4f19af7426517766e655aff4582bb6529fef4b187,2019-02,Merseyside Police,Merseyside Police,-2.987682,53.653525,On or near PARK ROAD,E01006944,Sefton 003A,Investigation complete; no suspect identified
9a94e23a83dcc57d7f8a40c71db92abb38dbb85c200f85a08c3c7311d022d34d,2019-02,Merseyside Police,Merseyside Police,-2.999687,53.447638,On or near CHAPEL TERRACE,E01007009,Sefton 037D,Investigation complete; no suspect identified
a9a1d80a358cf62340856d99bfbb6f0a20d910e5a1a82db303d5d3ddb03e7257,2019-02,Merseyside Police,Merseyside Police,-2.838251,53.346200,On or near Petrol Station,E01006755,Liverpool 059C,Investigation complete; no suspect identified
657bfa5bd008fbd2df650c2a505eb40a448c1c4e0b97a77bad2a6c702884d637,2019-02,Merseyside Police,Merseyside Police,-3.121740,53.356654,On or near SHERWOOD AVENUE,E01007284,Wirral 033B,Unable to prosecute suspect
ac274645b874ce8eab9babf86d2abce3392b82d2d1e45988f687a0f9d84853cd,2019-02,Merseyside Police,Merseyside Police,-2.981574,53.444399,On or near Bus/Coach Station,E01006961,Sefton 038B,Investigation complete; no suspect identified
1614b79614c8f7665a1151329cf27add15e2f6ae09c8890ab9f35fb94382851c,2019-02,Merseyside Police,Merseyside Police,-2.985464,53.402353,On or near DUKE STREET LANE,E01033754,Liverpool 061B,Suspect charged
52cf6491c316adc47d4a3e553d817ba2388fb364a617b8fc1c3ef567a5c0b4d8,2019-02,Merseyside Police,Merseyside Police,-2.978216,53.406368,On or near BOLTON STREET,E01033760,Liverpool 060C,Unable to prosecute suspect
483962e68da76da40219d4546cbf7f4a2928c5764c079d3d075c781cc2074190,2019-02,Merseyside Police,Merseyside Police,-3.040204,53.409331,On or near CHERRYBANK,E01007269,Wirral 010C,Investigation complete; no suspect identified
7a0460c24875987cbada51a961025f313558c5f7192c47c40b134180a2e03017,2019-02,Merseyside Police,Merseyside Police,-2.834070,53.385979,On or near NIGHTINGALE CLOSE,E01006707,Liverpool 045B,Unable to prosecute suspect
35939ebf2cec41c685f2e3a825a5fcc6da291582da988376065d5e999e1b105e,2019-02,Merseyside Police,Merseyside Police,-3.032284,53.377354,On or near WESTBANK ROAD,E01007180,Wirral 022A,Investigation complete; no suspect identified
ee33ce0100bd1a22d6f92ac541d9145c643578f5bce4c28d8a727dfbae37db6f,2019-02,Merseyside Police,Merseyside Police,-2.864860,53.390299,On or near COCKSHEAD WAY,E01006772,Liverpool 040E,Unable to prosecute suspect
f799de19928eb9f3febd7500f62b0437d8fd327fd9df37482c90ffea2613f216,2019-02,Merseyside Police,Merseyside Police,-2.880936,53.439143,On or near BROOKSIDE,E01006624,Liverpool 013B,Suspect charged
49017fe4faeae3c6560505b46cbbd0c6c1d5f58794c5eba3c8a8daab432d83af,2019-02,Merseyside Police,Merseyside Police,-2.983077,53.404521,On or near OLD POST OFFICE PLACE,E01033756,Liverpool 061C,Investigation complete; no suspect identified
f26848ae04e0e3c7040c04675c10abacc226219316c321846265b00832ce276f,2019-02,Merseyside Police,Merseyside Police,-3.004696,53.479947,On or near BRIDGEWATER CLOSE,E01006983,Sefton 031D,Investigation complete; no suspect identified
a22ecea387b93eca64c161605c2d06f62bb4d3b99d0518d9b4c31531aac39d38,2019-02,Merseyside Police,Merseyside Police,-3.071781,53.414715,On or near M53,E01007309,Wirral 006D,Investigation complete; no suspect identified
91281658202fea3c503196fd0994f60f4f0006939f159fb6aed3678590c3043f,2019-02,Merseyside Police,Merseyside Police,-2.740640,53.453372,On or near WESTFIELD STREET,E01006832,St. Helens 012A,Investigation complete; no suspect identified
8390d63ea92bf6d1682a8104d24d5718dd14e8bce1488ca3c920b77badd17f1e,2019-02,Merseyside Police,Merseyside Police,-2.973180,53.443398,On or near PETER ROAD,E01006698,Liverpool 012D,Unable to prosecute suspect
8a3759bbd6a471673979464bb5ce63d97468ff4e7c36dff505d06317bd448ebb,2019-02,Merseyside Police,Merseyside Police,-3.086136,53.414172,On or near KELLETT ROAD,E01007204,Wirral 009A,Investigation complete; no suspect identified
5477f2d86675b78a53429cc32f96494618745949ec1677b68d832b62cbc33bc3,2019-02,Merseyside Police,Merseyside Police,-2.887002,53.488923,On or near COUNTY ROAD,E01006457,Knowsley 002C,Investigation complete; no suspect identified
f7da579080449f5c7922eed57633f3cc67ad0f3cf30a4ef3028e2d638dc1beec,2019-02,Merseyside Police,Merseyside Police,-2.875129,53.481038,On or near LIFTON ROAD,E01006446,Knowsley 005G,Offender given a drugs possession warning
81d8047cdf85733c94e1cf8545b44d3d47a730bffc0edeeb81cdd2f74fbe0284,2019-02,Merseyside Police,Merseyside Police,-3.095464,53.370840,On or near Hospital,E01007251,Wirral 025B,Investigation complete; no suspect identified
79f2995175443fa7fc9bd3d69798f1f076734e456e925522c929de8eff7f3484,2019-02,Merseyside Police,Merseyside Police,-3.028759,53.406968,On or near CITRINE ROAD,E01007269,Wirral 010C,Investigation complete; no suspect identified
f465ce622d5e106d80adc9f9752e4347b30007efb472182b5be1bb9c5dd16954,2019-02,Merseyside Police,Merseyside Police,-2.801459,53.426769,On or near Shopping Area,E01006463,Knowsley 007C,Investigation complete; no suspect identified
dab894d486735503f6a995d86a7f17ca220b5ca8206e428f441e67af683c29b8,2019-02,Merseyside Police,Merseyside Police,-3.005811,53.499686,On or near THE CRESCENT,E01007037,Sefton 021E,Unable to prosecute suspect
e112ef9c002261d86fb8753a59043f0b6c995c264ec46f2fddb159ca79767131,2019-02,Merseyside Police,Merseyside Police,-3.119666,53.400181,On or near DOUGLAS DRIVE,E01007221,Wirral 012B,Investigation complete; no suspect identified
59d221ae5b7009818e5f7dfd2e51133181246d9d4350035801e227362330ab81,2019-02,Merseyside Police,Merseyside Police,-2.973429,53.448385,On or near STUART ROAD,E01006790,Liverpool 006C,Unable to prosecute suspect
04267bc17b37d568e747cd45508d91ba863f8aee4eb83cf57082f0b2df090779,2019-02,Merseyside Police,Merseyside Police,-3.117329,53.382180,On or near LONGFIELD CLOSE,E01007267,Wirral 023E,Investigation complete; no suspect identified
4149a99553743ce143c057c47d47b2bc79ffd7f8eb3bf09633bc987945223368,2019-02,Merseyside Police,Merseyside Police,-3.035033,53.423139,On or near DEVON AVENUE,E01007218,Wirral 002A,Unable to prosecute suspect
a987d9ec313b6de165d7a38a8349165d543d7b609ce2e9330c61984630b6fda7,2019-02,Merseyside Police,Merseyside Police,-2.969805,53.477673,On or near CHESTER AVENUE,E01007048,Sefton 029A,Investigation complete; no suspect identified
05fef5c155f6b6454572aa24dbfd4d2c680a294639980d52bb340370b0f0b3ba,2019-02,Merseyside Police,Merseyside Police,-3.025530,53.475931,On or near NEVILLE ROAD,E01006956,Sefton 030B,Investigation complete; no suspect identified
cae1881924eaa63b78c73f142af6d18e93cfa56fb23c7fc22c5395c4d07468ac,2019-02,Merseyside Police,Merseyside Police,-2.988536,53.409636,On or near CUNLIFFE STREET,E01033755,Liverpool 062D,Unable to prosecute suspect
5d7fe1a0bad729db291f74523b3d0216341da14d525de09260145964da073f8f,2019-02,Merseyside Police,Merseyside Police,-2.918078,53.456059,On or near EAST LANCASHIRE ROAD,E01006660,Liverpool 001E,Formal action is not in the public interest
ab71be6096fcb1453cae8e9a7552c7f416b6774b1cbf9c24130ccbe645a824e1,2019-02,Merseyside Police,Merseyside Police,-2.979388,53.403023,On or near Shopping Area,E01033756,Liverpool 061C,Investigation complete; no suspect identified
842b8e483ed767d52092dd6c84b461570a91cebd36ca33f12eaf358c93b23a97,2019-02,Merseyside Police,Merseyside Police,-2.855631,53.360468,On or near Parking Area,E01006538,Liverpool 055E,Investigation complete; no suspect identified
60348f9acd3ad38d171b79ec31309a402dbf75da5d1e10711da65703b0c79bb5,2019-02,Merseyside Police,Merseyside Police,-3.036798,53.405388,On or near DOCK ROAD,E01007269,Wirral 010C,Unable to prosecute suspect
c4b74db6ddedbd7b56a547eef32002432500326201c2edede9d54c9325beb659,2019-02,Merseyside Police,Merseyside Police,-3.026527,53.413630,On or near HOOD STREET,E01007278,Wirral 008E,Unable to prosecute suspect
cecbd7aed69fca1e2863dbbdf46ddcfe4fb0e65c64b23655543951d0f6f1640b,2019-02,Merseyside Police,Merseyside Police,-2.891970,53.436212,On or near CHILLERTON ROAD,E01006624,Liverpool 013B,Unable to prosecute suspect
3b822801f015096d32478459397cc12063d6543913e8dcb1d5f076bb8b2a9625,2019-02,Merseyside Police,Merseyside Police,-3.059694,53.366714,On or near PRENTON DELL ROAD,E01007253,Wirral 030C,Investigation complete; no suspect identified
4d89c50108f78479b440345eb3d66bc4bd913f0e7eefbdf08665a92d8106d5bc,2019-02,Merseyside Police,Merseyside Police,-2.997845,53.366438,On or near THORBURN ROAD,E01007138,Wirral 031B,Formal action is not in the public interest
dbc4848b419beeaebc195c7b2a3687b1555c4c79facce5c55a9ae374c9816695,2019-02,Merseyside Police,Merseyside Police,-2.915250,53.388952,On or near PENNY LANE,E01006593,Liverpool 042E,Investigation complete; no suspect identified
71f97c106e88a4ecb1d88c0f01bd6b90783b8a539eb745423aa159cb5c667218,2019-02,Merseyside Police,Merseyside Police,-2.894397,53.353955,On or near Bus/Coach Station,E01006743,Liverpool 058D,Investigation complete; no suspect identified
a6f9d22a3ed3524e1f05d3738d9e17cbb330cbd85c1ce076bf3ca5732c6fe2c0,2019-02,Merseyside Police,Merseyside Police,-2.710619,53.430319,On or near GERARDS LANE,E01006900,St. Helens 022B,Unable to prosecute suspect
4e3a2a6c52f59a03e01f9f30dd9647c56e8e59aa7d01f8b5a1b662cba88171b4,2019-02,Merseyside Police,Merseyside Police,-3.001601,53.476503,On or near JERSEY AVENUE,E01006982,Sefton 031C,Unable to prosecute suspect
b3c3deac68043cdb1e0fe24f2925e20e0f492f9c246d30bc2325e5f07d44da33,2019-02,Merseyside Police,Merseyside Police,-3.024588,53.416828,On or near SANDON ROAD,E01007277,Wirral 008D,Formal action is not in the public interest
54b156205d88216a944d994d5a091ced1eec4c7e19cb27b309086508c432c886,2019-02,Merseyside Police,Merseyside Police,-3.003266,53.469145,On or near RUTHVEN ROAD,E01006977,Sefton 032E,Unable to prosecute suspect
04037c62b503296010a5cefd6b9ad28842febcd24e0e07e7f760ebb233ddeb8f,2019-02,Merseyside Police,Merseyside Police,-2.786845,53.409616,On or near MARTOCK,E01006504,Knowsley 013D,Investigation complete; no suspect identified
0a0ab3b3b2ac4462c898d8dc199d802f1585d0a06c30b38bac8ff17d9d43c54a,2019-02,Merseyside Police,Merseyside Police,-3.086136,53.414172,On or near KELLETT ROAD,E01007204,Wirral 009A,Investigation complete; no suspect identified
e322f1b3e2fc43636f459dc35e145562a1ef90f069b94b1897b01b08651b8783,2019-02,Merseyside Police,Merseyside Police,-3.003266,53.469145,On or near RUTHVEN ROAD,E01006977,Sefton 032E,Suspect charged
4d506833bb8f1e4a1f3060591c3607e2e93896641e070bff21e848378aa10346,2019-02,Merseyside Police,Merseyside Police,-3.002736,53.336023,On or near LOUGH GREEN,E01007147,Wirral 038D,Formal action is not in the public interest
ea7b464b9604ec5e0714b4bd3266ff4a9e88c05a7213cb31bfc36db34d59b160,2019-02,Merseyside Police,Merseyside Police,-3.093572,53.381492,On or near SHORTFIELD WAY,E01007300,Wirral 019D,Investigation complete; no suspect identified
a6cdd25aad2a0d8f4572ef2d42c0aa71c6336852d2837c926445c22f4a3b23a6,2019-02,Merseyside Police,Merseyside Police,-2.826784,53.408744,On or near DERBY STREET,E01006478,Knowsley 015B,Investigation complete; no suspect identified
7dea96febc57981f0f183e0fd61d375528296c50f0215947ada07d0cde882a96,2019-02,Merseyside Police,Merseyside Police,-2.859522,53.390274,On or near Supermarket,E01006771,Liverpool 040D,Unable to prosecute suspect
12c08fae8f336bbbe96427acc68f2f7969d9776983e18ce62707b206e1f57835,2019-02,Merseyside Police,Merseyside Police,-2.946721,53.416716,On or near MILVERTON STREET,E01006694,Liverpool 030B,Unable to prosecute suspect
15cd42a2a5adda717c22317ca6e1e58a571e5c3cfcdf939f941bb2871bc2e550,2019-02,Merseyside Police,Merseyside Police,-3.011382,53.371978,On or near BEDFORD ROAD,E01007295,Wirral 027D,Unable to prosecute suspect
83ba0ca5e0cc3afaea95a6281b784f0c173534281d40d41975892f25139a59d7,2019-02,Merseyside Police,Merseyside Police,-3.028744,53.393269,On or near EXMOUTH WAY,E01007127,Wirral 016B,Unable to prosecute suspect
0d284279f53b4c8d6988fbad6f90ed4612ac66459a9280677008b348f1eb510f,2019-02,Merseyside Police,Merseyside Police,-2.786740,53.451990,On or near HIGHAM AVENUE,E01006826,St. Helens 018A,Unable to prosecute suspect
648ab439c814f01fe6efbe68913baf2b96220442ff1a9df992b6b51ff965c71e,2019-02,Merseyside Police,Merseyside Police,-2.927780,53.468632,On or near GREYSTONE ROAD,E01006655,Liverpool 001C,Investigation complete; no suspect identified
449b65a417fe53e4a9cf806e9b47f435a1b2540a2d0fa5c204f2ef086cd8e97a,2019-02,Merseyside Police,Merseyside Police,-2.949591,53.425332,On or near RICHMOND PARK,E01006548,Liverpool 019D,Unable to prosecute suspect
f85e56becb4c9bcca4aa98f3bcf2cb98453e671e865c8260606ca5e8fbfd6161,2019-02,Merseyside Police,Merseyside Police,-2.941473,53.467248,On or near PARK AVENUE,E01006654,Liverpool 005A,Investigation complete; no suspect identified
aa370b0a7c590c023ab061380a36dac20141764f5e4a758a1cb76c46541192d7,2019-02,Merseyside Police,Merseyside Police,-2.768237,53.417180,On or near WARRINGTON ROAD,E01006893,St. Helens 021C,Unable to prosecute suspect
2a493fbdde22ebedef2a53019c40dbd84562247cd1d391b3f3981cd6d0c3caf9,2019-02,Merseyside Police,Merseyside Police,-2.722458,53.453034,On or near PARR STREET,E01006872,St. Helens 014C,Investigation complete; no suspect identified
59e21db967c0470c673e25f82b846d4eac69e1bce893194651f9bebe228d8acd,2019-02,Merseyside Police,Merseyside Police,-2.950533,53.492480,On or near M57,E01007038,Sefton 021F,Investigation complete; no suspect identified
aedf8dc5000786fbee2c7cc98feed7d43956acd14d1d1e4f0298fe9ec5a7e80a,2019-02,Merseyside Police,Merseyside Police,-2.971245,53.444394,On or near WYNDHAM STREET,E01006698,Liverpool 012D,Investigation complete; no suspect identified
002dc3f26edf057c950afcbc9c8458c9b60d9650b30218d989dbddbced4607bb,2019-02,Merseyside Police,Merseyside Police,-2.978599,53.409277,On or near LIME STREET,E01033760,Liverpool 060C,Investigation complete; no suspect identified
e6e03b3b08205b4352fb9ebd682fddb03c08c3433bacc0edd1f61717ac45cf50,2019-02,Merseyside Police,Merseyside Police,-3.015729,53.372759,On or near INGLEMERE ROAD,E01007296,Wirral 027E,Unable to prosecute suspect
21089dd8e037734f42f8405ce93125ec1414c049f2092a3bab33d2db7020570d,2019-02,Merseyside Police,Merseyside Police,-2.856162,53.354757,On or near CASCADE ROAD,E01006537,Liverpool 055D,Unable to prosecute suspect
6cba53bc91e3f8e346bf6656860898478ff373f6db3cbd5532158f82e9e38ce1,2019-02,Merseyside Police,Merseyside Police,-2.830068,53.418240,On or near WALLACE DRIVE,E01006482,Knowsley 011B,Unable to prosecute suspect
acab0a9450bc252785997c10b01005ca03a395e9a98fcd5fe42eb442e77a1e61,2019-02,Merseyside Police,Merseyside Police,-2.981930,53.406967,On or near Parking Area,E01033760,Liverpool 060C,Investigation complete; no suspect identified
0e47ec7f5e00d61945f3944ec96a4fb246d10b9b1094fe97458033838ef51b7e,2019-02,Merseyside Police,Merseyside Police,-3.019638,53.630975,On or near WORTHING CLOSE,E01006974,Sefton 009F,Unable to prosecute suspect
891c297882bc42cba2e3415f46b2d9c885c741b50139fe57b60209092d35e03f,2019-02,Merseyside Police,Merseyside Police,-2.948176,53.377962,On or near Supermarket,E01006628,Liverpool 052D,Investigation complete; no suspect identified
45976fc7cbd07bbab6e9dbd3713041f514f5f1cb421bd5cb80b566af0823a81c,2019-02,Merseyside Police,Merseyside Police,-2.971245,53.399512,On or near HOPE STREET,E01006514,Liverpool 037A,Investigation complete; no suspect identified
18f4af41e62b8c4b119d05996db835c8557aa79ac853c1d5f998e720e7da16e4,2019-02,Merseyside Police,Merseyside Police,-2.952634,53.403941,On or near HELENA STREET,E01006751,Liverpool 031F,Investigation complete; no suspect identified
8bc8f152f5b5064e23ea85982960baaf8ce2ab598d9e01f2e8eaf6e8f95daf06,2019-02,Merseyside Police,Merseyside Police,-2.927093,53.441248,On or near Supermarket,E01033759,Liverpool 010F,Investigation complete; no suspect identified
930f5e342c9c17f2d41053a728f6530cdced676b93361ac1969b391872196f05,2019-02,Merseyside Police,Merseyside Police,-2.837812,53.391993,On or near SULLINGTON DRIVE,E01006706,Liverpool 045A,Unable to prosecute suspect
28d956b36f187588863d9f71f4b12abf822760955bf98af81afbc28e0282bb8f,2019-02,Merseyside Police,Merseyside Police,-2.970661,53.482134,On or near STAND PARK AVENUE,E01007054,Sefton 029B,Further investigation is not in the public interest
706ceb57ac31ce7c59dc3c94968f347b7332c0d5d225e33cb918662d9ea9f15a,2019-02,Merseyside Police,Merseyside Police,-3.006223,53.470612,On or near RANELAGH AVENUE,E01006978,Sefton 031A,Unable to prosecute suspect
3f4d383a8399bd3b46b22f7c03359d1c4292f5353292de5ee5c87a1c76f41385,2019-02,Merseyside Police,Merseyside Police,-2.948176,53.377962,On or near Supermarket,E01006628,Liverpool 052D,Investigation complete; no suspect identified
26a254725cb5da80bc1cd18078384f8de0d3c694ba36e989b28827a951b3c4df,2019-02,Merseyside Police,Merseyside Police,-2.996245,53.408016,On or near NEW QUAY,E01033753,Liverpool 062C,Investigation complete; no suspect identified
9900d6a873906e1d12614b38c0f3ccdca42ceb886ef3d1440892d22c7d06ca2f,2019-02,Merseyside Police,Merseyside Police,-2.912553,53.444227,On or near SWALLOWHURST CRESCENT,E01006599,Liverpool 010B,Investigation complete; no suspect identified
0d0d3f2eb24b986591a1aac3acde359f53fca549d77c27c3ea00e40e76ca3d9a,2019-02,Merseyside Police,Merseyside Police,-2.972053,53.440846,On or near DUMBARTON STREET,E01006700,Liverpool 012E,Investigation complete; no suspect identified
4fbb80f51929f8e2e90b3e9039788e42cc5a1c6b6a0555ce44af9e4ecc14a8b2,2019-02,Merseyside Police,Merseyside Police,-2.725176,53.466761,On or near HAMBLETT CRESCENT,E01006854,St. Helens 004F,Further investigation is not in the public interest
03be839de39c60674543c368a70a9793d7a0cbf9f8387c7669e460e5a0a818dc,2019-02,Merseyside Police,Merseyside Police,-3.036311,53.385347,On or near RIDLEY STREET,E01007239,Wirral 022C,Unable to prosecute suspect
df240609ad6bbceaafc6b27367e49cdf2d351a8be8ffea12b60ee4f5104bf341,2019-02,Merseyside Police,Merseyside Police,-3.008961,53.644881,On or near KING STREET,E01006968,Sefton 004C,Investigation complete; no suspect identified
fb29fcff51786ab07a9d7f13ac2cda3d82b3a01c871ff1e39ef8bfca940e48f4,2019-02,Merseyside Police,Merseyside Police,-2.625655,53.450677,On or near ALDER STREET,E01006861,St. Helens 015F,Unable to prosecute suspect
443ecfa259d9d677132349d8b5e031ac9220ba2d40853acdeb46ecbb77399ee9,2019-02,Merseyside Police,Merseyside Police,-2.987102,53.459419,On or near Petrol Station,E01007019,Sefton 035A,Investigation complete; no suspect identified
ba7a042d943c057ee59a0978b4292a87caaa2ac48c46acfd26db218e5df5297c,2019-02,Merseyside Police,Merseyside Police,-2.987102,53.459419,On or near Petrol Station,E01007019,Sefton 035A,Investigation complete; no suspect identified
e9ce0cad9eb5e2e817fd84c6e76226b5cb3ab3b35721446745d22d359d5b711f,2019-02,Merseyside Police,Merseyside Police,-2.878580,53.432950,On or near SOUTH CANTRIL AVENUE,E01006645,Liverpool 017E,Unable to prosecute suspect
58bea9bee0046a61ed17e307a3c436db7e14fc3d2e973bc404f5fc9544f755bb,2019-02,Merseyside Police,Merseyside Police,-3.008126,53.354423,On or near RICHMOND ROAD,E01007115,Wirral 031A,Suspect charged
e7575071da784c00830a9aa3c2fe983da1a53fbe50e5c45b6ca064255643c067,2019-02,Merseyside Police,Merseyside Police,-2.955687,53.397211,On or near BIRT CLOSE,E01006679,Liverpool 039D,Investigation complete; no suspect identified
cd8b87c211347b69a3b987c7c151fab038d29689f462a3395abcee274fc4b615,2019-02,Merseyside Police,Merseyside Police,-2.952538,53.425884,On or near BRECK ROAD,E01006547,Liverpool 019C,Offender given a drugs possession warning
61ece678a553d7dca597de6b44ab595e897c93b7b28505a6436d954d91ded288,2019-02,Merseyside Police,Merseyside Police,-3.019004,53.371419,On or near SOLLY AVENUE,E01007175,Wirral 027A,Suspect charged
0c39ea26239130df7baf733784370d2d95a968525820dc7aa9a843dfc0daf6cf,2019-02,Merseyside Police,Merseyside Police,-2.931264,53.470187,On or near WORTLEY ROAD,E01006655,Liverpool 001C,Unable to prosecute suspect
3a86b61076ebe6301469cb2ddefdce2c0af271da9520d3962debc3873740e04a,2019-02,Merseyside Police,Merseyside Police,-3.090957,53.379772,On or near HOUGHTON ROAD,E01007300,Wirral 019D,Unable to prosecute suspect
b377ab138c0396dfab786eed8150850be0af1229e80e628cf9ac5bd7aca213a3,2019-02,Merseyside Police,Merseyside Police,-2.931264,53.470187,On or near WORTLEY ROAD,E01006655,Liverpool 001C,Unable to prosecute suspect
fee6bf5ff1d850ca0fa09c8e4931a43235a1c265500cff2cd8b98c862cae5fc8,2019-02,Merseyside Police,Merseyside Police,-2.702351,53.448300,On or near FLEET LANE,E01006875,St. Helens 017C,Suspect charged
e857a3018f50ce3d075f893559db5b46ff510fce637163dff506c557e4454f3c,2019-02,Merseyside Police,Merseyside Police,-2.975672,53.409562,On or near WILDE STREET,E01033758,Liverpool 060B,Investigation complete; no suspect identified
2894cb45379338e149d90fad49edf0d8af380a3ad7d4d55ac6195e518537ff0e,2019-02,Merseyside Police,Merseyside Police,-2.975737,53.311824,On or near GRAMPIAN WAY,E01007166,Wirral 042B,Unable to prosecute suspect
cc1fc2fed20373112339ad8950ae55944cca54d07f4a50c064d089f40f4b2e4a,2019-02,Merseyside Police,Merseyside Police,-2.655660,53.449321,On or near DINGLE AVENUE,E01006865,St. Helens 013C,Investigation complete; no suspect identified
4e1018c28e8c755650b250661e9a16959c70ae09f9119cd33def4c577c75e0ad,2019-02,Merseyside Police,Merseyside Police,-2.818023,53.398243,On or near Petrol Station,E01006424,Knowsley 017B,Investigation complete; no suspect identified
0ef6c56fcde71300e57ce12033f3865194a0ebed287ce7c67d82d5ab1b64ab11,2019-02,Merseyside Police,Merseyside Police,-3.025816,53.474706,On or near Supermarket,E01006956,Sefton 030B,Investigation complete; no suspect identified
cdfd8db5c6c2fdf0ba89f76f70e58f6298addfb4cbc0f74b2772eb5e71b2e881,2019-02,Merseyside Police,Merseyside Police,-2.855815,53.483506,On or near BIRCHILL ROAD,E01006446,Knowsley 005G,Investigation complete; no suspect identified
fa5711965c92fc7dd350b800f7c9ddd0c9482b90895005acf3a0de85a0333a56,2019-02,Merseyside Police,Merseyside Police,-2.609178,53.454619,On or near NORTHWOOD AVENUE,E01006859,St. Helens 015D,Unable to prosecute suspect
e13ff8f9b7c2c67b87e2bf8f86ccde5d2143a68382841bfe18daebbcc40acfc6,2019-02,Merseyside Police,Merseyside Police,-2.918043,53.466280,On or near HAWKSMOOR ROAD,E01006658,Liverpool 001D,Unable to prosecute suspect
e14a871d0b1f42a7704f55d44ef8e0a8de00d66571c533ec5c2626836a8dc8f5,2019-02,Merseyside Police,Merseyside Police,-2.609178,53.454619,On or near NORTHWOOD AVENUE,E01006859,St. Helens 015D,Unable to prosecute suspect
7fe90dfe376105383adb2227bb4d1401c275413e7e8e91cf421181b2810abef3,2019-02,Merseyside Police,Merseyside Police,-2.921656,53.390395,On or near DEEPFIELD ROAD,E01006590,Liverpool 042D,Investigation complete; no suspect identified
c8de0dea81b11a62bc53fb8affbad8f4dba0fb3ae59e0bbaf1145b27a6cd1b89,2019-02,Merseyside Police,Merseyside Police,-2.964271,53.424962,On or near FRIAR STREET,E01006560,Liverpool 023A,Unable to prosecute suspect
6d81662f2305ce82a3d65854ad045c88ad1cfd9f03f5ad4b054f819b369b395a,2019-02,Merseyside Police,Merseyside Police,-3.012877,53.644156,On or near DUKE STREET,E01006971,Sefton 009C,Unable to prosecute suspect
35b11f27af98b62304f444ca6567fb9967f753cbdba3fa752597060d820cf0dd,2019-02,Merseyside Police,Merseyside Police,-2.839875,53.413534,On or near BLUE BELL LANE,E01006474,Knowsley 016C,Investigation complete; no suspect identified
2331b0f6fe6b73efa3e0cbb0bc30b1e66401f09240c96eea4ff2b8bb452178cf,2019-02,Merseyside Police,Merseyside Police,-2.968522,53.387543,On or near UPPER PARK STREET,E01006630,Liverpool 044B,Investigation complete; no suspect identified
9914fcb155f07f04ec7a5e7b5310d86f39eda7eae56b914076e311a3142b988f,2019-02,Merseyside Police,Merseyside Police,-2.939990,53.442388,On or near Supermarket,E01006612,Liverpool 008B,Investigation complete; no suspect identified
2fe1fbc04e7092f0a10dc3a37600b599ce789733817204acaa2d6850e78cb1e4,2019-02,Merseyside Police,Merseyside Police,-3.012669,53.492014,On or near ROWENA CLOSE,E01007025,Sefton 025B,Investigation complete; no suspect identified
a3ea2064bdb8245bcbde80d5596b9977dfb0b9ed04a8eb52b35b38b958e256f7,2019-02,Merseyside Police,Merseyside Police,-3.001133,53.462997,On or near SNOWDROP MEWS,E01007017,Sefton 034E,Unable to prosecute suspect
a306d7425ad3980cc6b31537ccf7df5891e1c711547a1c2fa629e0683a8cb90e,2019-02,Merseyside Police,Merseyside Police,-3.012877,53.644156,On or near DUKE STREET,E01006971,Sefton 009C,Offender given a caution
877a996cf367c515810235c12ea61620776be2f3356ac2042a7fab60513c2a1e,2019-02,Merseyside Police,Merseyside Police,-2.735406,53.458160,On or near STANDISH STREET,E01006881,St. Helens 012E,Unable to prosecute suspect
39d96b0f9875514f068566c2ab4ae851d12613b3d9f9c04231820c6c298e7c98,2019-02,Merseyside Police,Merseyside Police,-2.882848,53.479795,On or near RUSHEY HEY ROAD,E01006436,Knowsley 003C,Unable to prosecute suspect
5b9e1f010470bbba8ebe22e85f7dd8009a7943031fddbe27725eb27f9c52268e,2019-02,Merseyside Police,Merseyside Police,-2.939181,53.426205,On or near GLOUCESTER ROAD NORTH,E01006767,Liverpool 019F,Investigation complete; no suspect identified
9e52847a3159cbd996a4510a4dc6a3e6461f94c313011432a4d24a1c51bb5a75,2019-02,Merseyside Police,Merseyside Police,-3.011032,53.370561,On or near RUSKIN AVENUE,E01007176,Wirral 029C,Investigation complete; no suspect identified
984bc4cd8421d8b21f8f27d4fc9c2ee51cea5a4953620160ee8c2065e00ce28d,2019-02,Merseyside Police,Merseyside Police,-3.015371,53.369706,On or near DEVON GARDENS,E01007175,Wirral 027A,Investigation complete; no suspect identified
abfd4e9429796fed1be7bda66a495c009fba24b222f438e5ea89b2533636975d,2019-02,Merseyside Police,Merseyside Police,-2.972834,53.488876,On or near MAGDALENE SQUARE,E01007085,Sefton 023B,Unable to prosecute suspect
e95762b8b99f1e8f86273c369c6b079809c1e5c47aa10cbec0336fa058c0703a,2019-02,Merseyside Police,Merseyside Police,-3.024211,53.377325,On or near WYCHERLEY ROAD,E01007294,Wirral 021F,Investigation complete; no suspect identified
c6c04f2262b0a18166a21c79eb76b55fa9cf7826bff8a504a2b5a16680e22921,2019-02,Merseyside Police,Merseyside Police,-3.018355,53.648630,On or near Theme/Adventure Park,E01006971,Sefton 009C,Unable to prosecute suspect
455b1ec7e5b318b01ba3deee21ea66f5cc51b09a6445214c48151bd5a518ab87,2019-02,Merseyside Police,Merseyside Police,-2.935449,53.412508,On or near RAWLINS STREET,E01006692,Liverpool 028B,Unable to prosecute suspect
1040d199adffd8a9e9890e661722f599d40198152558c132746641c0cb44a7ca,2019-02,Merseyside Police,Merseyside Police,-2.904871,53.416403,On or near CLAYFORD CRESCENT,E01006569,Liverpool 029B,Investigation complete; no suspect identified
1df688aebe176d3339ee83aca36e552598f5d169c21eb8b963dd88a5d6f1cc2f,2019-02,Merseyside Police,Merseyside Police,-2.981499,53.403914,On or near ROE ALLEY,E01033756,Liverpool 061C,Suspect charged
1df688aebe176d3339ee83aca36e552598f5d169c21eb8b963dd88a5d6f1cc2f,2019-02,Merseyside Police,Merseyside Police,-2.981499,53.403914,On or near ROE ALLEY,E01033756,Liverpool 061C,Suspect charged
e7388b7cdd36c678a37e30403a4ebda047a86a31e2e6bfab344e336763dbc087,2019-02,Merseyside Police,Merseyside Police,-3.030953,53.388234,On or near COOK STREET,E01007128,Wirral 016C,Investigation complete; no suspect identified
1c1586ac65f4a07cd1651471236497f36057ed14183cb8b74758984d704746c1,2019-02,Merseyside Police,Merseyside Police,-2.962254,53.400969,On or near GROVE STREET,E01006512,Liverpool 031A,Investigation complete; no suspect identified
379b94496ad955c7e993d67c42f6c169a2c4dec131d04beaed714d62058bd3f2,2019-02,Merseyside Police,Merseyside Police,-2.968209,53.438675,On or near WINSLOW STREET,E01006611,Liverpool 012A,Unable to prosecute suspect
575b36b1c14945d8cf0ee66dcc259fd43b2c14c089ae832719cece365e8b841c,2019-02,Merseyside Police,Merseyside Police,-3.007322,53.473740,On or near FIELD LANE,E01006977,Sefton 032E,Investigation complete; no suspect identified
2c0720d84066bda0811ae40031413a24bbcd5bf81117fa45fa57066a1883bd3a,2019-02,Merseyside Police,Merseyside Police,-2.730904,53.414376,On or near BOWLAND AVENUE,E01006910,St. Helens 022E,Suspect charged
1b7bd1771edc3c1fa62a490ba1f5078166d1cb05d64d08675c59049778d48fdd,2019-02,Merseyside Police,Merseyside Police,-3.005510,53.478699,On or near WATERFIELD WAY,E01006983,Sefton 031D,Investigation complete; no suspect identified
16236a9ef34f4ab07cf50372acab40a248476d6f17cdeba2b65d303f29b3c670,2019-02,Merseyside Police,Merseyside Police,-2.931799,53.429975,On or near PORTRUSH STREET,E01006763,Liverpool 020C,Unable to prosecute suspect
c6f8063666156fcfd31cbba005d5fe991d27cb3a7fb94857415b121298707fbf,2019-02,Merseyside Police,Merseyside Police,-2.879996,53.453389,On or near BOXTREE CLOSE,E01006666,Liverpool 007B,Unable to prosecute suspect
862a0d68737839513ecdafb38015d2fbce24982ae6e0b117f76f592cd977d298,2019-02,Merseyside Police,Merseyside Police,-2.981499,53.403914,On or near ROE ALLEY,E01033756,Liverpool 061C,Suspect charged
78d037114338607df8c38655af63b5a9c1b6a6cb1c019f5d776089dd10e34188,2019-02,Merseyside Police,Merseyside Police,-2.981499,53.403914,On or near ROE ALLEY,E01033756,Liverpool 061C,Suspect charged
942cc1dfdc30d4191af6af5f57f0944d15f1d919b111ec341007b05ed1fac346,2019-02,Merseyside Police,Merseyside Police,-2.975347,53.305220,On or near LOWFIELDS CLOSE,E01007168,Wirral 042D,Unable to prosecute suspect
53188fc390328a13bb13c5b230129cabf4116b8ab27ea90c4b54c7bbe7ccc75c,2019-02,Merseyside Police,Merseyside Police,-2.948812,53.485581,On or near Supermarket,E01007041,Sefton 027A,Investigation complete; no suspect identified
7e5c6c6e5b3b736455748bd229eab52b52ea724b695a6cb031703d999423bb1c,2019-02,Merseyside Police,Merseyside Police,-2.968616,53.432712,On or near BODLEY STREET,E01006558,Liverpool 018B,Unable to prosecute suspect
6b8648a96d575e2f13e7067b58ccbcba650a64f5e8c4788678b25a991bc2edcd,2019-02,Merseyside Police,Merseyside Police,-3.049575,53.428207,On or near BRAUNTON ROAD,E01007235,Wirral 004B,Investigation complete; no suspect identified
09d6d63256b10fd8b0809c36609f8c07961033503eb74d241e557dc7ae7b334a,2019-02,Merseyside Police,Merseyside Police,-2.746460,53.435790,On or near FREEMANTLE AVENUE,E01006905,St. Helens 019D,Investigation complete; no suspect identified
d4df9c328627af1a6bb598391fd2f8167e1cbc3b40ec2ee07c4a172272622848,2019-02,Merseyside Police,Merseyside Police,-2.866965,53.423587,On or near FINCHAM ROAD,E01033228,Knowsley 008F,Further investigation is not in the public interest
2630ee00f2b3b6da841f9f07be456b5adf4db2f542267ee336db82c4758c3363,2019-02,Merseyside Police,Merseyside Police,-3.045714,53.399090,On or near BRASSEY STREET,E01032903,Wirral 010F,Investigation complete; no suspect identified
062d38047106d05194cfbcc703a0a63696e926c5c3ff690c42b3085dea0d644a,2019-02,Merseyside Police,Merseyside Police,-2.983424,53.396743,On or near Theatre/Concert Hall,E01033754,Liverpool 061B,Investigation complete; no suspect identified
037023029319aae7b730bff44ea71b59d23aef595f22e8a025e585cb75d7bd22,2019-02,Merseyside Police,Merseyside Police,-2.977143,53.452750,On or near RADNOR DRIVE,E01006965,Sefton 038E,Investigation complete; no suspect identified
1ff42a4b612f65c5d08c3ae8c9a15f54f70b0f4cf36c3a6d055ffa7ffcbdfa41,2019-02,Merseyside Police,Merseyside Police,-2.941577,53.421557,On or near NEWSHAM DRIVE,E01006760,Liverpool 028E,Investigation complete; no suspect identified
24c7be971ec660efd366788500d2ea3c9e42f59ab8fcbc95a5126db5802f83b9,2019-02,Merseyside Police,Merseyside Police,-2.918158,53.423447,On or near KREMLIN DRIVE,E01006768,Liverpool 020F,Unable to prosecute suspect
f82af3923cd1f551f0eb2e18eadebe00a16ea4a2cda110360c46d05029cb34d7,2019-02,Merseyside Police,Merseyside Police,-2.964414,53.399370,On or near FALKNER STREET,E01033757,Liverpool 037E,Investigation complete; no suspect identified
daf74a6055bb3aa365ee55ec38a281fdeaba0db8fd2fd5e6affa78a5c2b3df25,2019-02,Merseyside Police,Merseyside Police,-2.897432,53.348242,On or near WINDOW LANE,E01006740,Liverpool 057A,Unable to prosecute suspect
547169a312fa8b03de78f611ed71120a092c8c4b4191556604d1817839101995,2019-02,Merseyside Police,Merseyside Police,-2.971523,53.329153,On or near WRYNOSE ROAD,E01007135,Wirral 039A,Investigation complete; no suspect identified
302aa4e006e6cde29eee82ffe194c791605e1bea108aa3c39351edd070076913,2019-02,Merseyside Police,Merseyside Police,-2.988635,53.410687,On or near Further/Higher Educational Building,E01033762,Liverpool 060E,Investigation complete; no suspect identified
b0979bccd6926a6a9c84fa75ecb277c957587b0d19695483e5547afc9b5b6c36,2019-02,Merseyside Police,Merseyside Police,-2.982968,53.659002,On or near BROCKLEBANK ROAD,E01006949,Sefton 003C,Investigation complete; no suspect identified
93c6b9354cbc4435cd13ed608dd3d09ff5997ad74f624cc277ea4c3780ccb0cd,2019-02,Merseyside Police,Merseyside Police,-2.924475,53.456558,On or near FALCONHALL ROAD,E01006659,Liverpool 005B,Investigation complete; no suspect identified
130ca56136341a54f611d76261bcfc5d99da0944340faa67645adc6714a9623d,2019-02,Merseyside Police,Merseyside Police,-2.981888,53.405771,On or near Shopping Area,E01033760,Liverpool 060C,Investigation complete; no suspect identified
cb9aaba330564cfb54bb5e0ca61d6e02d47f4616877b14fd14e69e0e7be57b8f,2019-02,Merseyside Police,Merseyside Police,-3.006084,53.478092,On or near CALEDONIAN CRESCENT,E01006983,Sefton 031D,Investigation complete; no suspect identified
a2e7fc89c5fc4fd07b96960afa6345aa5f9c551fb80ea5598f66739cfd3359ee,2019-02,Merseyside Police,Merseyside Police,-2.936080,53.423425,On or near Police Station,E01006761,Liverpool 020B,Investigation complete; no suspect identified
b5a64ae3ca682bb70deeae0a8b734552b832f58095d6daa58f081279ff3baf25,2019-02,Merseyside Police,Merseyside Police,-3.041743,53.387340,On or near SLATEY ROAD,E01007160,Wirral 020B,Investigation complete; no suspect identified
af909d9762e2075067b64eb3051f01dfbc7ce751047b799954ad3aef513a8c06,2019-02,Merseyside Police,Merseyside Police,-2.949301,53.408246,On or near ADDERLEY STREET,E01006691,Liverpool 030A,Further investigation is not in the public interest
843d797698de05a993f4ad5502117ce71e886c8d4e0e68700092c90d5ed66ff6,2019-02,Merseyside Police,Merseyside Police,-3.041875,53.438909,On or near WINDSOR STREET,E01007238,Wirral 001E,Investigation complete; no suspect identified
1370d8761e7efe5184b1cb7b2b69ae2b5c677a920c6875294475c6749602cf47,2019-02,Merseyside Police,Merseyside Police,-2.941577,53.421557,On or near NEWSHAM DRIVE,E01006760,Liverpool 028E,Investigation complete; no suspect identified
a20ccc667965af04559a41e6bdb417b73fb665dfc49739b4bebdc29a9a80e25d,2019-02,Merseyside Police,Merseyside Police,-2.998170,53.417601,On or near PORTER STREET,E01006776,Liverpool 022B,Investigation complete; no suspect identified
0237a6eef5afd4cb04554c11d2afb3aebe67d69763617c462b6659f5e883279f,2019-02,Merseyside Police,Merseyside Police,-3.022985,53.380769,On or near CAERWYS GROVE,E01007292,Wirral 021E,Investigation complete; no suspect identified
5a2639b66e1caaa75eb9b38b7a2f98479d45cb7f7b464a34b46f07a0b6b6d6df,2019-02,Merseyside Police,Merseyside Police,-3.118212,53.410721,On or near TARRAN WAY NORTH,E01007223,Wirral 013D,Investigation complete; no suspect identified
c47eb913fe56317c51b3bff3d431b528dc198cb975f47f57748f3a2e7537372c,2019-02,Merseyside Police,Merseyside Police,-3.094543,53.414644,On or near TWICKENHAM DRIVE,E01007204,Wirral 009A,Investigation complete; no suspect identified
02afcc648e6b6839422314c73d309eff7d65fe44a29dfcc08549627d77ef723e,2019-02,Merseyside Police,Merseyside Police,-2.936959,53.411400,On or near LAUREL ROAD,E01006692,Liverpool 028B,Unable to prosecute suspect
f22ad11e2527e53e13d1e12a7e25f9387b18bb432611c27224f2cde71ed241fd,2019-02,Merseyside Police,Merseyside Police,-2.961798,53.475401,On or near LINGFIELD CLOSE,E01007048,Sefton 029A,Investigation complete; no suspect identified
8b5e149c235a6e7b347cbf70c0131fbf4b4c3a598f9ec29099045c0588b24010,2019-02,Merseyside Police,Merseyside Police,-3.061036,53.403755,On or near TOWNSEND STREET,E01007122,Wirral 011C,Investigation complete; no suspect identified
49f42077417e78eac9e386fdf6d3026834e3a9dc0486bd3d63a0e9f2446266e4,2019-02,Merseyside Police,Merseyside Police,-2.903520,53.365455,On or near LYNTON CLOSE,E01006681,Liverpool 054D,Unable to prosecute suspect
33c7e9c2a3ef84b1cf76d7b582fa6acda9dc507b0bbab5dfc0fbf2a3d194f9a6,2019-02,Merseyside Police,Merseyside Police,-2.976035,53.662843,On or near CHURCHILL AVENUE,E01006948,Sefton 003B,Unable to prosecute suspect
572b6084ddfe5d4d5f143e722a3d1d07d8a7673e15864a711f69030a60ff9a52,2019-02,Merseyside Police,Merseyside Police,-2.930571,53.468808,On or near LONGMOOR CLOSE,E01006655,Liverpool 001C,Investigation complete; no suspect identified
871bd3290dc6bd90dd5bfee5c61366b5c39cf8cdb1231d20abe8fcc50756f16c,2019-02,Merseyside Police,Merseyside Police,-3.030562,53.421200,On or near RUDGRAVE SQUARE,E01007215,Wirral 005A,Investigation complete; no suspect identified
8243761308d121cfdf49d4318e9d22276202d9729ff38eccea421526e828f09b,2019-02,Merseyside Police,Merseyside Police,-2.928009,53.398328,On or near FAIRBANK STREET,E01006721,Liverpool 038C,Investigation complete; no suspect identified
fdb5ed33043cc2cf7cd9a41042ad3cf0a3aab056a06a5428fc13db495a6d7e9b,2019-02,Merseyside Police,Merseyside Police,-2.981930,53.406967,On or near Parking Area,E01033760,Liverpool 060C,Investigation complete; no suspect identified
16f7ed396cc26a5b2d672f2c973a35e929124e17b50681283f552cf6f922b277,2019-02,Merseyside Police,Merseyside Police,-3.032588,53.383707,On or near DINGLE ROAD,E01007131,Wirral 021B,Investigation complete; no suspect identified
8971334bc108fb6e41cd099adf6f8193c893de9a6087daf7e3d24636c4d1656f,2019-02,Merseyside Police,Merseyside Police,-3.012326,53.392771,On or near HORNBY STREET,E01007126,Wirral 016A,Investigation complete; no suspect identified
24da9a15b066d40e65838ca747a7a20fc56f9f7cf34e2eeb1f69126d4f3605c9,2019-02,Merseyside Police,Merseyside Police,-3.007716,53.370167,On or near HAWKHURST DRIVE,E01007295,Wirral 027D,Unable to prosecute suspect
002f9771ea92fbbf7d5cdd3eef71b4b1fc99b6e83ddcc51c5063a7d1dd712a9e,2019-02,Merseyside Police,Merseyside Police,-2.614046,53.453839,On or near Petrol Station,E01006859,St. Helens 015D,Investigation complete; no suspect identified
03bea2537f509f1fb79ef85f694fd30d4c447fcb25503c98e7ad2e88baf01a9b,2019-02,Merseyside Police,Merseyside Police,-2.948176,53.377962,On or near Supermarket,E01006628,Liverpool 052D,Suspect charged
c2c39ed2d4c27b222457c8e0e78e3bc176f2e3aa4a6aac5d57256a7a8e14f436,2019-02,Merseyside Police,Merseyside Police,-3.024851,53.378335,On or near Parking Area,E01007292,Wirral 021E,Unable to prosecute suspect
540e7b27d01a221bbe48b793a6b95e43da36302e5386a3fb8be29fe6c26f5bc3,2019-02,Merseyside Police,Merseyside Police,-2.763201,53.455199,On or near MCFARLANE AVENUE,E01006879,St. Helens 016F,Unable to prosecute suspect
5295c0207a93a7b394d12bb87ebe300b48c1370c90f85857135e7d8fd995be7c,2019-02,Merseyside Police,Merseyside Police,-2.951615,53.380497,On or near ALEXANDRA PARK,E01006520,Liverpool 043A,Investigation complete; no suspect identified
fd2699e860400b88c1d51172a72664392b5a9dc8fc05d901432ec460a543776c,2019-02,Merseyside Police,Merseyside Police,-2.695340,53.465222,On or near SCHOOL STREET,E01006813,St. Helens 008D,Investigation complete; no suspect identified
1839fa568fc76fcc6e843a367137171d19f3c0595b164493e6bac8168483c01f,2019-02,Merseyside Police,Merseyside Police,-2.979569,53.402420,On or near Nightclub,E01033761,Liverpool 060D,Investigation complete; no suspect identified
3cf9bfb4bf42713ea723064f87674d3d1f31146881c6f5955b5cac5d13008451,2019-02,Merseyside Police,Merseyside Police,-2.937121,53.468694,On or near LONGMOOR LANE,E01006655,Liverpool 001C,Investigation complete; no suspect identified
3352b47a11cff1f5cf19bee21c3ecad035b3949f43042fb06f3e1de28d67a2ae,2019-02,Merseyside Police,Merseyside Police,-2.958472,53.470205,On or near Sports/Recreation Area,E01007041,Sefton 027A,Investigation complete; no suspect identified
9ebfe7018b1836b01bc5ca21bb95d629def58c1896ce1a7a82adf96855dcc257,2019-02,Merseyside Police,Merseyside Police,-3.005909,53.645652,On or near QUEEN ANNE STREET,E01006968,Sefton 004C,Investigation complete; no suspect identified
fdd396ac0bdc151d8a2bef29f71099557ddddaca101bdc18a4e322b844384d5d,2019-02,Merseyside Police,Merseyside Police,-2.907424,53.431026,On or near THE CROFT,E01006617,Liverpool 021A,Investigation complete; no suspect identified
e02004cc21727531651881c0b31ec9271f4ed67c22894264bf61ff666e1749ae,2019-02,Merseyside Police,Merseyside Police,-2.936129,53.442067,On or near LAMBOURNE ROAD,E01006732,Liverpool 011E,Investigation complete; no suspect identified
4951666730e07fe21ed8eaa593cff8d136cb1eb66936b018432fe07d4facd623,2019-02,Merseyside Police,Merseyside Police,-2.879996,53.453389,On or near BOXTREE CLOSE,E01006666,Liverpool 007B,Unable to prosecute suspect
adf2be968e5145f0efe2558363581603445e15eeb98c7cb599b2f8ee125e11e5,2019-02,Merseyside Police,Merseyside Police,-2.893802,53.365726,On or near HYLTON ROAD,E01006535,Liverpool 054B,Investigation complete; no suspect identified
c55dce5108bb00390288148c0b5520b4da9c7dbb7414d0532d51320147ac8053,2019-02,Merseyside Police,Merseyside Police,-2.954805,53.467268,On or near ALBANY ROAD,E01006783,Liverpool 002E,Investigation complete; no suspect identified
b6b511ea7e4d4153a443e72b195e10f6fecb9f64c8e342b3401ca004080dab6f,2019-02,Merseyside Police,Merseyside Police,-2.991732,53.410562,On or near Parking Area,E01033753,Liverpool 062C,Investigation complete; no suspect identified
e3fd00938a3e7e41a29f81191603cc82ae2decb48b96b79d895dd46722aff571,2019-02,Merseyside Police,Merseyside Police,-2.933891,53.522562,On or near SEYMOUR DRIVE,E01007100,Sefton 018E,Unable to prosecute suspect
08ac220c06da08afde829793601e6f2496db31b2219846e2d834976cb6d6942a,2019-02,Merseyside Police,Merseyside Police,-2.907806,53.444731,On or near DWERRYHOUSE LANE,E01006672,Liverpool 010E,Investigation complete; no suspect identified
11bd6dbbfa175e2bd757914c56cb374d58ffc9df957c80b1e706f1e8ed7ef608,2019-02,Merseyside Police,Merseyside Police,-2.868167,53.426437,On or near SAXBY ROAD,E01006467,Knowsley 008B,Unable to prosecute suspect
c1be7f6935735ca20bbdcf1082be172767a745ae8f7beaad97877fb6ee76f453,2019-02,Merseyside Police,Merseyside Police,-2.987117,53.404218,On or near Bus/Coach Station,E01033756,Liverpool 061C,Investigation complete; no suspect identified
53a78224783d63c2f2a0e45a2d55a7941e75f48ed9f1f243cda2c7bcbcacffe9,2019-02,Merseyside Police,Merseyside Police,-3.027703,53.387507,On or near HAZEL ROAD,E01007128,Wirral 016C,Suspect charged
a9cca44f831fa1e39e40aba50f1a3cc7ab3ac7638612627fd3143ccd40a8544d,2019-02,Merseyside Police,Merseyside Police,-2.982670,53.409037,On or near VICTORIA STREET,E01033760,Liverpool 060C,Investigation complete; no suspect identified
e089e526c11fdb5a3473ad52c1dc83a95b83453002c002e08df5b90632367ff4,2019-02,Merseyside Police,Merseyside Police,-2.949065,53.480743,On or near AINTREE WAY,E01007041,Sefton 027A,Investigation complete; no suspect identified
e37b9489210e1ceb6ae553e3156c4f194eeca8e4ae66e3d20c20379dc1910d58,2019-02,Merseyside Police,Merseyside Police,-2.872632,53.371824,On or near ALLERTON ROAD,E01006533,Liverpool 055C,Investigation complete; no suspect identified
d12f2d7bfd1eeaacbe2beb66528db2d562976e3e159e18ba2f9bd15298534911,2019-02,Merseyside Police,Merseyside Police,-2.952160,53.423765,On or near BELMONT ROAD,E01006563,Liverpool 024B,Investigation complete; no suspect identified
71912987faa46277c7c09112c59a06c3eeb7fa84061d84d5ea0432098d17bb4b,2019-02,Merseyside Police,Merseyside Police,-2.720430,53.430206,On or near HEADINGLEY CLOSE,E01006848,St. Helens 020D,Unable to prosecute suspect
5dc84888ffc258e8609f0c9f637582478fc2c3b0214c51da6d89134c3cc4f0ab,2019-02,Merseyside Police,Merseyside Police,-2.939181,53.426205,On or near GLOUCESTER ROAD NORTH,E01006767,Liverpool 019F,Unable to prosecute suspect
939dc25160bbb3c9666756c97d1371dd0b4cdf8f17f4c9555c9fa82147376603,2019-02,Merseyside Police,Merseyside Police,-2.947439,53.372548,On or near SAVOYLANDS CLOSE,E01006628,Liverpool 052D,Action to be taken by another organisation
b7c37504b0b14155767fcdada72027ab0ed34a36789857a3e214f029f75eaaad,2019-02,Merseyside Police,Merseyside Police,-2.963740,53.399501,On or near GROVE SIDE,E01033757,Liverpool 037E,Investigation complete; no suspect identified
f44a2440b3091d5d901380c559982815228ba4aeb914dd9329abb9f1dbbde4f4,2019-02,Merseyside Police,Merseyside Police,-2.945487,53.420124,On or near STRATHMORE ROAD,E01006760,Liverpool 028E,Investigation complete; no suspect identified
7fec38a37bebde5af4099b9b870388b7e15e11c2e577e432a646b0d9ad38abd6,2019-02,Merseyside Police,Merseyside Police,-3.110805,53.382789,On or near EASTWAY,E01007265,Wirral 017C,Unable to prosecute suspect
2858a41cc1464875708f3a80ede8d577e4d7061af40d964818bd53737a1eb7ca,2019-02,Merseyside Police,Merseyside Police,-2.975672,53.409562,On or near WILDE STREET,E01033758,Liverpool 060B,Unable to prosecute suspect
25aa558d6e513fa80f3187cc214dbdaf1a35e4b08e4f98c02aea3889ba34fee0,2019-02,Merseyside Police,Merseyside Police,-2.985464,53.402353,On or near DUKE STREET LANE,E01033754,Liverpool 061B,Investigation complete; no suspect identified
33788d549172bb3f5ea46a31e269e3364a710ab310e196c765a8e6549306e44d,2019-02,Merseyside Police,Merseyside Police,-2.662181,53.476520,On or near SALISBURY ROAD,E01006840,St. Helens 005C,Investigation complete; no suspect identified
9b5fc46685b7868c305b52f22b9a6d8df60bdc21ca3ea1f45cc3e844fc9dcc44,2019-02,Merseyside Police,Merseyside Police,-2.976574,53.340582,On or near Petrol Station,E01007135,Wirral 039A,Investigation complete; no suspect identified
98596488e9c53009f979770d5d3ebad6d8aaebb73b9746ec83614f0dc07504d7,2019-02,Merseyside Police,Merseyside Police,-2.976574,53.340582,On or near Petrol Station,E01007135,Wirral 039A,Investigation complete; no suspect identified
dfedeb2d795a21f127f0e3f15aaca1a561dfe7d572dab8587b3976f2fe6a407a,2019-02,Merseyside Police,Merseyside Police,-2.875968,53.474218,On or near BROAD LANE,E01006434,Knowsley 005C,Unable to prosecute suspect
4b0dbf90f2fa8caea91f0b5f405ab7d6f90e3abb85b547dffb4219d5e20bec7d,2019-02,Merseyside Police,Merseyside Police,-3.018203,53.488363,On or near SEAFIELD AVENUE,E01007106,Sefton 025D,Investigation complete; no suspect identified
4dea091f1f74b0529230bfd370e864ed9b970e3dcdcd8f7ad1eb803f28219410,2019-02,Merseyside Police,Merseyside Police,-3.034979,53.413476,On or near CANTERBURY ROAD,E01007276,Wirral 007E,Investigation complete; no suspect identified
ade26d9a35effc2a5d8900c18568f7251d69a6d0826c3ec4554c810a3b7f65ff,2019-02,Merseyside Police,Merseyside Police,-2.980826,53.402122,On or near SLATER PLACE,E01033761,Liverpool 060D,Investigation complete; no suspect identified
a5c2875082a79c91bda409e091bccbacd0f237e968f4a8b4433d82755dd0d9e7,2019-02,Merseyside Police,Merseyside Police,-2.828205,53.405238,On or near KEATS GREEN,E01006478,Knowsley 015B,Investigation complete; no suspect identified
724262731162e080cd233ea9a5e797fd9fe83f1d95b5256da25a182f636dd015,2019-02,Merseyside Police,Merseyside Police,-2.873631,53.494676,On or near BIRCHWOOD WAY,E01006494,Knowsley 001D,Investigation complete; no suspect identified
bfafc09d3905c063e4dfbfc3a9276206c50bf77d48c4858a6347fd5b151dae1f,2019-02,Merseyside Police,Merseyside Police,-2.828205,53.405238,On or near KEATS GREEN,E01006478,Knowsley 015B,Investigation complete; no suspect identified
b44abc3559384303f0c8c609bc95f997ca2f0a5631a4ee2bbc28762df8381448,2019-02,Merseyside Police,Merseyside Police,-3.102491,53.413627,On or near Sports/Recreation Area,E01007205,Wirral 006B,Investigation complete; no suspect identified
79683aab3a17457193031327417ef399ba461c427ef6243cc57ef93979308298,2019-02,Merseyside Police,Merseyside Police,-2.943168,53.390110,On or near BROMPTON AVENUE,E01006549,Liverpool 043B,Investigation complete; no suspect identified
4f6f772b7f65ee29ace1742af48ecd158094824280bd8a48cecff3604fabf0ad,2019-02,Merseyside Police,Merseyside Police,-2.975523,53.337966,On or near CALDBECK ROAD,E01007135,Wirral 039A,Investigation complete; no suspect identified
c66492f87d52a089be8874a8b7fffeaa33a5120ef767abd3a38b4871f35e589b,2019-02,Merseyside Police,Merseyside Police,-2.985119,53.403704,On or near Parking Area,E01033756,Liverpool 061C,Investigation complete; no suspect identified
d6812526324b4ccdea4feec835d48d01beb33feb71c44e0293fa0a1cd7eaf410,2019-02,Merseyside Police,Merseyside Police,-2.977508,53.332170,On or near THE CROSS,E01007135,Wirral 039A,Investigation complete; no suspect identified
8df7180b9cbe037700ccf1ae8a45150b1dd02936683d2d850dd8a2e46469c827,2019-02,Merseyside Police,Merseyside Police,-2.985147,53.422500,On or near CALLAGHAN CLOSE,E01006779,Liverpool 022D,Investigation complete; no suspect identified
2bfc39c8c5d8b8a7b8f2e572b2ae0c8f97401d6a4ef87449836211ff35e100d9,2019-02,Merseyside Police,Merseyside Police,-2.987014,53.405648,On or near Shopping Area,E01033760,Liverpool 060C,Investigation complete; no suspect identified
49ce7556d89f0d1f499b2716884345b2aa0aec72eec45dc687643aee48aa2e33,2019-02,Merseyside Police,Merseyside Police,-2.985119,53.403704,On or near Parking Area,E01033756,Liverpool 061C,Investigation complete; no suspect identified
782e58bf7462c57351dfa005580b06658166169fd7a3b93a8d776690d8d1dc6e,2019-02,Merseyside Police,Merseyside Police,-2.786421,53.420064,On or near Hospital,E01006499,Knowsley 009E,Unable to prosecute suspect
7a610bbb1fec3f2eedb137490f22372102ea5cbf19d4224a8170e1a64b6af24e,2019-02,Merseyside Police,Merseyside Police,-3.031668,53.380497,On or near HARROWBY ROAD SOUTH,E01007179,Wirral 021C,Investigation complete; no suspect identified
b3a2821f4679f92582b9d68a8a1e35d907ec5a643565753a0d1f0002af03b497,2019-02,Merseyside Police,Merseyside Police,-2.976571,53.402192,On or near ROSCOE PLACE,E01033761,Liverpool 060D,Investigation complete; no suspect identified
d4410aa9a206eb1dab6b748acea2efb2ae5cd5352e3878c0cfbbd926f54f027a,2019-02,Merseyside Police,Merseyside Police,-2.973247,53.462121,On or near WESTFIELD ROAD,E01006786,Liverpool 003E,Suspect charged
2f12ac98f35452c3f43ea9d32092bb3da9a4461c25c0e3991fc875d590ab2dae,2019-02,Merseyside Police,Merseyside Police,-3.026711,53.419390,On or near WRIGHT STREET,E01007215,Wirral 005A,Investigation complete; no suspect identified
594b1bf67bbf9ea5aa787aebabe690d532c3cff34583918e244036435f6bbfcb,2019-02,Merseyside Police,Merseyside Police,-2.972662,53.413469,On or near PAGE WALK,E01006646,Liverpool 023C,Investigation complete; no suspect identified
f90a38a11fa924889e399faa71ddcd002f28a7e749e2ce9538519156b59c769e,2019-02,Merseyside Police,Merseyside Police,-2.948205,53.379967,On or near LARK WAY,E01006522,Liverpool 048A,Investigation complete; no suspect identified
29259027826f76cb357fe8b1915db406e2121a612ce7c53f630e4031837869cf,2019-02,Merseyside Police,Merseyside Police,-2.988220,53.401872,On or near CANNING PLACE,E01033756,Liverpool 061C,Unable to prosecute suspect
2aef27795ca691a677316d8f3ca757c3d6c06893f713caa167e9f1271ca15d7e,2019-02,Merseyside Police,Merseyside Police,-2.614046,53.453839,On or near Petrol Station,E01006859,St. Helens 015D,Investigation complete; no suspect identified
c7183b8fac99075269ae9c0c10e9610672de08547c7082e6fbe67348dbfb0060,2019-02,Merseyside Police,Merseyside Police,-2.949065,53.480743,On or near AINTREE WAY,E01007041,Sefton 027A,Investigation complete; no suspect identified
d97b3f33fa38509fc59ab272b8273e1bce88bf2836d862fea1429d2316d2b419,2019-02,Merseyside Police,Merseyside Police,-3.046400,53.387200,On or near CLAUGHTON GREEN,E01007160,Wirral 020B,Unable to prosecute suspect
899d3e07093d1fa11525eeb4e81920822e06df1b1c45712f617de9b6a8dc715d,2019-02,Merseyside Police,Merseyside Police,-2.976571,53.402192,On or near ROSCOE PLACE,E01033761,Liverpool 060D,Investigation complete; no suspect identified
4342736ac932890c8ad08ca17de8ce28d2624571e383e19e131f88dc7fa9ac4f,2019-02,Merseyside Police,Merseyside Police,-2.945487,53.420124,On or near STRATHMORE ROAD,E01006760,Liverpool 028E,Suspect charged
f16196f478263070ab12633ddc8314bd62d933aecdb21e5bb24fd312e1da55a8,2019-02,Merseyside Police,Merseyside Police,-2.870462,53.374474,On or near MOUNT STREET,E01006799,Liverpool 051E,Investigation complete; no suspect identified
1652d5cd941b9541acc93902608726b5a77abbc22738812a69c326a34647b683,2019-02,Merseyside Police,Merseyside Police,-3.032588,53.383707,On or near DINGLE ROAD,E01007131,Wirral 021B,Investigation complete; no suspect identified
8d22ad16e3c20b19dd3f5f7399da175dc20280ce6e1b4b723de1a548e00796fb,2019-02,Merseyside Police,Merseyside Police,-2.949404,53.379094,On or near PARKFIELD ROAD,E01032507,Liverpool 050H,Investigation complete; no suspect identified
20e2621faba13af7ef35913ba55749dc40071291aba15120670bd2b5c0bc006c,2019-02,Merseyside Police,Merseyside Police,-2.945487,53.420124,On or near STRATHMORE ROAD,E01006760,Liverpool 028E,Unable to prosecute suspect
e4024ec2782a4c66eaafec65a622f0f44815f65f973f3439ef144476b04608a6,2019-02,Merseyside Police,Merseyside Police,-3.014463,53.378964,On or near UNION STREET,E01007293,Wirral 027C,Unable to prosecute suspect
a1c12625e73b6f7455851844c5991faf801f17f9b4220de596fc8316a5e10ef8,2019-02,Merseyside Police,Merseyside Police,-2.939440,53.415434,On or near ELM VALE,E01006759,Liverpool 028D,Unable to prosecute suspect
ef463719e5c8c50f7024fc0457e4bb268156083571c6dc9178d3c282c8d5d03e,2019-02,Merseyside Police,Merseyside Police,-2.722180,53.429575,On or near RECTORY GARDENS,E01006848,St. Helens 020D,Unable to prosecute suspect
67a41de7d61da4f7fb6aa86b1952fcc1fe2490b6fbce44ea73f78ddf4619afe6,2019-02,Merseyside Police,Merseyside Police,-3.003470,53.341069,On or near Parking Area,E01007145,Wirral 038B,Unable to prosecute suspect
dc0d9817c912e2171765fe750b598a3f3ccf67dbe46a42c473ed343df7521048,2019-02,Merseyside Police,Merseyside Police,-2.839703,53.345175,On or near PENKETH DRIVE,E01006755,Liverpool 059C,Investigation complete; no suspect identified
10bc34aff3a0ac3cc0cb15ac4dc9fc74e589c4e4772c87192b3fe6052c52c16f,2019-02,Merseyside Police,Merseyside Police,-3.127565,53.405410,On or near CURLEW WAY,E01007228,Wirral 012E,Unable to prosecute suspect
c90386a147fcef59b3759232e5abe675dc4022f1b82b287c36ee1c3469bbba57,2019-02,Merseyside Police,Merseyside Police,-2.918696,53.470023,On or near Petrol Station,E01006510,Knowsley 004F,Investigation complete; no suspect identified
7c417809fcca09524467c27bb16b0e5c8ba46a0f2b7eaf179de06f053ded0577,2019-02,Merseyside Police,Merseyside Police,-3.184174,53.372510,On or near THE CRESCENT,E01007198,Wirral 026C,Investigation complete; no suspect identified
ad85e56e5385b42be017394d0ac76675f27f1df92424b83cb8ccb2214f79c4dc,2019-02,Merseyside Police,Merseyside Police,-3.019346,53.376315,On or near MOSSLEY ROAD,E01007294,Wirral 021F,Investigation complete; no suspect identified
8f44bc77308db3afafc971b20ec5e1c3020f49605ca5cd50852ae319e979c543,2019-02,Merseyside Police,Merseyside Police,-3.003047,53.648742,On or near POST OFFICE AVENUE,E01006968,Sefton 004C,Investigation complete; no suspect identified
684a22f6749b4e117a5a073e1addd4497c7063ac0dae341533652783b59acf88,2019-02,Merseyside Police,Merseyside Police,-3.061052,53.556539,On or near Supermarket,E01007081,Sefton 014D,Investigation complete; no suspect identified
8041b730961f55c8544a5f4eeaf520e3d45341501f36e109a957b9a6958923c7,2019-02,Merseyside Police,Merseyside Police,-2.960340,53.450873,On or near CAVENDISH DRIVE,E01006791,Liverpool 006D,Investigation complete; no suspect identified
86b22c97907d3ba103ec8fdbf8cc2b64a7710223921fd022527ea3ce7ceb8fb8,2019-02,Merseyside Police,Merseyside Police,-2.979198,53.403924,On or near BACK BOLD STREET,E01033756,Liverpool 061C,Investigation complete; no suspect identified
430583669e3fc528fac9a32287b43a4db438cbd1cbfbbe785bcc28ecdad36e37,2019-02,Merseyside Police,Merseyside Police,-2.989201,53.405226,On or near LORD STREET,E01033756,Liverpool 061C,Investigation complete; no suspect identified
6461d8b7f0952128f29018ad9d6afac8c1cefdb4f6db9a5382f21c54814a5cc9,2019-02,Merseyside Police,Merseyside Police,-2.971900,53.408415,On or near MOOR PLACE,E01006747,Liverpool 031B,Unable to prosecute suspect
848f025e0f097e06c987d05cdfc68ff1c69d9fc11afbb74cc5ad63d81c1bf2f5,2019-02,Merseyside Police,Merseyside Police,-3.057692,53.556811,On or near Supermarket,E01007081,Sefton 014D,Investigation complete; no suspect identified
816b6542d5ddc7f97ecf26be4210edff282fccb029cf5acd2eca7214ca37f0ba,2019-02,Merseyside Police,Merseyside Police,-2.983567,53.411385,On or near FONTENOY STREET,E01033762,Liverpool 060E,Unable to prosecute suspect
62de6853959cea9479c0d4bb63916ad7f9d54a2a98e575f70c3e913df28ad293,2019-02,Merseyside Police,Merseyside Police,-3.083300,53.354079,On or near BARNSTON ROAD,E01007255,Wirral 034B,Investigation complete; no suspect identified
90b1af76dd9ca0782f61056d33747114f1e38c101eb672c712bd1bf606008cfa,2019-02,Merseyside Police,Merseyside Police,-3.057692,53.556811,On or near Supermarket,E01007081,Sefton 014D,Unable to prosecute suspect
d90662bf50ae93ff57b1e60f8123c37874a5ee173e86d5fea2c288f6d7cc72c9,2019-02,Merseyside Police,Merseyside Police,-2.961927,53.419813,On or near TAVY ROAD,E01006647,Liverpool 024C,Investigation complete; no suspect identified
58ebffdda61fbc900f81f3cb6aea7b1ae294ba47332a0b87b4a766b9f7a73459,2019-02,Merseyside Police,Merseyside Police,-3.001820,53.643556,On or near BRIDGE STREET,E01006970,Sefton 007B,Investigation complete; no suspect identified
4c8efd17a320c56f9dcb27f1c5d89e4fee16f256ec0f441f777a29097493527d,2019-02,Merseyside Police,Merseyside Police,-2.945487,53.420124,On or near STRATHMORE ROAD,E01006760,Liverpool 028E,Suspect charged
9aeb91372e621740bbeeaf8aa9533fe41bd71c1f0340f789a9e90d0fffdd8070,2019-02,Merseyside Police,Merseyside Police,-3.049042,53.410836,On or near KENDAL ROAD,E01007270,Wirral 010D,Unable to prosecute suspect
98f9f5badcc64f8b521f83e36e78c0154debd0039bdb5957bc443f3b100a91d3,2019-02,Merseyside Police,Merseyside Police,-2.979358,53.403024,On or near Nightclub,E01033756,Liverpool 061C,Investigation complete; no suspect identified
7e1bddad7cc97c1ad5a2c0b7dcf3cace7135641aa42b64723c3b39ce472bad56,2019-02,Merseyside Police,Merseyside Police,-2.924797,53.443666,On or near WANDSWORTH ROAD,E01033759,Liverpool 010F,Further investigation is not in the public interest
6696367ab4f1763019c588370f994635a814c4596f4508cc3242506205c123ad,2019-02,Merseyside Police,Merseyside Police,-2.993997,53.406417,On or near TOWER GARDENS,E01033752,Liverpool 062B,Investigation complete; no suspect identified
e31179396824c1c5e13417d23bbb007edab8c70fcbb560027cc1facd891abb30,2019-02,Merseyside Police,Merseyside Police,-2.973247,53.462121,On or near WESTFIELD ROAD,E01006786,Liverpool 003E,Suspect charged
ee3cbfc6f9317e62c83511d3cbf65d2554df7c6b7ce333e24c86ddd2974a6f83,2019-02,Merseyside Police,Merseyside Police,-3.020339,53.406537,On or near MONTROSE AVENUE,E01007274,Wirral 008C,Unable to prosecute suspect
1fbbdb43970214590ce1301aa165f53d4d4bde6a4481c4c0236ba16b1d022330,2019-02,Merseyside Police,Merseyside Police,-3.004734,53.644584,On or near ST ANDREW'S PLACE,E01006968,Sefton 004C,Investigation complete; no suspect identified
6338f11b0e240f035bbc495970e4617b7bbb05462ec48da944296513c7f34729,2019-02,Merseyside Police,Merseyside Police,-2.899727,53.487732,On or near DEERBOLT WAY,E01006456,Knowsley 002B,Unable to prosecute suspect
baa6c6893cec356cb118c200516f12a56712f4a93c49c021116ded7b393a2588,2019-02,Merseyside Police,Merseyside Police,-3.070467,53.401342,On or near BOUNDARY ROAD,E01007120,Wirral 011A,Investigation complete; no suspect identified
3604038a3c785fb61ce549e8755c0d5d002c8cf63be0a8c32412aef3340a9893,2019-02,Merseyside Police,Merseyside Police,-2.988457,53.490545,On or near EDGE LANE,E01007038,Sefton 021F,Investigation complete; no suspect identified
8aac47c1b06af4cece27b14cf4e2ad3878c962067d4a333ca735337da4aa2f72,2019-02,Merseyside Police,Merseyside Police,-2.822029,53.361882,On or near BAILEYS LANE,E01006420,Knowsley 017A,Investigation complete; no suspect identified
a5bd422651f409da229f88fab827eaa400c3e80eef3877b4f0ff5364e830cc18,2019-02,Merseyside Police,Merseyside Police,-2.936976,53.459382,On or near DYSON HALL DRIVE,E01006659,Liverpool 005B,Action to be taken by another organisation
b705fa1652f60ac7581c0e41a34a9f2009eb8a0104cc45c63c0ea87cfc71ad51,2019-02,Merseyside Police,Merseyside Police,-2.896320,53.481977,On or near JAMES HOLT AVENUE,E01006455,Knowsley 004A,Unable to prosecute suspect
6b08aff3ee66e86c765a0bb8e18af07ac4e1c808c6409d1f81de09454b6c3e66,2019-02,Merseyside Police,Merseyside Police,-2.916292,53.425538,On or near QUEENS DRIVE WEST DERBY,E01006768,Liverpool 020F,Investigation complete; no suspect identified
cf0bd829a5ed21aec324cee4cc4befb6fa0682c06aaf4fda637489c04caee937,2019-02,Merseyside Police,Merseyside Police,-3.004584,53.645915,On or near Shopping Area,E01006968,Sefton 004C,Investigation complete; no suspect identified
e2ce0bf1709780f0865effde3712e00cd3f8ef77a1a90104c12a7e048cf0c94d,2019-02,Merseyside Police,Merseyside Police,-2.899727,53.487732,On or near DEERBOLT WAY,E01006456,Knowsley 002B,Unable to prosecute suspect
3d300077f2088b7ff0d833f8c076efbd28f245ed0593a1b362d3e46e34b514c0,2019-02,Merseyside Police,Merseyside Police,-2.987595,53.406057,On or near Nightclub,E01033760,Liverpool 060C,Investigation complete; no suspect identified
80b1281a345aa4d543a120195b7731a674ae9a6822ce266c239e956dd312c74f,2019-02,Merseyside Police,Merseyside Police,-2.848157,53.349582,On or near GASKILL ROAD,E01006741,Liverpool 058C,Investigation complete; no suspect identified
a291bdce855874111b7a4938d3041dc727e443507bed2933a65fa6f4bce56e74,2019-02,Merseyside Police,Merseyside Police,-2.945487,53.420124,On or near STRATHMORE ROAD,E01006760,Liverpool 028E,Suspect charged
a31a00ee7033ea3c7fa9ca10dab6fc4ff74f618cc8d1e80344c79bd802293463,2019-02,Merseyside Police,Merseyside Police,-3.036671,53.389622,On or near MERTON PLACE,E01007129,Wirral 016D,Investigation complete; no suspect identified
c042bb4728df3b581c3292437f337f7f8ffcee2a2df2ff7be068dfbb8ee0bceb,2019-02,Merseyside Police,Merseyside Police,-2.729515,53.449234,On or near LINKWAY EAST,E01006912,St. Helens 019G,Investigation complete; no suspect identified
ec9134fb7a908abe1fbdb73484f9fde828b098dfc5187cfc9c0accb5c9ee9528,2019-02,Merseyside Police,Merseyside Police,-2.994433,53.459277,On or near MALVERN ROAD,E01007013,Sefton 036E,Investigation complete; no suspect identified
7997aa593e4dc93a82194c77b25b3230a9db0c641b9c897d62c79cb86655933e,2019-02,Merseyside Police,Merseyside Police,-2.840031,53.416085,On or near ALT ROAD,E01006482,Knowsley 011B,Suspect charged
8658c77197540d18c77651ee3b32f67a79995e3aabd55ef59955de5548f92329,2019-02,Merseyside Police,Merseyside Police,-3.041929,53.384498,On or near BARNARD ROAD,E01007160,Wirral 020B,Investigation complete; no suspect identified
f58444d25994c4a00e67fd887983421467c866490485e6d92d6493f0a514ef1f,2019-02,Merseyside Police,Merseyside Police,-2.988735,53.405247,On or near LORD STREET,E01033756,Liverpool 061C,Investigation complete; no suspect identified
9fdcd550a692fbd9901cc64b3bec4452bdba93d8de51ba1de3d42a0fc9a0956d,2019-02,Merseyside Police,Merseyside Police,-2.978384,53.413710,On or near Police Station,E01006648,Liverpool 023D,Suspect charged
8efb6ca3f00f140ff833d2b25c542757407e762f44b8bcd1a8e642ff9ec0bf65,2019-02,Merseyside Police,Merseyside Police,-2.967346,53.394034,On or near TACE CLOSE,E01006673,Liverpool 037D,Investigation complete; no suspect identified
0d303f5e978d805ce7efde17378519057eb11772b1c9893534ffad8de642e469,2019-02,Merseyside Police,Merseyside Police,-3.002177,53.650960,On or near Shopping Area,E01033097,Sefton 004G,Suspect charged
685e5b8c6656bc34c5ce8e1caa907473895749408f3d9778f3a6d3f35ef8eae6,2019-02,Merseyside Police,Merseyside Police,-2.927093,53.441248,On or near Supermarket,E01033759,Liverpool 010F,Investigation complete; no suspect identified
d710639d956306995adb74b6bfaea9f3ad5f8f21352bb285fcdf459be0f4b0c2,2019-02,Merseyside Police,Merseyside Police,-2.885593,53.499442,On or near FRANKLIN GROVE,E01006490,Knowsley 002E,Unable to prosecute suspect
5fd2ddd2ed1552ba0541bbfe2078f10dace4471d21893cb9090d720b11fb10a0,2019-02,Merseyside Police,Merseyside Police,-2.906661,53.465899,On or near MURDOCK WAY,E01006506,Knowsley 004B,Investigation complete; no suspect identified
781c61035c3443e6d518f540c344a43a16d338cba38ac5f164456ec74e337cee,2019-02,Merseyside Police,Merseyside Police,-2.865550,53.370204,On or near SYLVAN COURT,E01006533,Liverpool 055C,Investigation complete; no suspect identified
f6f9623c2e918b7a92c3545ef1982ee5802d2ceaa7548a3f56f2110d2bddc177,2019-02,Merseyside Police,Merseyside Police,-3.015093,53.394671,On or near JOHN STREET,E01007126,Wirral 016A,Unable to prosecute suspect
a132c326008ad9b450e56ca8cc423ec52264957ff9efb75ce330cfc791531051,2019-02,Merseyside Police,Merseyside Police,-2.993354,53.417578,On or near JACK MCBAIN COURT,E01006776,Liverpool 022B,Offender given a drugs possession warning
0e19f3e2b4ce4901358e4914c1f49aa50aea9084f35c6d7335572e9c5c1ada47,2019-02,Merseyside Police,Merseyside Police,-2.981930,53.406967,On or near Parking Area,E01033760,Liverpool 060C,Investigation complete; no suspect identified
6a83557f4b6263a40a7b341dff4de0c6a1e3efdd1f8ab4171a7b225c3e8e9bdd,2019-02,Merseyside Police,Merseyside Police,-2.922701,53.415754,On or near ST IVES GROVE,E01006711,Liverpool 027A,Unable to prosecute suspect
778834698781652d98b7f5b501988ff46f6c06eaf54939c0e701d89f5b1ce699,2019-02,Merseyside Police,Merseyside Police,-2.944805,53.414439,On or near SHEIL ROAD,E01006695,Liverpool 028C,Investigation complete; no suspect identified
7985055794fbbb832da24103094e49378d2d17e15d5600658a8b557aa9a417c6,2019-02,Merseyside Police,Merseyside Police,-3.134355,53.403935,On or near MILLHOUSE CLOSE,E01007223,Wirral 013D,Unable to prosecute suspect
ba985e202a4c44ff06582195f8a42c2bdb31da5efe9c42e13847ed159d8b2db3,2019-02,Merseyside Police,Merseyside Police,-2.709008,53.452899,On or near TICKLE AVENUE,E01006871,St. Helens 011D,Local resolution
fcc242e5229aba6784086ff1a50eb99dcde99df3a9a7fef15a77e7c561a81d3e,2019-02,Merseyside Police,Merseyside Police,-3.008717,53.618178,On or near ESSEX ROAD,E01006930,Sefton 010B,Unable to prosecute suspect
051f4a850b7bcfcc796fd8d7ae4b94b3103704b3fa3aaa3da574757bfabc38ba,2019-02,Merseyside Police,Merseyside Police,-3.017668,53.363934,On or near GALTRES PARK,E01007111,Wirral 032A,Unable to prosecute suspect
92882535a2c3fa5241cd42a95c94fd3bfd37a4219fd0964bf8aff16d56cf3c39,2019-02,Merseyside Police,Merseyside Police,-3.034351,53.385130,On or near BALL'S ROAD EAST,E01007239,Wirral 022C,Investigation complete; no suspect identified
176b637175271c55456415e592b097fe58cb494b0d0f002b102e61e202460ffe,2019-02,Merseyside Police,Merseyside Police,-2.931032,53.425181,On or near Supermarket,E01006764,Liverpool 020D,Investigation complete; no suspect identified
fc9968dcbda2cf733e6c4ab395df1a4815f065d60285d1aba834b0e5fc02c0b7,2019-02,Merseyside Police,Merseyside Police,-2.771353,53.455497,On or near LONG MEADOW,E01006822,St. Helens 009A,Unable to prosecute suspect
f232654dda9ebe996cc2d34110b560531c6ee010f62d88ba2219c37d8ee0f63c,2019-02,Merseyside Police,Merseyside Police,-2.986466,53.426813,On or near LAPWORTH STREET,E01006779,Liverpool 022D,Unable to prosecute suspect
7ddf5afe3da47435adf8a7010c1d36c116ce36d3105b2c9a2f1898de9cf84627,2019-02,Merseyside Police,Merseyside Police,-2.981878,53.645313,On or near TITHEBARN ROAD,E01007064,Sefton 006E,Unable to prosecute suspect
f6d2ae7f9f5c8cdf78ed7e6274aec7c20f3d2ef303264bc7ada0159469edf78a,2019-02,Merseyside Police,Merseyside Police,-2.916596,53.359917,On or near GRASSENDALE LANE,E01006687,Liverpool 056D,Unable to prosecute suspect
67d6e0c1017de030b4ca6976b0ccd222b8391620087681a98d50dbbf3e274dfc,2019-02,Merseyside Police,Merseyside Police,-3.050328,53.424560,On or near Supermarket,E01007314,Wirral 004E,Suspect charged
37e1bd24566184d11ada7c37428649b4dc3bd9ed0518e8658cf348622f695122,2019-02,Merseyside Police,Merseyside Police,-2.987781,53.444573,On or near Sports/Recreation Area,E01006961,Sefton 038B,Investigation complete; no suspect identified
ccef4bb10ecbdc51f50a8d081cae56e315fa6fb93b7cd26f7a1373b7d8283c7d,2019-02,Merseyside Police,Merseyside Police,-2.881136,53.473533,On or near HENLOW AVENUE,E01006435,Knowsley 005D,Investigation complete; no suspect identified
1845bd64bc8153d63b44b7b80b49cdb52756ecbcf7b7bd84a779f97331e14d4c,2019-02,Merseyside Police,Merseyside Police,-2.988662,53.407963,On or near DALE STREET,E01033760,Liverpool 060C,Investigation complete; no suspect identified
4dff0671d41a8c21551e36401d62701d094dad155e1f546094d61d21a1f4bb97,2019-02,Merseyside Police,Merseyside Police,-2.871465,53.415500,On or near ANCROFT ROAD,E01006574,Liverpool 025B,Unable to prosecute suspect
943d7a2b15d150fbc048ba05463153d88fee0fbbd7432672d9c8cece12b652f9,2019-02,Merseyside Police,Merseyside Police,-2.993097,53.643800,On or near HARGREAVES STREET,E01006996,Sefton 007D,Investigation complete; no suspect identified
6a5008f0846ba7d7fbaa3c2da500c5b318659dc19479b2de6408a56cf23a7b90,2019-02,Merseyside Police,Merseyside Police,-3.001012,53.654808,On or near IRVING STREET,E01006950,Sefton 004B,Suspect charged
5964df3af42c49b56cb569a0bc17b661474d45d0024d349487d2f8f4d5f178ad,2019-02,Merseyside Police,Merseyside Police,-2.797893,53.426028,On or near LAYTON WAY,E01006463,Knowsley 007C,Investigation complete; no suspect identified
454f1d35eda4a8daabbad7db27bbdd6f23aeab78ae1293d15b36ad21f36a299e,2019-02,Merseyside Police,Merseyside Police,-2.945487,53.420124,On or near STRATHMORE ROAD,E01006760,Liverpool 028E,Unable to prosecute suspect
53a12eba49e65d5eb23b1443bd4d6f657220517290b604b4dec583049a1f77a5,2019-02,Merseyside Police,Merseyside Police,-2.964923,53.391276,On or near GWENDOLINE STREET,E01006676,Liverpool 044D,Unable to prosecute suspect
cb1fcea9f023ff408d04db0b7b3c26d81b88708cbd75cc1746da9a814689e3de,2019-02,Merseyside Police,Merseyside Police,-2.715969,53.449586,On or near GLOUCESTER STREET,E01006874,St. Helens 014E,Unable to prosecute suspect
19872fd4e1707e234b56fd0e7e91c4257b36044a278ffb944462929537c3649e,2019-02,Merseyside Police,Merseyside Police,-2.979720,53.405699,On or near GREAT CHARLOTTE STREET,E01033760,Liverpool 060C,Suspect charged
4a6becbc45b2c707b0a49dbc47f3b5b555864b1d112a2967e263223f987173f7,2019-02,Merseyside Police,Merseyside Police,-2.805238,53.426078,On or near YATES' COURT,E01006463,Knowsley 007C,Investigation complete; no suspect identified
6ea8cd9a3a3b27d23c029c8f46ce6e93fcc884e9135018e2d6174162d5bb78a3,2019-02,Merseyside Police,Merseyside Police,-2.786421,53.420064,On or near Hospital,E01006499,Knowsley 009E,Investigation complete; no suspect identified
2c9818b1fd4c98a9cf1add1de86e2dd813a7e627be9cdedd7e08202ac33546e6,2019-02,Merseyside Police,Merseyside Police,-2.983247,53.407953,On or near Parking Area,E01033760,Liverpool 060C,Investigation complete; no suspect identified
f2a8db879b12b2c25f6729d3743060deceaeed15c5cee8ebba319ba3023961a8,2019-02,Merseyside Police,Merseyside Police,-2.958143,53.427511,On or near OAKFIELD ROAD,E01006547,Liverpool 019C,Offender given a drugs possession warning
caa0ad485bcdb3844604bae00e8581c3e1d28a9ed1bf895b25d752721f345716,2019-02,Merseyside Police,Merseyside Police,-2.967238,53.430386,On or near GOSCHEN STREET,E01006558,Liverpool 018B,Offender given penalty notice
047fcaefa81fe8242dde7c94791fbc9633950139dafcc80fdcff29184b809222,2019-02,Merseyside Police,Merseyside Police,-2.911144,53.465605,On or near VALERIE CLOSE,E01006506,Knowsley 004B,Unable to prosecute suspect
8e307a46c11e3aeb273b56c5a62f7f056f69f494515d5bcec17b8edff8e22e8d,2019-02,Merseyside Police,Merseyside Police,-2.983495,53.405686,On or near Shopping Area,E01033760,Liverpool 060C,Offender given a drugs possession warning
aad09bb85e987c118b165fddd211ea3f3c40254488c85e4a41c51d3aecfa2be3,2019-02,Merseyside Police,Merseyside Police,-2.633826,53.453304,On or near WINSTON AVENUE,E01006864,St. Helens 013B,Suspect charged
fc2026f751a311dfa39f4a62c12b6edceebb29238ff8dd3ff4df1f193dd0c8b4,2019-02,Merseyside Police,Merseyside Police,-2.897976,53.354782,On or near WOOD STREET,E01006745,Liverpool 057D,Unable to prosecute suspect
31e46da58c858eb1a1f1a63e4f9067124e52e2076f06e9ef2be34d3bb7077eff,2019-02,Merseyside Police,Merseyside Police,-3.013909,53.366366,On or near OLD CHESTER ROAD,E01007178,Wirral 029E,Unable to prosecute suspect
2cf0fec24b45383a4f1896a72ad686e3be486f9744cb584c2b4377e78b466bd1,2019-02,Merseyside Police,Merseyside Police,-2.713789,53.428215,On or near CRANE AVENUE,E01006901,St. Helens 020G,Suspect charged
2cf0fec24b45383a4f1896a72ad686e3be486f9744cb584c2b4377e78b466bd1,2019-02,Merseyside Police,Merseyside Police,-2.713789,53.428215,On or near CRANE AVENUE,E01006901,St. Helens 020G,Suspect charged
a03edc8da1ea2dc93f9f7d864731d6b356d80f5b11e7bef0d77bf138903f6f1a,2019-02,Merseyside Police,Merseyside Police,-2.876851,53.465933,On or near OLD FARM ROAD,E01006418,Knowsley 005B,Investigation complete; no suspect identified
ef0e7790bc7b7d4b6e47cb80bc49dd4d8a444d7e26664e8079bdc6aa3b1194ea,2019-02,Merseyside Police,Merseyside Police,-3.036467,53.414047,On or near LADYEWOOD ROAD,E01007276,Wirral 007E,Investigation complete; no suspect identified
973867bf586ad34eee5c89cdd0940499ab8cb83811651497288d67dede00aad7,2019-02,Merseyside Police,Merseyside Police,-2.981323,53.407376,On or near Theatre/Concert Hall,E01033760,Liverpool 060C,Offender given penalty notice
9ed3dc6e87cefb4a7669d795e5e4bbaf044d93c113060c0ad7939453cf7ee18b,2019-02,Merseyside Police,Merseyside Police,-2.979260,53.405982,On or near BACK LIME STREET,E01033760,Liverpool 060C,Unable to prosecute suspect
49e35e285f7538c459a8dd0cbd80d0dddc0b2048bfbf3080a65a515250f5aa26,2019-02,Merseyside Police,Merseyside Police,-2.948498,53.437071,On or near ARDROSSAN ROAD,E01006543,Liverpool 015B,Unable to prosecute suspect
1c78f11de508607574a744449a9c13f514961e2417af0d32c5a5da65981b4e97,2019-02,Merseyside Police,Merseyside Police,-2.933352,53.384749,On or near GREENBANK DRIVE,E01006526,Liverpool 048C,Investigation complete; no suspect identified
f4d7406b95270bc1d54bf848371c3b84805ddacd6523847a34a5796d91326912,2019-02,Merseyside Police,Merseyside Police,-3.004667,53.458940,On or near DRYDEN STREET,E01007003,Sefton 036B,Unable to prosecute suspect
5473f7c7bd023082daf3b76a13c3955e3294e369255d899a1aaed22ce8f2fd48,2019-02,Merseyside Police,Merseyside Police,-2.949362,53.423140,On or near ELLENCLIFF DRIVE,E01006540,Liverpool 024A,Offender given a drugs possession warning
acbc0965c9d2162ecf965056c78511aeb4468852fcfef2e1386876f022ed778a,2019-02,Merseyside Police,Merseyside Police,-2.991357,53.444273,On or near EXETER ROAD,E01007009,Sefton 037D,Investigation complete; no suspect identified
372d37c44d01f621d5c139c3e918d54f2ad13261ead31cf910a5066c078658dc,2019-02,Merseyside Police,Merseyside Police,-2.947680,53.398263,On or near DARREL DRIVE,E01006752,Liverpool 035F,Unable to prosecute suspect
f90bd57e8c286544c12943a8c7be88c95f50d566eb6720f9dda38eadd31102dd,2019-02,Merseyside Police,Merseyside Police,-3.004667,53.458940,On or near DRYDEN STREET,E01007003,Sefton 036B,Suspect charged
337a3cc130c0dae5204080836fdfc0d15868bb6ac9fa650a16c963e70340c886,2019-02,Merseyside Police,Merseyside Police,-2.982670,53.409037,On or near VICTORIA STREET,E01033760,Liverpool 060C,Offender given a drugs possession warning
6a5f9ca1ba54418e9687d8f033620e5174fd04283e7f35ea0995b0ba47daa214,2019-02,Merseyside Police,Merseyside Police,-2.979720,53.405699,On or near GREAT CHARLOTTE STREET,E01033760,Liverpool 060C,Suspect charged
edb090e6ba3554025c23643e090f9d53f8c392f53037e1b1ad54d8db54478f39,2019-02,Merseyside Police,Merseyside Police,-2.983878,53.406618,On or near Supermarket,E01033760,Liverpool 060C,Offender given a drugs possession warning
362c0df5d3bd5990085bc99d7ac924fa877597dcd64f1f9e6cecd5fb3e0f0866,2019-02,Merseyside Police,Merseyside Police,-2.961179,53.490642,On or near BARBERRY CRESCENT,E01007084,Sefton 027E,Investigation complete; no suspect identified
dd0c0e711bef1fb040fa7964a5f2ef3c438558b8630ff665b29b5fda13b710c1,2019-02,Merseyside Police,Merseyside Police,-2.974769,53.415475,On or near Parking Area,E01006648,Liverpool 023D,Offender given a drugs possession warning
7dd9e384a21139c8a99b237e1f4606d2f8866b3edb9530eabe0f9858b51b2b7b,2019-02,Merseyside Police,Merseyside Police,-3.178149,53.393290,On or near EVANS ROAD,E01007193,Wirral 014A,Suspect charged
f07d250b242b4a084ae2c30a2b37f103e59c2b10c14131450b526237a3efe8ee,2019-02,Merseyside Police,Merseyside Police,-2.969400,53.442027,On or near Supermarket,E01006611,Liverpool 012A,Investigation complete; no suspect identified
d92752b931a108e434357a50317f3e6849d1ed6b645e0753c0e41fd85817cf02,2019-02,Merseyside Police,Merseyside Police,-2.983495,53.405686,On or near Shopping Area,E01033760,Liverpool 060C,Offender given a drugs possession warning
86bd96db27fdcce77bbc57bc2cc3325ef2a4b079b0284849fabcba88aea995ff,2019-02,Merseyside Police,Merseyside Police,-2.800942,53.411284,On or near Supermarket,E01006505,Knowsley 013E,Investigation complete; no suspect identified
fda0f2320550c8a852d800f5173f18d4c6bf3710e32b006d9d34c9417062f26d,2019-02,Merseyside Police,Merseyside Police,-3.002183,53.625675,On or near STAMFORD ROAD,E01006929,Sefton 010A,Unable to prosecute suspect
63630d5277ddd8f601431f833664366eab9e7f20d61b0e4b7acb43f999490193,2019-02,Merseyside Police,Merseyside Police,-2.978355,53.409809,On or near COMMUTATION ROW,E01033760,Liverpool 060C,Offender given a drugs possession warning
7055038baffeeac2c93e517b7cec85b9a2a7926ec233857fea747408347a4a18,2019-02,Merseyside Police,Merseyside Police,-2.978516,53.431867,On or near FOLEY CLOSE,E01033764,Liverpool 022E,Investigation complete; no suspect identified
d17ff028bb1f7fe2b896cd2393a6e6d57054f7b0d6fb59a1a0a99e1945185b2b,2019-02,Merseyside Police,Merseyside Police,-2.940376,53.425126,On or near JULY ROAD,E01006767,Liverpool 019F,Suspect charged
b24ede6665c54afdbb80027953eb71b623af93f662fa545641abb749989b9f8d,2019-02,Merseyside Police,Merseyside Police,-3.101278,53.400451,On or near GABRIEL CLOSE,E01007208,Wirral 012A,Unable to prosecute suspect
2115d0ca04aa1d044282678649763294c2002e682404cb48ed0f05bb1d0a2386,2019-02,Merseyside Police,Merseyside Police,-2.979388,53.403023,On or near Shopping Area,E01033756,Liverpool 061C,Unable to prosecute suspect
6f9b70244d4dd2b2fa12f3b40cb38a07dee85f68c95744b7befb7511a1f9e94f,2019-02,Merseyside Police,Merseyside Police,-2.795734,53.410321,On or near DOMVILLE,E01006505,Knowsley 013E,Further investigation is not in the public interest
5287aad80d94242dfd182c0c3186bae1f5884504ff96e62ba51ec3804ad3745a,2019-02,Merseyside Police,Merseyside Police,-2.996613,53.453335,On or near CAPRICORN WAY,E01007007,Sefton 037B,Further investigation is not in the public interest
fa969e9076a8b8c82690230edee266ca3809e3e84032c3bbe3d41cadbe126b55,2019-02,Merseyside Police,Merseyside Police,-2.709599,53.454046,On or near REDGATE DRIVE,E01006871,St. Helens 011D,Unable to prosecute suspect
d23b213a37cb74ae77b45e0d97a0b6f39d1d187a5c2c9f26768b5e92c1db32b0,2019-02,Merseyside Police,Merseyside Police,-2.709335,53.415603,On or near FRENCHFIELD STREET,E01006898,St. Helens 022A,Investigation complete; no suspect identified
4eaba65abe16bcef5ce606b7c51da86b58e8e6e5d4e31541a9bf9310bfa26c0b,2019-02,Merseyside Police,Merseyside Police,-3.034682,53.391330,On or near PARK ROAD EAST,E01007127,Wirral 016B,Unable to prosecute suspect
df8ed3aebc045f0eea64549e30ff32ab44a50f9d8c7f55f7b0136aa2c8b60a89,2019-02,Merseyside Police,Merseyside Police,-3.119733,53.358075,On or near HEATHBANK AVENUE,E01007284,Wirral 033B,Offender given a drugs possession warning
e6d05c5c53755ffe35b6176095c1be9003fb6f75edc67b96e33b7c885e5a260d,2019-02,Merseyside Police,Merseyside Police,-2.965304,53.543516,On or near CHURCH LANE,E01007067,Sefton 017A,Investigation complete; no suspect identified
9cbc4f73c493d437f45c495e9fe5fc276049c4a7afd7500d6c3f99fa09691460,2019-02,Merseyside Police,Merseyside Police,-2.975287,53.493961,On or near WATERSIDE,E01007091,Sefton 023D,Investigation complete; no suspect identified
0534e42883822b4e8443f9ab7b744286dbd7d439034c1535f956ae16bb1933ae,2019-02,Merseyside Police,Merseyside Police,-2.747232,53.454922,On or near GRANT CLOSE,E01006877,St. Helens 012C,Investigation complete; no suspect identified
f27121c828b7bfc2342f19370ccd7f5c26ce71e084e5e054cabfb10ff2512556,2019-02,Merseyside Police,Merseyside Police,-2.787855,53.501654,On or near Supermarket,E01006883,St. Helens 001B,Investigation complete; no suspect identified
2658d22455d134a136f48b0bc2444b07577716b2333aa713d29c7dc100640a16,2019-02,Merseyside Police,Merseyside Police,-2.984539,53.427449,On or near HERIOT STREET,E01006779,Liverpool 022D,Unable to prosecute suspect
6ee333f175d6795f5d2baf2f4cdd01f69592baf9b634a83cd5a9a9298fb2e7fb,2019-02,Merseyside Police,Merseyside Police,-2.988508,53.449277,On or near Parking Area,E01006967,Sefton 037A,Investigation complete; no suspect identified
6f246e0b4e690475879e416be1cd91f1890cdea1145e1da5324877fe23bcf53f,2019-02,Merseyside Police,Merseyside Police,-2.799324,53.427673,On or near BOND STREET,E01006463,Knowsley 007C,Investigation complete; no suspect identified
c79b6530766e9b5e6257846d12338f8475eaa802408843f664ade679b497b5c0,2019-02,Merseyside Police,Merseyside Police,-2.699303,53.434125,On or near HELENA ROAD,E01006844,St. Helens 020A,Unable to prosecute suspect
ec3aa38f60a1412e2c6233a1147d9431dcfb1e669ac8030436e31cb0b870cc87,2019-02,Merseyside Police,Merseyside Police,-2.954012,53.431238,On or near Parking Area,E01006545,Liverpool 019A,Investigation complete; no suspect identified
155a6f2206bfc826b90c4ccdb3e20b74272aba23abdfbcf9a12062ba0dc074a8,2019-02,Merseyside Police,Merseyside Police,-2.862826,53.395284,On or near BRIDGEFIELD CLOSE,E01006775,Liverpool 040F,Unable to prosecute suspect
042f7330594fcf9e9e4953d198f753c15a3cee7f60d7d7181d80235b386e7d10,2019-02,Merseyside Police,Merseyside Police,-3.028576,53.386933,On or near CEDAR STREET,E01007130,Wirral 021A,Unable to prosecute suspect
f27f9bc8a100a9212b86e7e0df789357732c9ceddfa7bf6f56ad1d0046d81d39,2019-02,Merseyside Police,Merseyside Police,-3.035186,53.388566,On or near HENTHORNE STREET,E01007129,Wirral 016D,Investigation complete; no suspect identified
dc99e3c2d72f0504c48bb3ff00f711cdbe136a56717e896e08156f2e6c8bd60b,2019-02,Merseyside Police,Merseyside Police,-3.010632,53.488760,On or near SEFTON VIEW,E01007106,Sefton 025D,Unable to prosecute suspect
b7ac94c99651fbc6b8bd9525bdf139ef40cf234651ac7634455188dcfe8614ea,2019-02,Merseyside Police,Merseyside Police,-2.943475,53.415555,On or near RADSTOCK ROAD,E01006695,Liverpool 028C,Unable to prosecute suspect
40d06afb7243a5a5c2c404c29b61235406f36c42db4f22353a81221f3b805f20,2019-02,Merseyside Police,Merseyside Police,-2.996146,53.459757,On or near CROXTETH ROAD,E01007013,Sefton 036E,Offender given penalty notice
6eb9001149819de22057aeeb19c86b1b50af3cd00f9f6b124eb3cc2653702eac,2019-02,Merseyside Police,Merseyside Police,-2.985799,53.409038,On or near DALE STREET (QUEENSWAY),E01033755,Liverpool 062D,Suspect charged
33193ac39f0e1e3338160cf079ffc416b72e0986f072104de913b0ec1b3f70d6,2019-02,Merseyside Police,Merseyside Police,-2.647982,53.450405,On or near EARLE STREET,E01006863,St. Helens 013A,Investigation complete; no suspect identified
3c4c24c3eb87c3ac8a244256b753f9abf634a4ca548514396ff13f4939b8769b,2019-02,Merseyside Police,Merseyside Police,-2.987735,53.409507,On or near CHEAPSIDE,E01033755,Liverpool 062D,Unable to prosecute suspect
86633d8f331dc2686cf9d6687251ebd57e14d9c2e3ac82fdf1cc3f6817dde545,2019-02,Merseyside Police,Merseyside Police,-2.668797,53.494793,On or near KELVIN CLOSE,E01006805,St. Helens 003B,Investigation complete; no suspect identified
7efe20d880d369c1a17b4b6cb9d73172661f7568110b68c51ff95612989b592c,2019-02,Merseyside Police,Merseyside Police,-3.000713,53.473355,On or near LITHERLAND PARK,E01006977,Sefton 032E,Unable to prosecute suspect
44f142ba253bcdf2c47ad25eca41d0613d5cb9507067c3e007c1ade05fbde7a6,2019-02,Merseyside Police,Merseyside Police,-3.000713,53.473355,On or near LITHERLAND PARK,E01006977,Sefton 032E,Unable to prosecute suspect
7873fd099735c6c2e48a6fe619347d0fa7c655e1509783c7f56b7e2069720901,2019-02,Merseyside Police,Merseyside Police,-2.935990,53.454239,On or near LONG LANE,E01032510,Liverpool 008F,Investigation complete; no suspect identified
4736484115426b72eb721c13f8f0b11aafbd9072e8d93113f759d9b43a1fe6db,2019-02,Merseyside Police,Merseyside Police,-2.989201,53.405226,On or near LORD STREET,E01033756,Liverpool 061C,Unable to prosecute suspect
e394ef4a44ba236669f607d8ca091e5eb95ef9768b15827f4e3a97873bfd0247,2019-02,Merseyside Police,Merseyside Police,-2.987735,53.409507,On or near CHEAPSIDE,E01033755,Liverpool 062D,Unable to prosecute suspect
912988f111d2a3a6a4c3516f47b7507bbb5b0b1d9fe656a3cd50c90a9ee3d7a0,2019-02,Merseyside Police,Merseyside Police,-2.935990,53.454239,On or near LONG LANE,E01032510,Liverpool 008F,Investigation complete; no suspect identified
53144c3a87ee993d0ea17ef25b74a4fb1d6fb825dff36eb854ee264495b47c26,2019-02,Merseyside Police,Merseyside Police,-2.935990,53.454239,On or near LONG LANE,E01032510,Liverpool 008F,Investigation complete; no suspect identified
f20e68bcb9e2eca317734d4c073ec02cb14396efbdf9b2cc19806567c6e2cb86,2019-02,Merseyside Police,Merseyside Police,-2.973538,53.457094,On or near CONNOLLY AVENUE,E01006965,Sefton 038E,Investigation complete; no suspect identified
3aadf7e079c65376b25bdc83964e26efa67828a91fd0f7ae86be342cc4facf3d,2019-02,Merseyside Police,Merseyside Police,-2.633826,53.453304,On or near WINSTON AVENUE,E01006864,St. Helens 013B,Unable to prosecute suspect
a197c7ef4b547a965b00d2a9623998dbdc2b63d6305ee2ed0954b3f4636c3880,2019-02,Merseyside Police,Merseyside Police,-2.986322,53.650364,On or near LEYLAND ROAD,E01007064,Sefton 006E,Investigation complete; no suspect identified
972f51f48c6314d008421c97cda56cd72963aa61d1190581043e3f385dbcf065,2019-02,Merseyside Police,Merseyside Police,-2.965271,53.400702,On or near MYRTLE PARADE,E01006512,Liverpool 031A,Investigation complete; no suspect identified
b00e13d7fecefeac17d2e490b7409840a8e9741c3591219316b4090e5e507a32,2019-02,Merseyside Police,Merseyside Police,-2.981167,53.442407,On or near WESTMINSTER ROAD,E01006963,Sefton 038D,Unable to prosecute suspect
f208c8a589b06420f2c6516bfea0609a6a236d5f9855758fdd21138b44f03db6,2019-02,Merseyside Police,Merseyside Police,-3.010591,53.362070,On or near TOWN LANE,E01007178,Wirral 029E,Further investigation is not in the public interest
f0fff36453f91e39075772bd6e8d48bbd4bfa7d91d68bbe9de94eb4687f0cd20,2019-02,Merseyside Police,Merseyside Police,-2.977682,53.467038,On or near MARMION AVENUE,E01007047,Sefton 033E,Investigation complete; no suspect identified
62900ff932c62e0b4c205d2b1f20c01b0567b1bd6ea08cd1a21f80ec5d600515,2019-02,Merseyside Police,Merseyside Police,-2.850186,53.428085,On or near PARBROOK CLOSE,E01006441,Knowsley 006D,Investigation complete; no suspect identified
5e6822e3a516891a6f6f1e383409436bfa65d21193f2383719a1ea0742b63a8a,2019-02,Merseyside Police,Merseyside Police,-3.017294,53.383569,On or near GREEN LANE,E01007291,Wirral 021D,Investigation complete; no suspect identified
cc406bb43af90c24c88d51cf933f88864c13af708e35b33a65dff1ca11bcf866,2019-02,Merseyside Police,Merseyside Police,-3.005510,53.478699,On or near WATERFIELD WAY,E01006983,Sefton 031D,Unable to prosecute suspect
b8b4767abd1d19e005093d0b5f61db0701c9182772c9285fa184b9fe82b90bbe,2019-02,Merseyside Police,Merseyside Police,-3.033477,53.379448,On or near NORTH ROAD,E01007244,Wirral 022E,Investigation complete; no suspect identified
4e007cab5a21b489c1700e4190fb8cf298964ec01b167935f6e5ed1dea0e6a41,2019-02,Merseyside Police,Merseyside Police,-2.821525,53.366919,On or near LOWER CLOSE,E01006422,Knowsley 019B,Unable to prosecute suspect
e7475b88d9edfb9a42a47c82b652f861813ef9eb7558ed26e4193a35b4a22305,2019-02,Merseyside Police,Merseyside Police,-2.756057,53.462525,On or near HAMMILL STREET,E01006916,St. Helens 007C,Investigation complete; no suspect identified
566d06c052f8c84f72827e5a22ad8c122e3bc86499f8b19da59f193ee55d4bbe,2019-02,Merseyside Police,Merseyside Police,-2.954376,53.515946,On or near GREEN LANE,E01007070,Sefton 017D,Investigation complete; no suspect identified
1afa0c472237888dbbbf20fb674153097a6687d0f1f9fe3f5694b89b7c06afdc,2019-02,Merseyside Police,Merseyside Police,-2.943530,53.414647,On or near GENEVA ROAD,E01006695,Liverpool 028C,Suspect charged
93081acdc55e10d2775e7b0f711fb852694bd8ac310a91e8696a0a00a6bec5a6,2019-02,Merseyside Police,Merseyside Police,-2.979260,53.405982,On or near BACK LIME STREET,E01033760,Liverpool 060C,Investigation complete; no suspect identified
01a80b62c79094dae8ade003657ff6d14df41e12f64425c53e8503f1c43c5d8f,2019-02,Merseyside Police,Merseyside Police,-2.926385,53.419779,On or near CARNEGIE ROAD,E01006711,Liverpool 027A,Investigation complete; no suspect identified
0b449b5073fcb70a3eaf240dc9b50f56295eaf38551fe9cb86881752a8fe19c0,2019-02,Merseyside Police,Merseyside Police,-2.919837,53.467075,On or near DRAKE ROAD,E01006658,Liverpool 001D,Unable to prosecute suspect
ef39e1aa43168946bbe5a2e0e28bfb9f1ed770bf3cab6e1b3a82e03150d5a29d,2019-02,Merseyside Police,Merseyside Police,-2.716795,53.423487,On or near PORLOCK AVENUE,E01006896,St. Helens 020E,Investigation complete; no suspect identified
0f7f8c1c2a7dab679e0718e9ee4f01ea5c4d8299771a332b8c194890727aa5b2,2019-02,Merseyside Police,Merseyside Police,-3.115721,53.400047,On or near Supermarket,E01007221,Wirral 012B,Investigation complete; no suspect identified
dc7023a3dd4a0cc4e2c3c6512fdaba1a20aa8dd6539842fc406e0c3ec7832f63,2019-02,Merseyside Police,Merseyside Police,-3.165253,53.374818,On or near DOUGLAS ROAD,E01007260,Wirral 028B,Investigation complete; no suspect identified
f9ffb768296b035262ba5209d08b05cbc0a583c2373b42bfc47de4c7cf04e467,2019-02,Merseyside Police,Merseyside Police,-2.977115,53.406242,On or near HILBRE STREET,E01006513,Liverpool 060A,Investigation complete; no suspect identified
31352d28b85a3719e2425e3046d9cbdbfbbbced82c3342f2f1e18193110a7450,2019-02,Merseyside Police,Merseyside Police,-3.115721,53.400047,On or near Supermarket,E01007221,Wirral 012B,Investigation complete; no suspect identified
bfe49e1c26afe15f691330d438a1fc200fd83a401c2eff8f5667d94e41f79c2d,2019-02,Merseyside Police,Merseyside Police,-3.030218,53.380806,On or near HARROWBY ROAD,E01007179,Wirral 021C,Unable to prosecute suspect
46e495105b0cf238d30a38bf0b87329eaf9bf398d51dc3e06a9f0ab11da613ea,2019-02,Merseyside Police,Merseyside Police,-2.852764,53.429083,On or near BERRYEDGE CRESCENT,E01006441,Knowsley 006D,Unable to prosecute suspect
26e0e1efc9b147f1f2f1c285ce67e810b3acb1f52e478ccd54a3b39482987d37,2019-02,Merseyside Police,Merseyside Police,-2.972851,53.491599,On or near WESTMINSTER AVENUE,E01007085,Sefton 023B,Unable to prosecute suspect
29f3bc36aae23a30287adeab99bb875908d57dddbade8759c4b6f91a77192365,2019-02,Merseyside Police,Merseyside Police,-2.978842,53.422498,On or near Parking Area,E01033764,Liverpool 022E,Suspect charged
373f58afb761fc0fd46c2aefbdce51478a2dbe9f7519187c49afe43dffa6c979,2019-02,Merseyside Police,Merseyside Police,-3.032011,53.481628,On or near PINE GROVE,E01007103,Sefton 030E,Investigation complete; no suspect identified
70088e42d8586b24d1bab8baaf2c31e0f021613288a74715a6deb882406e4b82,2019-02,Merseyside Police,Merseyside Police,-2.982891,53.454501,On or near SUSSEX STREET,E01006966,Sefton 038F,Investigation complete; no suspect identified
12de0680fa70bbe855245dad2358d5d86c1f46d82e9c6a719302d65b52dd0d34,2019-02,Merseyside Police,Merseyside Police,-2.726027,53.475098,On or near BOWNESS AVENUE,E01006849,St. Helens 004A,Investigation complete; no suspect identified
f2a44e75fe9198caf7dec33b1e9e9b6f17e12a48c1f51a940c689944ea98349c,2019-02,Merseyside Police,Merseyside Police,-3.026510,53.490323,On or near VALE ROAD,E01007105,Sefton 025C,Investigation complete; no suspect identified
afcaba2b0848af40f39e615518b8d78040f7a35aa9a0aa4aa5e7d2c0e814bc01,2019-02,Merseyside Police,Merseyside Police,-3.058428,53.516148,On or near OAKFIELD ROAD,E01007027,Sefton 021D,Investigation complete; no suspect identified
4c9e0491db35a1cf056f7e9d6438913693424e62ceff3f268da3848955302454,2019-02,Merseyside Police,Merseyside Police,-2.874690,53.410605,On or near MALVERN CRESCENT,E01006487,Knowsley 014D,Investigation complete; no suspect identified
86adf727cc37dc2de222d75ccc631020dba461d59c5277da040755bce1f716cb,2019-02,Merseyside Police,Merseyside Police,-2.959858,53.451497,On or near STONEFONT CLOSE,E01006791,Liverpool 006D,Unable to prosecute suspect
bcff7014518d51d39efd8301129f9a401738e2994f80991dbc205582fd8a2efe,2019-02,Merseyside Police,Merseyside Police,-3.109840,53.402322,On or near KNUTSFORD ROAD,E01007208,Wirral 012A,Investigation complete; no suspect identified
8f802b19b67403d55770695802f91ab1d311d57500a5c74a22e83acc5ae72d38,2019-02,Merseyside Police,Merseyside Police,-2.939000,53.445964,On or near PHILBEACH ROAD,E01006729,Liverpool 008C,Suspect charged
66e1460f2f2c71ef5bcc9b34f0611334bc26170fa1d22c03652bf68a24c6a18a,2019-02,Merseyside Police,Merseyside Police,-2.993932,53.365554,On or near SEAFIELD ROAD,E01007138,Wirral 031B,Investigation complete; no suspect identified
54ba63cc5706c13903437fb182a87508d544da0fe1ed056b96c10b62a0597ce1,2019-02,Merseyside Police,Merseyside Police,-2.967862,53.449203,On or near LANCASTER STREET,E01006790,Liverpool 006C,Investigation complete; no suspect identified
507c6f5bd9271a216e3fb59791df27ffa6854b2efe90558259756afc62e6fdc7,2019-02,Merseyside Police,Merseyside Police,-3.059837,53.400305,On or near LANSDOWNE PLACE,E01007125,Wirral 015A,Suspect charged
f75fae3fcbb61169bb9a5b5b65914b9abf433cc3470a1a11f88bca0d043b0675,2019-02,Merseyside Police,Merseyside Police,-2.948256,53.399131,On or near TIMPRON STREET,E01006752,Liverpool 035F,Investigation complete; no suspect identified
756e9ec216cac94603888450c617748d99a0a1376005b529700a36ecdff5bdcb,2019-02,Merseyside Police,Merseyside Police,-2.949867,53.491685,On or near Supermarket,E01007038,Sefton 021F,Unable to prosecute suspect
b109036c6508b63403e61ef3ccca5aaf9f82ab8d07238418a630d1c6afab0485,2019-02,Merseyside Police,Merseyside Police,-2.963251,53.464369,On or near ENDBORNE ROAD,E01006782,Liverpool 003B,Investigation complete; no suspect identified
99af06ed9be38a68817bc0147cb085ff4e8250bfac1830f19557c5bcd25ec3c1,2019-02,Merseyside Police,Merseyside Police,-2.748529,53.468712,On or near WHALLEY AVENUE,E01006919,St. Helens 007F,Unable to prosecute suspect
aa4bd6e85b9499cdab55a60fc362e4c4166c25d19eaf1febbd4d33ac4c9d1fc8,2019-02,Merseyside Police,Merseyside Police,-2.890587,53.414011,On or near THINGWALL LANE,E01006567,Liverpool 026A,Unable to prosecute suspect
983a96de3a74214eddbc888175447e31dab25baa742bff0999bb4a2f5bbed9eb,2019-02,Merseyside Police,Merseyside Police,-2.833554,53.427268,On or near LYME CROSS ROAD,E01006440,Knowsley 010A,Investigation complete; no suspect identified
51536623472057f2f4b2a296a3af9c8d39c603b7430c2e78365b5ca4f38b9ae1,2019-02,Merseyside Police,Merseyside Police,-3.059527,53.367821,On or near JOHNSON ROAD,E01007253,Wirral 030C,Investigation complete; no suspect identified
7a9e8c76dc73210d635327fea9d65ec3a16d439f46d03715436f2f874bf84103,2019-02,Merseyside Police,Merseyside Police,-2.653135,53.469245,On or near RAMPIT CLOSE,E01006840,St. Helens 005C,Unable to prosecute suspect
51808b84ac8a5b73c3a9c6bc19cf36c4210432089b0634a6936632a119194ca9,2019-02,Merseyside Police,Merseyside Police,-2.983062,53.493844,On or near HARROCKS CLOSE,E01007092,Sefton 023E,Investigation complete; no suspect identified
43ff44d739866e7507455053a848abcb1b4aee8eeb5a60314feaee6af47ef556,2019-02,Merseyside Police,Merseyside Police,-2.786047,53.502529,On or near CROSS PIT LANE,E01006884,St. Helens 001C,Action to be taken by another organisation
c156c1c1c2d8a3369553def279747f01223f90c3f75010130bb93bd5ecf4eac7,2019-02,Merseyside Police,Merseyside Police,-2.989398,53.410482,On or near Parking Area,E01033755,Liverpool 062D,Investigation complete; no suspect identified
5d5b03c2e475b81aef842273ad18f2a331307a73b4e6c191dc0d958569c3176e,2019-02,Merseyside Police,Merseyside Police,-2.953706,53.452508,On or near LIME TREE CLOSE,E01032511,Liverpool 008G,Investigation complete; no suspect identified
b2b5bb77aa481bca1e2bda81c19e19ba575edf2d5107ea7b7b10d03c05e9f16f,2019-02,Merseyside Police,Merseyside Police,-2.909849,53.376148,On or near WAYVILLE CLOSE,E01006689,Liverpool 049D,Investigation complete; no suspect identified
7b2318287034c47899f8df4d7f97fdaf3a4ac91b192ac5303daabbcd6c1d01b5,2019-02,Merseyside Police,Merseyside Police,-2.985464,53.402353,On or near DUKE STREET LANE,E01033754,Liverpool 061B,Unable to prosecute suspect
7ad349f6a75fedce56a0f25f3a254a80dcb5deb055a14d1a7f9ac22a0aab641c,2019-02,Merseyside Police,Merseyside Police,-2.935990,53.454239,On or near LONG LANE,E01032510,Liverpool 008F,Unable to prosecute suspect
65172c4476d1cfcd05abbf7ad59b69d1ac736a4753b9a777d1fc9acc0b1db662,2019-02,Merseyside Police,Merseyside Police,-2.920411,53.364013,On or near HANDLEY COURT,E01006684,Liverpool 056B,Investigation complete; no suspect identified
0a8d1545331ecbc7a18307faa2e05d72aefc97aeee0ddbe9fa37f8c748276a68,2019-02,Merseyside Police,Merseyside Police,-2.970824,53.443723,On or near KNOWSLEY STREET,E01006698,Liverpool 012D,Unable to prosecute suspect
7ab2ce0587c38d806facec686db16047d74019164883ad3147633879d69400b3,2019-02,Merseyside Police,Merseyside Police,-2.935991,53.440621,On or near NORMANDALE ROAD,E01006603,Liverpool 011B,Investigation complete; no suspect identified
180d1a54078b6301c894f7bf86c430a9e405b3410067725ba6e23de19a194c7d,2019-02,Merseyside Police,Merseyside Police,-2.672350,53.472590,On or near HAYDOCK LANE,E01006803,St. Helens 003A,Investigation complete; no suspect identified
9c1dc2a855a260e0e51c75161092f70adfedadcffffeb258a63ecc154ccfaf0f,2019-02,Merseyside Police,Merseyside Police,-2.725585,53.468629,On or near LAUREL COURT,E01006853,St. Helens 004E,Unable to prosecute suspect
b1715a6807a251ccc20dcc4b084bcd7b76ed2b259e7ad4ff56fd711930fcbeff,2019-02,Merseyside Police,Merseyside Police,-2.999112,53.411588,On or near A5036,E01033753,Liverpool 062C,Investigation complete; no suspect identified
b19f4a7e90345b133ac4b365c69c14ba82481b151f97332daf63174d42d3b0fb,2019-02,Merseyside Police,Merseyside Police,-3.044287,53.389322,On or near ST ANDREW'S ROAD,E01007160,Wirral 020B,Investigation complete; no suspect identified
b23180525f4791fdd429b13c6f64f7f18820202872a38ebb0e6e9c431c398019,2019-02,Merseyside Police,Merseyside Police,-2.951574,53.386754,On or near Park/Open Space,E01006675,Liverpool 043C,Investigation complete; no suspect identified
f9de27295c2113e684ed9f7912222e08ba31b95c87872a0a8198c5ba0937b9f8,2019-02,Merseyside Police,Merseyside Police,-2.733210,53.451279,On or near Parking Area,E01006832,St. Helens 012A,Investigation complete; no suspect identified
683bfc007439e0a2ea0b01aa3e0988922142234cb94e660292496621537fd02d,2019-02,Merseyside Police,Merseyside Police,-2.944296,53.422704,On or near THURNHAM STREET,E01006540,Liverpool 024A,Unable to prosecute suspect
f60619004a2ba50b35ecf145d34fddd921bd21df0b07900edb5ebd75942971eb,2019-02,Merseyside Police,Merseyside Police,-2.942052,53.379072,On or near LIVINGSTON DRIVE SOUTH,E01006521,Liverpool 052A,Investigation complete; no suspect identified
da09a040b58fdcfcab99cae9895d997f1c19f97bfa679ba9513bafb13b1d67a8,2019-02,Merseyside Police,Merseyside Police,-2.932746,53.396907,On or near BLIGH STREET,E01006721,Liverpool 038C,Unable to prosecute suspect
a4c688c5dbb468395b0a66d7b79051f9bdaff1d15cfb606595d9af316cd415c3,2019-02,Merseyside Police,Merseyside Police,-2.959517,53.382933,On or near WELFIELD PLACE,E01006678,Liverpool 044E,Investigation complete; no suspect identified
e30bd15c1bf210aeeb419f1f7b6663da570e0a1b31f369fca4f60702e41c69b9,2019-02,Merseyside Police,Merseyside Police,-3.027075,53.478138,On or near ST JOHN'S ROAD,E01006956,Sefton 030B,Unable to prosecute suspect
550794f176678c3c8126b7fbaac6b75a1906bf2c13014d6f17c5769e7018f862,2019-02,Merseyside Police,Merseyside Police,-3.041743,53.387340,On or near SLATEY ROAD,E01007160,Wirral 020B,Unable to prosecute suspect
064065dad0206d974d2b7a2dfe811c6c9a89f4aa14462c53d34ec1465b2eec1d,2019-02,Merseyside Police,Merseyside Police,-2.953318,53.476862,On or near BRENKA AVENUE,E01007041,Sefton 027A,Unable to prosecute suspect
2631468ff8cf48aa0767b8275dfe22d2ba9ffe760258ba33b3b26ec8c1cdb676,2019-02,Merseyside Police,Merseyside Police,-2.806452,53.418654,On or near HOLDEN ROAD,E01006461,Knowsley 007B,Investigation complete; no suspect identified
062092ab04dcba2d14544c59de6fa32c95e24a2f8931c3977018deb32259ed98,2019-02,Merseyside Police,Merseyside Police,-3.059837,53.400305,On or near LANSDOWNE PLACE,E01007125,Wirral 015A,Suspect charged
45a99cb94639abc140ffe3ac7ca5f069428b05eb5f72e1421851be9477f37961,2019-02,Merseyside Police,Merseyside Police,-2.943052,53.423613,On or near HAMPSON STREET,E01006540,Liverpool 024A,Investigation complete; no suspect identified
8e253cae5455c3ad6b9cd2a3c48a0cc1aaab8ddb3cf635c176eb12fcaa2c9cbf,2019-02,Merseyside Police,Merseyside Police,-2.767847,53.452284,On or near BONNINGTON CLOSE,E01006829,St. Helens 018D,Investigation complete; no suspect identified
abcfbdb434d1accd12f465edf3de78f3b6846513d3b2e1ad5c062466e050d5e4,2019-02,Merseyside Police,Merseyside Police,-3.002084,53.636202,On or near DUKE STREET,E01006998,Sefton 007E,Investigation complete; no suspect identified
b81a3bc8186ac2bc5e4f8a2f9fc823c73da2b47c58ea0a69242f2572268695a2,2019-02,Merseyside Police,Merseyside Police,-2.998264,53.418418,On or near CARLTON STREET,E01006776,Liverpool 022B,Investigation complete; no suspect identified
a9a9a525233a20432d2bae440083255ef7889baff65a539b8a06d4e3ce313792,2019-02,Merseyside Police,Merseyside Police,-2.956898,53.483269,On or near Sports/Recreation Area,E01007053,Sefton 027D,Investigation complete; no suspect identified
1d1a7b097d617b71c8b2954ebbc738c8db1e2de2fecf83d6338630df52afffb9,2019-02,Merseyside Police,Merseyside Police,-2.918078,53.456059,On or near EAST LANCASHIRE ROAD,E01006660,Liverpool 001E,Investigation complete; no suspect identified
bfc3c4754d146b1e0a99cda6d5bed8eade977252cefc61cfce3efd589c4ebc8c,2019-02,Merseyside Police,Merseyside Police,-2.965270,53.383354,On or near ISAAC STREET,E01006632,Liverpool 044C,Investigation complete; no suspect identified
a91375f5c0759085dba0ef980305b29e0a1bc9453c633afc9efdbf05d58979ae,2019-02,Merseyside Police,Merseyside Police,-2.797165,53.411220,On or near PENNYWOOD DRIVE,E01006505,Knowsley 013E,Unable to prosecute suspect
21af41f025faa6b436def393f8916ad3b5819cc52cac2c028f78d267bc3314a2,2019-02,Merseyside Police,Merseyside Police,-2.989617,53.332402,On or near BELMONT AVENUE,E01007137,Wirral 039C,Investigation complete; no suspect identified
4d58a16d17eb6773a2dbec24c22e5a174e85d107db74ffd15d91f65fc63f0602,2019-02,Merseyside Police,Merseyside Police,-3.037836,53.412795,On or near EVELYN ROAD,E01007271,Wirral 010E,Investigation complete; no suspect identified
984e60ab7e25bcbd6d45fb06e3c2df80b3923b129c4f9cc896c4e68d30813689,2019-02,Merseyside Police,Merseyside Police,-2.794133,53.417244,On or near DRAGON LANE,E01006500,Knowsley 013B,Unable to prosecute suspect
a400ae89b84fe8effcd4424e56c2ee311e3d0bbea71b0524ea9293e0fd009f50,2019-02,Merseyside Police,Merseyside Police,-3.094543,53.414644,On or near TWICKENHAM DRIVE,E01007204,Wirral 009A,Investigation complete; no suspect identified
5be5dab0f9692249d949ec5cb50d1dddc1f6b67cd130bb692e2607de3628d782,2019-02,Merseyside Police,Merseyside Police,-2.970730,53.381476,On or near IRONBRIDGE VIEW,E01033767,Liverpool 050J,Unable to prosecute suspect
199ecaa70a17d697d17959a6398c7cf960edc8625fb1a52dca61d7c3da80e581,2019-02,Merseyside Police,Merseyside Police,-2.981720,53.448119,On or near BREEZE HILL,E01006962,Sefton 038C,Investigation complete; no suspect identified
4e775eb1a22e17caa307b97d1ab593ffc3748a4a1f8d7e0302951b4f9023b1aa,2019-02,Merseyside Police,Merseyside Police,-3.070426,53.375158,On or near HAMPTON CHASE,E01007247,Wirral 024D,Unable to prosecute suspect
c956a6d30c0fa48bedac8856f9339144971fc59f5620e4c28dbfe716d451f24b,2019-02,Merseyside Police,Merseyside Police,-2.955435,53.445672,On or near WOOLHOPE ROAD,E01006608,Liverpool 009A,Investigation complete; no suspect identified
f633fad878283d883cb3903def6f20ebb86b38748153c94005e40c74292debf4,2019-02,Merseyside Police,Merseyside Police,-2.708975,53.416576,On or near ANNE STREET,E01006898,St. Helens 022A,Unable to prosecute suspect
fcdc2fb26770734bd1d383e3d3074dc09c2d7ba9c7b08eb5f59a9b1732fe3ab3,2019-02,Merseyside Police,Merseyside Police,-2.740640,53.453372,On or near WESTFIELD STREET,E01006832,St. Helens 012A,Unable to prosecute suspect
9c2aab927cabd3e5e068c76f44643142dec0550576ea76850ebe2cd72e29d496,2019-02,Merseyside Police,Merseyside Police,-2.951928,53.416747,On or near ST MICHAEL'S GROVE,E01006693,Liverpool 024D,Investigation complete; no suspect identified
82a4af76ae906841dea76ca2323c9b049e969c2bc55161416010b6bdf175e234,2019-02,Merseyside Police,Merseyside Police,-2.922701,53.415754,On or near ST IVES GROVE,E01006711,Liverpool 027A,Unable to prosecute suspect
6c56787a72e29b28d683af6bcff614fc7cf1fe54e27c46433f5abccba2f85245,2019-02,Merseyside Police,Merseyside Police,-2.970730,53.381476,On or near IRONBRIDGE VIEW,E01033767,Liverpool 050J,Unable to prosecute suspect
2729e891c4720ae8f54c9a9ffc04ac07137301d6c612c81ed21b5712a733928b,2019-02,Merseyside Police,Merseyside Police,-2.972305,53.672365,On or near ELSWICK ROAD,E01006948,Sefton 003B,Unable to prosecute suspect
167c87439e7aa1c14b0b41a3c5b6a5ed9f8bf48004dd1a6fab4c48adb708c135,2019-02,Merseyside Police,Merseyside Police,-2.934365,53.425515,On or near BUCKINGHAM ROAD,E01006764,Liverpool 020D,Unable to prosecute suspect
1e57bc25bc34a84b47dad23e19fa0545ab27eae5356e2801098239e3c227725e,2019-02,Merseyside Police,Merseyside Police,-2.972364,53.415593,On or near FIELD STREET,E01006646,Liverpool 023C,Action to be taken by another organisation
3ebaec193843276c9e5139705259fb92b4e4c1522ee3214136545579ec374fcf,2019-02,Merseyside Police,Merseyside Police,-2.893346,53.434368,On or near BRAMHOPE PARK,E01006624,Liverpool 013B,Action to be taken by another organisation
df0f81b134a92322b93c98a3ea5c743f4cff6494e57021091f3161fe84b39961,2019-02,Merseyside Police,Merseyside Police,-2.987102,53.459419,On or near Petrol Station,E01007019,Sefton 035A,Formal action is not in the public interest
dd0a53b22ecc5929c046b0116169e80e65a7d90ab7008e1e0115ad9e5b69f060,2019-02,Merseyside Police,Merseyside Police,-2.839670,53.410758,On or near Supermarket,E01006474,Knowsley 016C,Investigation complete; no suspect identified
0965b75f6227cbde196f2f4bf63883357f87868e756723dd8e82bf9466564cdc,2019-02,Merseyside Police,Merseyside Police,-2.988220,53.401872,On or near CANNING PLACE,E01033756,Liverpool 061C,Unable to prosecute suspect
e50bc7640d88fe1b43076dd4c2ce6ebc9d2a8b98671d6c83bb71c49d2723673d,2019-02,Merseyside Police,Merseyside Police,-2.973015,53.431579,On or near GLOBE STREET,E01006703,Liverpool 014D,Investigation complete; no suspect identified
3f268fcbe61ccdda745dd06ed3f9164d47803767ae65f794c7f29e17e70c4aca,2019-02,Merseyside Police,Merseyside Police,-2.986624,53.431027,On or near SWINDON CLOSE,E01006778,Liverpool 014E,Investigation complete; no suspect identified
27124019cf3a452b831b879620d6579f1292e7f0e72a152e54f1a3bbaf814820,2019-02,Merseyside Police,Merseyside Police,-2.983348,53.403224,On or near Parking Area,E01033756,Liverpool 061C,Offender given a drugs possession warning
0addeaad389994198e89941fa447c568d66bf9ad0165c9917dc58f78c21b227c,2019-02,Merseyside Police,Merseyside Police,-3.033202,53.374928,On or near PARKHURST ROAD,E01007181,Wirral 022B,Suspect charged
3d3ac5df048815c94c4c29df8c7f384a4e6d11cc27ccff8dbd70cac95e04bf08,2019-02,Merseyside Police,Merseyside Police,-2.969409,53.451672,On or near CLOCK TOWER DRIVE,E01006790,Liverpool 006C,Unable to prosecute suspect
8a6006f8fc514d4a027af699ebb0b77d7d9e83608475dfc06f185f629f5bfe3a,2019-02,Merseyside Police,Merseyside Police,-2.715833,53.466512,On or near MALLORY GROVE,E01006810,St. Helens 008A,Unable to prosecute suspect
7b1c4c8becfdfd4b7039345671614111b355080c7cbcd220d5cc40c6bbbf9895,2019-02,Merseyside Police,Merseyside Police,-3.009639,53.372649,On or near CORINTHIAN STREET,E01007295,Wirral 027D,Investigation complete; no suspect identified
5b72af55bec91278ee842bdf70a139dd4e4d1b206b6498e237f985fa34b9f41c,2019-02,Merseyside Police,Merseyside Police,-2.973429,53.448385,On or near STUART ROAD,E01006790,Liverpool 006C,Investigation complete; no suspect identified
5897db480805c91a30d59b4f7753cd9a6553255dad24f9cab6f06cef593c2bce,2019-02,Merseyside Police,Merseyside Police,-2.962896,53.471985,On or near VESTY ROAD,E01007048,Sefton 029A,Investigation complete; no suspect identified
d96ad758d76c112e32e9f0c2dea08c4d809a336623fd345455e0079e6fc75f4c,2019-02,Merseyside Police,Merseyside Police,-2.979260,53.405982,On or near BACK LIME STREET,E01033760,Liverpool 060C,Investigation complete; no suspect identified
47f5934a555e49d5712f36cf3563afbfd1fa54e390984f6ba4c845e4ee190d81,2019-02,Merseyside Police,Merseyside Police,-3.183140,53.393780,On or near MARINE ROAD,E01007194,Wirral 014B,Investigation complete; no suspect identified
895d0dbc4f8f2aedb7812427d065ca12ba7d8b059feeab48af500e787621ccde,2019-02,Merseyside Police,Merseyside Police,-2.898669,53.457618,On or near MULLION WALK,E01006662,Liverpool 004B,Investigation complete; no suspect identified
919799a94b17813e25a9cf7c7104c6771f3ed16f06a9fd59ec3df5805564a72d,2019-02,Merseyside Police,Merseyside Police,-2.981499,53.403914,On or near ROE ALLEY,E01033756,Liverpool 061C,Unable to prosecute suspect
cba37e4d6dfe4b64c73f4e6d4b888ebcb6ebd2fd6c3554714485907822eba59e,2019-02,Merseyside Police,Merseyside Police,-3.102535,53.415334,On or near WAKEFIELD DRIVE,E01007205,Wirral 006B,Unable to prosecute suspect
24acacf849159cd58bd228c557ce1ffa4d3a121283744017f73f70857a435e65,2019-02,Merseyside Police,Merseyside Police,-2.935364,53.440159,On or near BRAYFIELD ROAD,E01006603,Liverpool 011B,Unable to prosecute suspect
917d577e88d55386856194fd997b8006c7a52c51ce8f58c50954cdb083aa1a1b,2019-02,Merseyside Police,Merseyside Police,-2.946713,53.410936,On or near CHISWELL STREET,E01006690,Liverpool 028A,Suspect charged
2297467ecb9c83175ff419733867ee6f49fe2dd7d7038dde4f3f28601ef5648e,2019-02,Merseyside Police,Merseyside Police,-2.936976,53.459382,On or near DYSON HALL DRIVE,E01006659,Liverpool 005B,Action to be taken by another organisation
5934b61fee0c23559060656805612ca7d8aeb8b8987625db8e168752388fcae2,2019-02,Merseyside Police,Merseyside Police,-2.984605,53.403601,On or near Parking Area,E01033756,Liverpool 061C,Investigation complete; no suspect identified
4fc088f4cced2d94cac43b57be557333f60ee22553674a33f9160e6b72fb654a,2019-02,Merseyside Police,Merseyside Police,-2.917089,53.397585,On or near WRIGHTS TERRACE,E01006586,Liverpool 032C,Unable to prosecute suspect
2cc8825a17bb7dbfc72603793579a2e24447e70caf9a0ff847782df173b32df4,2019-02,Merseyside Police,Merseyside Police,-2.803433,53.418935,On or near HUGHES AVENUE,E01006461,Knowsley 007B,Investigation complete; no suspect identified
da515b18b502a7626c9d9181d0b8ce05606db0f4072575fada56bbaa7f56b9da,2019-02,Merseyside Police,Merseyside Police,-3.095464,53.370840,On or near Hospital,E01007251,Wirral 025B,Unable to prosecute suspect
cf895084b7da7011a067664d935381850108aef5c69f7798ff2de153c13b2aca,2019-02,Merseyside Police,Merseyside Police,-2.924934,53.467305,On or near KARONGA WAY,E01006653,Liverpool 001B,Unable to prosecute suspect
794d021d9789942dff6e0315f1183532fa7b33add8c4c2ef3cba21e5b0d67c9f,2019-02,Merseyside Police,Merseyside Police,-2.951928,53.416747,On or near ST MICHAEL'S GROVE,E01006693,Liverpool 024D,Investigation complete; no suspect identified
08c5900cf16cc75c6fc4b70cceccc9503cd2f28f85635bb0b59a5a364d3185ce,2019-02,Merseyside Police,Merseyside Police,-2.768237,53.417180,On or near WARRINGTON ROAD,E01006893,St. Helens 021C,Unable to prosecute suspect
a29aceb6ca0ea6461a5a2579137e4b97e4bed5be1f7c8a2ca69c39602f8c519f,2019-02,Merseyside Police,Merseyside Police,-2.732973,53.451550,On or near CHURCH STREET,E01006832,St. Helens 012A,Investigation complete; no suspect identified
98963d8e44d59c45caf0a52e173e2bacc2d25646b57aea84c329b95135f8f108,2019-02,Merseyside Police,Merseyside Police,-2.980571,53.403472,On or near Nightclub,E01033756,Liverpool 061C,Investigation complete; no suspect identified
0b49b2c97ca0642c86340c87a67491a3c7b4d60a88b8138fe6afff0d1ce595cb,2019-02,Merseyside Police,Merseyside Police,-2.640208,53.452164,On or near BACK BRIDGE STREET,E01006863,St. Helens 013A,Suspect charged
eb57b8fecc2e6a7b01403ca1de2321b199f86df6e1675c0c92f62c6754d904a3,2019-02,Merseyside Police,Merseyside Police,-3.047017,53.554865,On or near ALTCAR ROAD,E01007075,Sefton 016A,Investigation complete; no suspect identified
4417988bf43f19af50d64440d2df52f34bb615e8cb39b2d88a1e819f84e583b8,2019-02,Merseyside Police,Merseyside Police,-2.945312,53.441366,On or near LAURISTON ROAD,E01006616,Liverpool 015D,Investigation complete; no suspect identified
2c943a40cd40472d5709499a7bcb2487c2f9999a049da693127f9b16b7b98fba,2019-02,Merseyside Police,Merseyside Police,-2.854711,53.357320,On or near TYBERTON PLACE,E01006538,Liverpool 055E,Investigation complete; no suspect identified
0f6700eaea14566e5e505b5808fc1fbc5ed87e62fc29833602dfbb5796ca2423,2019-02,Merseyside Police,Merseyside Police,-2.891646,53.358182,On or near WOOLTON ROAD,E01006743,Liverpool 058D,Unable to prosecute suspect
0fbe83511bcc5d3d30923ad19a7e12635bdee158a53cc8f65d2efa8efa0c32a9,2019-02,Merseyside Police,Merseyside Police,-2.868167,53.426437,On or near SAXBY ROAD,E01006467,Knowsley 008B,Unable to prosecute suspect
422326149e4f7a1f4d04082f91a07ef203af19fcff1e516729fd75ea5217dd85,2019-02,Merseyside Police,Merseyside Police,-2.956211,53.507688,On or near OLD RACECOURSE ROAD,E01007071,Sefton 020C,Investigation complete; no suspect identified
e62e5210ffaf0d315e002b59ddd771d18486a21908a198e10781f7a70558e6d0,2019-02,Merseyside Police,Merseyside Police,-3.009668,53.458961,On or near KNOWSLEY ROAD,E01007005,Sefton 034B,Investigation complete; no suspect identified
43f45b1841ad9b90374182e1f4ed92847f00fa86842bfdbc9a411c578d57f07a,2019-02,Merseyside Police,Merseyside Police,-2.901245,53.355917,On or near MCBRIDE STREET,E01006745,Liverpool 057D,Unable to prosecute suspect
bd437d18c595128041a9bca3dfe88cfbcb730de7654189105263c7fb363651ce,2019-02,Merseyside Police,Merseyside Police,-3.073693,53.426725,On or near BANGOR ROAD,E01007309,Wirral 006D,Investigation complete; no suspect identified
3b9b31b85eedaa8e1eaafc271499419a1e2343e4dd504f5fcb1a27e3d62942db,2019-02,Merseyside Police,Merseyside Police,-3.144751,53.373191,On or near FRANKBY STILES,E01007258,Wirral 028A,Investigation complete; no suspect identified
bb530fcb8f0c7c970fcd6dec9e56e8e554f2efc01e93f6f6ad39bc719d954a06,2019-02,Merseyside Police,Merseyside Police,-2.794463,53.433368,On or near TYRER GROVE,E01006466,Knowsley 007E,Investigation complete; no suspect identified
42b5397871be66e50e49432288cbfe1b6b8642f567ab6189e228f05de8cd0d2c,2019-02,Merseyside Police,Merseyside Police,-2.955370,53.466904,On or near Petrol Station,E01006783,Liverpool 002E,Unable to prosecute suspect
c760af2f76602981b766e4d0d7d58faa09878dd4231f868dfe724f2fb4f9f4c2,2019-02,Merseyside Police,Merseyside Police,-2.749186,53.435863,On or near ADELAIDE AVENUE,E01006905,St. Helens 019D,Unable to prosecute suspect
f484408f894b29c34f2509550208e60607b6b3b0e8654beffab31a130dd9b66d,2019-02,Merseyside Police,Merseyside Police,-2.757666,53.464088,On or near WALTON ROAD,E01006916,St. Helens 007C,Unable to prosecute suspect
5dc5f2350625823ee5b36d9954eb9233079b7c6a934e191537c1eebd219d92ef,2019-02,Merseyside Police,Merseyside Police,-2.945110,53.392243,On or near MAPLE GROVE,E01006552,Liverpool 039A,Investigation complete; no suspect identified
43a1832cc72ad665141403a25229bc8811144cac798b00a70ae1a8beeebf444c,2019-02,Merseyside Police,Merseyside Police,-3.018566,53.382659,On or near HOLBORN HILL,E01007291,Wirral 021D,Unable to prosecute suspect
81a9deec5695cc74443f18004740887d422b1abe83228ca35bfed40c035614a2,2019-02,Merseyside Police,Merseyside Police,-3.058976,53.403171,On or near STANLEY ROAD,E01007122,Wirral 011C,Suspect charged
54f8c459b9c7378dc81dc7d7ef6300eea7c37d653231a5c7102b8d7a078a66bb,2019-02,Merseyside Police,Merseyside Police,-2.843838,53.343132,On or near WELTON GREEN,E01006755,Liverpool 059C,Action to be taken by another organisation
bf9937ddc756aa57ec587c0af9844babefd1d6735c5be53f9157c558b8b7ffbe,2019-02,Merseyside Police,Merseyside Police,-3.017755,53.383987,On or near HELMINGHAM GROVE,E01007291,Wirral 021D,Suspect charged
5e9759f342e3532bec5c782deb0deba1bfbc64d0a1b7f65b5118b523b66c5a28,2019-02,Merseyside Police,Merseyside Police,-3.115656,53.399257,On or near Supermarket,E01007226,Wirral 017B,Unable to prosecute suspect
7358299e00c820aa2ccdc0e69648ffe4d260432bc1ba23cabcf09fa61cdc349d,2019-02,Merseyside Police,Merseyside Police,-2.809521,53.428925,On or near WEST STREET,E01006464,Knowsley 007D,Unable to prosecute suspect
0559f5b0ce527702e74b4ff312bbb0faa02867ed6aca678823bae574fb2df276,2019-02,Merseyside Police,Merseyside Police,-2.988487,53.406885,On or near Nightclub,E01033760,Liverpool 060C,Investigation complete; no suspect identified
915fadabaf28d849f0a8a8313c95767020e18ca713922278755d18dc116b5fa4,2019-02,Merseyside Police,Merseyside Police,-3.003687,53.626642,On or near BEDFORD ROAD,E01007001,Sefton 008E,Investigation complete; no suspect identified
0cf89dccec33fcebbebd095ed22f9b2c68ddd4e6ad416f9c92026c8185ddda34,2019-02,Merseyside Police,Merseyside Police,-2.949541,53.389296,On or near SEFTON PARK ROAD,E01006675,Liverpool 043C,Investigation complete; no suspect identified
57ca34bf2cea4e0f9dc4d6876b49a916a76c1414c31a3e42a8151431e8333bbb,2019-02,Merseyside Police,Merseyside Police,-2.751273,53.436407,On or near TIMOR AVENUE,E01006903,St. Helens 019C,Investigation complete; no suspect identified
73e4646735b3aafd8482b7862d21a47761cb517293af3ba0a2c7d74c3291c56c,2019-02,Merseyside Police,Merseyside Police,-2.961637,53.453604,On or near HARPER ROAD,E01006791,Liverpool 006D,Unable to prosecute suspect
cea3e8f09e65d8ed95b08ed395d2dfab7c0ff64b83e6427ad7d4e39cc84e4f55,2019-02,Merseyside Police,Merseyside Police,-2.833127,53.407747,On or near OAKWOOD DRIVE,E01006478,Knowsley 015B,Unable to prosecute suspect
1cdf4f788387a2946cce3231c6692b8b67b7dfe35a1ba51c3f00d4ca9af18527,2019-02,Merseyside Police,Merseyside Police,-2.984887,53.408614,On or near PRESTON STREET,E01033762,Liverpool 060E,Investigation complete; no suspect identified
68a41beb404b985588ec0e5d296833055a4524f0108d5c8783f9159ca00c5147,2019-02,Merseyside Police,Merseyside Police,-3.099563,53.398687,On or near HOPFIELD ROAD,E01007209,Wirral 009D,Investigation complete; no suspect identified
edc447243fa7f95e3de4e4a329964a94833975947f6f3c12ccf6834a66c00682,2019-02,Merseyside Police,Merseyside Police,-2.960644,53.464345,On or near DALLAS GROVE,E01006782,Liverpool 003B,Investigation complete; no suspect identified
75d6451edf9fbe932f52aab2272fbb796cdc78fc9adbf23f8cecee7efe1ac62f,2019-02,Merseyside Police,Merseyside Police,-3.081556,53.396757,On or near FARMFIELD DRIVE,E01007124,Wirral 011E,Formal action is not in the public interest
64f4c0538b6194b5f315235f82f34efb1d1db00c9f9d509cbf37d545b3e81bdc,2019-02,Merseyside Police,Merseyside Police,-2.959992,53.462813,On or near WALTON VALE,E01006782,Liverpool 003B,Further investigation is not in the public interest
4089ade218dd861ca6306e67782c032c77bc813bef44f4f6d1f371678bc7bbae,2019-02,Merseyside Police,Merseyside Police,-2.760115,53.452738,On or near THE FEATHERS,E01006833,St. Helens 016B,Unable to prosecute suspect
e7fc8f583614640ff925588fe58925e3af278cd4878192eb70ae8aa96d414e29,2019-02,Merseyside Police,Merseyside Police,-2.951929,53.424216,On or near ESMOND STREET,E01006548,Liverpool 019D,Unable to prosecute suspect
be489ed51c6352834c8c8ba742f0db592b6adc6fc7657ecaaa9ffcd975634f85,2019-02,Merseyside Police,Merseyside Police,-3.109952,53.400290,On or near GLEBELANDS ROAD,E01007225,Wirral 012C,Investigation complete; no suspect identified
e9f5aad85e7edefdbede81b68f6e1e2f3891af064b9fd01b87a8c0377269ecc6,2019-02,Merseyside Police,Merseyside Police,-3.056539,53.395273,On or near SCOTTS PLACE,E01007158,Wirral 015D,Investigation complete; no suspect identified
d510a6bf17e1c84ae16be37de5caa2802f617a9e168709dcdf32efbddd05ab8b,2019-02,Merseyside Police,Merseyside Police,-2.734397,53.400557,On or near WILMERE LANE,E01006898,St. Helens 022A,Investigation complete; no suspect identified
04e755a0f1248bace0e2ce2aaf1514c7251877c335ad42248c4be4c9c87e3300,2019-02,Merseyside Police,Merseyside Police,-2.898329,53.354429,On or near DUKE STREET,E01006745,Liverpool 057D,Investigation complete; no suspect identified
7ae2ba7ef4f16ab54d4b90352edb6d1ca64c730d7657c1deee046be1a89bce1c,2019-02,Merseyside Police,Merseyside Police,-3.070531,53.554090,On or near Parking Area,E01007081,Sefton 014D,Unable to prosecute suspect
8a053a606854c3dc44569b79f03aa00e13bbcdd1f0a6bafc41ba43912b535005,2019-02,Merseyside Police,Merseyside Police,-2.989617,53.332402,On or near BELMONT AVENUE,E01007137,Wirral 039C,Investigation complete; no suspect identified
2e4e6e491135bd6b840b6b9bf4da8dd0bd91dd3627d5ee300f4a36b74f965474,2019-02,Merseyside Police,Merseyside Police,-2.969400,53.442027,On or near Supermarket,E01006611,Liverpool 012A,Unable to prosecute suspect
59f531f7e58451ea0d2cdc5df8e2db627c4b7ba95e485afc4b3e2ff2d7ecd804,2019-02,Merseyside Police,Merseyside Police,-2.976607,53.454966,On or near SUMMERS AVENUE,E01006965,Sefton 038E,Unable to prosecute suspect
88daaa1b26a793bed6a84fc8b3cbd8d3ca6b221aace228836b259ecea505dafa,2019-02,Merseyside Police,Merseyside Police,-2.919853,53.444819,On or near ELLERGREEN ROAD,E01006598,Liverpool 010A,Investigation complete; no suspect identified
568709daecb3ca06d673d049b712d309ee80432b94913b22e0397d9baa0993ad,2019-02,Merseyside Police,Merseyside Police,-3.071778,53.546699,On or near SUTTON ROAD,E01006992,Sefton 015B,Investigation complete; no suspect identified
c241407711ba24d3f0599b72026795ef419a62acccda45125b6881836116c2b7,2019-02,Merseyside Police,Merseyside Police,-3.004667,53.458940,On or near DRYDEN STREET,E01007003,Sefton 036B,Unable to prosecute suspect
7b51dd4082225673ede66dc019b9aec2219ca0c45a1a48082a97173c602d253c,2019-02,Merseyside Police,Merseyside Police,-2.950935,53.486193,On or near COPY LANE,E01007041,Sefton 027A,Investigation complete; no suspect identified
a32ccb3e2b42c0a37989de0dd3e1d34b96faaee5fbf885e96e87fe2e6d988e34,2019-02,Merseyside Police,Merseyside Police,-2.976535,53.340196,On or near Supermarket,E01007135,Wirral 039A,Investigation complete; no suspect identified
6ccaa6ba7965e73e8fc82894d140231896df5988aa97d1f802d13b98e999ccd3,2019-02,Merseyside Police,Merseyside Police,-2.932746,53.396907,On or near BLIGH STREET,E01006721,Liverpool 038C,Unable to prosecute suspect
26c6b49afb58185340baa95339b5b885024f83584d986a0b9e72a9427c662c6b,2019-02,Merseyside Police,Merseyside Police,-2.943961,53.415075,On or near SWISS ROAD,E01006695,Liverpool 028C,Unable to prosecute suspect
54038320f4872c9cefa819976d8301a2badebdfaf93e8fb76a59e1ae9c3339bb,2019-02,Merseyside Police,Merseyside Police,-2.954385,53.425707,On or near OLD BARN ROAD,E01006547,Liverpool 019C,Unable to prosecute suspect
d79ad3b360a83fb24b926d3bb198d56dc5044b5431ecdfc45b01a740b7d8e42e,2019-02,Merseyside Police,Merseyside Police,-2.900682,53.452416,On or near THRONE ROAD,E01006667,Liverpool 007C,Unable to prosecute suspect
47039a69faa94bd79ef887c456a45b5852b9cce4a7781cb3669eebb619c0ea05,2019-02,Merseyside Police,Merseyside Police,-3.009380,53.348974,On or near FRIARS CLOSE,E01007153,Wirral 036E,Further investigation is not in the public interest
e372451b37b66043a4bb912b4f8a5c3a2c0937163875fe89187543d311f2671c,2019-02,Merseyside Police,Merseyside Police,-2.983878,53.406618,On or near Supermarket,E01033760,Liverpool 060C,Unable to prosecute suspect
0c2643dca087f531e47b3b29bb6b5c2dc63a603fe2e9a0bb6cb3a963af24b4b4,2019-02,Merseyside Police,Merseyside Police,-2.982401,53.404563,On or near BROOKS ALLEY,E01033756,Liverpool 061C,Suspect charged
93fab7fa424cfc058b530648311a5c23f4ee9bd4d40eb1fcb623dc85841fb1b1,2019-02,Merseyside Police,Merseyside Police,-3.015565,53.387979,On or near TUNNEL ROAD,E01007291,Wirral 021D,Suspect charged
831cf7f864c9732ebcb3867d465495d800a32e0695c32f35e6be702275d8d57d,2019-02,Merseyside Police,Merseyside Police,-2.943063,53.416655,On or near HAMPSTEAD ROAD,E01006695,Liverpool 028C,Investigation complete; no suspect identified
b403900c3aa6120837d1e6eed030421b1df19bd7d9706c9fa1904ce51905fb5f,2019-02,Merseyside Police,Merseyside Police,-2.972348,53.651260,On or near BENGARTH ROAD,E01007062,Sefton 005D,Unable to prosecute suspect
d59606ccaeea708efbd48abad7e245afebbfaa04955bb302a9305443e337f8eb,2019-02,Merseyside Police,Merseyside Police,-2.948037,53.396723,On or near RIVER AVON STREET,E01006556,Liverpool 039B,Investigation complete; no suspect identified
f92092f058800d3e3c5b428aa8e6189bdd6a203d139f7e8896e99114f19f3db5,2019-02,Merseyside Police,Merseyside Police,-2.842279,53.359269,On or near KYLEMORE WAY,E01006431,Knowsley 020D,Investigation complete; no suspect identified
9de5900710eb9e3d01d75278c268118247a18051a1879ebd7ea74c741990edb8,2019-02,Merseyside Police,Merseyside Police,-2.961182,53.390101,On or near GRINSHILL CLOSE,E01006677,Liverpool 043D,Investigation complete; no suspect identified
4114210501a97a8f541bd0f1ee7c86b36e414e47ea412e829b0845960535324c,2019-02,Merseyside Police,Merseyside Police,-3.051885,53.430326,On or near ELLERAY PARK ROAD,E01007310,Wirral 004C,Investigation complete; no suspect identified
ae2e60f0d4714a3f7ec8309b3f3605f9f3ec1d95444d1b52344efc6d37f4519f,2019-02,Merseyside Police,Merseyside Police,-2.844153,53.405396,On or near CEDAR CRESCENT,E01006471,Knowsley 016A,Investigation complete; no suspect identified
d5c8b047faceadcbec3621b3ba53fbcea2d441562775235aed23eee8bc17effb,2019-02,Merseyside Police,Merseyside Police,-2.921035,53.409663,On or near TAPLEY PLACE,E01032509,Liverpool 027H,Investigation complete; no suspect identified
759bf55276a1ca91ae0ff053e919d2e1cf94b86b5107194f0e3e1fa77bb621c5,2019-02,Merseyside Police,Merseyside Police,-3.050328,53.424560,On or near Supermarket,E01007314,Wirral 004E,Suspect charged
0be78cd39189df1e4bdf121f312122f7d2c9475cf524ca5ac0d95448b0c5cdd7,2019-02,Merseyside Police,Merseyside Police,-2.985464,53.402353,On or near DUKE STREET LANE,E01033754,Liverpool 061B,Suspect charged
cd66cc4f70630a15415113414acaee1eb009d20ac9b14d65bbf1f72c0534d37d,2019-02,Merseyside Police,Merseyside Police,-2.983454,53.433238,On or near WYKEHAM STREET,E01006702,Liverpool 014C,Unable to prosecute suspect
52c0e7908272f01b4d22cb5f1279cd7f755b78219583937a453e09e640b49fe9,2019-02,Merseyside Police,Merseyside Police,-2.895457,53.476788,On or near BEWLEY DRIVE,E01006455,Knowsley 004A,Unable to prosecute suspect
4fc280a402f47abbbd8cc6e06be886194451b27556f805edb21f5a9cf95d9f38,2019-02,Merseyside Police,Merseyside Police,-2.948812,53.485581,On or near Supermarket,E01007041,Sefton 027A,Unable to prosecute suspect
e33fd48b0728e048e9bb9f14406b3fdae581ef46d7e1927f67f2838d44ca4acc,2019-02,Merseyside Police,Merseyside Police,-2.976571,53.402192,On or near ROSCOE PLACE,E01033761,Liverpool 060D,Unable to prosecute suspect
9b4e4a624fdf7fbf2041e51bc845d1644a379d94557875c72e0e89bfc0f6fe8d,2019-02,Merseyside Police,Merseyside Police,-2.970221,53.397462,On or near BACK PERCY STREET,E01006514,Liverpool 037A,Investigation complete; no suspect identified
ae1df4f8b2d4daf54a218f9fb6d690b63c2573b8bc28ebc96334f303942483cf,2019-02,Merseyside Police,Merseyside Police,-2.984106,53.475767,On or near ANDERSON ROAD,E01006981,Sefton 031B,Unable to prosecute suspect
7d737d00790babfb81dfbbb0a2dd740421f9feae3fb31277ab2c04e6e003e811,2019-02,Merseyside Police,Merseyside Police,-3.055994,53.419422,On or near WALLASEY ROAD,E01007316,Wirral 004F,Suspect charged
13eae8b9ef0592f5934bee148819f8a5d6fa27a484dca63b407477740b517770,2019-02,Merseyside Police,Merseyside Police,-2.931021,53.430862,On or near ANTRIM STREET,E01006763,Liverpool 020C,Unable to prosecute suspect
3c25f6cbe36a338b41359386d9ec805053a99895a5694a17ba7610974e09adc1,2019-02,Merseyside Police,Merseyside Police,-3.038003,53.414708,On or near PENDENNIS ROAD,E01007276,Wirral 007E,Unable to prosecute suspect
a88ce6b52cb4fca857136d160edf34d1033ee39f61cf06755507b237fe2a7997,2019-02,Merseyside Police,Merseyside Police,-3.016884,53.631502,On or near SUNNYSIDE,E01006972,Sefton 009D,Unable to prosecute suspect
170f3eb3ec6bf23a456a7dba08aa1a23d335572b688a53071971ef7eca935c9b,2019-02,Merseyside Police,Merseyside Police,-3.025209,53.618100,On or near Sports/Recreation Area,E01006932,Sefton 010D,Formal action is not in the public interest
075418eee034db43962a6a11cbabd0e1a8233c8f34488b78011c8d522caedfdd,2019-02,Merseyside Police,Merseyside Police,-2.739180,53.460348,On or near WELLINGTON TERRACE,E01006881,St. Helens 012E,Suspect charged
e49a3af0c2678185c3a1df05893c7a49632441ca4bd1b2f1d61d95b865a11a75,2019-02,Merseyside Police,Merseyside Police,-2.983878,53.406618,On or near Supermarket,E01033760,Liverpool 060C,Suspect charged
84707bab55d2ddefe13f402f8596f620122c16b1303839a7167cd77668b5befa,2019-02,Merseyside Police,Merseyside Police,-3.014350,53.371638,On or near BULWER STREET,E01007295,Wirral 027D,Unable to prosecute suspect
1ca99a7566209af527f0b869faf86d40081fe3d1d40194ae6bf898fc1e9ca264,2019-02,Merseyside Police,Merseyside Police,-2.948812,53.485581,On or near Supermarket,E01007041,Sefton 027A,Unable to prosecute suspect
b7cf9fc42b15f18320c27b2254ac98079e0ab579cb7ea359ccae7d23af6a42e0,2019-02,Merseyside Police,Merseyside Police,-3.000341,53.444693,On or near BYNG STREET,E01007010,Sefton 037E,Unable to prosecute suspect
b2a21406ed1c6e8b96d05875ce6c96d9231b5ae3fa38f3ce9ea9f3a57329559e,2019-02,Merseyside Police,Merseyside Police,-2.909490,53.420655,On or near QUEENS DRIVE STONEYCROFT,E01006719,Liverpool 027F,Further investigation is not in the public interest
bad53dcf20991b87c0fd31688b23e6635fb55d527e3a76d972c7e70558d8f761,2019-02,Merseyside Police,Merseyside Police,-2.983878,53.406618,On or near Supermarket,E01033760,Liverpool 060C,Suspect charged
b49ac6501d679a12978880521b8029150612e9fa0e5f1f2650ef2f3b7b056b40,2019-02,Merseyside Police,Merseyside Police,-2.744643,53.432601,On or near ELEPHANT LANE,E01006913,St. Helens 019H,Investigation complete; no suspect identified
71067590108fa4c84083c0268722675bbdb8e665564b59ea39e7c3c726feb43b,2019-02,Merseyside Police,Merseyside Police,-3.014350,53.371638,On or near BULWER STREET,E01007295,Wirral 027D,Unable to prosecute suspect
4eb02a8d042986286a30d3c92d432b274a8f4a7e9a7e9047e60c3a42c4aa6adf,2019-02,Merseyside Police,Merseyside Police,-2.960340,53.450873,On or near CAVENDISH DRIVE,E01006791,Liverpool 006D,Investigation complete; no suspect identified
c3d5f63b391e1970d8bc6f8553b8dbfd50718890407f5e80b937580e04200aec,2019-02,Merseyside Police,Merseyside Police,-3.014350,53.371638,On or near BULWER STREET,E01007295,Wirral 027D,Unable to prosecute suspect
1db6b28ad1123f53b43aa45709d6bbf8d59be302159be17e2714e3187e38bd34,2019-02,Merseyside Police,Merseyside Police,-2.990653,53.458014,On or near AUGUST STREET,E01006964,Sefton 036A,Unable to prosecute suspect
d789a8f1f571273c36a1719bfc16a3dcedd23be40d13115ce04596848828cdd6,2019-02,Merseyside Police,Merseyside Police,-3.014348,53.634211,On or near Pedestrian Subway,E01006972,Sefton 009D,Investigation complete; no suspect identified
771ae63d1b9a6c5a9be283331ee11d11630a982a83d751dad96116557a006c7c,2019-02,Merseyside Police,Merseyside Police,-2.982401,53.404563,On or near BROOKS ALLEY,E01033756,Liverpool 061C,Suspect charged
78c6b94b361576403a822fd6036f225d19abee5efa8cd00ce171928b19ef2b3a,2019-02,Merseyside Police,Merseyside Police,-2.927584,53.427150,On or near MUIRHEAD AVENUE,E01006765,Liverpool 020E,Investigation complete; no suspect identified
a62500bfd778a3a5886ab133d4f0952ee7b01b8bff99f774ebed3c3e4a7d64ba,2019-02,Merseyside Police,Merseyside Police,-2.744643,53.432601,On or near ELEPHANT LANE,E01006913,St. Helens 019H,Unable to prosecute suspect
16c9084a18a759213035c76419aaa02c241444417b819004b53b1230934b7a2d,2019-02,Merseyside Police,Merseyside Police,-3.116380,53.394737,On or near INGLEWOOD AVENUE,E01007226,Wirral 017B,Unable to prosecute suspect
fad6c84b9fd2f7549b8a0379837d77d0dc92f1512c77e64bea48425d1b88476c,2019-02,Merseyside Police,Merseyside Police,-2.935501,53.410081,On or near GARTHOWEN ROAD,E01006692,Liverpool 028B,Unable to prosecute suspect
8661db44c6076facf2e4b833b7ec2858f96324d2f1407f81d169c260a9ddd2bf,2019-02,Merseyside Police,Merseyside Police,-2.864020,53.389676,On or near COCKSHEAD ROAD,E01006772,Liverpool 040E,Unable to prosecute suspect
c4e513c5f58da5a914557b5210a5fc2d246e329dd2cb417f035380b138d347a1,2019-02,Merseyside Police,Merseyside Police,-2.978599,53.409277,On or near LIME STREET,E01033760,Liverpool 060C,Offender given a drugs possession warning
cbc9422bd5d77d02cfa457673750860a52527ecc5f9b338674f70415de14076a,2019-02,Merseyside Police,Merseyside Police,-3.025209,53.618100,On or near Sports/Recreation Area,E01006932,Sefton 010D,Formal action is not in the public interest
730c8383aa6e26178230825295eec0bd757177a314543dc9a22fb4a2a0939f77,2019-02,Merseyside Police,Merseyside Police,-2.982670,53.409037,On or near VICTORIA STREET,E01033760,Liverpool 060C,Offender given penalty notice
58250c2ecf9d48f4ea808d9ee617f3263b234fbfd5c88582da84ef00b8df01f8,2019-02,Merseyside Police,Merseyside Police,-2.773828,53.438366,On or near SEASCALE AVENUE,E01006829,St. Helens 018D,Unable to prosecute suspect
a07ad756e2586d8f74b4df02176c88c3b36afd74ad404ee08da8a863aca71dcc,2019-02,Merseyside Police,Merseyside Police,-2.978599,53.409277,On or near LIME STREET,E01033760,Liverpool 060C,Offender given a drugs possession warning
4ad0efd6e94ae84f2f1a2e21d3d479af9f3807cd353ef3d193021a995453590b,2019-02,Merseyside Police,Merseyside Police,-2.980826,53.402122,On or near SLATER PLACE,E01033761,Liverpool 060D,Offender given penalty notice
3b9233853870253f1a1d6387776cc1a12598c50decec566fde9d057be4f5f826,2019-02,Merseyside Police,Merseyside Police,-2.799005,53.420295,On or near SAUNDERS ROAD,E01006460,Knowsley 007A,Unable to prosecute suspect
30b8cae6b32f5e502762b2a15a6dc0a80055730504b336320b7c52ab24f24b59,2019-02,Merseyside Police,Merseyside Police,-2.980826,53.402122,On or near SLATER PLACE,E01033761,Liverpool 060D,Offender given a drugs possession warning
4faaf9f51d03e4a5f23114e6802e1a7971c71241d87aedd7ccb197b0cc790696,2019-02,Merseyside Police,Merseyside Police,-2.610373,53.454954,On or near WILLOW BANK ESTATE,E01006859,St. Helens 015D,Investigation complete; no suspect identified
f2b45756a550e14120b22e168e9101a5df815cccfc0353e118efdfe6beaa1356,2019-02,Merseyside Police,Merseyside Police,-3.068915,53.401851,On or near WORCESTER ROAD,E01007121,Wirral 011B,Unable to prosecute suspect
93bb6b9eb972b2c940902c7d62b333a1f4fe2d73c751ee3a3311f2fd415ce9ff,2019-02,Merseyside Police,Merseyside Police,-3.011916,53.646995,On or near PROMENADE,E01006968,Sefton 004C,Offender given a drugs possession warning
7a75aa483c51324111867b240b4c2b4c0951d919829b60eb289c3c0535137570,2019-02,Merseyside Police,Merseyside Police,-2.931264,53.470187,On or near WORTLEY ROAD,E01006655,Liverpool 001C,Unable to prosecute suspect
ea304b5139b130f97e2b885b9bab2320967ad9b776ceec6a3cc5d07c6cba3958,2019-02,Merseyside Police,Merseyside Police,-2.981621,53.390933,On or near SEFTON STREET,E01033765,Liverpool 061D,Investigation complete; no suspect identified
b2ac63b11818ae9b7dc3b798614df0bde5deddca54ca840bf4e34f84f8772c11,2019-02,Merseyside Police,Merseyside Police,-2.912039,53.385750,On or near ELM HALL DRIVE,E01006596,Liverpool 049C,Suspect charged
980676b17b9c77cb9d5d2fbc73808ebfbe7e10a235f0249b51e37a3653b679ea,2019-02,Merseyside Police,Merseyside Police,-2.918890,53.385509,On or near OLIVEDALE ROAD,E01006593,Liverpool 042E,Investigation complete; no suspect identified
508cf041286679df9c2428f6f9cf95aea964e3ddde1a96aecd76ea4be9bb6513,2019-02,Merseyside Police,Merseyside Police,-2.865759,53.410859,On or near MERTON CLOSE,E01006489,Knowsley 014F,Investigation complete; no suspect identified
91fe8659cf5b5152b60f3e206a7d9ed59f1fd11777a54486288dbaeead94fe70,2019-02,Merseyside Police,Merseyside Police,-2.937168,53.433870,On or near TOWNSEND LANE,E01006606,Liverpool 020A,Offender given a drugs possession warning
af386a41bce101a2f11837d43230b682c06eae32ae87f424f3e9da35b6ca92a2,2019-02,Merseyside Police,Merseyside Police,-2.916292,53.425538,On or near QUEENS DRIVE WEST DERBY,E01006768,Liverpool 020F,Offender given penalty notice
6b9842a62e05783477fe75292541c327438637cd63aa3625afb5f2a982129d90,2019-02,Merseyside Police,Merseyside Police,-3.042465,53.387352,On or near DEVONSHIRE ROAD,E01007160,Wirral 020B,Unable to prosecute suspect
808aa8e74a09bba1d9f7156c280ce2181b5dca1866e11c56912988ee5e973f01,2019-02,Merseyside Police,Merseyside Police,-3.030206,53.417697,On or near DARLINGTON CLOSE,E01007220,Wirral 005D,Unable to prosecute suspect
a9c12493361bcf32545fd4319ae4c48d100920638e0a191a78c551f6664cf22d,2019-02,Merseyside Police,Merseyside Police,-3.015991,53.481550,On or near RUTHERGLEN AVENUE,E01007107,Sefton 025E,Investigation complete; no suspect identified
fa2a4688b8e456c4a8cad4094f666428be59b9e626f51756bf321e630765c14d,2019-02,Merseyside Police,Merseyside Police,-2.960886,53.411650,On or near ELLEN'S CLOSE,E01006747,Liverpool 031B,Unable to prosecute suspect
eaa34889e926767fcc0e4694cb6d1e376d0b28dd0383d66ce3724d34e8791d38,2019-02,Merseyside Police,Merseyside Police,-2.669005,53.496509,On or near CEDAR GROVE,E01006805,St. Helens 003B,Investigation complete; no suspect identified
1ed2af73786d91d386f24997b8f6bb8ce140687e1b76f2caa88da958415f43a8,2019-02,Merseyside Police,Merseyside Police,-2.971306,53.639484,On or near MELLORS CLOSE,E01007060,Sefton 006C,Offender given a caution
1ed2af73786d91d386f24997b8f6bb8ce140687e1b76f2caa88da958415f43a8,2019-02,Merseyside Police,Merseyside Police,-2.971306,53.639484,On or near MELLORS CLOSE,E01007060,Sefton 006C,Offender given a caution
578d46809cc9c2ee4bc4e63080c82dd93ef535d8a04c424208f2455c352aa24c,2019-02,Merseyside Police,Merseyside Police,-2.979247,53.399528,On or near Further/Higher Educational Building,E01033754,Liverpool 061B,Investigation complete; no suspect identified
bb79e61717192fe23e7ef5ac3f745fe4d5643fa1435ca4a0ea99bda6da88469d,2019-02,Merseyside Police,Merseyside Police,-3.046268,53.413674,On or near LOVE LANE,E01007276,Wirral 007E,Investigation complete; no suspect identified
811640c6fcec078e6e8534ca2f70621c539e75454b4f05c8aeb8f2cde8069898,2019-02,Merseyside Police,Merseyside Police,-2.759351,53.440347,On or near BATES CRESCENT,E01006831,St. Helens 016A,Unable to prosecute suspect
5bb475a10d81caf447b266bcaf9375b3f455806d609ae9c4f70478323e32778b,2019-02,Merseyside Police,Merseyside Police,-3.024599,53.395992,On or near WOOD CLOSE,E01007126,Wirral 016A,Investigation complete; no suspect identified
892a2de5505c95c960bc0bf5dd91cdb8c047928f514852ab5ada96ab90ceca35,2019-02,Merseyside Police,Merseyside Police,-2.891554,53.495406,On or near ST PETERS CLOSE,E01006495,Knowsley 001E,Investigation complete; no suspect identified
65a0131a35d073d43c47a73efbaa15df3dbe53a659ed24c7bed142f592a371d6,2019-02,Merseyside Police,Merseyside Police,-3.088124,53.382432,On or near MYRTLE WAY,E01007300,Wirral 019D,Offender given a drugs possession warning
531cbe306a84affac0fc1cd04754e18091e4a06b90a76be9332948879996aad3,2019-02,Merseyside Police,Merseyside Police,-3.005863,53.477672,On or near CALDON CLOSE,E01006983,Sefton 031D,Suspect charged
2692b189e80585f6772ac02e14255d9e4e5fb1415de789c5006daeebbef07795,2019-02,Merseyside Police,Merseyside Police,-2.892199,53.482341,On or near A506,E01006437,Knowsley 003D,Unable to prosecute suspect
21830f38c609832e2e7d40236cadf24962ac269b8330ef2770f6f693faeab6bf,2019-02,Merseyside Police,Merseyside Police,-2.717324,53.424553,On or near ILFRACOMBE ROAD,E01006896,St. Helens 020E,Investigation complete; no suspect identified
cbad4ba325733ff3307054bd31825fb37d63cde2c32cb651b3425a0c8047a65b,2019-02,Merseyside Police,Merseyside Police,-2.717324,53.424553,On or near ILFRACOMBE ROAD,E01006896,St. Helens 020E,Investigation complete; no suspect identified
b8f6bc9c007acb381546d6a8b7b099ee23aa8f1804da5c74973f4aae50d2d87d,2019-02,Merseyside Police,Merseyside Police,-2.717324,53.424553,On or near ILFRACOMBE ROAD,E01006896,St. Helens 020E,Investigation complete; no suspect identified
d13ae3ee44ba170af128464a185728e65aaf06c121416daa37c5b9fedae275a6,2019-02,Merseyside Police,Merseyside Police,-2.713505,53.450751,On or near PARR STOCKS ROAD,E01006874,St. Helens 014E,Unable to prosecute suspect
12d09e829bbfb89a7d3db07a58d889793d7a268c563b3019cdf6c5c00aaf54b0,2019-02,Merseyside Police,Merseyside Police,-2.713560,53.425304,On or near THE BEECHES,E01006897,St. Helens 020F,Investigation complete; no suspect identified
151bd783894ad741a6d714f5dbbd62c7679633774503ff08fddf9ced337721cd,2019-02,Merseyside Police,Merseyside Police,-2.980079,53.403000,On or near FLEET STREET,E01033756,Liverpool 061C,Investigation complete; no suspect identified
8b60e21e4ff23803088525afd53efd99d1356394d5319eb594cbf79a2bd53a53,2019-02,Merseyside Police,Merseyside Police,-2.937720,53.423403,On or near WEST DERBY ROAD,E01006760,Liverpool 028E,Suspect charged
52c27e5830188788ea27639216f2c7d5f2d79bbd902aa73998494df2c5965026,2019-02,Merseyside Police,Merseyside Police,-2.980309,53.476428,On or near NETHERTON WAY,E01006981,Sefton 031B,Suspect charged
e18270467919e093c9400e409a2fc78a829b07d25b52ef6be32bd382c06247f7,2019-02,Merseyside Police,Merseyside Police,-2.741607,53.454427,On or near KING STREET,E01006877,St. Helens 012C,Unable to prosecute suspect
1d68b055ca7f955b4979034033ba75a89430c3c173f4a6b172a812bc1e717118,2019-02,Merseyside Police,Merseyside Police,-2.729809,53.476001,On or near MARDALE AVENUE,E01006849,St. Helens 004A,Investigation complete; no suspect identified
475d6d648c2fe2fae572afea6e6eba87c6547b38d9168a9be097af9796d57bca,2019-02,Merseyside Police,Merseyside Police,-2.990925,53.443171,On or near KEBLE ROAD,E01007010,Sefton 037E,Investigation complete; no suspect identified
b2c8758011ee508e857ffae0f8bedb8cbe8639fcad38472147e8a4ed77750a2e,2019-02,Merseyside Police,Merseyside Police,-3.044229,53.429315,On or near ELLESMERE GROVE,E01007233,Wirral 002C,Investigation complete; no suspect identified
640f7632157cc833e3eb84ae3cfaa4330d00395a12ed95707760d5aab606a1c9,2019-02,Merseyside Police,Merseyside Police,-3.003560,53.353185,On or near PARKSIDE CLOSE,E01007152,Wirral 036D,Investigation complete; no suspect identified
b2a01fe27582283954185dd2e78180c201d8ed581dfa562b11df6299ad1d9d71,2019-02,Merseyside Police,Merseyside Police,-2.713736,53.421437,On or near WILLOW TREE AVENUE,E01006897,St. Helens 020F,Investigation complete; no suspect identified
e0ff40208ead31d5806185e43cf1836554fc301816bcaf82abbef7bc8d24626e,2019-02,Merseyside Police,Merseyside Police,-3.004099,53.652274,On or near BANK SQUARE,E01033094,Sefton 004F,Unable to prosecute suspect
49fae92cfcd6e401e4f57cae9c0ab79586ed8e83c34976de64ddbe1777f8e9d7,2019-02,Merseyside Police,Merseyside Police,-2.725302,53.476756,On or near YEWDALE AVENUE,E01006850,St. Helens 004B,Investigation complete; no suspect identified
63a7f200552ddae8aee4f7e8287f62a6d9727a3805196ed5f86ade1d0a1dca53,2019-02,Merseyside Police,Merseyside Police,-2.931264,53.470187,On or near WORTLEY ROAD,E01006655,Liverpool 001C,Suspect charged
7549101b81e5cb17f6c4996783c9b785344a4b1574cb034b7ee07aa3903548cf,2019-02,Merseyside Police,Merseyside Police,-2.979260,53.405982,On or near BACK LIME STREET,E01033760,Liverpool 060C,Investigation complete; no suspect identified
7ccfc784cf877a8038c8d20dfdc75737bd9a76b63c2e52d62bd047559e3ae898,2019-02,Merseyside Police,Merseyside Police,-2.958331,53.409783,On or near ALBANY ROAD,E01006748,Liverpool 031C,Investigation complete; no suspect identified
35b2c6024daceb4b206171cf94fdace28087f3166597afed95eafd65d784b517,2019-02,Merseyside Police,Merseyside Police,-2.989012,53.643753,On or near ROSE HILL,E01007058,Sefton 006A,Offender given a caution
e4ef4198617b08825eaed170280519a8eb4ae5b94e2ddad1c5180c9995c9449c,2019-02,Merseyside Police,Merseyside Police,-3.101259,53.416011,On or near RAVENHILL CRESCENT,E01007205,Wirral 006B,Unable to prosecute suspect
1c4f2a4a1c855444733b4cbdba5e74a3a9f09b85a8062f2caa4478dba5c0dbae,2019-02,Merseyside Police,Merseyside Police,-2.631881,53.448092,On or near DEVONSHIRE GARDENS,E01006858,St. Helens 015C,Investigation complete; no suspect identified
cb66815442b55fcfb4330a6b8239b1e8f1fa6a7018a56b11e5803193bee0d4c0,2019-02,Merseyside Police,Merseyside Police,-2.809566,53.429689,On or near Police Station,E01006464,Knowsley 007D,Suspect charged
47a7eb667c25a01cc7c2514ce928fd0ac9484190fcbbd8371a417e4363f68c97,2019-02,Merseyside Police,Merseyside Police,-2.854308,53.421260,On or near CARTMEL ROAD,E01006470,Knowsley 008E,Investigation complete; no suspect identified
749efd8cccfee39f0be9dab144a8a19b65697f7e756f38a2404db721d34263ad,2019-02,Merseyside Police,Merseyside Police,-2.803138,53.426443,On or near Supermarket,E01006463,Knowsley 007C,Investigation complete; no suspect identified
7895ce9cd3bc0181065281d9d3d70f6223399bc8891ecaab73ec407af494b7db,2019-02,Merseyside Police,Merseyside Police,-2.767838,53.470189,On or near CRANK ROAD,E01006914,St. Helens 007A,Unable to prosecute suspect
58aba0b16c3546c59666914495275968312c450dc3199023d91e4afca33eefa0,2019-02,Merseyside Police,Merseyside Police,-2.943921,53.515103,On or near STAFFORD MORETON WAY,E01007072,Sefton 020D,Investigation complete; no suspect identified
36e1b17b1e8d0a32f520ff4ad859323db082268880c09edca886115977e1dbf6,2019-02,Merseyside Police,Merseyside Police,-2.788854,53.517261,On or near RAIL CLOSE,E01006886,St. Helens 001E,Investigation complete; no suspect identified
37d81b6d2386e79677e9b29a5ac63b1fa360d0705bee15093645b2cc07569261,2019-02,Merseyside Police,Merseyside Police,-2.711523,53.488030,On or near CARR MILL ROAD,E01006807,St. Helens 002D,Investigation complete; no suspect identified
668780de0fdcfcf8404347084908c813b04a47a835e15ce77640d41d8c418aa6,2019-02,Merseyside Police,Merseyside Police,-2.987014,53.405648,On or near Shopping Area,E01033760,Liverpool 060C,Unable to prosecute suspect
9231fc5b9f768397cd7053f5b5dd60cada3f8efb04b749d8fc37019317d4f2fc,2019-02,Merseyside Police,Merseyside Police,-2.985196,53.653303,On or near WOODLANDS CLOSE,E01006951,Sefton 003D,Investigation complete; no suspect identified
a09fee3b2c0fbc694439d6a28b4610224b69080508964a569b5fc972c581bdb5,2019-02,Merseyside Police,Merseyside Police,-2.943530,53.414647,On or near GENEVA ROAD,E01006695,Liverpool 028C,Suspect charged
eacf90fc81fa0cd068581b4e6737eeea16f176dd2f7cd49dc9d211164f9ae2fb,2019-02,Merseyside Police,Merseyside Police,-2.979720,53.405699,On or near GREAT CHARLOTTE STREET,E01033760,Liverpool 060C,Investigation complete; no suspect identified
f41440fc6de1b22d8754fdf03b57390c4664d82cc2080c997095a442d498cdf2,2019-02,Merseyside Police,Merseyside Police,-2.950455,53.443159,On or near STANLEY PARK AVENUE NORTH,E01006607,Liverpool 008A,Investigation complete; no suspect identified
9c925718a8cc24d40167704e6c2802f8bbeea40cd03e1b73259fdfd343d9b170,2019-02,Merseyside Police,Merseyside Police,-2.943972,53.443417,On or near FINBOROUGH ROAD,E01006612,Liverpool 008B,Unable to prosecute suspect
174d1ab1e4447d4a430cbc5e6173216b2017750e57064d9e055b8a6269a70010,2019-02,Merseyside Police,Merseyside Police,-2.972611,53.400031,On or near MOUNT STREET,E01006514,Liverpool 037A,Investigation complete; no suspect identified
7164ae211d224d4905faff96cc0e7fd8e47a95edc4c6b2306325b025e193c0f0,2019-02,Merseyside Police,Merseyside Police,-2.922791,53.436580,On or near MORNINGSIDE WAY,E01006604,Liverpool 016A,Unable to prosecute suspect
d9adb61237ae9a9865d1eee082c347e22cc539ff0b43c21325bc02180d82c783,2019-02,Merseyside Police,Merseyside Police,-2.645460,53.451902,On or near BACK LEGH STREET,E01006863,St. Helens 013A,Unable to prosecute suspect
a0933ff320a2317eb284f6fe90fdfbbf77ede66a3a41a55e960d210c37c3aec2,2019-02,Merseyside Police,Merseyside Police,-2.935990,53.454239,On or near LONG LANE,E01032510,Liverpool 008F,Investigation complete; no suspect identified
0d7eec43109161a3a40925b673d933e2c5c324cbbfcb6116e73255f0f6959c19,2019-02,Merseyside Police,Merseyside Police,-2.725073,53.470438,On or near DERWENT ROAD,E01006853,St. Helens 004E,Investigation complete; no suspect identified
900b17ad3afc4cb823f8a37389e0ef8fa55338e64e650bc547ae04cc3fd72994,2019-02,Merseyside Police,Merseyside Police,-2.957787,53.445132,On or near MAURETANIA ROAD,E01006608,Liverpool 009A,Investigation complete; no suspect identified
07a8042099e64a9d05c0be299a56a8b69b685db832eefd6a65671cd3990da69d,2019-02,Merseyside Police,Merseyside Police,-2.833127,53.407747,On or near OAKWOOD DRIVE,E01006478,Knowsley 015B,Unable to prosecute suspect
383f5fe18f55bf51dc215256712d8ad6c308a1cffc3bfd64fafd135e33fed561,2019-02,Merseyside Police,Merseyside Police,-3.025117,53.476933,On or near HANDFIELD ROAD,E01006956,Sefton 030B,Investigation complete; no suspect identified
c5d4acb83774c858e3d95d65660a5b0b16b9c6565d4fb5ebfbc131afce1143a1,2019-02,Merseyside Police,Merseyside Police,-2.645460,53.451902,On or near BACK LEGH STREET,E01006863,St. Helens 013A,Unable to prosecute suspect
61949958925aeccfe2203aba0c6f26ceceee2d3d49f620a9656841454e915367,2019-02,Merseyside Police,Merseyside Police,-3.071781,53.414715,On or near M53,E01007309,Wirral 006D,Investigation complete; no suspect identified
7aa442b6daf1a57cca72b8bcaecd6f53b03f9478a6e93ee575e867efe99e92df,2019-02,Merseyside Police,Merseyside Police,-2.935477,53.397344,On or near Supermarket,E01006722,Liverpool 038D,Investigation complete; no suspect identified
1c3a96c098dd0aa19e5a2bd3dd4b791d8124e94e04083e201473b4abd3ee18aa,2019-02,Merseyside Police,Merseyside Police,-2.744980,53.434667,On or near SUTTON HEATH ROAD,E01006905,St. Helens 019D,Suspect charged
4866a4a352cc479a9b189481991d3e317617a5ac724178969a301d8ed3d003c4,2019-02,Merseyside Police,Merseyside Police,-2.747439,53.434984,On or near AYRES COURT,E01006905,St. Helens 019D,Investigation complete; no suspect identified
3502d636fb07ae7d54f6db39b195485d205ce0fe8f0752342420dabdbff3b6fe,2019-02,Merseyside Police,Merseyside Police,-2.859037,53.389370,On or near Supermarket,E01006771,Liverpool 040D,Investigation complete; no suspect identified
1f6dedc63460ccf1009013136d03e2f99ed1c55724f2b11aff73b3a6359fb836,2019-02,Merseyside Police,Merseyside Police,-2.898836,53.460547,On or near TOTNES ROAD,E01006663,Liverpool 004C,Investigation complete; no suspect identified
6dd058839eaf217a035ec3492eb3db0378d817d8f817b532fbcd932dace400fb,2019-02,Merseyside Police,Merseyside Police,-2.886105,53.400345,On or near Supermarket,E01006578,Liverpool 036A,Investigation complete; no suspect identified
cf48e036589c3ff7f8c7dc33b7cce4d8b59ab72bc32a14ef7878c18b4658b795,2019-02,Merseyside Police,Merseyside Police,-3.015981,53.360002,On or near ROSALIND AVENUE,E01007114,Wirral 032D,Investigation complete; no suspect identified
b33bb9e951448fbbf6a7b4212820e6232f224837084eb8c2575df00420f2b1b2,2019-02,Merseyside Police,Merseyside Police,-3.021876,53.412258,On or near HARCOURT AVENUE,E01007274,Wirral 008C,Unable to prosecute suspect
da4a8f9e9e2bb724eb893ae2689fd5d77a96b55ae3aa96b2dd7f58b6232f64df,2019-02,Merseyside Police,Merseyside Police,-2.963109,53.432163,On or near SYBIL ROAD,E01006542,Liverpool 018A,Investigation complete; no suspect identified
fb0547ec90eb9c878b850d845c1128c8843895abc11e74e0ec6e78563af623fe,2019-02,Merseyside Police,Merseyside Police,-2.984289,53.455703,On or near RUTLAND STREET,E01006966,Sefton 038F,Investigation complete; no suspect identified
882e4c6c90b677711c4b27546220c7cb0629ca5c72a818100d9d969842fde7f5,2019-02,Merseyside Police,Merseyside Police,-2.911045,53.470828,On or near MOOR LANE,E01006508,Knowsley 004D,Investigation complete; no suspect identified
82bb7767aeacff659effe3545823bd52f2a76d71981d7dd5a20019c97ad1f0aa,2019-02,Merseyside Police,Merseyside Police,-2.903803,53.477391,On or near NEWICK ROAD,E01006509,Knowsley 004E,Unable to prosecute suspect
00c0e6c62e1375309f4384d01dc6b775c3d19be7102d0625526fdf13ac35042f,2019-02,Merseyside Police,Merseyside Police,-2.912564,53.388514,On or near ALLERTON ROAD,E01006591,Liverpool 041C,Investigation complete; no suspect identified
b90ee6e5c46c125e88ca6bd96d60040b169a84ae870681db91252bcca95da58d,2019-02,Merseyside Police,Merseyside Police,-2.800942,53.411284,On or near Supermarket,E01006505,Knowsley 013E,Investigation complete; no suspect identified
09c418e221a3e397a94079d52f917d18dc748642d6caf651ae07cc907972c35e,2019-02,Merseyside Police,Merseyside Police,-2.861893,53.385601,On or near SOUTH STATION ROAD,E01006801,Liverpool 046D,Investigation complete; no suspect identified
3912523109d237feba0397f8206b78327c15ba9d9e8ca2e43bb70dac45ab0541,2019-02,Merseyside Police,Merseyside Police,-2.827161,53.417353,On or near WALLACE AVENUE,E01006483,Knowsley 011C,Investigation complete; no suspect identified
10e38af816431394082b66e53f1cbf233895e7015b70457cfd932f07a486d253,2019-02,Merseyside Police,Merseyside Police,-2.645460,53.451902,On or near BACK LEGH STREET,E01006863,St. Helens 013A,Unable to prosecute suspect
6d47ae3efb578a105fee57c3ef17d4d98e7e923702204a6c81ef73748eefbb47,2019-02,Merseyside Police,Merseyside Police,-3.030260,53.389426,On or near RIVER STREET,E01007128,Wirral 016C,Unable to prosecute suspect
321597febeff59c1cf4dd70e2020d0d62279ba4eccfbdb9f7a744ee3f39fe6bc,2019-02,Merseyside Police,Merseyside Police,-2.886020,53.419411,On or near Supermarket,E01006571,Liverpool 026D,Investigation complete; no suspect identified
2758f75d24db2c96a3421d9bc38e17b00b0429278afc1ecf7805ae9336808d34,2019-02,Merseyside Police,Merseyside Police,-2.829036,53.355919,On or near ROMFORD WAY,E01006429,Knowsley 020C,Further investigation is not in the public interest
28c2cf83c8af9e3a69ef93e1299c1c333fb55350b708193ea101a14efeb5b7ab,2019-02,Merseyside Police,Merseyside Police,-2.733416,53.452779,On or near Parking Area,E01006872,St. Helens 014C,Unable to prosecute suspect
77dab868221f9b5d615b3bfbd82d640baf6cb9fbc01bd80f86e873859b043a50,2019-02,Merseyside Police,Merseyside Police,-2.962415,53.316768,On or near Sports/Recreation Area,E01007164,Wirral 042A,Investigation complete; no suspect identified
f4ba775c6be61f7391dec1886e2782ffc6ca6582feab237962818022b91bfa97,2019-02,Merseyside Police,Merseyside Police,-2.991478,53.399022,On or near Parking Area,E01033750,Liverpool 061A,Investigation complete; no suspect identified
d75eb919248c2b11728b191208193265f3372bca3effbfeea39446021f9dfe0d,2019-02,Merseyside Police,Merseyside Police,-2.983915,53.395202,On or near CHALONER STREET,E01033754,Liverpool 061B,Investigation complete; no suspect identified
9eae8840712f2834acbee0c118c52b1d06d200484365c5bf4b327155d446cf32,2019-02,Merseyside Police,Merseyside Police,-2.919648,53.449270,On or near COTTESBROOK CLOSE,E01006734,Liverpool 005C,Investigation complete; no suspect identified
0c989641d97c784bd8c59751d30fb33b377809df9fc3ca6233674791595902a2,2019-02,Merseyside Police,Merseyside Police,-2.981499,53.403914,On or near ROE ALLEY,E01033756,Liverpool 061C,Investigation complete; no suspect identified
f93540890c3caad03626026eeed357d8f940d8331682def8e9ff5168bdeac230,2019-02,Merseyside Police,Merseyside Police,-2.836664,53.370248,On or near BRAMBLING PARK,E01006421,Knowsley 018A,Investigation complete; no suspect identified
98fbb5a790258e12963df6142cd75e76115041def5e308232293f806ebd4dedd,2019-02,Merseyside Police,Merseyside Police,-2.982670,53.409037,On or near VICTORIA STREET,E01033760,Liverpool 060C,Investigation complete; no suspect identified
b4d888706cf155e51a148e3ae702ec109691a7eeea1c15c6d359d674300d0f54,2019-02,Merseyside Police,Merseyside Police,-2.968496,53.442025,On or near INDEX STREET,E01006611,Liverpool 012A,Action to be taken by another organisation
999d404b337dcd32e4d18f89185a9f88c141f3c92f5587e702232653f0e1137d,2019-02,Merseyside Police,Merseyside Police,-3.000587,53.653463,On or near LEICESTER STREET,E01033097,Sefton 004G,Unable to prosecute suspect
11ca0dd72533a23eb90c45392da99920bc8947671768400285594a936fc25043,2019-02,Merseyside Police,Merseyside Police,-2.993981,53.459910,On or near STANLEY ROAD,E01007012,Sefton 036D,Investigation complete; no suspect identified
387c890e5eb976dfc46146745e4695d016f592063786a1431d77d465a505bb34,2019-02,Merseyside Police,Merseyside Police,-2.980571,53.403472,On or near Nightclub,E01033756,Liverpool 061C,Investigation complete; no suspect identified
8d60fb620ab65ed593a8f04dcee90665f6a325ff0cb0fada735a5971afd3ddbf,2019-02,Merseyside Police,Merseyside Police,-2.846945,53.414949,On or near CORAL AVENUE,E01006452,Knowsley 012D,Unable to prosecute suspect
8a88d7fbac36dd44564156d019081e88be41f9e855a7bcf123a15bb23db41179,2019-02,Merseyside Police,Merseyside Police,-2.973721,53.407816,On or near RUSSELL STREET,E01033760,Liverpool 060C,Investigation complete; no suspect identified
8526eefd8686e2297aef9c4f02e8b3dd3b4383e956f2877d86b847b3f26b8c32,2019-02,Merseyside Police,Merseyside Police,-2.879836,53.381524,On or near HILLCROFT ROAD,E01006792,Liverpool 046A,Investigation complete; no suspect identified
0a5f2d881a751a192a4af1519e8a9f7caba66426a2eb7a2472eaeb58b273ce59,2019-02,Merseyside Police,Merseyside Police,-2.853919,53.487430,On or near HAMMOND ROAD,E01006446,Knowsley 005G,Suspect charged
0c1eaa1b2f3269cbc939ca743aa459ef9ce8658dac182eee3cd2d6d77bce85a6,2019-02,Merseyside Police,Merseyside Police,-2.926754,53.433296,On or near LARKHILL PLACE,E01006605,Liverpool 016B,Unable to prosecute suspect
bfadb8d9087155e9f9a71c7acbff770a5cbfcafc265dfe23648dd05dc3d81154,2019-02,Merseyside Police,Merseyside Police,-2.870722,53.426284,On or near CROSSFORD ROAD,E01006637,Liverpool 017A,Investigation complete; no suspect identified
d93ff34a560bcf6ea60ac6eeeb44bc1163fa4f6566b07c05dd32b36048ef8b31,2019-02,Merseyside Police,Merseyside Police,-2.969561,53.445136,On or near WELDON STREET,E01006705,Liverpool 009E,Investigation complete; no suspect identified
015d3b82708fd29098c717c5185559086c25b73b476ccf703b7243876fa8a447,2019-02,Merseyside Police,Merseyside Police,-2.873699,53.428338,On or near Hospital,E01006637,Liverpool 017A,Investigation complete; no suspect identified
6c8a55350fb90ecc9f035ed4d0f23b59b69f65675496b4dfb00ba898c0b85ba5,2019-02,Merseyside Police,Merseyside Police,-2.981621,53.390933,On or near SEFTON STREET,E01033765,Liverpool 061D,Investigation complete; no suspect identified
36a4ebf9e273fc6cf44afa90f8b47731e75a7900c80cfc4e5433b1c71349a39c,2019-02,Merseyside Police,Merseyside Police,-3.043124,53.418628,On or near MILL LANE,E01007214,Wirral 007C,Unable to prosecute suspect
5afc35bed80635495c6190fa79e5415e9ebe998fdcd42dbe19dbe3c1a968a326,2019-02,Merseyside Police,Merseyside Police,-2.948976,53.405130,On or near NUTTALL STREET,E01033763,Liverpool 031G,Investigation complete; no suspect identified
b96cff353e653b2026504bc3045883d36c22c236cb14151d5c53dae60ef612d2,2019-02,Merseyside Police,Merseyside Police,-2.979720,53.405699,On or near GREAT CHARLOTTE STREET,E01033760,Liverpool 060C,Investigation complete; no suspect identified
3816ccdf918c8214e434bcb835eb3b835b60db8800c63ce331468d185c8926ff,2019-02,Merseyside Police,Merseyside Police,-2.983077,53.404521,On or near OLD POST OFFICE PLACE,E01033756,Liverpool 061C,Local resolution
ca1f1cf78d9a31122fbaace8b718e8936dc9570aa18e4a549d63a2b9c4bb1511,2019-02,Merseyside Police,Merseyside Police,-2.973018,53.416532,On or near EVERTON BROW,E01006648,Liverpool 023D,Offender given a caution
7aea9ddb81f4161b52f59b4d6d9438a3dd75cf8c28f6a15190088321fca8ad9c,2019-02,Merseyside Police,Merseyside Police,-2.968111,53.388661,On or near WINKLE STREET,E01006676,Liverpool 044D,Investigation complete; no suspect identified
49fc2552e64234bfb3fe36316cecbbaaf9fc97a2f2c1dd7d8ff58f55b8f4f7ca,2019-02,Merseyside Police,Merseyside Police,-2.966798,53.446776,On or near CHURCH LANE,E01006610,Liverpool 009C,Offender given a drugs possession warning
f6245fee4596add97fb1e7796c6ded8f27d10c5b708ec8c4ea23d650a83e23d1,2019-02,Merseyside Police,Merseyside Police,-2.888863,53.433071,On or near CORPORAL WAY,E01006640,Liverpool 021F,Investigation complete; no suspect identified
8321fccb7025f7227c14094d268dfd2ec46a984383b628685d02dfa4cc22805f,2019-02,Merseyside Police,Merseyside Police,-2.949065,53.480743,On or near AINTREE WAY,E01007041,Sefton 027A,Unable to prosecute suspect
44a802b1dde362fa547209cbeda4264cf6c6b27541c8763f265be7dd9ac62a96,2019-02,Merseyside Police,Merseyside Police,-2.924797,53.443666,On or near WANDSWORTH ROAD,E01033759,Liverpool 010F,Further investigation is not in the public interest
d39d15bb56f1ef10c659c89163b8067ab3652f336e735ba0684bfa4f817a2251,2019-02,Merseyside Police,Merseyside Police,-2.620399,53.457824,On or near ROKEDEN,E01006856,St. Helens 015A,Investigation complete; no suspect identified
3b63e432ea7cff2188a732519496270416c3338bf2c2fcc324b5ca911045ddb1,2019-02,Merseyside Police,Merseyside Police,-2.837518,53.413020,On or near Parking Area,E01006481,Knowsley 015E,Investigation complete; no suspect identified
d7a2150bf42292697d5304219364ac22df7555336ce64a0de6290c8044eb47f8,2019-02,Merseyside Police,Merseyside Police,-3.059195,53.400481,On or near ARKLE ROAD,E01007122,Wirral 011C,Investigation complete; no suspect identified
577d9c3978f6ece189a4bcd8b3541a86a0ac35238f69b4d15af03066694467b9,2019-02,Merseyside Police,Merseyside Police,-3.005146,53.652391,On or near PROMENADE,E01006950,Sefton 004B,Investigation complete; no suspect identified
47fe582ec6793148dace8d94c5af981c122a194f56928ab56fc36ecc120429ff,2019-02,Merseyside Police,Merseyside Police,-3.165488,53.370779,On or near CROOME DRIVE,E01007260,Wirral 028B,Unable to prosecute suspect
db2542ae05da78ae7b8eb42fef5bf7672333c2ffe6cb23bfe0fc4d6ada027d6d,2019-02,Merseyside Police,Merseyside Police,-2.959881,53.463884,On or near WEIGHTMAN GROVE,E01006782,Liverpool 003B,Unable to prosecute suspect
5c3b047148c4d99c64b254aca02c346bc354894fbc1e8a5d26ec5aaeadf68dff,2019-02,Merseyside Police,Merseyside Police,-2.857781,53.344812,On or near SPEKE CHURCH ROAD,E01006739,Liverpool 058B,Investigation complete; no suspect identified
88a8b93681a2721ec236439e3ef42c3f196c57826375be10e61320723eee2ba8,2019-02,Merseyside Police,Merseyside Police,-2.640740,53.452440,On or near GRAFTON STREET,E01006863,St. Helens 013A,Unable to prosecute suspect
d0ca2c6048419397caa4643f75641812c664c7594598c17fff621db1f145a3da,2019-02,Merseyside Police,Merseyside Police,-2.909824,53.397542,On or near CHILDWALL ROAD,E01006589,Liverpool 041B,Investigation complete; no suspect identified
2fb97e89737eb882fdd70571f6ac5f4d85d6f88c80d2ad6c48c67472f0ddf4fd,2019-02,Merseyside Police,Merseyside Police,-3.165488,53.370779,On or near CROOME DRIVE,E01007260,Wirral 028B,Unable to prosecute suspect
70b1b7ddcba2ebc2e27210dd4bc11ef83478c3032cdfe13aa72f354ebda91ad9,2019-02,Merseyside Police,Merseyside Police,-2.978763,53.307628,On or near AIRDRIE CLOSE,E01007168,Wirral 042D,Investigation complete; no suspect identified
5f82341c3c3b610c590db7a67e285237804d10119b37d84dd940b10a72c7bd59,2019-02,Merseyside Police,Merseyside Police,-2.989176,53.354213,On or near SHORE DRIVE,E01007140,Wirral 036A,Investigation complete; no suspect identified
f501e424455e167b0edb78ebf81404133ccb21f0c88a63862e44bce25c5b2723,2019-02,Merseyside Police,Merseyside Police,-2.935237,53.419989,On or near Park/Open Space,E01006759,Liverpool 028D,Investigation complete; no suspect identified
5c2ce17ff5fd313d612b30fd4ada58cd4f73782580d97105cf908c66222ed50b,2019-02,Merseyside Police,Merseyside Police,-2.929734,53.424293,On or near SANTON AVENUE,E01006761,Liverpool 020B,Investigation complete; no suspect identified
ad9fc3beccfe96d4f3c873bce6b221cedf01b2f93b632276eab40d6bd6c3f0cc,2019-02,Merseyside Police,Merseyside Police,-2.898107,53.348165,On or near LOCKE STREET,E01006740,Liverpool 057A,Investigation complete; no suspect identified
f3dcf2103460dacf9122296d8190c4c3ffce537d4363803279189cbb012fdc82,2019-02,Merseyside Police,Merseyside Police,-3.071781,53.414715,On or near M53,E01007309,Wirral 006D,Suspect charged
f3dcf2103460dacf9122296d8190c4c3ffce537d4363803279189cbb012fdc82,2019-02,Merseyside Police,Merseyside Police,-3.071781,53.414715,On or near M53,E01007309,Wirral 006D,Suspect charged
06324e10bcb7c98bd7165cb9b5ae3f963e68f7db85c69db7d17d6911d7ee1d6f,2019-02,Merseyside Police,Merseyside Police,-2.988052,53.640201,On or near LETHBRIDGE ROAD,E01006995,Sefton 008A,Investigation complete; no suspect identified
fdfd53dd763af410baf2dfa05184d1e7378f03787c9c011a3abfd2b0919c2d10,2019-02,Merseyside Police,Merseyside Police,-2.826359,53.356558,On or near ACRE GREEN,E01006429,Knowsley 020C,Investigation complete; no suspect identified
6bc3bfd3a7d91cf0d63694c62ccb8b80e67a52712abd2d57b67dbda50fafe2a8,2019-02,Merseyside Police,Merseyside Police,-3.053147,53.427807,On or near MALPAS GROVE,E01007314,Wirral 004E,Unable to prosecute suspect
d2e774fa2657fd24e3c0260cc9070338758379eeea9fd87b718d9e79668ed09c,2019-02,Merseyside Police,Merseyside Police,-2.897976,53.354782,On or near WOOD STREET,E01006745,Liverpool 057D,Unable to prosecute suspect
14571531d8a238491cbc682c65e0f1c81477398d07e008817ea4f4edf3fd2cb1,2019-02,Merseyside Police,Merseyside Police,-2.974735,53.426513,On or near HAPTON STREET,E01006560,Liverpool 023A,Investigation complete; no suspect identified
e3c9f5a86971001a3a7e0f5d2cea551e10e974ad624304a99a3aac3afd0ed1e5,2019-02,Merseyside Police,Merseyside Police,-3.013756,53.395995,On or near Further/Higher Educational Building,E01007126,Wirral 016A,Unable to prosecute suspect
c04feb31cd1ce4b08f39fc03afb2f351a599d62835328f489b8a104356c6b628,2019-02,Merseyside Police,Merseyside Police,-2.973004,53.415957,On or near ROKEBY CLOSE,E01006648,Liverpool 023D,Suspect charged
4784d46804263494e46fe8398b7b1fa1f1fc10e07f153f8a4345bbec2d7d9cb9,2019-02,Merseyside Police,Merseyside Police,-2.935449,53.412508,On or near RAWLINS STREET,E01006692,Liverpool 028B,Further investigation is not in the public interest
ccea70caf23e8f355981ffd5902e30796a2c17dd07a4d7fe5394a69830d4741f,2019-02,Merseyside Police,Merseyside Police,-2.963192,53.398526,On or near FALKNER SQUARE,E01033768,Liverpool 037F,Investigation complete; no suspect identified
bee13bdfa9cb330eef21d82ff17d004013c65fcaf0548d660f90c070eb5e0987,2019-02,Merseyside Police,Merseyside Police,-3.034682,53.391330,On or near PARK ROAD EAST,E01007127,Wirral 016B,Investigation complete; no suspect identified
15b65007c26fe21c155df76e0d15674eb23689f449b6254472b6d5f58b8358ad,2019-02,Merseyside Police,Merseyside Police,-3.181430,53.374398,On or near NETTLE HILL,E01007198,Wirral 026C,Investigation complete; no suspect identified
6a0bdf2600f0f9bb8dd386365f534800ea301f6e930922323cd17037b39e078d,2019-02,Merseyside Police,Merseyside Police,-2.729515,53.449234,On or near LINKWAY EAST,E01006912,St. Helens 019G,Investigation complete; no suspect identified
0d3780142e5f5ec3df16f07f248c9eee36165ddac65c3b49c5e25443c2d952f5,2019-02,Merseyside Police,Merseyside Police,-3.181430,53.374398,On or near NETTLE HILL,E01007198,Wirral 026C,Investigation complete; no suspect identified
5b4ecd9bbef970bdb12c330afbf20d433e04afacb59affc37aafbd504373d0eb,2019-02,Merseyside Police,Merseyside Police,-3.025876,53.390947,On or near CLAUGHTON ROAD,E01007128,Wirral 016C,Unable to prosecute suspect
4dca51faab509b3ef88cb38b0512f12ae1e63a59966c8e92cce7742023c5d316,2019-02,Merseyside Police,Merseyside Police,-3.181430,53.374398,On or near NETTLE HILL,E01007198,Wirral 026C,Investigation complete; no suspect identified
3867947140d14cb8304422f27bbe281968b5e8cd0dc508d762dcc0e728557b3e,2019-02,Merseyside Police,Merseyside Police,-3.181430,53.374398,On or near NETTLE HILL,E01007198,Wirral 026C,Investigation complete; no suspect identified
2f5700c4d896c11b5f8e986d8d425d0aadf0756b167c5bb3a5209ae1bc2a8fb3,2019-02,Merseyside Police,Merseyside Police,-2.733210,53.451279,On or near Parking Area,E01006832,St. Helens 012A,Offender given penalty notice
c8c6b6837a07a0dc8cc6d893d4f0c3d5a50347f3abaf0f1ad113d68fc1018f53,2019-02,Merseyside Police,Merseyside Police,-3.034682,53.391330,On or near PARK ROAD EAST,E01007127,Wirral 016B,Unable to prosecute suspect
24b3cb821acd53d337b64b65d1670906f82b394214421ebff47855d8f2df29c6,2019-02,Merseyside Police,Merseyside Police,-2.959321,53.419007,On or near DAWBER CLOSE,E01006647,Liverpool 024C,Offender given a drugs possession warning
8da35e7fd29123903d6dbb4c1f4ca87d5d67f75a8331effdbdf041f40765f3c3,2019-02,Merseyside Police,Merseyside Police,-2.850363,53.390232,On or near Petrol Station,E01006771,Liverpool 040D,Unable to prosecute suspect
eb1f47048a6f2c929bab2db7be5411986a507631c10d5b742b35048b8f213c24,2019-02,Merseyside Police,Merseyside Police,-2.981930,53.406967,On or near Parking Area,E01033760,Liverpool 060C,Investigation complete; no suspect identified
f8bf10ea7292a13d880a7c2ced53b9571a0c01d5644c9f71ce005da82c93884b,2019-02,Merseyside Police,Merseyside Police,-2.818023,53.398243,On or near Petrol Station,E01006424,Knowsley 017B,Investigation complete; no suspect identified
064dd40bd89130d7a6b7083befc30d605a1e20d3e384f993254357d3d255f800,2019-02,Merseyside Police,Merseyside Police,-2.980020,53.435126,On or near COLLINGWOOD CLOSE,E01006701,Liverpool 014B,Suspect charged
b7173a0b87df0120df27236a06c73ab907d134d6734f6c4664b82cbe406103c7,2019-02,Merseyside Police,Merseyside Police,-2.959246,53.409659,On or near TECK STREET,E01006747,Liverpool 031B,Unable to prosecute suspect
abf47e85fed126c0febd39f233e328bcb98b17778772e2798232753c527b8e23,2019-02,Merseyside Police,Merseyside Police,-2.979260,53.405982,On or near BACK LIME STREET,E01033760,Liverpool 060C,Further investigation is not in the public interest
d3137c20cb0c576e38ea7279bf06fa9278604c12ffc48fd8dc1083f7cc0e22d1,2019-02,Merseyside Police,Merseyside Police,-2.819455,53.372624,On or near Sports/Recreation Area,E01006420,Knowsley 017A,Unable to prosecute suspect
61276ad786b2ea67ad60c95de2c41f822ce9735bc2bfd2817827f398bf790091,2019-02,Merseyside Police,Merseyside Police,-2.941473,53.467248,On or near PARK AVENUE,E01006654,Liverpool 005A,Unable to prosecute suspect
76d924a66c8304bc5e8f4a53170bcdb69f2a4881d0aeeb7787fa8dc7f185a7aa,2019-02,Merseyside Police,Merseyside Police,-2.731281,53.468738,On or near DEARHAM AVENUE,E01006853,St. Helens 004E,Investigation complete; no suspect identified
b127a77922b7fad9e3ac5eed3211b551203e48764c35fcf66c1d45915b821511,2019-02,Merseyside Police,Merseyside Police,-2.817646,53.413895,On or near PLUCKINGTON ROAD,E01006497,Knowsley 013A,Investigation complete; no suspect identified
0630dd140a78f92dfeeb14d6c24bfbb357b91f2c1dc0735ee03985071c8eee2e,2019-02,Merseyside Police,Merseyside Police,-2.909551,53.455927,On or near STONEDALE CRESCENT,E01006663,Liverpool 004C,Investigation complete; no suspect identified
d804d03c07cff6680aa30a7d69b010a1d45ddaafb5c514d5dec7ecae97c19b26,2019-02,Merseyside Police,Merseyside Police,-2.883493,53.467322,On or near CHEDDAR GROVE,E01006418,Knowsley 005B,Unable to prosecute suspect
bde926a57ee2d611dfa490fdf5481b34ca27ff1ef9b1ad87f8d57d0e2c913076,2019-02,Merseyside Police,Merseyside Police,-3.031578,53.417173,On or near WATER STREET,E01007220,Wirral 005D,Investigation complete; no suspect identified
e08e6acd41a550f08bc1d1fc68908ec7a25d80ed859b6b3b202b60df05d432b5,2019-02,Merseyside Police,Merseyside Police,-2.944718,53.412543,On or near SHEIL PLACE,E01006697,Liverpool 030D,Investigation complete; no suspect identified
02c9313256b40244d1702d1830aa967ac8947387990e36ca91c3a024cc647d6e,2019-02,Merseyside Police,Merseyside Police,-2.983495,53.405686,On or near Shopping Area,E01033760,Liverpool 060C,Investigation complete; no suspect identified
3d2144c201f39253ee9bd2b5aabdc631aa9ef886f18011db62a524df5b7a74cc,2019-02,Merseyside Police,Merseyside Police,-2.939015,53.424103,On or near CLIFTON ROAD,E01006760,Liverpool 028E,Unable to prosecute suspect
4d41c9bc02ab4c7958aa5e3ac8e9620c42b5a18778776b492ef8b34b94120bdc,2019-02,Merseyside Police,Merseyside Police,-2.953108,53.426472,On or near ST ANDREW ROAD,E01006547,Liverpool 019C,Unable to prosecute suspect
aee14c22da6ad74d446242b70a1747641bee7f7545d8c99a5dcc0134a10e5746,2019-02,Merseyside Police,Merseyside Police,-2.981175,53.395080,On or near Theatre/Concert Hall,E01033754,Liverpool 061B,Investigation complete; no suspect identified
7d755e3b67e012f9716b813d4c57d299c429eadd47220a20ce6101d20194ea8e,2019-02,Merseyside Police,Merseyside Police,-2.763854,53.430377,On or near EDGE STREET,E01006827,St. Helens 018B,Unable to prosecute suspect
d28f44bf4105a96e42e9bb40b82f1f0b7f31a0391308dace2bf54d36cf6aa5df,2019-02,Merseyside Police,Merseyside Police,-2.988052,53.425766,On or near BOUNDARY STREET,E01006779,Liverpool 022D,Suspect charged
5bc1cf53bd6061630b5ff75272a8b63d7b250df6e15a15020845e547409ea66c,2019-02,Merseyside Police,Merseyside Police,-3.109952,53.400290,On or near GLEBELANDS ROAD,E01007225,Wirral 012C,Offender given penalty notice
e4bb326619743aa12ef151f3f716dac7180b9401e637f34b9b083918cda21d4b,2019-02,Merseyside Police,Merseyside Police,-2.987117,53.404218,On or near Bus/Coach Station,E01033756,Liverpool 061C,Investigation complete; no suspect identified
db2044dafe8aea9abc1703f8af021bb1029f6cb9011d4687df68c696c2338ce6,2019-02,Merseyside Police,Merseyside Police,-2.924920,53.410532,On or near Petrol Station,E01032509,Liverpool 027H,Suspect charged
e48b4e4199ec27463317c182565b01e227a57aad8943e813358104144d51fcf6,2019-02,Merseyside Police,Merseyside Police,-2.985464,53.402353,On or near DUKE STREET LANE,E01033754,Liverpool 061B,Suspect charged
9f8958243b39f3a0df1e83024c4f4f07e761d627fa3679a1eeb9a0179fa71daa,2019-02,Merseyside Police,Merseyside Police,-2.985119,53.403704,On or near Parking Area,E01033756,Liverpool 061C,Investigation complete; no suspect identified
b541420fa5a56422cca22f21cdd1a4e67c4fb781f804e43e71140c8dcfc8ecf8,2019-02,Merseyside Police,Merseyside Police,-3.023965,53.382127,On or near Supermarket,E01007292,Wirral 021E,Suspect charged
42b764b7ba4f34d76f71b07396e3df8a2eef6f5325204e360528f9072d32fa53,2019-02,Merseyside Police,Merseyside Police,-3.055932,53.395674,On or near RIMMERS COURT,E01007157,Wirral 015C,Investigation complete; no suspect identified
4372269207e2c2ca866f109d8e19d677ceefb9bf3fde42f8e50092e18f9710d7,2019-02,Merseyside Police,Merseyside Police,-2.733432,53.471178,On or near RYDAL GROVE,E01006851,St. Helens 004C,Investigation complete; no suspect identified
b7a277027d2cc483a3f310514e2d117c90d57e306b64554498aef65e663102a4,2019-02,Merseyside Police,Merseyside Police,-2.760565,53.447593,On or near LAUREL ROAD,E01006835,St. Helens 016C,Unable to prosecute suspect
3a2545c371a69e52db3b9d4a3c03f646f97ded4f16b7344ba287bb993d341d52,2019-02,Merseyside Police,Merseyside Police,-3.064751,53.419398,On or near KELMSCOTT DRIVE,E01007312,Wirral 003C,Investigation complete; no suspect identified
cd78dae52085690bd9edbbf48835cd58f1b18f11c312238de91c342369026cf0,2019-02,Merseyside Police,Merseyside Police,-2.749186,53.435863,On or near ADELAIDE AVENUE,E01006905,St. Helens 019D,Unable to prosecute suspect
39f31c29432bdbb248bfde5a387dcb658e746ed2f1c3729c0220ae5c20d60237,2019-02,Merseyside Police,Merseyside Police,-3.005290,53.369234,On or near SEFTON ROAD,E01007289,Wirral 031E,Investigation complete; no suspect identified
b541330820b5fc73d2e9ee8a3385923358593d44f718a5f66e808815a3d73943,2019-02,Merseyside Police,Merseyside Police,-2.947851,53.410046,On or near HOLT ROAD,E01006691,Liverpool 030A,Investigation complete; no suspect identified
f0f751e7c1e4a54c7a7fa25aaba98398003615f6476b77fb3114602b4338c770,2019-02,Merseyside Police,Merseyside Police,-2.889691,53.366008,On or near DARWALL ROAD,E01006535,Liverpool 054B,Unable to prosecute suspect
8bb5919ccc38e12de43bbf23dd6325e1653bc69771e270048a72e6042084422d,2019-02,Merseyside Police,Merseyside Police,-3.010405,53.642001,On or near ST PAUL'S PASSAGE,E01006971,Sefton 009C,Investigation complete; no suspect identified
1748d3a761e96b0f7cd1104d81fe3b15adce638ce1945dcefc0044f82b723f59,2019-02,Merseyside Police,Merseyside Police,-2.886727,53.438894,On or near THE DELL,E01006624,Liverpool 013B,Formal action is not in the public interest
0bfce5dd1cf40481527963216aa6165f7fe58182f97098b482f4a27586b3344e,2019-02,Merseyside Police,Merseyside Police,-2.924920,53.410532,On or near Petrol Station,E01032509,Liverpool 027H,Unable to prosecute suspect
6adca1c0f1116ba45d0aeec28fa80947de9325d5cd9d453da6e95f618a4b2339,2019-02,Merseyside Police,Merseyside Police,-2.985119,53.403704,On or near Parking Area,E01033756,Liverpool 061C,Investigation complete; no suspect identified
515f1b9c8be6fc4501010ed549008392c5a364d78819f75525478ffa182a53ba,2019-02,Merseyside Police,Merseyside Police,-2.885485,53.473267,On or near SILCROFT ROAD,E01006415,Knowsley 003A,Investigation complete; no suspect identified
4af2a940049ec2d56813d5a94d1a1d0c55777fe1b5f34139620115d978827af2,2019-02,Merseyside Police,Merseyside Police,-2.990791,53.403765,On or near Parking Area,E01033756,Liverpool 061C,Unable to prosecute suspect
730b5027424f5f3eebafd86fc0f65822f14d0e3400085d7f1309d25fc8075427,2019-02,Merseyside Police,Merseyside Police,-3.013756,53.395995,On or near Further/Higher Educational Building,E01007126,Wirral 016A,Unable to prosecute suspect
75d290144b2034dc4321356ee28a55faf96354213f5cad4b4d1174b396bbd051,2019-02,Merseyside Police,Merseyside Police,-2.729601,53.467427,On or near Petrol Station,E01006853,St. Helens 004E,Investigation complete; no suspect identified
c184e8590340b71446d3f3401a3dd7c0cb23766d2351f6418c5a802b3341bf47,2019-02,Merseyside Police,Merseyside Police,-2.762098,53.391107,On or near IVER CLOSE,E01006503,Knowsley 017D,Unable to prosecute suspect
36044da1ebcc43bfd8d43f5e17013e40e0deca4a9be35de45b21438613f0ccdd,2019-02,Merseyside Police,Merseyside Police,-2.967539,53.444271,On or near IRETON STREET,E01006610,Liverpool 009C,Investigation complete; no suspect identified
bb2ead7d9345a1355e7e83eb8e366c744c27631676354b1ea68a4b889c50dd09,2019-02,Merseyside Police,Merseyside Police,-2.895480,53.492150,On or near KENDAL ROAD,E01006458,Knowsley 002D,Investigation complete; no suspect identified
db485fd09c3349ab8fca2b7d99607735edd08b917290eb07ae8476f6bfac67a2,2019-02,Merseyside Police,Merseyside Police,-3.044287,53.389322,On or near ST ANDREW'S ROAD,E01007160,Wirral 020B,Unable to prosecute suspect
ad59953051eeedf8a7a67de6f1e0c3baa00d112552d6d26e954e0e7729171af2,2019-02,Merseyside Police,Merseyside Police,-2.972164,53.401545,On or near Nightclub,E01006513,Liverpool 060A,Investigation complete; no suspect identified
44ccc97106ce0148137e920a3b54eb611a53ff83b236fe07cfdfd3e976e779ae,2019-02,Merseyside Police,Merseyside Police,-2.653135,53.469245,On or near RAMPIT CLOSE,E01006840,St. Helens 005C,Unable to prosecute suspect
57fa1d3dae0284b8dfbd099616fcd0ade1d257d0ae0b6ccdf56314bb71b101b5,2019-02,Merseyside Police,Merseyside Police,-2.765268,53.416058,On or near Supermarket,E01006893,St. Helens 021C,Investigation complete; no suspect identified
bfe76a4ee290f14dc4936e7b7f9ed56662883d89597cc053ce91019ac0b2e83f,2019-02,Merseyside Police,Merseyside Police,-2.803138,53.426443,On or near Supermarket,E01006463,Knowsley 007C,Investigation complete; no suspect identified
7bcd230fe416e2ea44f13d36a9ad2c23ad67af7b72f21306aec6d928ba00bbf8,2019-02,Merseyside Police,Merseyside Police,-2.944718,53.412543,On or near SHEIL PLACE,E01006697,Liverpool 030D,Unable to prosecute suspect
a6fec675e85f0840bb7f08b43b5e56ed83fc092754f4d2e2a32071d5bd710aad,2019-02,Merseyside Police,Merseyside Police,-2.742627,53.450753,On or near BATH STREET,E01006832,St. Helens 012A,Investigation complete; no suspect identified
fa741eab70d89eaecc2e0c5be668e608504669c3f95efe614340261661cfcb88,2019-02,Merseyside Police,Merseyside Police,-2.996514,53.458109,On or near HORNBY AVENUE,E01007006,Sefton 036C,Unable to prosecute suspect
bcec85cf7b5b4b59deec7760144d6ba4720ea8588d47d5d98a88f09dda0b8d15,2019-02,Merseyside Police,Merseyside Police,-2.983495,53.405686,On or near Shopping Area,E01033760,Liverpool 060C,Investigation complete; no suspect identified
817f91899bcf8c454e0c57fea9f0b797a2052b3570219c483012d5eab78dd2de,2019-02,Merseyside Police,Merseyside Police,-2.968473,53.442340,On or near ARNOT STREET,E01006610,Liverpool 009C,Investigation complete; no suspect identified
922b43b03fe66f73f07913d98e44fd5d692a5224109c0d583576f758d811d4e8,2019-02,Merseyside Police,Merseyside Police,-2.994654,53.408812,On or near UNION STREET,E01033753,Liverpool 062C,Investigation complete; no suspect identified
96b1d46cb2cbc23e8bc731736293fc59b8d8e0c8f184411f67be9c41edf1c4de,2019-02,Merseyside Police,Merseyside Police,-2.931039,53.433064,On or near HEDGES CRESCENT,E01006606,Liverpool 020A,Unable to prosecute suspect
adb35be88f553f2787a90454e9532d0b5b7e1404f9198fceea6ab7841674fe7b,2019-02,Merseyside Police,Merseyside Police,-2.992761,53.444433,On or near COLLEGE VIEW,E01007009,Sefton 037D,Investigation complete; no suspect identified
477926d474329065081d3235dd97d91cf7cf5569d630ad0e5529f05181bac2a9,2019-02,Merseyside Police,Merseyside Police,-2.956014,53.421146,On or near ST ALBANS,E01006563,Liverpool 024B,Offender given a drugs possession warning
4e8da950dee350a86d06ee28f7db2220411f14cc257d8d1ffcd22ab143756de4,2019-02,Merseyside Police,Merseyside Police,-3.039150,53.438303,On or near ALBERT STREET,E01007238,Wirral 001E,Unable to prosecute suspect
ce55a0b42d95961170242c65ea02a66d62ccfd59afcbfec6e3cda812f39d0241,2019-02,Merseyside Police,Merseyside Police,-2.960841,53.380989,On or near DENTWOOD STREET,E01006633,Liverpool 050B,Unable to prosecute suspect
37366b8da10cb062550065f9b293261aa72fe85f1505796b45a8ab10cac67086,2019-02,Merseyside Police,Merseyside Police,-2.924853,53.442092,On or near SCARSDALE ROAD,E01033759,Liverpool 010F,Unable to prosecute suspect
5d52a8bca414b71a88f1971dcfa98a6763bc179c5f3b02e82917a7e6691c5222,2019-02,Merseyside Police,Merseyside Police,-2.901175,53.450121,On or near AMPULLA ROAD,E01006664,Liverpool 004D,Investigation complete; no suspect identified
b4b5e1234c5ff4934739d77af51ba4dc88f93466435bdda623f487ef496f7a99,2019-02,Merseyside Police,Merseyside Police,-2.936959,53.411400,On or near LAUREL ROAD,E01006692,Liverpool 028B,Investigation complete; no suspect identified
9200a4ecafa636e27f7a62339ab3351e6d965a76d7a1fa0b1c22e72f95a34d8c,2019-02,Merseyside Police,Merseyside Police,-2.999933,53.484373,On or near FORD VIEW,E01006980,Sefton 024B,Unable to prosecute suspect
d02cd95dda71e766235b2101ede1a2a795e2bc727ceec602e546ab7700b00765,2019-02,Merseyside Police,Merseyside Police,-3.010064,53.461681,On or near VERDI AVENUE,E01007004,Sefton 034A,Unable to prosecute suspect
9cbf6c989a21603d6651e5ba7db98863aa5922a4b5c4c971a14d81ea3b37a288,2019-02,Merseyside Police,Merseyside Police,-2.983077,53.404521,On or near OLD POST OFFICE PLACE,E01033756,Liverpool 061C,Suspect charged
061bb66ccc4cc4a7a7cd35c3a9a322083801672fcccc8ff7dd05f6bbcc785da0,2019-02,Merseyside Police,Merseyside Police,-3.026029,53.479774,On or near FERNDALE ROAD,E01007102,Sefton 030D,Unable to prosecute suspect
c989ddfb2d676bced0bdd2c6ed57d6a6d495a76635e632afcec53635149476aa,2019-02,Merseyside Police,Merseyside Police,-2.942670,53.387975,On or near CROXTETH DRIVE,E01006522,Liverpool 048A,Unable to prosecute suspect
621c286de686d249568fc14a5e730bef9f0c884fa2a8c2f358c6b51d7bdd124b,2019-02,Merseyside Police,Merseyside Police,-2.866469,53.362925,On or near HILLFOOT GREEN,E01006533,Liverpool 055C,Unable to prosecute suspect
feaa5f2d95bf46f2e98c6d902388889c10732aae3cef294b913d2ea5e41df7d7,2019-02,Merseyside Police,Merseyside Police,-2.918892,53.451199,On or near BRAYBROOKE ROAD,E01006734,Liverpool 005C,Unable to prosecute suspect
9f4f5518f0784bb7c79bdec69771e68ce01e8b7648daf5f10ad1ba1c4f841dfc,2019-02,Merseyside Police,Merseyside Police,-2.978351,53.465316,On or near PENNINGTON AVENUE,E01007049,Sefton 035B,Investigation complete; no suspect identified
1b6bfb67746f1f04e410655991e133afd195c14ac84cbd8a7703ed99731d2e6c,2019-02,Merseyside Police,Merseyside Police,-2.907508,53.406728,On or near INSALL ROAD,E01006585,Liverpool 032B,Further investigation is not in the public interest
e84841d8a446b850f34c2ff60ffa8912058b9c4dec7ef195463c1e1c8c5a3611,2019-02,Merseyside Police,Merseyside Police,-3.017512,53.468944,On or near WOODLAND ROAD,E01006953,Sefton 032B,Suspect charged
81e0024d4e4b51f12fbc9d13d4e5f4055f9e6cbc71f38d251d649161140ad6f0,2019-02,Merseyside Police,Merseyside Police,-2.981075,53.405122,On or near Shopping Area,E01033760,Liverpool 060C,Investigation complete; no suspect identified
2f057b884a4c29316678c9f0295d28753a5faf4bf666b5000b482032795fe1e0,2019-02,Merseyside Police,Merseyside Police,-2.907508,53.406728,On or near INSALL ROAD,E01006585,Liverpool 032B,Further investigation is not in the public interest
e5f806d5143095a0fc38019db20c366499dcfe899f80b5714255a7ba6f4df7c8,2019-02,Merseyside Police,Merseyside Police,-2.988617,53.471487,On or near SPOONER AVENUE,E01033095,Sefton 033F,Investigation complete; no suspect identified
25f9e7a8f0974fd1110ee6324e0e2a6989bec394eb0248d45bfbcfda2e9d856c,2019-02,Merseyside Police,Merseyside Police,-2.973126,53.420603,On or near MAZZINI CLOSE,E01006648,Liverpool 023D,Suspect charged
a1c9ad7ae173be49f37ae614cde0e35aec04b772917301b5b2faa5b9d25879bd,2019-02,Merseyside Police,Merseyside Police,-2.954235,53.472082,On or near ROOSEVELT DRIVE,E01006780,Liverpool 002D,Investigation complete; no suspect identified
bf8866befe7b140739987156fe63c3ca975bfd92619966e96d79afd30b3847fa,2019-02,Merseyside Police,Merseyside Police,-2.969368,53.422135,On or near COCHRANE STREET,E01006646,Liverpool 023C,Unable to prosecute suspect
cfabd17306cafe2f280723e733a955a2e4bac53cd31b464ef87800964aa10f2f,2019-02,Merseyside Police,Merseyside Police,-3.077039,53.381067,On or near OLLERTON CLOSE,E01007163,Wirral 024A,Unable to prosecute suspect
c147371b8d5bd46a66f02b53fc5066ad9a37d8535701ded9b06d96d4255e8c2f,2019-02,Merseyside Police,Merseyside Police,-2.949515,53.382051,On or near PARKFIELD ROAD,E01006520,Liverpool 043A,Investigation complete; no suspect identified
3c6f8d0e56b86118056915515046de4bd56663ad31d3da6499e60dddf86bab56,2019-02,Merseyside Police,Merseyside Police,-2.871671,53.416730,On or near GRANT CLOSE,E01006574,Liverpool 025B,Unable to prosecute suspect
1caaa0594ae94f7a312e121b53e7e22d42a3777854851d81f1d854a3d67c65fe,2019-02,Merseyside Police,Merseyside Police,-3.039765,53.480716,On or near LEOPOLD ROAD,E01006942,Sefton 028B,Investigation complete; no suspect identified
dee739aa68038982e9f933bd44f1b0be0c5a042d9b0cc0f29e97a95765d40325,2019-02,Merseyside Police,Merseyside Police,-2.922884,53.467240,On or near FORMOSA WAY,E01006653,Liverpool 001B,Unable to prosecute suspect
cf7c2baec190684e2dfb1cd91af436fe4a326b6f346300bb6f2c686eed41761c,2019-02,Merseyside Police,Merseyside Police,-2.959950,53.390812,On or near PIMHILL CLOSE,E01006677,Liverpool 043D,Investigation complete; no suspect identified
2d4571d8003087aba25de65b0be1fdd32e2362e1464ed3862474a5c70107eef2,2019-02,Merseyside Police,Merseyside Police,-3.013675,53.372984,On or near MULBERRY ROAD,E01007296,Wirral 027E,Unable to prosecute suspect
2109c0e14a019b495f8b3807761a5626b716ca7c1ca7afb3c2901e46964d92c9,2019-02,Merseyside Police,Merseyside Police,-2.922884,53.467240,On or near FORMOSA WAY,E01006653,Liverpool 001B,Unable to prosecute suspect
5d5551f492d73799c7011123f448ffa1812e23db5f2eff7b94c4b9e285c60966,2019-02,Merseyside Police,Merseyside Police,-3.040830,53.418962,On or near ST MARY'S AVENUE,E01007216,Wirral 005B,Investigation complete; no suspect identified
67d054932c42909b328c91d7cbfcd5f77dc7438b100e1ebca129b0356dea6a5d,2019-02,Merseyside Police,Merseyside Police,-3.006636,53.335190,On or near LANGLEY ROAD,E01007147,Wirral 038D,Unable to prosecute suspect
57a0b7ac3f487a33ff48b14485b6b0749d00da69e2500ffb43004001e42cb8bc,2019-02,Merseyside Police,Merseyside Police,-3.077039,53.381067,On or near OLLERTON CLOSE,E01007163,Wirral 024A,Unable to prosecute suspect
0abf8be65c9e3d199c002c7498039342ea6e04ad3f8724ef757658a1bf8eb647,2019-02,Merseyside Police,Merseyside Police,-2.885593,53.364816,On or near DRENNAN ROAD,E01006535,Liverpool 054B,Investigation complete; no suspect identified
4ec919ffd857f9e12ff82057b98ca538ee89ccec83867adf9d79a40bb9401b6b,2019-02,Merseyside Police,Merseyside Police,-2.712609,53.431458,On or near TILBROOK DRIVE,E01006847,St. Helens 020C,Unable to prosecute suspect
78219609888c573b2438b3e6569d503e76b4d452472cd93f898692fbd80eac6b,2019-02,Merseyside Police,Merseyside Police,-3.003371,53.495302,On or near FERN HEY,E01007020,Sefton 021A,Unable to prosecute suspect
20ddd003b16c327c92fefc925122bb45e3469c494352f21302fde53191f99d34,2019-02,Merseyside Police,Merseyside Police,-2.961358,53.411233,On or near HOLBORN STREET,E01006747,Liverpool 031B,Investigation complete; no suspect identified
6613b061e44a879cc145484796e1a979f43d3f15d58f6f9a025e3c5feebf9b6d,2019-02,Merseyside Police,Merseyside Police,-2.742189,53.435143,On or near HEMPSTEAD CLOSE,E01006912,St. Helens 019G,Investigation complete; no suspect identified
b9a595a3486a5f81f8e6fd0e521c2ee17a4ddfeecc8c38fa4d9f4ec908315b43,2019-02,Merseyside Police,Merseyside Police,-3.125693,53.396601,On or near Supermarket,E01007224,Wirral 017A,Investigation complete; no suspect identified
890e394b1ddd9cb6ba4f20544b4d70a695f90ecd63b52832193142fe6bdef12f,2019-02,Merseyside Police,Merseyside Police,-3.026359,53.492823,On or near Supermarket,E01007021,Sefton 025A,Further investigation is not in the public interest
4b7b22f1d5fe09fc1188113a9f5d500e99b332700bfa290bce8614bf0cfc967a,2019-02,Merseyside Police,Merseyside Police,-3.046137,53.388740,On or near GROSVENOR ROAD,E01007155,Wirral 020A,Investigation complete; no suspect identified
b6c856e9bf9e060924028dd593ca724d165c56916ccdce094d6249463c7819e4,2019-02,Merseyside Police,Merseyside Police,-2.813250,53.427147,On or near WOOD LANE,E01006464,Knowsley 007D,Investigation complete; no suspect identified
064605c647194c3f248cdf19a525f7073586678f58a187585ae7059aa5ccac04,2019-02,Merseyside Police,Merseyside Police,-3.089796,53.377841,On or near WHITEFIELD CLOSE,E01007257,Wirral 025C,Unable to prosecute suspect
a3a8bb30b1823aa0c094fec78acdfbc43e79e93460ec459bb2ec89f073b45776,2019-02,Merseyside Police,Merseyside Police,-2.976273,53.328719,On or near HARROW GROVE,E01007135,Wirral 039A,Investigation complete; no suspect identified
a49ef28082ab67c534a6d54d508dc145dc81d02a5a617618032211aca162f79a,2019-02,Merseyside Police,Merseyside Police,-3.099917,53.351194,On or near CORNELIUS DRIVE,E01007287,Wirral 033D,Unable to prosecute suspect
ee91e3f8cb5288a3f28a385eab941e4a5b941b0217f0e4a7c91fb26d6420d601,2019-02,Merseyside Police,Merseyside Police,-2.883474,53.396014,On or near ABBEY VIEW,E01006580,Liverpool 036B,Unable to prosecute suspect
c86485366a403eadc0a48c258f2296ec6b082adb6bf270ecd04832f24a6e7871,2019-02,Merseyside Police,Merseyside Police,-3.021914,53.388761,On or near BOROUGH ROAD,E01007128,Wirral 016C,Unable to prosecute suspect
6e3d44227d7787f89f411a172641949cb25de387de165b01053ceb352be65755,2019-02,Merseyside Police,Merseyside Police,-2.831351,53.344397,On or near HEATON CLOSE,E01006756,Liverpool 059D,Investigation complete; no suspect identified
d5d44a33e017fb5783dd66a1c89aba42627707d81d8e474d2d63b2d7929f5fc9,2019-02,Merseyside Police,Merseyside Police,-2.896613,53.361453,On or near BURMAN CRESCENT,E01006742,Liverpool 057B,Suspect charged
c8509b870d6f8fe2b3fc76239ceba8fefc5873638395febd2888296b02b70f55,2019-02,Merseyside Police,Merseyside Police,-2.941773,53.469214,On or near Supermarket,E01006654,Liverpool 005A,Unable to prosecute suspect
01a7f4a264dc3c399bfd00b7f25d37397ce30a94b5f1240a9f26ebf5f8b80d4c,2019-02,Merseyside Police,Merseyside Police,-2.710165,53.450043,On or near GRANVILLE STREET,E01006875,St. Helens 017C,Investigation complete; no suspect identified
095ec5a62caa38dc946d8a54eb617e18f22dd3a12e1d3c45c9a7c657ff87fdb2,2019-02,Merseyside Police,Merseyside Police,-2.941514,53.417351,On or near CARSTAIRS ROAD,E01006695,Liverpool 028C,Unable to prosecute suspect
d5ce9e13a57871ae05251ef2aac52523028d64245063d0b86fa6156f3304b8e3,2019-02,Merseyside Police,Merseyside Police,-2.744951,53.454523,On or near Supermarket,E01006877,St. Helens 012C,Investigation complete; no suspect identified
af8e12691204500934c6d3e39411a65557fb351d7f4c41e422b389f63a72767c,2019-02,Merseyside Police,Merseyside Police,-2.907877,53.483346,On or near MELVERLEY ROAD,E01006508,Knowsley 004D,Investigation complete; no suspect identified
abe1c004a9e00d971cfb1385d518a1b88a13625633c4740cb8c4773cdfdd0609,2019-02,Merseyside Police,Merseyside Police,-2.992330,53.485344,On or near HAMPSHIRE AVENUE,E01007089,Sefton 024E,Unable to prosecute suspect
275f823425d7043d2ca1a3da1a8c347d98153a77e9aada90cffe6e7f7a95f537,2019-02,Merseyside Police,Merseyside Police,-2.943972,53.443417,On or near FINBOROUGH ROAD,E01006612,Liverpool 008B,Unable to prosecute suspect
12c38b0fdbeeb41908da46776bc498ffb424effc314cd2ae5ab681afdfc4cbe4,2019-02,Merseyside Police,Merseyside Police,-3.061036,53.403755,On or near TOWNSEND STREET,E01007122,Wirral 011C,Unable to prosecute suspect
bdb22aa2aad2b720dc41d3e859b1ded95ff18358de08de8c8ddc35b8adb85092,2019-02,Merseyside Police,Merseyside Police,-2.984594,53.448060,On or near TRINITY PLACE,E01006967,Sefton 037A,Investigation complete; no suspect identified
6c1fba4089b45e23cfe2d33bbb5bc59226d31b0e42b53d1e4d3e9d22429085c1,2019-02,Merseyside Police,Merseyside Police,-2.758993,53.434597,On or near NUT STREET,E01006906,St. Helens 019E,Unable to prosecute suspect
8e788975875e22dc0b353d0f8877b33ccb180dfa1c916bbe953c579d0568fa9b,2019-02,Merseyside Police,Merseyside Police,-2.709274,53.428206,On or near HAWTHORNE ROAD,E01006901,St. Helens 020G,Suspect charged
6cbbb6520d73cfef8532530791128cb54b714e130c9979212c0bfa9838f480f8,2019-02,Merseyside Police,Merseyside Police,-3.041196,53.601810,On or near VILLAGE ROW,E01006926,Sefton 012D,Investigation complete; no suspect identified
a33a03c3ab709e2133757d5d2f6572efbb69cfe891e18d75c51e866d6b82efd1,2019-02,Merseyside Police,Merseyside Police,-2.897402,53.456828,On or near MOSS WAY,E01006667,Liverpool 007C,Unable to prosecute suspect
4f43a75edfde323ef9d12bfa2f2bf5bb83226661d17deeb108c85e1e4df6b889,2019-02,Merseyside Police,Merseyside Police,-2.778708,53.501885,On or near NORWOOD GROVE,E01006885,St. Helens 001D,Unable to prosecute suspect
1f895b4088e138c4a906b72ee347daa98ca21f2eeab36145275fc1fae281e31a,2019-02,Merseyside Police,Merseyside Police,-2.968616,53.432712,On or near BODLEY STREET,E01006558,Liverpool 018B,Formal action is not in the public interest
fa8a481c77969108f721bdaf4be7239293d70199ae2c07e74fa180471b152089,2019-02,Merseyside Police,Merseyside Police,-2.912139,53.457219,On or near ALTBRIDGE PARK,E01006662,Liverpool 004B,Unable to prosecute suspect
8efa1059f0a87efb53d5b7bedf022d8b12e33c6144b37e98a24bad3b85b50de4,2019-02,Merseyside Police,Merseyside Police,-2.914929,53.447571,On or near GUILSTED ROAD,E01006598,Liverpool 010A,Investigation complete; no suspect identified
61000dcbb403134fcd76f92be089d8f49f22f4b9f982b74367e978b3b7fa62c2,2019-02,Merseyside Police,Merseyside Police,-2.872508,53.427484,On or near FINCH ROAD,E01006638,Liverpool 017B,Unable to prosecute suspect
094374f6beb698f10809cb6d176d7e8f47a9e21859d8b06802bf729765620de2,2019-02,Merseyside Police,Merseyside Police,-2.998960,53.646070,On or near Supermarket,E01006969,Sefton 004D,Unable to prosecute suspect
9efd965cd811514ce1e1b7e002afde24f23424a2477d662f0fff74b31fc9c0e1,2019-02,Merseyside Police,Merseyside Police,-2.875578,53.483848,On or near GERARD WAY,E01006437,Knowsley 003D,Unable to prosecute suspect
09cf14d5a77b285b06efb3989b2c65aaa3b45b287aa3d925361b4e61fd8b5ca6,2019-02,Merseyside Police,Merseyside Police,-2.699155,53.448993,On or near BLACKDOWN GROVE,E01006817,St. Helens 017B,Unable to prosecute suspect
ecb6765b8b29d68acf468fb38434b5c9ae2e4912b9940f81744c093b856535f5,2019-02,Merseyside Police,Merseyside Police,-2.950247,53.431124,On or near WENLOCK ROAD,E01006545,Liverpool 019A,Unable to prosecute suspect
9a08978206d3ef45e181724d70a8ae191f0fe92aea883dcbbf9f477ae42ed9cd,2019-02,Merseyside Police,Merseyside Police,-2.931885,53.429076,On or near PECKFORTON CLOSE,E01006763,Liverpool 020C,Offender given a drugs possession warning
e0a3acc7919da068e9f8b591e9535c68213c13c1028c247374aea6d83c3038a0,2019-02,Merseyside Police,Merseyside Police,-2.717749,53.430097,On or near SHIRE GREEN,E01006847,St. Helens 020C,Unable to prosecute suspect
403a682a8ed63872f114daaa566bee9c0de06eb25f97c484d25ca8bc0154c898,2019-02,Merseyside Police,Merseyside Police,-3.037387,53.419055,On or near MARTIN'S LANE,E01007219,Wirral 005C,Unable to prosecute suspect
62976a19e4f9e284c6c123f8394206026eec5e5b7e3bb29196c976bf208f34a1,2019-02,Merseyside Police,Merseyside Police,-3.006985,53.475442,On or near TENBY AVENUE,E01006983,Sefton 031D,Offender given a caution
e59aa837b7addc36401d5826d704eacb5069f6d97642a02d0cdc3bcc8b1fe9d6,2019-02,Merseyside Police,Merseyside Police,-2.978061,53.401569,On or near BACK COLQUITT STREET,E01033761,Liverpool 060D,Unable to prosecute suspect
1d8ff456ceb5c9c493080eb3880de77c9879ec0c557f4eb58ff8ac234d07ce54,2019-02,Merseyside Police,Merseyside Police,-3.022285,53.411122,On or near STANLEY STREET,E01007274,Wirral 008C,Unable to prosecute suspect
1c8b9ecb901c53c07b48739e9ed649d9b8992c077114afea9652316a9d5b6135,2019-02,Merseyside Police,Merseyside Police,-2.984504,53.643745,On or near MAPLE STREET,E01007059,Sefton 006B,Unable to prosecute suspect
cf47c491b0cbfc85b04aba079923cf9d41adbd5813a8fa5d90ae48ae8ef8bb47,2019-02,Merseyside Police,Merseyside Police,-2.991851,53.455101,On or near STANLEY ROAD,E01007007,Sefton 037B,Investigation complete; no suspect identified
03a5bd09c11e880c7de0eeaa58a09c9b20e600df28347c6dfe086e6ecdb434a1,2019-02,Merseyside Police,Merseyside Police,-2.971845,53.378284,On or near COLUMBUS QUAY,E01033748,Liverpool 050I,Suspect charged
ae37b0423184c521eec8e66a94c4f162d18efa9c5428095509eb710c1be06dc0,2019-02,Merseyside Police,Merseyside Police,-2.859342,53.394788,On or near ECCLES DRIVE,E01006775,Liverpool 040F,Investigation complete; no suspect identified
a901056206a026ea2efeb6ac868e12391be6a4550375103aefff44c6dd6073cb,2019-02,Merseyside Police,Merseyside Police,-2.971845,53.378284,On or near COLUMBUS QUAY,E01033748,Liverpool 050I,Suspect charged
c4c3f61aef5ffdae68c539836755ddf240c56b4c0e5b6b29e0d767d32c79704f,2019-02,Merseyside Police,Merseyside Police,-3.017294,53.383569,On or near GREEN LANE,E01007291,Wirral 021D,Investigation complete; no suspect identified
cdbfb48226e51b201c4712d150aba7d642dbdefc66b67e229ff874eaf93c525f,2019-02,Merseyside Police,Merseyside Police,-2.898961,53.461490,On or near CREDITON CLOSE,E01006663,Liverpool 004C,Investigation complete; no suspect identified
c7b463114a0a91faa437d3bbef6c4766d5373da1c3e1455e54a8b00284092aed,2019-02,Merseyside Police,Merseyside Police,-2.971845,53.378284,On or near COLUMBUS QUAY,E01033748,Liverpool 050I,Suspect charged
18a64cac9a10aca43991e72f0b1c508f07c181e31056a35bc0ae06ca3ed8b65f,2019-02,Merseyside Police,Merseyside Police,-3.017294,53.383569,On or near GREEN LANE,E01007291,Wirral 021D,Investigation complete; no suspect identified
cfaf3533f4ac5cc4de3d1da699e1a3d23e76fb6ffcb568bf7375a4a9010366a6,2019-02,Merseyside Police,Merseyside Police,-2.904871,53.416403,On or near CLAYFORD CRESCENT,E01006569,Liverpool 029B,Investigation complete; no suspect identified
fde5a256d4c6a2ca1de391ab1e24ea1cc6d8038b0c836c309dae994ef907a528,2019-02,Merseyside Police,Merseyside Police,-2.961765,53.423284,On or near RISHTON STREET,E01006563,Liverpool 024B,Offender given a drugs possession warning
f6c49ba01ce13340ea34543c31e0676fac5e2b0b090be009cef55ac616f6df79,2019-02,Merseyside Police,Merseyside Police,-3.035444,53.396096,On or near NEWLING STREET,E01032903,Wirral 010F,Unable to prosecute suspect
824a7f0d1724af6432ac6140d3b5c86ee7ddba251f35f8973e4d8406db98673c,2019-02,Merseyside Police,Merseyside Police,-3.026419,53.474692,On or near SOUTH ROAD,E01006956,Sefton 030B,Unable to prosecute suspect
e1feea57ec3eb52f064b769a57f393dd064377ccd2e78c1633caa432c55d1107,2019-02,Merseyside Police,Merseyside Police,-2.929377,53.387243,On or near GREENBANK COURT,E01006551,Liverpool 048E,Investigation complete; no suspect identified
cbcce7048c8da882af49d5dff23e1bba0d1fa451428625d5ded304cefe7e1d47,2019-02,Merseyside Police,Merseyside Police,-3.116325,53.402433,On or near OVERGREEN GROVE,E01007221,Wirral 012B,Unable to prosecute suspect
a710f942d7ee61c7ec93cab51efe683a2727d1e2109093c3609130b6965e8de0,2019-02,Merseyside Police,Merseyside Police,-2.688466,53.446260,On or near PRICE GROVE,E01006816,St. Helens 017A,Unable to prosecute suspect
f33f5352195a714e86f8fe9944945a4a59e5170bc42b809838490edd68d223e9,2019-02,Merseyside Police,Merseyside Police,-2.989889,53.421265,On or near JAMES DUNNE AVENUE,E01006776,Liverpool 022B,Offender given penalty notice
df1cf577959fb54ef1523cacf942cc6da1b8826820ea88af04b11df1edd0214a,2019-02,Merseyside Police,Merseyside Police,-2.989889,53.421265,On or near JAMES DUNNE AVENUE,E01006776,Liverpool 022B,Offender given a drugs possession warning
5e2fea5e5a962de5934f19bf273a71e2c89737d76596e5a295c8a9fd5fa1deac,2019-02,Merseyside Police,Merseyside Police,-2.979687,53.402976,On or near Nightclub,E01033756,Liverpool 061C,Investigation complete; no suspect identified
2ae4183bba8427dc36285af62b7c02670bac817cbd7982b27edd12e32219d95f,2019-02,Merseyside Police,Merseyside Police,-2.990521,53.399255,On or near Parking Area,E01033750,Liverpool 061A,Unable to prosecute suspect
db60024a7a57690b9629711c63d36ceee784310b5565ff503797adbacf121c71,2019-02,Merseyside Police,Merseyside Police,-3.030953,53.388234,On or near COOK STREET,E01007128,Wirral 016C,Investigation complete; no suspect identified
ab2137e0a3beac1cb32f2d05bd96404284d1a8610cb9ae8c082858841ffacec4,2019-02,Merseyside Police,Merseyside Police,-2.895536,53.353083,On or near Supermarket,E01006745,Liverpool 057D,Investigation complete; no suspect identified
26f36a878ff342322c9d7f687a4a3a1a2b8b68ef8aaf6ea280c45216ee53733a,2019-02,Merseyside Police,Merseyside Police,-3.050431,53.550107,On or near ABBOTS WAY,E01007075,Sefton 016A,Unable to prosecute suspect
7b2ccce979a8735708d3caedc6e9718baca2c37f65f7aa573a14dcdd55aa5412,2019-02,Merseyside Police,Merseyside Police,-2.843204,53.426625,On or near PRIMROSE COURT,E01006444,Knowsley 010D,Investigation complete; no suspect identified
2bd34db5bf5a82b4bc558b27aab82a61dfa4d64a34e67f497faca66251722a9b,2019-02,Merseyside Police,Merseyside Police,-2.978061,53.401569,On or near BACK COLQUITT STREET,E01033761,Liverpool 060D,Unable to prosecute suspect
4e9e373dfe3cad1e5cc2587505580c0ab5f776db68d932731f3e52a86c92f3a6,2019-02,Merseyside Police,Merseyside Police,-2.916596,53.363449,On or near AIGBURTH ROAD,E01006684,Liverpool 056B,Investigation complete; no suspect identified
313be43b66a9ffb4e92d8e69b2f71314b1ac0c020eeda7bd930a178675f27994,2019-02,Merseyside Police,Merseyside Police,-2.702351,53.448300,On or near FLEET LANE,E01006875,St. Helens 017C,Unable to prosecute suspect
9737d56bbc754a142acdce2063f7690d38f4b3de366438e0ff012b8e80b929cd,2019-02,Merseyside Police,Merseyside Police,-2.957462,53.411965,On or near KEBLE STREET,E01006746,Liverpool 030E,Investigation complete; no suspect identified
f2b743e665a2c11f089b2034c3f1e9afe1e04ef7cd400103936121cccf1aca22,2019-02,Merseyside Police,Merseyside Police,-2.948077,53.382287,On or near MARMION ROAD,E01006522,Liverpool 048A,Investigation complete; no suspect identified
73a476ba2cfb8dc903008d913c601c3d23dd622a0e278c7ba21a06b220e1f597,2019-02,Merseyside Police,Merseyside Police,-2.857725,53.421326,On or near LIVERPOOL ROAD,E01006453,Knowsley 008A,Investigation complete; no suspect identified
e5324fd90b4fed2c8f215d1d6b556ff1a6a3fcde62614bff0b2b52cccb991584,2019-02,Merseyside Police,Merseyside Police,-2.898126,53.357657,On or near ISLAND PLACE,E01006745,Liverpool 057D,Investigation complete; no suspect identified
d388137e13f4d2ded7bf5c22a94d85d2bced3fcb4070832c71d1a1d198655025,2019-02,Merseyside Police,Merseyside Police,-3.082421,53.386978,On or near CONISTON AVENUE,E01007161,Wirral 019B,Suspect charged
e1338dd5b0d7c95b12e57668312c57dc168d29264345974f84769a1116d192bb,2019-02,Merseyside Police,Merseyside Police,-2.964271,53.424962,On or near FRIAR STREET,E01006560,Liverpool 023A,Unable to prosecute suspect
21dcbe6666508e414e72da48c2999bf3c93350aa75950403071013dc1cdedc60,2019-02,Merseyside Police,Merseyside Police,-2.964271,53.424962,On or near FRIAR STREET,E01006560,Liverpool 023A,Unable to prosecute suspect
cfa55b4d313dbc434e86ba3887a437458c7fc90afc3c642b96537a7f6ffe4260,2019-02,Merseyside Police,Merseyside Police,-2.981621,53.390933,On or near SEFTON STREET,E01033765,Liverpool 061D,Investigation complete; no suspect identified
ca7abf78bc56240fa87d87988bc1f0da15f9b63535526508c0052fa79512d751,2019-02,Merseyside Police,Merseyside Police,-2.979358,53.403024,On or near Nightclub,E01033756,Liverpool 061C,Unable to prosecute suspect
f742450130923692394f5b4d0a676dc440960d2440cc11dfc44f01c5a34a642e,2019-02,Merseyside Police,Merseyside Police,-2.981930,53.406967,On or near Parking Area,E01033760,Liverpool 060C,Investigation complete; no suspect identified
575777660afa0125dd3f484f219c0922d5b8a5574d27299ec5c7f28cca6c02ef,2019-02,Merseyside Police,Merseyside Police,-2.752119,53.454496,On or near VIRGIL STREET,E01006876,St. Helens 016D,Investigation complete; no suspect identified
a0ee3ba1f801de55cde9e7c60060b61e771d23e55df4b85d788e0e987bcd4bd9,2019-02,Merseyside Police,Merseyside Police,-2.648579,53.450043,On or near Shopping Area,E01006865,St. Helens 013C,Unable to prosecute suspect
65d88fd994ca3caf8ff31f975a5cb484f86a3c0ebb9f1180863ffd55c7916a5b,2019-02,Merseyside Police,Merseyside Police,-2.927890,53.414293,On or near FROGMORE ROAD,E01006711,Liverpool 027A,Investigation complete; no suspect identified
0a429c8ccdfa95e1b442b88206fa15fd291c85d1a9f99dc34241ab2ec5477507,2019-02,Merseyside Police,Merseyside Police,-3.006879,53.458867,On or near BURNS STREET,E01007005,Sefton 034B,Unable to prosecute suspect
05382c68100f8ea0597a2f7ff2f91a228c3f20f8412527a6c9dd3d8ab7e2102d,2019-02,Merseyside Police,Merseyside Police,-3.109952,53.400290,On or near GLEBELANDS ROAD,E01007225,Wirral 012C,Investigation complete; no suspect identified
e3ef0b62db6b2185dd57db2b95c7d5f7665c83daaadefb612dbcb211bb273ef9,2019-02,Merseyside Police,Merseyside Police,-2.736164,53.451485,On or near Shopping Area,E01006832,St. Helens 012A,Unable to prosecute suspect
298bcf1714161c63d353b1e94c4c9b6a1e443875faeab27fc7ec462d85bc0d82,2019-02,Merseyside Police,Merseyside Police,-3.033346,53.382721,On or near BOROUGH ROAD,E01007131,Wirral 021B,Investigation complete; no suspect identified
50a8487a0c3560d08d8feb0c666b5453207f234df306ca89c48694ac4d861e48,2019-02,Merseyside Police,Merseyside Police,-2.975081,53.439643,On or near CHIRKDALE STREET,E01006699,Liverpool 014A,Suspect charged
85519ac7d0069b5367b9cebdb38a4c68a308e9190d4d8453f97139a77e53f6a2,2019-02,Merseyside Police,Merseyside Police,-2.669005,53.496509,On or near CEDAR GROVE,E01006805,St. Helens 003B,Investigation complete; no suspect identified
0cb4d9b2dcb0052ec422e40a04413f812eb95031f7e223ac36e8cbf7d75adb41,2019-02,Merseyside Police,Merseyside Police,-3.072967,53.381751,On or near EDGEFIELD CLOSE,E01007162,Wirral 019C,Unable to prosecute suspect
8e0e822c07c613d45f173f74ff029e2dcedba47bee75b49ac5277fcb074de6dc,2019-02,Merseyside Police,Merseyside Police,-2.984302,53.398282,On or near SPARLING STREET,E01033754,Liverpool 061B,Investigation complete; no suspect identified
b02d151c5d9b520c313006856ee3dc29f8aabbbfe2dc71f7315fc117eb21f6fd,2019-02,Merseyside Police,Merseyside Police,-3.021245,53.487600,On or near Sports/Recreation Area,E01007105,Sefton 025C,Unable to prosecute suspect
4fda0aea3f1ca4dccf95289b2e0fcabe24683716c663af6734680b843bba7210,2019-02,Merseyside Police,Merseyside Police,-2.962975,53.448200,On or near TARNMERE CLOSE,E01006608,Liverpool 009A,Investigation complete; no suspect identified
e56ee90e506f15a66b42ac9521e9fdea8a9e56a2bc934bdc025a4fc80798d7ea,2019-02,Merseyside Police,Merseyside Police,-2.760681,53.440617,On or near LESLIE ROAD,E01006831,St. Helens 016A,Formal action is not in the public interest
67a59f13bf9708544f7650f692acf58de69183510c51bba5532acd6482397cbc,2019-02,Merseyside Police,Merseyside Police,-3.098098,53.385028,On or near TINAS WAY,E01007302,Wirral 018D,Investigation complete; no suspect identified
5e72445be28d28c90a945cc145a64e357f22aedcb3f40650660f82722089a99d,2019-02,Merseyside Police,Merseyside Police,-2.733210,53.451279,On or near Parking Area,E01006832,St. Helens 012A,Offender given penalty notice
731719721f2463ce40ee66d04310d3e98bedaaf6d17a61f99d37dc2b9a071ae9,2019-02,Merseyside Police,Merseyside Police,-2.974618,53.461490,On or near STONE SQUARE,E01007052,Sefton 035E,Action to be taken by another organisation
a8ca6f7068a614c83fcf1f93e7cea432da6a16b50c497ebaa8da606b2c7090c5,2019-02,Merseyside Police,Merseyside Police,-2.984557,53.441885,On or near OLIVIA STREET,E01006963,Sefton 038D,Investigation complete; no suspect identified
68cf785bbc4b812ccfde1458a3d95fff722bff98ee877c0ee51559f003820226,2019-02,Merseyside Police,Merseyside Police,-2.951424,53.433263,On or near HAZELHURST ROAD,E01006544,Liverpool 015C,Investigation complete; no suspect identified
6bff805e00f84f4945584963f7144ef59258a1b0a5776444a2ee0972be2f9b33,2019-02,Merseyside Police,Merseyside Police,-2.947362,53.415758,On or near MALVERN ROAD,E01006694,Liverpool 030B,Suspect charged
6bff805e00f84f4945584963f7144ef59258a1b0a5776444a2ee0972be2f9b33,2019-02,Merseyside Police,Merseyside Police,-2.947362,53.415758,On or near MALVERN ROAD,E01006694,Liverpool 030B,Suspect charged
10d5873424749935a969caf514fdeda1e863c7488194830c8f887d3161e36ec6,2019-02,Merseyside Police,Merseyside Police,-2.838874,53.345028,On or near Supermarket,E01006755,Liverpool 059C,Investigation complete; no suspect identified
8f9cf87987502b00c026f86a003f3330091fd0fb5469569b5cf2436a08edc067,2019-02,Merseyside Police,Merseyside Police,-3.038467,53.386209,On or near EUSTON GROVE,E01007155,Wirral 020A,Unable to prosecute suspect
bb3e3fcd65d41a2efc5696ccb5e75ce598955acc43a7f8850dff58f044adaec4,2019-02,Merseyside Police,Merseyside Police,-3.008369,53.647951,On or near WEST STREET,E01006968,Sefton 004C,Investigation complete; no suspect identified
e2a141de5b9484713ca7aec31ffd4709b206860fd1d64d41849ce3096d8eaf99,2019-02,Merseyside Police,Merseyside Police,-2.793844,53.467943,On or near EAST LANCASHIRE ROAD,E01006825,St. Helens 009D,Investigation complete; no suspect identified
cc6823c4d6fcd3831e9291df2c843061a8c38b0f1c01ec483ca32a031e77c7f7,2019-02,Merseyside Police,Merseyside Police,-3.038397,53.369751,On or near ACREFIELD ROAD,E01007248,Wirral 030A,Action to be taken by another organisation
625baf98b217a623f8587431e610d910b9d17aeea43008910f34fec2036b44d2,2019-02,Merseyside Police,Merseyside Police,-2.958897,53.428898,On or near HOULDING STREET,E01006546,Liverpool 019B,Investigation complete; no suspect identified
23e7a945d17ac6768e9a5e44f02497752e2af98ee6e0e48464afb98471df994a,2019-02,Merseyside Police,Merseyside Police,-2.998358,53.419855,On or near DUBLIN STREET,E01006776,Liverpool 022B,Investigation complete; no suspect identified
09aa021ba9f9992d1c36559e74a871d5eb6f2ff0fea7950b569a2c3ede47d4b5,2019-02,Merseyside Police,Merseyside Police,-2.984718,53.432589,On or near STANLEY ROAD,E01006778,Liverpool 014E,Investigation complete; no suspect identified
6d382d01a5e357d50ddfcdde57c25903d73f744f0cd3caf20b5a9127a087a722,2019-02,Merseyside Police,Merseyside Police,-2.981888,53.405771,On or near Shopping Area,E01033760,Liverpool 060C,Investigation complete; no suspect identified
98c015d3cf9fab59e91a1af4c49de962ef973f0abab7b2f007373b35f87c9fec,2019-02,Merseyside Police,Merseyside Police,-2.974618,53.461490,On or near STONE SQUARE,E01007052,Sefton 035E,Action to be taken by another organisation
f6531548963adae9d3c406258efef40850f4347213c5f72e9dea2debb159efb4,2019-02,Merseyside Police,Merseyside Police,-2.948037,53.396723,On or near RIVER AVON STREET,E01006556,Liverpool 039B,Unable to prosecute suspect
27a8059ea15a6665f611e04a8b632544d99d73aeb897c943fdd05a82ffd6663e,2019-02,Merseyside Police,Merseyside Police,-2.969923,53.398921,On or near BACK CANNING STREET,E01006514,Liverpool 037A,Investigation complete; no suspect identified
93bca9e3b9d9ec9fcae5e43759ff740b10440865ad55bf387ef5b378a62ed205,2019-02,Merseyside Police,Merseyside Police,-2.996245,53.408016,On or near NEW QUAY,E01033753,Liverpool 062C,Investigation complete; no suspect identified
6324ec4b269c987704f3af5b04f8531e4b977e71f0a4492cf8082a429b3d3431,2019-02,Merseyside Police,Merseyside Police,-2.959059,53.424744,On or near RYDAL STREET,E01006563,Liverpool 024B,Unable to prosecute suspect
fa30fcc3d2d4bc112f426c2a7e35ce47ba439cc02bf280454eefea8853e52175,2019-02,Merseyside Police,Merseyside Police,-2.740076,53.450383,On or near LINKWAY WEST,E01006832,St. Helens 012A,Investigation complete; no suspect identified
980c9005f1cccac00f21acd23cfdcbfee29f112b30c5a78a9464d5429f33281c,2019-02,Merseyside Police,Merseyside Police,-3.038467,53.386209,On or near EUSTON GROVE,E01007155,Wirral 020A,Unable to prosecute suspect
efa49aafdd96a2f041aabcbadc47fa550b2f015cf37ec5b12b78a190cc07e692,2019-02,Merseyside Police,Merseyside Police,-2.634587,53.452868,On or near HOPE STREET,E01006864,St. Helens 013B,Unable to prosecute suspect
e84a028d93e70a3c466c09bf28e8d3614997b94d8075ee33ce10a9a15d8bfb94,2019-02,Merseyside Police,Merseyside Police,-2.995472,53.416760,On or near LITTLE HOWARD STREET,E01006776,Liverpool 022B,Unable to prosecute suspect
f52f7ecac5878c2079083d8553ee344f7265568b693d4e5d75bcb4030e3b6a3d,2019-02,Merseyside Police,Merseyside Police,-2.746214,53.464681,On or near PINE AVENUE,E01006915,St. Helens 007B,Investigation complete; no suspect identified
4605665e6384417b7776929c1f38358a111c7ad1ecfa8e0abb30ed963d1e8441,2019-02,Merseyside Police,Merseyside Police,-3.018566,53.382659,On or near HOLBORN HILL,E01007291,Wirral 021D,Unable to prosecute suspect
735117fe57918386993568ab84e7084df6a72736af993776fc6d08f79d9c442e,2019-02,Merseyside Police,Merseyside Police,-3.034563,53.596932,On or near BRIAR ROAD,E01006920,Sefton 011A,Unable to prosecute suspect
778fe71c9f7e42de2e2054f7e99dca796235143be64ec3278b141b36a00e93d9,2019-02,Merseyside Police,Merseyside Police,-2.663640,53.471488,On or near PEACH GROVE,E01006842,St. Helens 005D,Unable to prosecute suspect
2c79462dffd05caafcd153946264c7f46d90b0ddc5d9a6f0d072527f37da1cf5,2019-02,Merseyside Police,Merseyside Police,-3.010591,53.362070,On or near TOWN LANE,E01007178,Wirral 029E,Suspect charged
65a1581f4143ac213dd5092ef501ec869fa9c72881356b5b40483f3af1f775c0,2019-02,Merseyside Police,Merseyside Police,-2.990742,53.452099,On or near STANLEY ROAD,E01006967,Sefton 037A,Investigation complete; no suspect identified
0a1ccbb812c759476b01a0ad1231394b901429f7c2ef2c52b94271fee60aee5e,2019-02,Merseyside Police,Merseyside Police,-2.977695,53.445959,On or near HILLHEAD ROAD,E01006962,Sefton 038C,Action to be taken by another organisation
b158786b53bb7916e53c3208371ba0b5b65d21bee6159d79d455c8da2987852e,2019-02,Merseyside Police,Merseyside Police,-2.913262,53.365632,On or near VILLA GLORIA CLOSE,E01006685,Liverpool 056C,Unable to prosecute suspect
d79ef98bad842b203786af587195e4bf4ab54e6d2f5e0994d4b9a06ba37591fe,2019-02,Merseyside Police,Merseyside Police,-3.010951,53.367775,On or near SPENSER AVENUE,E01007176,Wirral 029C,Further investigation is not in the public interest
6db4307f8755b7e28bf4350ebb04dad22d9be2b6e924ca45ca4de1f3e9e5e54f,2019-02,Merseyside Police,Merseyside Police,-2.663640,53.471488,On or near PEACH GROVE,E01006842,St. Helens 005D,Unable to prosecute suspect
0461d31bc3b43dea218ed12363f5f5767973170dd7ac7ca66d1dd26afa746a4f,2019-02,Merseyside Police,Merseyside Police,-2.990791,53.403765,On or near Parking Area,E01033756,Liverpool 061C,Unable to prosecute suspect
8d4c0ff5ed85500d8cedd6fb27763d64891fe97c2da29fa9544a96c2924d9392,2019-02,Merseyside Police,Merseyside Police,-2.945487,53.420124,On or near STRATHMORE ROAD,E01006760,Liverpool 028E,Unable to prosecute suspect
1df0094bb200cff180bc6f48ad1253cbebebe696c9b6e64fdde4f986b66dffd2,2019-02,Merseyside Police,Merseyside Police,-2.714673,53.450367,On or near SURREY STREET,E01006874,St. Helens 014E,Investigation complete; no suspect identified
f0e1ad8b0017f30bb6581b9ecd6557898a01aa30317aa0b69eefd21d2d5a5e57,2019-02,Merseyside Police,Merseyside Police,-3.031906,53.393421,On or near KNOWLES STREET,E01007127,Wirral 016B,Investigation complete; no suspect identified
13bd24321f128c9aba0befba06299a7767d3ce2e8597c65be574c526cabf5326,2019-02,Merseyside Police,Merseyside Police,-3.003919,53.362072,On or near LARKIN CLOSE,E01007139,Wirral 031C,Unable to prosecute suspect
1ae6fc289a09dfc6b9e577de3894c834493e64d9af312bcea734f64d7478b4a8,2019-02,Merseyside Police,Merseyside Police,-2.737942,53.449794,On or near Supermarket,E01006832,St. Helens 012A,Unable to prosecute suspect
72875d9618da63527e960d729ab49153b5e8beaee0541374ef1392abddbdd3d8,2019-02,Merseyside Police,Merseyside Police,-2.917137,53.388605,On or near CALTON AVENUE,E01006553,Liverpool 042A,Investigation complete; no suspect identified
bc9cb75133ed3058008a0ebffee4e0ddd0650807f28991a1d152d8de21df946a,2019-02,Merseyside Police,Merseyside Police,-2.916578,53.445824,On or near CARR LANE,E01006598,Liverpool 010A,Investigation complete; no suspect identified
04a115eb3cba5f65b0949da5072637997399fd7731b496c26c11aac8ab936ebf,2019-02,Merseyside Police,Merseyside Police,-2.970551,53.445649,On or near OLNEY STREET,E01006705,Liverpool 009E,Investigation complete; no suspect identified
22e23301a669a617044bbef33ce2805a157d035a7d46fd3a521cf08d201a1ef6,2019-02,Merseyside Police,Merseyside Police,-3.084491,53.419922,On or near Sports/Recreation Area,E01007210,Wirral 006C,Suspect charged
65fb0cb354c5c15948f8e830abf76cec1f75582b24fba6b8843b15616161ae84,2019-02,Merseyside Police,Merseyside Police,-2.876089,53.435485,On or near BARON'S HEY,E01006644,Liverpool 017D,Investigation complete; no suspect identified
58d6b01af9a42a7e47902647de4519fc42b97ce61a6bccc5b0afc4540ced063e,2019-02,Merseyside Police,Merseyside Police,-2.993396,53.485156,On or near ST MICHAEL'S GROVE,E01007089,Sefton 024E,Investigation complete; no suspect identified
f6dacd7f9b715d1ff507529d95796b3dbb01b626694ec7572a89b5ca4a2841da,2019-02,Merseyside Police,Merseyside Police,-2.746070,53.453060,On or near CASTELL GROVE,E01006877,St. Helens 012C,Unable to prosecute suspect
ae78a6555628a2e1cbba3c1ecc1f732435cf889526a41067c6c29aa053dc353e,2019-02,Merseyside Police,Merseyside Police,-2.688618,53.452866,On or near MERSEY STREET,E01006820,St. Helens 011B,Investigation complete; no suspect identified
02bdf725f58678cf54449158c7a0fb9fb013ca7141b3604fe2634837cc2d1b96,2019-02,Merseyside Police,Merseyside Police,-2.950196,53.405210,On or near THORBURN STREET,E01033763,Liverpool 031G,Investigation complete; no suspect identified
5f09c1f479fb016790e6f58bb4a8a62c5a73be9573a2dfd4225ae080aed66caa,2019-02,Merseyside Police,Merseyside Police,-2.895593,53.347186,On or near CHESTERTON STREET,E01006740,Liverpool 057A,Investigation complete; no suspect identified
ed9cb5c9c241ca7c1df170482e1d4fd0654fdd832f18d82743572cf9741b9600,2019-02,Merseyside Police,Merseyside Police,-2.860386,53.417468,On or near BARNWOOD ROAD,E01006450,Knowsley 012B,Unable to prosecute suspect
f8d39da0d63981d40cb7a39a50a1f32bc635841af0cf5a63ee2fd139d04a73b6,2019-02,Merseyside Police,Merseyside Police,-2.737942,53.449794,On or near Supermarket,E01006832,St. Helens 012A,Investigation complete; no suspect identified
441c6e336c0d2a4e754deae0b3c4669e00fcca8af1574eb647b55c80d268afef,2019-02,Merseyside Police,Merseyside Police,-2.711217,53.492274,On or near GREENFIELD VIEW,E01006806,St. Helens 002C,Investigation complete; no suspect identified
aff61c1357efe62c4bb56d68642586c2d4fd8f272d41d24e77be9ab8f10f7234,2019-02,Merseyside Police,Merseyside Police,-2.845862,53.421806,On or near CARTMEL ROAD,E01006442,Knowsley 010B,Unable to prosecute suspect
81d408d160612828fb26592adcfed199ecd601f990c764c84a1e02e6d5f53d4f,2019-02,Merseyside Police,Merseyside Police,-2.865492,53.373260,On or near WOOLTON STREET,E01006533,Liverpool 055C,Investigation complete; no suspect identified
dda15c7390ae2cfb3894b08f54aeb0ac8d082dc468d1aac151549c6346b05e4c,2019-02,Merseyside Police,Merseyside Police,-2.943063,53.416655,On or near HAMPSTEAD ROAD,E01006695,Liverpool 028C,Action to be taken by another organisation
8e99bf6872df6244aeba1d0cdbe7f3ccf527bbfb28ea04857494b4c7b5685c29,2019-02,Merseyside Police,Merseyside Police,-3.129098,53.395148,On or near THORNLEY ROAD,E01007224,Wirral 017A,Investigation complete; no suspect identified
33bcc3ee2d61b34e41c842f39b6617d33e84353fa96ac33cbf83faa619945d06,2019-02,Merseyside Police,Merseyside Police,-2.978382,53.422106,On or near GREAT HOMER STREET,E01006648,Liverpool 023D,Investigation complete; no suspect identified
dfcc5be8dd7ce193e5c5f13b1e8c8617d8207c5dffab0fd70dd3f92da6eb9b08,2019-02,Merseyside Police,Merseyside Police,-3.125456,53.395605,On or near THE PADDOCK,E01007224,Wirral 017A,Investigation complete; no suspect identified
277c7cb3907044f66d1d9905b5c61307cbc2639339be2b6692c0b780a85cb574,2019-02,Merseyside Police,Merseyside Police,-2.947362,53.415758,On or near MALVERN ROAD,E01006694,Liverpool 030B,Offender given a drugs possession warning
182bbfe7611185b7b7b65a7f7fa84bb44d6c35e62123fee21789f7052331d326,2019-02,Merseyside Police,Merseyside Police,-2.978382,53.422106,On or near GREAT HOMER STREET,E01006648,Liverpool 023D,Investigation complete; no suspect identified
b081969a16fdf0cba39d287bf933cf3f77f78e5a261eb4ec0a30c49cef1289d3,2019-02,Merseyside Police,Merseyside Police,-3.034647,53.399177,On or near MADDOCK STREET,E01007133,Wirral 016E,Investigation complete; no suspect identified
002c58e09bf777d5fead4a991bdc143775488514246c54105b0f81fb710fed68,2019-02,Merseyside Police,Merseyside Police,-2.919082,53.422343,On or near NORTHGATE ROAD,E01006717,Liverpool 027D,Investigation complete; no suspect identified
a80acd4aeff2a0323a43c66d8a3e92c25def2f45fc064bcc6b49f95b3d72d0cb,2019-02,Merseyside Police,Merseyside Police,-2.947134,53.392650,On or near LIME GROVE,E01006552,Liverpool 039A,Investigation complete; no suspect identified
99e0a388a2d7315b783bf6395e86821636769f0ec16be91bca41e8a3a102fdf9,2019-02,Merseyside Police,Merseyside Police,-2.995131,53.456260,On or near HORNBY ROAD,E01007006,Sefton 036C,Unable to prosecute suspect
e54bae6d4033c0469d1e87e38dd1ad03e5537ed01cfca8b3878f8012b85748a9,2019-02,Merseyside Police,Merseyside Police,-2.928234,53.441095,On or near Supermarket,E01033759,Liverpool 010F,Unable to prosecute suspect
ee1ef12a833f8e8715b5922e6112be44690d900cf40a289fe404578edecd7f8c,2019-02,Merseyside Police,Merseyside Police,-2.845862,53.421806,On or near CARTMEL ROAD,E01006442,Knowsley 010B,Investigation complete; no suspect identified
da952740e1b545c671966199d7605666f128df2018bc9b1db221914965ee870b,2019-02,Merseyside Police,Merseyside Police,-2.875641,53.476675,On or near CLIEVES ROAD,E01006434,Knowsley 005C,Unable to prosecute suspect
7d5ef1bdc6747b3e115f3705c2d8b99e7f29d03bc1c1875156e3a77da7ad1805,2019-02,Merseyside Police,Merseyside Police,-3.059878,53.548234,On or near ASHCROFT ROAD,E01007077,Sefton 016C,Unable to prosecute suspect
9dfaf18191dd5803cb4f66e18b24f13f8e11fb1a2b35227572c6d55d8ba8a131,2019-02,Merseyside Police,Merseyside Police,-2.877136,53.402281,On or near WOODBANK CLOSE,E01006774,Liverpool 036E,Investigation complete; no suspect identified
7a76ec5a7cc0e38451e14b7871068aeaecff2c0ca80fefe869fb0baa7ac97673,2019-02,Merseyside Police,Merseyside Police,-3.111084,53.401591,On or near OAKENHOLT ROAD,E01007208,Wirral 012A,Investigation complete; no suspect identified
b98cfcb0777c2d62c8b23379b14916bc9ced65d0699be9665e41c0fd8f05e526,2019-02,Merseyside Police,Merseyside Police,-2.755405,53.450412,On or near BRIDGEMAN STREET,E01006834,St. Helens 012B,Investigation complete; no suspect identified
9f2f02af454d9c9e02924f0bb79bfeb39e1508020a794bf321f801f02fe53b11,2019-02,Merseyside Police,Merseyside Police,-3.183775,53.391724,On or near THE KING'S GAP,E01007193,Wirral 014A,Suspect charged
6f5a0ec29d2132a340a777a61d967e124f4843fc5beb1d43998da0cc18cd6bd0,2019-02,Merseyside Police,Merseyside Police,-2.976571,53.402192,On or near ROSCOE PLACE,E01033761,Liverpool 060D,Suspect charged
f8ccc7806fb42728ea5d44b69b2c5170281b826be1abc4eef017de1953d27b04,2019-02,Merseyside Police,Merseyside Police,-2.978599,53.409277,On or near LIME STREET,E01033760,Liverpool 060C,Investigation complete; no suspect identified
205d4b3f119d12da07900ee68e4a1e6e307e5ea471e69d2b08183fbd847d9f47,2019-02,Merseyside Police,Merseyside Police,-2.963642,53.414442,On or near CHURTON COURT,E01006647,Liverpool 024C,Investigation complete; no suspect identified
eb2458f851eb31b56905ddfd6e7ef2a382f04b51137fbb4e5895dfa10d294083,2019-02,Merseyside Police,Merseyside Police,-2.997564,53.645884,On or near Parking Area,E01006969,Sefton 004D,Further investigation is not in the public interest
fa0cf02eddbe4ac6d8b2a5c5fa81fee5d66f8d1bb4b3f9d33f54aa3597d9dd23,2019-02,Merseyside Police,Merseyside Police,-2.853226,53.453610,On or near Sports/Recreation Area,E01006439,Knowsley 005F,Investigation complete; no suspect identified
5c70b4305d6b00b6f1f472ef822a87165b6a5054a99added1e9e8de2852e4ab6,2019-02,Merseyside Police,Merseyside Police,-2.893834,53.459767,On or near SILVERWELL WALK,E01006661,Liverpool 004A,Investigation complete; no suspect identified
538bd4584648d2171db371c542808a789534468ba9ab920dd9375bbf59a6d159,2019-02,Merseyside Police,Merseyside Police,-3.083491,53.372298,On or near HOME FARM ROAD,E01007249,Wirral 025A,Suspect charged
7094aac43d56de4d97706b54ae8501097b83137dd5bbe5a628d6a45f3ebffc01,2019-02,Merseyside Police,Merseyside Police,-2.989645,53.476162,On or near KIRKSTONE ROAD NORTH,E01006984,Sefton 031E,Unable to prosecute suspect
f980243f8bcf407b9ddf8bdb95b84dcc6d4a76e6b8a6e280608da39d8ab32042,2019-02,Merseyside Police,Merseyside Police,-3.057241,53.519341,On or near BLUNDELL ROAD,E01007027,Sefton 021D,Investigation complete; no suspect identified
cb63498a1db07ce2a41233c537a6b276130ab1cf21688a170a7faf9475503982,2019-02,Merseyside Police,Merseyside Police,-2.919791,53.388953,On or near BLENHEIM ROAD,E01006553,Liverpool 042A,Investigation complete; no suspect identified
e92276c211e88eb976f7e359dcb4fc0f6bc9d17c907a58aa7fd1bb82112130c1,2019-02,Merseyside Police,Merseyside Police,-2.980079,53.403000,On or near FLEET STREET,E01033756,Liverpool 061C,Investigation complete; no suspect identified
fd544a0fa5278e08b144fe0d9f4a766e128e235b8b5017d05265d357930c4053,2019-02,Merseyside Police,Merseyside Police,-3.022999,53.497248,On or near LONGFIELD AVENUE,E01007022,Sefton 021B,Unable to prosecute suspect
82ca3ea1c8edd96854a26cb0679612d09208909ba4f90958d7d67b2040ee8dff,2019-02,Merseyside Police,Merseyside Police,-2.730534,53.456823,On or near ALFRED STREET,E01006870,St. Helens 014B,Investigation complete; no suspect identified
ffcd2b4e4f4c64c0b03af80973d05bb7427ce7176e2e6912e58e2fc1402bb685,2019-02,Merseyside Police,Merseyside Police,-2.868136,53.424927,On or near FINCHAM SQUARE,E01006467,Knowsley 008B,Unable to prosecute suspect
51246879a69c1d2144ad44f960b7974cf766ebab3dc60c45c1369893e73f45ae,2019-02,Merseyside Police,Merseyside Police,-3.050054,53.393299,On or near PARK ROAD WEST,E01007156,Wirral 015B,Investigation complete; no suspect identified
9eb6ca67f353928840bdee73e0a238702fc1bdbe70da4a45e02ae7a6fe4c09ae,2019-02,Merseyside Police,Merseyside Police,-3.006958,53.462822,On or near MAPLE CLOSE,E01007011,Sefton 034C,Offender given a drugs possession warning
7e1d008cd3745366cc3ef1fb7c984d9fb92432676f1b81df218f647b269f8a0d,2019-02,Merseyside Police,Merseyside Police,-2.916578,53.445824,On or near CARR LANE,E01006598,Liverpool 010A,Investigation complete; no suspect identified
aa14576851ace69ca96d961193734a4da0eddc8aa213ff384b27f34c3eaccd5f,2019-02,Merseyside Police,Merseyside Police,-2.623660,53.448090,On or near Supermarket,E01006857,St. Helens 015B,Suspect charged
963cec044ee4e3139ff83a3e13ce3465dec9d73ed736dd0c5c31b82e1ecd1ee8,2019-02,Merseyside Police,Merseyside Police,-2.985267,53.649222,On or near HARTWOOD ROAD,E01007064,Sefton 006E,Investigation complete; no suspect identified
9d4fa4702f5088aa40dfa6d092f6a99eb04c8482600c8f63b6f5405b27fc3f78,2019-02,Merseyside Police,Merseyside Police,-2.719985,53.474244,On or near HAWES AVENUE,E01006850,St. Helens 004B,Investigation complete; no suspect identified
cc7166446299c3a2bc5cf003e272a628e79c3eecfddc789a67493f5d43108786,2019-02,Merseyside Police,Merseyside Police,-2.918696,53.470023,On or near Petrol Station,E01006510,Knowsley 004F,Investigation complete; no suspect identified
2cf189f63637f4ac45b47574d04a217c4c55cfad70a62db6e3358f3bf14fe6a7,2019-02,Merseyside Police,Merseyside Police,-2.851475,53.428571,On or near SPRINGFIELD CRESCENT,E01006441,Knowsley 006D,Investigation complete; no suspect identified
73369944a2102de3d550b4e3c950aa4a52924672e4d313dad3f9c0a81f06d681,2019-02,Merseyside Police,Merseyside Police,-2.963642,53.414442,On or near CHURTON COURT,E01006647,Liverpool 024C,Investigation complete; no suspect identified
51cf8b1a70c4f49cda18c4f235177e869da5dfebdec8b1fe5835720cee486d7a,2019-02,Merseyside Police,Merseyside Police,-2.843794,53.414648,On or near CASSINO ROAD,E01006443,Knowsley 010C,Investigation complete; no suspect identified
a8722f8b7148822afe2cc30e2aca633cb84ec221976210bec189461f048d4183,2019-02,Merseyside Police,Merseyside Police,-2.918168,53.423924,On or near QUARRY ROAD,E01006768,Liverpool 020F,Unable to prosecute suspect
9c87de86b61e7836bdcbd88bf3464808fe731cbc39faa31a1ba45d8475d69d7b,2019-02,Merseyside Police,Merseyside Police,-2.949054,53.397830,On or near YANWATH STREET,E01006556,Liverpool 039B,Investigation complete; no suspect identified
2aa4f8feaf470b0f73eb1d975af9c3cd0f94eec8d8969ddcf023a28ff17ec7c8,2019-02,Merseyside Police,Merseyside Police,-2.949436,53.394753,On or near LODGE LANE,E01006674,Liverpool 039C,Unable to prosecute suspect
366e40d0b3769d327b5a2333c3a54bc8b2ca233947a58f0d6a1d137684018e63,2019-02,Merseyside Police,Merseyside Police,-3.081556,53.396757,On or near FARMFIELD DRIVE,E01007124,Wirral 011E,Suspect charged
0328e6cffb36a5071374958f0ba74e8d869b5f472eb367786e3ab1246c788cb1,2019-02,Merseyside Police,Merseyside Police,-2.911986,53.372006,On or near LISMORE ROAD,E01006680,Liverpool 053B,Action to be taken by another organisation
87a61aa3ea45ab78bd079148127e594763a0e8ff0e70c538ddf463fbbe81654e,2019-02,Merseyside Police,Merseyside Police,-3.002177,53.650960,On or near Shopping Area,E01033097,Sefton 004G,Investigation complete; no suspect identified
29046322ecb3d81ca9b7164c3d829a3fc5df4f16f72aeeb08c07029577f3fdd1,2019-02,Merseyside Police,Merseyside Police,-2.874138,53.470259,On or near BAINTON ROAD,E01006416,Knowsley 005A,Investigation complete; no suspect identified
ee26b5e0744f4f02c6523e9905d35831f0f0b2cfb58f37beac78be6f6ab1cdd8,2019-02,Merseyside Police,Merseyside Police,-2.927020,53.453815,On or near SPARROW HALL CLOSE,E01006735,Liverpool 005D,Unable to prosecute suspect
84bb3cc43027ed8faf6394c01f70619332fc6ea4a02436bf67ee7e81f49073ab,2019-02,Merseyside Police,Merseyside Police,-2.891861,53.344724,On or near BLACKBURNE STREET,E01006738,Liverpool 058A,Investigation complete; no suspect identified
26935fa7093b1d4d00e8539bdf43fbfea44cf84798c0de331e40c33b3e4bf5a9,2019-02,Merseyside Police,Merseyside Police,-3.099752,53.404843,On or near AVONDALE AVENUE,E01007206,Wirral 009B,Suspect charged
1ebd3089d735f0bd6aeed7a1c5b8ce11e5cd5c022a072bb5db1cd187c41c1ed8,2019-02,Merseyside Police,Merseyside Police,-2.907508,53.406728,On or near INSALL ROAD,E01006585,Liverpool 032B,Unable to prosecute suspect
3a5cfb91e1257aca262abf25983fba33d2d15c6dbea3085c50f1f7c9488b7f38,2019-02,Merseyside Police,Merseyside Police,-2.866965,53.423587,On or near FINCHAM ROAD,E01033228,Knowsley 008F,Unable to prosecute suspect
30b3496326d37f9f44285fd9c0c4a2d934438b0a91084b763f80fe51dc9a1c32,2019-02,Merseyside Police,Merseyside Police,-2.970424,53.389856,On or near PARK ROAD,E01006518,Liverpool 044A,Suspect charged
a86da30c1085f2a046e5c78b43c61537df43437627e85b1ec310d086049e67ff,2019-02,Merseyside Police,Merseyside Police,-2.905348,53.430377,On or near TOWN ROW,E01006619,Liverpool 021B,Suspect charged
c91f725a567c1e0ba1da07d91bc2b718827adcad8354dd80ea917408137cdd3c,2019-02,Merseyside Police,Merseyside Police,-2.956211,53.507688,On or near OLD RACECOURSE ROAD,E01007071,Sefton 020C,Investigation complete; no suspect identified
2eb57779a63d878f657dc24dc0e58c8db748255c5d7af2d7a65d0df5f723505c,2019-02,Merseyside Police,Merseyside Police,-3.023591,53.475508,On or near BACK SOUTH ROAD,E01006956,Sefton 030B,Investigation complete; no suspect identified
3fe06d69c392cd73dd80628fcc153eedfafc325529d65fee86e396604faa497a,2019-02,Merseyside Police,Merseyside Police,-2.928234,53.441095,On or near Supermarket,E01033759,Liverpool 010F,Unable to prosecute suspect
42ca882cfd122677cfaa6941d047ac1d55a166c44b0669efc009e4435a790d96,2019-02,Merseyside Police,Merseyside Police,-2.891861,53.344724,On or near BLACKBURNE STREET,E01006738,Liverpool 058A,Investigation complete; no suspect identified
f41d71cb3a3940a7ac452f591ded178b11ac8b102d5930ddf186e3bd30b8580c,2019-02,Merseyside Police,Merseyside Police,-3.097995,53.383348,On or near RAKE LANE,E01007302,Wirral 018D,Unable to prosecute suspect
76dafc82f82f08b230618ca2d258b2896b61dcb40e0ff3bd6eaee27664d48702,2019-02,Merseyside Police,Merseyside Police,-2.975341,53.429295,On or near DEVONSHIRE PLACE,E01006560,Liverpool 023A,Investigation complete; no suspect identified
fd2082310e72adf4ec89305104262ef04182a3561ff8e2c7aaa21faa1a3b4110,2019-02,Merseyside Police,Merseyside Police,-2.859356,53.390995,On or near Shopping Area,E01006771,Liverpool 040D,Investigation complete; no suspect identified
771aa006c4a89a9151afeb083386186e5de99aa3b0705a3232e182b2e8876633,2019-02,Merseyside Police,Merseyside Police,-2.978382,53.422106,On or near GREAT HOMER STREET,E01006648,Liverpool 023D,Investigation complete; no suspect identified
793cd0592db1840f2c73aded872c391156aeda9f4692fb024b7c5438548ab2bf,2019-02,Merseyside Police,Merseyside Police,-2.891861,53.344724,On or near BLACKBURNE STREET,E01006738,Liverpool 058A,Investigation complete; no suspect identified
f1da4f9262b10d3bcc80265f5aad17365642e76a1ba7b251e27e038ec245a0f0,2019-02,Merseyside Police,Merseyside Police,-2.947487,53.407182,On or near OLD COLLEGE PLACE,E01033763,Liverpool 031G,Offender given a drugs possession warning
e374a81be7eeb432efee668594e1e4c181420f235febdbabfb31f10ca6f41c78,2019-02,Merseyside Police,Merseyside Police,-2.700811,53.453514,On or near EDMONDSON STREET,E01006821,St. Helens 011C,Unable to prosecute suspect
a901878010c54581f67d431100aa1452d8380d3439dcd9fbc83bfa5ae207c593,2019-02,Merseyside Police,Merseyside Police,-3.006545,53.464497,On or near SEAFORTH VALE WEST,E01007011,Sefton 034C,Investigation complete; no suspect identified
83b54cbe12d83f83fb38e0dd46bf99931894935bf9ddea30e4b23dd6ccb1198b,2019-02,Merseyside Police,Merseyside Police,-2.986432,53.509142,On or near WINGFIELD CLOSE,E01007038,Sefton 021F,Unable to prosecute suspect
824b46443350e9fc4d24df4122d25157a84c9d06279615a68dbc413e1465b94d,2019-02,Merseyside Police,Merseyside Police,-2.765268,53.416058,On or near Supermarket,E01006893,St. Helens 021C,Local resolution
a6fbf7d596bcbfca8f18840b87c584c57e95b5ef255fc8153aec6b08386d8822,2019-02,Merseyside Police,Merseyside Police,-2.673497,53.487954,On or near SCHOOL LANE,E01006803,St. Helens 003A,Unable to prosecute suspect
a684d5b9be0728afe49262d97c117f7c31e639ffcfbb8621360ae37eb7320221,2019-02,Merseyside Police,Merseyside Police,-2.987014,53.405648,On or near Shopping Area,E01033760,Liverpool 060C,Investigation complete; no suspect identified
854c3ba1ee2c8d9f1af5c9c249212b4bf244703fda43cc8fe20830e77835d87f,2019-02,Merseyside Police,Merseyside Police,-2.932230,53.447599,On or near HARTLAND ROAD,E01006730,Liverpool 011C,Unable to prosecute suspect
1cebad6c5ed91a61e5b4179ce66399e61cfead524f6c063d5d0c0e3721051e15,2019-02,Merseyside Police,Merseyside Police,-2.709734,53.500013,On or near ASH GROVE CRESCENT,E01006802,St. Helens 002A,Unable to prosecute suspect
9f5103c162ce51630f9c5f5fcf05b149615ac88011fd10e11188d3e90ac6d57a,2019-02,Merseyside Police,Merseyside Police,-2.970824,53.443723,On or near KNOWSLEY STREET,E01006698,Liverpool 012D,Investigation complete; no suspect identified
3ab745970455b20a0f9876d5eed62ec5c77ce430fac8dbc28eb1d49b8678799c,2019-02,Merseyside Police,Merseyside Police,-2.897976,53.354782,On or near WOOD STREET,E01006745,Liverpool 057D,Unable to prosecute suspect
c89beb10b0b563b9fad31e2da8ab6a9fa81157988401836db063c53ff27ed056,2019-02,Merseyside Police,Merseyside Police,-2.957150,53.388012,On or near DEVONSHIRE ROAD,E01006675,Liverpool 043C,Investigation complete; no suspect identified
ad1d176515b5afa8efa2dfe3b77f7126f81153e10fc7bde92a5ee98ce8949207,2019-02,Merseyside Police,Merseyside Police,-2.836484,53.423166,On or near Sports/Recreation Area,E01006445,Knowsley 010E,Investigation complete; no suspect identified
6262b554cec0bfb4bc1e6655ac4746e4eeeb2e962a8ea2eb8e4778dce8336abd,2019-02,Merseyside Police,Merseyside Police,-3.022999,53.497248,On or near LONGFIELD AVENUE,E01007022,Sefton 021B,Unable to prosecute suspect
d57ad7c1b8441082cebb03e46890f269c716f4bcf1bba5801a7b32bc6edb1390,2019-02,Merseyside Police,Merseyside Police,-3.015401,53.367198,On or near FARLOW ROAD,E01007175,Wirral 027A,Unable to prosecute suspect
cfed3e2b1df2441e5cfd2b04d66bf06dabeacfb2d44b68d878f7cbbcdc820206,2019-02,Merseyside Police,Merseyside Police,-2.732822,53.414796,On or near BURNS ROAD,E01006910,St. Helens 022E,Investigation complete; no suspect identified
d3063002039da8e0248a6d12745e84b2c5e1f1250507c01c3f628b1273f47118,2019-02,Merseyside Police,Merseyside Police,-2.974964,53.400336,On or near KNIGHT STREET,E01006513,Liverpool 060A,Investigation complete; no suspect identified
704f7c159bc4dd9bf602c76e6d882e86f511a891925c3bdecf80494971879664,2019-02,Merseyside Police,Merseyside Police,-2.850465,53.391553,On or near AUROREAN CLOSE,E01006771,Liverpool 040D,Investigation complete; no suspect identified
dc4d97cf574b00e4fbf1356c1e8ac6b9fdc76d1d3d6f20ab985ca23591b7d7a0,2019-02,Merseyside Police,Merseyside Police,-2.962233,53.389383,On or near LOTHIAN STREET,E01006677,Liverpool 043D,Unable to prosecute suspect
4ff3a60f769dd5de5fadee0c26b27bf062f87fa09673f7863439bd96141571b7,2019-02,Merseyside Police,Merseyside Police,-2.975940,53.408804,On or near BRIDPORT STREET,E01033758,Liverpool 060B,Investigation complete; no suspect identified
5dd73fee52f275a172adf09c6d2892435d9b58eac68dbaf07e1099bce280da09,2019-02,Merseyside Police,Merseyside Police,-2.945246,53.523119,On or near SAVILLE ROAD,E01007101,Sefton 017E,Investigation complete; no suspect identified
f6068bfb9fb609f6e73e23c9919737d18765c3c0f24ae071c232dea2c39d1fab,2019-02,Merseyside Police,Merseyside Police,-3.010476,53.468257,On or near SANDY LANE,E01006952,Sefton 032A,Suspect charged
0c8a907bc8910c7806a6c36225a2dd656d4b61ca2fdcb8fd3d0ca0a03547ac3c,2019-02,Merseyside Police,Merseyside Police,-2.909288,53.416827,On or near EASTCLIFFE ROAD,E01006712,Liverpool 029D,Suspect charged
a97d22d5353dad70cd74eed763c194253328073b2c922be145cdb5d2a4e49773,2019-02,Merseyside Police,Merseyside Police,-3.071381,53.405415,On or near TREETOPS DRIVE,E01007121,Wirral 011B,Investigation complete; no suspect identified
e13cdf9e3c5a56578aeeee7653a1414aa2e0559ef1cdc909e92eeede9479e824,2019-02,Merseyside Police,Merseyside Police,-2.907754,53.418969,On or near ALDER ROAD,E01006719,Liverpool 027F,Investigation complete; no suspect identified
2dd707559be61cad72fc302ec4a12d3792d75ab26a6d0b346e218d35d75af962,2019-02,Merseyside Police,Merseyside Police,-2.966867,53.451153,On or near Hospital,E01006791,Liverpool 006D,Suspect charged
af272d75a389904e6b40a8241ed79a03f1e83d90d834efb08e6f02e3ccbd27ce,2019-02,Merseyside Police,Merseyside Police,-2.799326,53.431008,On or near CARLTON STREET,E01006466,Knowsley 007E,Unable to prosecute suspect
d42a43e8ee8eb3a18f34d8ba06de3db5d64e3db9a297e1ff11fba91ebe40851c,2019-02,Merseyside Police,Merseyside Police,-3.013027,53.636541,On or near YORK GARDENS,E01006972,Sefton 009D,Unable to prosecute suspect
d7a6f8f7d3979244cf91845f399723d8471edc672dce85e549e476f81e075827,2019-02,Merseyside Police,Merseyside Police,-3.086296,53.373837,On or near CALDWELL DRIVE,E01007249,Wirral 025A,Investigation complete; no suspect identified
b654ed3fd45a14d684f0bf40f5b36a280708e3e03e0e00326289ec33c9de2eaa,2019-02,Merseyside Police,Merseyside Police,-2.712395,53.443827,On or near BENTINCK STREET,E01006845,St. Helens 014A,Investigation complete; no suspect identified
db860d3362f5fda77d33eb1075f195aabd5ec5e0dfb649836fe08df5fcba9d59,2019-02,Merseyside Police,Merseyside Police,-2.799326,53.431008,On or near CARLTON STREET,E01006466,Knowsley 007E,Unable to prosecute suspect
4bc764057d2c054badac96e8aa3bdf90d6b5b6df7215faf56587300495b90a0a,2019-02,Merseyside Police,Merseyside Police,-2.941790,53.396503,On or near RICHARDSON STREET,E01006720,Liverpool 035A,Unable to prosecute suspect
6f4c99cc53cfc4e5f221751ced35239256d2913c61a2d28fe86d3423a7b0c2a9,2019-02,Merseyside Police,Merseyside Police,-2.962918,53.417692,On or near RESERVOIR STREET,E01006647,Liverpool 024C,Unable to prosecute suspect
6820e6d84d344d0ecaca979cc1f7e37e0f9897717e628621197ba2c768a9a6c1,2019-02,Merseyside Police,Merseyside Police,-2.954948,53.411878,On or near SMOLLETT STREET,E01006746,Liverpool 030E,Investigation complete; no suspect identified
d03b3ee16f442840c2d5c527236fb6138d3eeb4839f772b3d514c8f37fb1ca6b,2019-02,Merseyside Police,Merseyside Police,-2.954948,53.411878,On or near SMOLLETT STREET,E01006746,Liverpool 030E,Investigation complete; no suspect identified
04f63cbabbfb997c0b55431e431140bf73015fbafeef5b1d4abc3a239c6d03fb,2019-02,Merseyside Police,Merseyside Police,-2.634719,53.473847,On or near LODGE LANE,E01006836,St. Helens 005A,Investigation complete; no suspect identified
2ac26a3996bf6e06944ce17c52a09f5357b3c77b09d3c8652097d508d4890304,2019-02,Merseyside Police,Merseyside Police,-2.805238,53.426078,On or near YATES' COURT,E01006463,Knowsley 007C,Investigation complete; no suspect identified
bcb20bf4841fa19994cb7c225767c464e8bb0178e7bcca9dc47dbc0e9f2d84ac,2019-02,Merseyside Police,Merseyside Police,-2.911072,53.361595,On or near COBBLESTONE CORNER,E01006685,Liverpool 056C,Further investigation is not in the public interest
1a0224ccf85bd99faeca3f39c7a4d0ebff034dc48096a3298363a4260dfc75dc,2019-02,Merseyside Police,Merseyside Police,-2.906207,53.395053,On or near CRONDALL GROVE,E01006589,Liverpool 041B,Suspect charged
6911bd847ec4fc09c859e6bc87ffc49a70a02f4bea6af0d01138f2b9daea9ff0,2019-02,Merseyside Police,Merseyside Police,-2.966867,53.451153,On or near Hospital,E01006791,Liverpool 006D,Suspect charged
9098b1b87bc24a038c2ca8c93aeae08bfdaae29aaa8dae4f66930e2d43c94112,2019-02,Merseyside Police,Merseyside Police,-2.959992,53.462813,On or near WALTON VALE,E01006782,Liverpool 003B,Investigation complete; no suspect identified
a6cabf04954913be80120a6ba6fdf8d32056046d509f567d6f6fcda4805af8ef,2019-02,Merseyside Police,Merseyside Police,-3.113838,53.378050,On or near GORDON COURT,E01007267,Wirral 023E,Investigation complete; no suspect identified
ddc7e47203c896ca4a7815c48c8160d2c71c739a819ebdbf30248f72a71e4db5,2019-02,Merseyside Police,Merseyside Police,-2.911815,53.466687,On or near CHESHIRE AVENUE,E01006506,Knowsley 004B,Unable to prosecute suspect
1d0e82211cdb435f203e0705943da58b38159f315530a1d096b50c2ea0c9237f,2019-02,Merseyside Police,Merseyside Police,-2.932230,53.447599,On or near HARTLAND ROAD,E01006730,Liverpool 011C,Unable to prosecute suspect
5b3e97117db7d3026fe14399fd6d8327c45ab4581d5a838b2730dc2f3ff3d3b2,2019-02,Merseyside Police,Merseyside Police,-2.753420,53.450542,On or near BOUNDARY ROAD,E01006834,St. Helens 012B,Investigation complete; no suspect identified
5f0f6f8dc3e6f58e1bc7a077b0a2c109e756643f496d5699669b31d679a5e684,2019-02,Merseyside Police,Merseyside Police,-2.842530,53.415385,On or near GORT ROAD,E01006443,Knowsley 010C,Unable to prosecute suspect
76581fa0e9a35f4ddc21105c8bbf52ccc009a737ae4cb946d717c25abf849789,2019-02,Merseyside Police,Merseyside Police,-2.717102,53.419413,On or near BROCK HALL CLOSE,E01006908,St. Helens 022C,Offender given penalty notice
45a7357f059789f11da832df35543fd632ee7de046887806b44c4898bbde8837,2019-02,Merseyside Police,Merseyside Police,-2.916658,53.446776,On or near HOMESTALL ROAD,E01006598,Liverpool 010A,Investigation complete; no suspect identified
cc1019e051100ba04f370f67d11597141c2524d7af8734834ccd67e751cf39c4,2019-02,Merseyside Police,Merseyside Police,-2.907118,53.412430,On or near OAKHILL ROAD,E01006565,Liverpool 029A,Investigation complete; no suspect identified
2b9ada37030ea1422a3b411b66f89ca433c89d7491df6fdaf8302762182becd0,2019-02,Merseyside Police,Merseyside Police,-2.916075,53.425980,On or near MILLFIELD CLOSE,E01006621,Liverpool 021D,Investigation complete; no suspect identified
042e0b9c69cb2020a73dbe58f59921c1d00168e164b41af630c8191750129241,2019-02,Merseyside Police,Merseyside Police,-3.020367,53.481189,On or near KINGSWAY,E01006955,Sefton 030A,Unable to prosecute suspect
ec9458407b676881b5f16b05eacaeee862285c08904ac9fe34c335d4548ad859,2019-02,Merseyside Police,Merseyside Police,-2.745641,53.434564,On or near CORAL AVENUE,E01006905,St. Helens 019D,Unable to prosecute suspect
8decf835cf254024837ece486a7affe0a06917c3344c32bce970bc3880a584a1,2019-02,Merseyside Police,Merseyside Police,-2.958271,53.401747,On or near CROWN STATION PLACE,E01006751,Liverpool 031F,Unable to prosecute suspect
ea9700e366c0573072192883e6f7b92e3f131ec49e27e799a2e6d2824b74c389,2019-02,Merseyside Police,Merseyside Police,-2.943120,53.381814,On or near LIVINGSTON AVENUE,E01006522,Liverpool 048A,Investigation complete; no suspect identified
b20c76bd9679b567d202cb302d6ddce6ec8508c5497a2d9d330c2f03e0248b9b,2019-02,Merseyside Police,Merseyside Police,-2.684492,53.463208,On or near WAGON LANE,E01006818,St. Helens 008G,Offender given a drugs possession warning
a9fd9c8a80852ab4ff8827dac5d7fd800853a0ef8a7b459213b210b55dfdfa13,2019-02,Merseyside Police,Merseyside Police,-3.029300,53.390154,On or near Parking Area,E01007128,Wirral 016C,Unable to prosecute suspect
a192ebd8635405c5e9f50e5356554f63197ec5f69ba58d0594fd814d1b2f2628,2019-02,Merseyside Police,Merseyside Police,-2.886121,53.382278,On or near STOCKVILLE ROAD,E01006796,Liverpool 047E,Unable to prosecute suspect
ca0f34b7e1e9c13c1ebc1f9e650ec46386bd7c950948122b437f49cdd1b854ab,2019-02,Merseyside Police,Merseyside Police,-3.054804,53.401131,On or near BERTHA STREET,E01007122,Wirral 011C,Unable to prosecute suspect
2923ce53c76402bdfaa0a29ed0357c53310127dd1ead6f879ccdff48ef8ce1f6,2019-02,Merseyside Police,Merseyside Police,-3.010217,53.374838,On or near ROCK CLOSE,E01007295,Wirral 027D,Unable to prosecute suspect
0e118b7e5f5151404680c5d14aebbe37768bd40a608971af16e04ed3c7b31a90,2019-02,Merseyside Police,Merseyside Police,-3.029300,53.390154,On or near Parking Area,E01007128,Wirral 016C,Investigation complete; no suspect identified
92901b0819960f3615a1bd032642e4e8a9ee06c52ae899894591f3bbce32ec04,2019-02,Merseyside Police,Merseyside Police,-2.875205,53.469361,On or near ALBURY ROAD,E01006417,Knowsley 003B,Unable to prosecute suspect
14e83ab594c7e5cb5e5759d95fbce40bd9b28d1206dd8c792146f0c76eccbc7c,2019-02,Merseyside Police,Merseyside Police,-2.707248,53.452128,On or near CHANCERY LANE,E01006871,St. Helens 011D,Unable to prosecute suspect
087de7d453570653172c3ea1c26a3993cf88ee77c945a8ce184f8babc6dcf06e,2019-02,Merseyside Police,Merseyside Police,-2.866855,53.417413,On or near PAGE MOSS LANE,E01006643,Liverpool 025E,Unable to prosecute suspect
9caae677f2008c0898c5afe4803338161ae83fa22e37490fd5c7420d1c92d178,2019-02,Merseyside Police,Merseyside Police,-2.865273,53.438071,On or near CUSTLEY HEY,E01006412,Knowsley 006A,Formal action is not in the public interest
7e9d107e00e7e63dc8b9a1191726f06833a99637ff801559cc83c62c6e57a80e,2019-02,Merseyside Police,Merseyside Police,-2.898433,53.478555,On or near JAMES HOLT AVENUE,E01006509,Knowsley 004E,Unable to prosecute suspect
b61dc0321478e0b2aa5203929386229ad01db20760701953b85d30612b7543bc,2019-02,Merseyside Police,Merseyside Police,-2.684492,53.463208,On or near WAGON LANE,E01006818,St. Helens 008G,Offender given penalty notice
740ca696e3fa6a52bdc25518d7c5697bbd130a2304a8634651d5427ab4404282,2019-02,Merseyside Police,Merseyside Police,-3.153064,53.405481,On or near BENNET'S LANE,E01007199,Wirral 013B,Investigation complete; no suspect identified
a31c3bf6bd8c8bc72a0b853bd48bc8e93267df7db6ae11412ddd5eebe6842d9f,2019-02,Merseyside Police,Merseyside Police,-3.003470,53.341069,On or near Parking Area,E01007145,Wirral 038B,Suspect charged
1ba97ab9e325e8497584d8c2dbf387199d3b9d43ff2736d0e674056e149f5823,2019-02,Merseyside Police,Merseyside Police,-3.054771,53.394929,On or near Further/Higher Educational Building,E01007156,Wirral 015B,Investigation complete; no suspect identified
32e7361832b828385015bd9f151d5889c86bdfad7f9eca6760d064c9e3a31632,2019-02,Merseyside Police,Merseyside Police,-2.996613,53.453335,On or near CAPRICORN WAY,E01007007,Sefton 037B,Investigation complete; no suspect identified
2e1a3195ed0e35695080bada556cace0b32d25baa1a46e3e64d216d84d1629cc,2019-02,Merseyside Police,Merseyside Police,-2.716586,53.438805,On or near MASSEY STREET,E01006845,St. Helens 014A,Unable to prosecute suspect
57375f7e4175dca59e6c885adb49c4e381f9483e2fd7cf241e88c0db99cf1b72,2019-02,Merseyside Police,Merseyside Police,-3.035054,53.592919,On or near THE BROOKDALE,E01006924,Sefton 011B,Unable to prosecute suspect
6ad8868c7ef85ec0480530e5a9f260c77e16229e8b312ea23772a6aadf5ebbc4,2019-02,Merseyside Police,Merseyside Police,-3.018566,53.382659,On or near HOLBORN HILL,E01007291,Wirral 021D,Unable to prosecute suspect
7a3182858f293f14808b185a84e138885e315948ead7264fda713c20fb868a76,2019-02,Merseyside Police,Merseyside Police,-3.002528,53.365572,On or near HASSAL ROAD,E01007289,Wirral 031E,Investigation complete; no suspect identified
274de2e7c0422dba6a31ede9463155da5bb423a46e563958f5844c8515be6fc7,2019-02,Merseyside Police,Merseyside Police,-3.060117,53.404922,On or near PATRICIA AVENUE,E01007121,Wirral 011B,Suspect charged
e8997ba4b82a1703e977c6c0aa695fcbb99ff64fbda8e62adf8209f8780e3216,2019-02,Merseyside Police,Merseyside Police,-2.906285,53.459556,On or near EAST LANCASHIRE ROAD,E01006663,Liverpool 004C,Unable to prosecute suspect
a0064fce1225bcd5594c28149ae0d0945a94c312dd5a9c51c975f3cc3e7564b3,2019-02,Merseyside Police,Merseyside Police,-3.082003,53.399566,On or near NEW ACRES CLOSE,E01007124,Wirral 011E,Offender given a caution
fa6a67f80d53e1a410310927d0f6cb48d0ca2b345a82346f957470dde81c57f7,2019-02,Merseyside Police,Merseyside Police,-2.721758,53.437542,On or near MARSHALLS CROSS ROAD,E01006845,St. Helens 014A,Investigation complete; no suspect identified
97fe3f5a013b78db47e218f9d89b9ebf81eb873b76ade9cecd09746b156ec06f,2019-02,Merseyside Police,Merseyside Police,-2.918078,53.456059,On or near EAST LANCASHIRE ROAD,E01006660,Liverpool 001E,Investigation complete; no suspect identified
f425764edf50405e0916eaa5f8e24e5e4f3b10c35a5cfcd1bdcb2ae3db3e47a4,2019-02,Merseyside Police,Merseyside Police,-2.836249,53.344471,On or near PRENTON GREEN,E01006755,Liverpool 059C,Investigation complete; no suspect identified
235b24e1322addac2d772924acd5267b7aaa601fe3bc7adb2094437a5cbf0358,2019-02,Merseyside Police,Merseyside Police,-3.025117,53.476933,On or near HANDFIELD ROAD,E01006956,Sefton 030B,Unable to prosecute suspect
35271bffebdf6016575feb22c8671b892e93715c7aa4d1874d69e9121dc5e4ce,2019-02,Merseyside Police,Merseyside Police,-2.923305,53.386679,On or near STREATHAM AVENUE,E01033766,Liverpool 042G,Investigation complete; no suspect identified
5e87af8fb948fd0c615f3df5f6eca991752d28a9ac390bb568d45078cf18a474,2019-02,Merseyside Police,Merseyside Police,-2.947469,53.464567,On or near SANDY GREEN,E01006654,Liverpool 005A,Investigation complete; no suspect identified
b3465f3002918255451ed487f45bf1efb9d4afb1411e42689c113eb55c2476fc,2019-02,Merseyside Police,Merseyside Police,-2.979158,53.387789,On or near NORTHUMBERLAND GROVE,E01033765,Liverpool 061D,Investigation complete; no suspect identified
4af3c49e5754d0421a24c4131f91b47b917a18bbc7bbdb71374828dffd1be255,2019-02,Merseyside Police,Merseyside Police,-2.972384,53.448088,On or near IMISON STREET,E01006790,Liverpool 006C,Investigation complete; no suspect identified
e02ae8119536a0a9b3f672cb2274404024da9aaa30bc5605ed96f403266f67e3,2019-02,Merseyside Police,Merseyside Police,-2.906207,53.395053,On or near CRONDALL GROVE,E01006589,Liverpool 041B,Suspect charged
fda101782ed26f36d27f2b8bcc47bc90acbbd10e6b4279bda58c06219bbf9017,2019-02,Merseyside Police,Merseyside Police,-2.805195,53.419022,On or near JOHNSON AVENUE,E01006461,Knowsley 007B,Unable to prosecute suspect
ce2b4b1db46853224e67e2cd153004abfffe2febe3e475eed18f682514bd8a3c,2019-02,Merseyside Police,Merseyside Police,-2.936309,53.393454,On or near Supermarket,E01006557,Liverpool 038B,Investigation complete; no suspect identified
fe8f3c2e220f4613d8f942270147bf41f8a6c261023c07555a3f1e3d8cabbcde,2019-02,Merseyside Police,Merseyside Police,-2.822650,53.411263,On or near HILLCREST PARADE,E01006477,Knowsley 015A,Unable to prosecute suspect
580372a53e353b21d4d58d46736723a874682f5af1d7b04733d9530d689d8127,2019-02,Merseyside Police,Merseyside Police,-3.049314,53.438394,On or near WELLINGTON ROAD,E01007237,Wirral 001D,Further investigation is not in the public interest
c5aaefa86d95e12118f24a40fb904ac7618328fd92608815e94170d6fa191b0c,2019-02,Merseyside Police,Merseyside Police,-3.024599,53.395992,On or near WOOD CLOSE,E01007126,Wirral 016A,Suspect charged
2323b771c735d1823e437c8f0bc83f2d9c731cea28c1b71bf1231d1a2409d792,2019-02,Merseyside Police,Merseyside Police,-2.886121,53.382278,On or near STOCKVILLE ROAD,E01006796,Liverpool 047E,Unable to prosecute suspect
2c8dfe2b5b47916fdcc0d51b5dca21436da00baef246cdbdaec20e0025c1d0e5,2019-02,Merseyside Police,Merseyside Police,-3.043368,53.401537,On or near CORPORATION ROAD,E01032903,Wirral 010F,Suspect charged
1f51dbcdbf0b6f93722d08af1bbd517c78d57cd8aaf2eb0bc3db7d2f88874c33,2019-02,Merseyside Police,Merseyside Police,-2.977378,53.409826,On or near CAMDEN STREET,E01033760,Liverpool 060C,Unable to prosecute suspect
7a1b75c2d80e52a76d0b53b6186640e81016da58afb7fd6dcd452d9a08daeed3,2019-02,Merseyside Police,Merseyside Police,-2.965182,53.662077,On or near Petrol Station,E01007032,Sefton 002C,Investigation complete; no suspect identified
ff8113309baeb587841753e80dbea86a99ec7d0eee193bda46ad92fe3f76a410,2019-02,Merseyside Police,Merseyside Police,-2.991576,53.449782,On or near MERTON GROVE,E01007009,Sefton 037D,Unable to prosecute suspect
7adab14ca10948fdb2f595a335805be24b3cadd944746d21377064fadaff6207,2019-02,Merseyside Police,Merseyside Police,-3.080399,53.374816,On or near GANNEY'S MEADOW ROAD,E01007304,Wirral 025E,Unable to prosecute suspect
34e97fddfa5eeeae3e8c61573d398c9dc91d9309eea067ea364dadb1b6b67025,2019-02,Merseyside Police,Merseyside Police,-3.016405,53.381581,On or near PEMBROKE COURT,E01007291,Wirral 021D,Further investigation is not in the public interest
8aff68bbd1242ec3d80d5724615344cfbadea59530e8564aaa499ae7dfd0242f,2019-02,Merseyside Police,Merseyside Police,-2.974226,53.418050,On or near SHERIFF CLOSE,E01006648,Liverpool 023D,Unable to prosecute suspect
64b5d489e2f5bb2d77133d8f8a02f837ee3a2b2a08efb2a0d12c39b2585706d3,2019-02,Merseyside Police,Merseyside Police,-2.976267,53.409278,On or near LONDON ROAD,E01033758,Liverpool 060B,Unable to prosecute suspect
b29d51a5e66f7e63c4f7f73944977b0feb9eb8ea0987de5b7048e6557f544510,2019-02,Merseyside Police,Merseyside Police,-2.611066,53.445539,On or near WINWICK ROAD,E01006857,St. Helens 015B,Investigation complete; no suspect identified
3cdbda55dc68b205f970fd9fc1cc7f0f78477aecdb1e6d1f89dabf9b1b406618,2019-02,Merseyside Police,Merseyside Police,-2.958271,53.401747,On or near CROWN STATION PLACE,E01006751,Liverpool 031F,Unable to prosecute suspect
12c568d5a2b6a31b6b79bff7b5f03f5e48e064836fbfcc662fe0b0000368bd20,2019-02,Merseyside Police,Merseyside Police,-2.981499,53.403914,On or near ROE ALLEY,E01033756,Liverpool 061C,Unable to prosecute suspect
df26fef0eefb9335616e762d4f38f8f2f655a8d678e33e1ffee9fb7688251de7,2019-02,Merseyside Police,Merseyside Police,-3.000713,53.473355,On or near LITHERLAND PARK,E01006977,Sefton 032E,Investigation complete; no suspect identified
0246919c23426c39a93dfbd11db5e439f8dffd811d77f8ed30a30acf5fd15e17,2019-02,Merseyside Police,Merseyside Police,-2.841058,53.374361,On or near REDPOLL GROVE,E01006425,Knowsley 018B,Offender given a drugs possession warning
2ac70aba5eae072a5a2ed3cf7a32e9bb7610b89b9e3923b2c2d2c27cbfc7ed86,2019-02,Merseyside Police,Merseyside Police,-2.927726,53.431625,On or near ADSHEAD ROAD,E01006605,Liverpool 016B,Investigation complete; no suspect identified
1d37cd456a4e949d183835b5fc98891e8a4371ae0df2049b4235466c8d05ec04,2019-02,Merseyside Police,Merseyside Police,-2.994433,53.413506,On or near LANYORK ROAD,E01033751,Liverpool 062A,Suspect charged
657cd55f07329511f8782b074a324e9788842c9449fc6c6a6ac10762dec29d77,2019-02,Merseyside Police,Merseyside Police,-2.833878,53.344577,On or near ALL HALLOWS DRIVE,E01006755,Liverpool 059C,Investigation complete; no suspect identified
c103ff680338fe4596ae3cdb2d1d03e809cf772daf49f0735b3fb487645f3f9a,2019-02,Merseyside Police,Merseyside Police,-2.721341,53.454650,On or near FARNWORTH STREET,E01006873,St. Helens 014D,Unable to prosecute suspect
61a7866b2b6cc646aa2e2faba4df5f63e966ced64d8ea3c62c10fb080103c668,2019-02,Merseyside Police,Merseyside Police,-2.971444,53.418783,On or near NETHERFIELD ROAD SOUTH,E01006646,Liverpool 023C,Investigation complete; no suspect identified
be5121736aa10b1a8d6e9cd18cf6d378fa2794eded335017f296b2fac8fbfe8b,2019-02,Merseyside Police,Merseyside Police,-2.979950,53.404583,On or near Shopping Area,E01033756,Liverpool 061C,Offender given a caution
be5121736aa10b1a8d6e9cd18cf6d378fa2794eded335017f296b2fac8fbfe8b,2019-02,Merseyside Police,Merseyside Police,-2.979950,53.404583,On or near Shopping Area,E01033756,Liverpool 061C,Offender given a caution
bccf379d119076f1b777def08d443d0947695817d7f137f83280ed13e46d87c7,2019-02,Merseyside Police,Merseyside Police,-2.935802,53.395696,On or near WOODCROFT ROAD,E01006723,Liverpool 038E,Investigation complete; no suspect identified
a4c2c492ab4a76e1bbd97201388b2ba90322c737ab43e9fc9d296c6e37645aae,2019-02,Merseyside Police,Merseyside Police,-2.951785,53.382060,On or near ALEXANDRA DRIVE,E01006520,Liverpool 043A,Investigation complete; no suspect identified
dcc363d8cf0cafcc67d8e3ac3b6ab82d1d4338d2e0fd37f49c6a7081b0812a42,2019-02,Merseyside Police,Merseyside Police,-3.061181,53.376346,On or near BACKFORD CLOSE,E01007246,Wirral 024C,Unable to prosecute suspect
afcc2cc815dff90128b7fc50579c3ae1c009097d0764f3d9b5401885cec7c217,2019-02,Merseyside Police,Merseyside Police,-3.017312,53.377384,On or near PARKSIDE ROAD,E01007293,Wirral 027C,Unable to prosecute suspect
3dde3dce1dad3d53e7326052fe934b0e868e2dd285eb65819eafc176c67db007,2019-02,Merseyside Police,Merseyside Police,-2.958859,53.421213,On or near BRECKFIELD ROAD SOUTH,E01006563,Liverpool 024B,Investigation complete; no suspect identified
665812bf27a29326f7e2c3543e995efad9f1f3564728ae78d62e807dca30b44a,2019-02,Merseyside Police,Merseyside Police,-2.871472,53.431267,On or near SNOWBERRY ROAD,E01006645,Liverpool 017E,Unable to prosecute suspect
2b297e1907d7ce52ff4ff3d3e9eeee26a09c05dfcf279eb47f632c8a62ef0cf3,2019-02,Merseyside Police,Merseyside Police,-3.017312,53.377384,On or near PARKSIDE ROAD,E01007293,Wirral 027C,Unable to prosecute suspect
ad17683ad017527fabe19760b521221a951b74c01df1a2ef8b3d2cf0e8ec4cb9,2019-02,Merseyside Police,Merseyside Police,-2.843114,53.388639,On or near CRISPIN ROAD,E01006708,Liverpool 045C,Suspect charged
57c68d7062002ce1491029c61d93c10f31da5ffab28a6bcd7222af2cd5f03244,2019-02,Merseyside Police,Merseyside Police,-3.074104,53.384518,On or near BIRCHVIEW WAY,E01007162,Wirral 019C,Unable to prosecute suspect
677eb15a761b57d797a3337c03482e9a3f23106e45f9a9390abfc6b7cdb8e965,2019-02,Merseyside Police,Merseyside Police,-3.003858,53.365884,On or near POWER ROAD,E01007289,Wirral 031E,Unable to prosecute suspect
ecfa8d13672af9ee2173bb617552e6e163de8ff572c282a812d1576a846824a9,2019-02,Merseyside Police,Merseyside Police,-3.043368,53.401537,On or near CORPORATION ROAD,E01032903,Wirral 010F,Suspect charged
4b94c561eb4620d30f4fca53a23639eddd30fdccc5a1720d6358a76dae25f047,2019-02,Merseyside Police,Merseyside Police,-2.964266,53.432738,On or near TANCRED ROAD,E01006542,Liverpool 018A,Suspect charged
ef7f280f2eca3272347bf03d30913aa137e23d1599ff6934ca1ebe44e6b5b5d2,2019-02,Merseyside Police,Merseyside Police,-3.013756,53.395995,On or near Further/Higher Educational Building,E01007126,Wirral 016A,Local resolution
4f63205410c2b6371289b9adfe9205a8626717ba092887c710eefcfdde32edb8,2019-02,Merseyside Police,Merseyside Police,-2.719852,53.420070,On or near THE WILLOWS,E01006909,St. Helens 022D,Unable to prosecute suspect
87d5a3b6beca125152e373cddd58c5cca63e8c95f8aed15569514ae2df460982,2019-02,Merseyside Police,Merseyside Police,-3.027617,53.394564,On or near DOVER CLOSE,E01007128,Wirral 016C,Unable to prosecute suspect
428785ae140f0a4f3374de5fbfccc406e0a3a6128c4171741d3089c11c5f00e4,2019-02,Merseyside Police,Merseyside Police,-2.733090,53.454803,On or near TOLVER STREET,E01006870,St. Helens 014B,Investigation complete; no suspect identified
4dbd62a2388e01a290b6e7224475c35770b9b4514938851f08bef16343ea2fcf,2019-02,Merseyside Police,Merseyside Police,-3.043368,53.401537,On or near CORPORATION ROAD,E01032903,Wirral 010F,Unable to prosecute suspect
866126dff622e35ae7167f1dfb4926e773a675fed88270b6811b495a426ac346,2019-02,Merseyside Police,Merseyside Police,-2.987595,53.406057,On or near Nightclub,E01033760,Liverpool 060C,Suspect charged
70fbb94af43406a3e5ffdc587a0f2d37714cb64478a8b427ce3ced373f0a947e,2019-02,Merseyside Police,Merseyside Police,-3.090957,53.379772,On or near HOUGHTON ROAD,E01007300,Wirral 019D,Unable to prosecute suspect
0db9fe3fbc52d4b98bff9742a01fc48a7ab94cbb7045ed8c0c0f5c73b18d8b2e,2019-02,Merseyside Police,Merseyside Police,-2.982656,53.461262,On or near AINSDALE ROAD,E01007019,Sefton 035A,Suspect charged
8e37797a9c3416fcec144072ef63365461e2fdb5849230ddbed44b05fbff9f16,2019-02,Merseyside Police,Merseyside Police,-2.952634,53.403941,On or near HELENA STREET,E01006751,Liverpool 031F,Suspect charged
7d5f8c85afd7f851efe74d02ece853496aab60a1c798f3cc2e474b22ab9c98c5,2019-02,Merseyside Police,Merseyside Police,-2.997053,53.410401,On or near KING EDWARD STREET,E01033753,Liverpool 062C,Unable to prosecute suspect
7fed76415810f7201b8548b3f9ef6361c4707dbeaa07508e31fc0f120ad47b33,2019-02,Merseyside Police,Merseyside Police,-3.003858,53.365884,On or near POWER ROAD,E01007289,Wirral 031E,Offender given a caution
b189b1ae1b972dd92ebda90670d3175898a59f3e561af9b825cc25440cd8c382,2019-02,Merseyside Police,Merseyside Police,-2.960596,53.460858,On or near ST JOHN'S AVENUE,E01006785,Liverpool 003D,Unable to prosecute suspect
014640321a47e34df9c09fdb49ea001f3be37103d014846d0b478fdb989346c5,2019-02,Merseyside Police,Merseyside Police,-2.979192,53.401721,On or near BACK SEEL STREET,E01033761,Liverpool 060D,Unable to prosecute suspect
eb5d4c4bba125139a0c9c887ca20280f094133413dd12f7337148eab7b788d55,2019-02,Merseyside Police,Merseyside Police,-2.982656,53.461262,On or near AINSDALE ROAD,E01007019,Sefton 035A,Suspect charged
c5f768301572b5c6bff344f25886069ee50d0fdc3e905a51593d9fb0501ec4e5,2019-02,Merseyside Police,Merseyside Police,-2.964266,53.432738,On or near TANCRED ROAD,E01006542,Liverpool 018A,Suspect charged
c115e8bf7264ff335134ace90e303031d4d467f65bb07289ebedc5cb80005a13,2019-02,Merseyside Police,Merseyside Police,-2.981626,53.393773,On or near DWERRYHOUSE STREET,E01033750,Liverpool 061A,Investigation complete; no suspect identified
304ad1c038466ca02b947bf1ab2171069f01db4561ba4feeea8fa5763ccc3213,2019-02,Merseyside Police,Merseyside Police,-2.981499,53.403914,On or near ROE ALLEY,E01033756,Liverpool 061C,Investigation complete; no suspect identified
ef2368a34e7cd407f2d2879856421efe2d11f42e65f382fa8c5eb674b543b7a7,2019-02,Merseyside Police,Merseyside Police,-2.998968,53.470233,On or near HAWTHORNE ROAD,E01006977,Sefton 032E,Investigation complete; no suspect identified
b130b42d80555aa26746b2f7ff48b9848c0d1de9fb9dfa6ac681626ad4e6443b,2019-02,Merseyside Police,Merseyside Police,-2.830437,53.358417,On or near ANTONS CLOSE,E01006429,Knowsley 020C,Investigation complete; no suspect identified
ce9cf01299fb0613bdf4cc2fa419a6897e41fa6e20146c6ae18cb64caf1a279c,2019-02,Merseyside Police,Merseyside Police,-2.980079,53.403000,On or near FLEET STREET,E01033756,Liverpool 061C,Unable to prosecute suspect
f74573b1fa5a66511b51a90820c8f1185d73eac91b1d721d16b5be4ae7896b5d,2019-02,Merseyside Police,Merseyside Police,-2.718350,53.452331,On or near ASHCROFT STREET,E01006874,St. Helens 014E,Investigation complete; no suspect identified
624e5035f97f6710e45d88bba9436e6025e2bb32284c10ec46cf8c67d89a0b3b,2019-02,Merseyside Police,Merseyside Police,-2.978041,53.415142,On or near GREAT RICHMOND STREET,E01006648,Liverpool 023D,Suspect charged
5cb2bd86bb4e6b7f5af550e1d19fe128599ed736dc39d21a7f0328cb032cf7a0,2019-02,Merseyside Police,Merseyside Police,-3.011368,53.391062,On or near IVY STREET,E01007291,Wirral 021D,Unable to prosecute suspect
9f76398135561104769ded8e190df4dc5c30c2926c9da0b3a34b5b761980e1a8,2019-02,Merseyside Police,Merseyside Police,-3.027569,53.473649,On or near DEAN STREET,E01006957,Sefton 032C,Suspect charged
0086138335481248a6b9e6320aef5fcbc5ba09ec58210c55d7b68e659550d8e0,2019-02,Merseyside Police,Merseyside Police,-2.976003,53.401046,On or near BERRY STREET,E01006513,Liverpool 060A,Offender given a caution
87dd15157ac8a227f3c2e57c04e49d7e11432f866e26dcf109954db7cdc9d7a5,2019-02,Merseyside Police,Merseyside Police,-2.936629,53.394333,On or near WOODCROFT ROAD,E01006557,Liverpool 038B,Offender given a drugs possession warning
443e74745523a23b62e40535bf35b2c74499f118f2213c14ad9bc44e691b4d41,2019-02,Merseyside Police,Merseyside Police,-2.741537,53.468585,On or near Sports/Recreation Area,E01006853,St. Helens 004E,Investigation complete; no suspect identified
6570f5c335d8281a62d9d7bdca34998a46fd0c6050861b7e493f992ec2c48247,2019-02,Merseyside Police,Merseyside Police,-2.976450,53.400836,On or near Nightclub,E01006513,Liverpool 060A,Investigation complete; no suspect identified
238d362740478834ffe1f94a1a601019fd186d2ef03a5c0ecbbe8926ec9b1874,2019-02,Merseyside Police,Merseyside Police,-2.979600,53.406392,On or near ELLIOT STREET,E01033760,Liverpool 060C,Investigation complete; no suspect identified
0fe76159f72caf3b7c18aa14566bb6e13cc8af61d7137aaee2dbbcb0bb10d936,2019-02,Merseyside Police,Merseyside Police,-2.994111,53.473851,On or near MOSS VIEW,E01006976,Sefton 033A,Investigation complete; no suspect identified
44b73faefb20f5df953f93b3fc283ba17ac6526a8ddfb79171e2a517dad4f167,2019-02,Merseyside Police,Merseyside Police,-3.015642,53.350153,On or near NORBURY AVENUE,E01007117,Wirral 035B,Investigation complete; no suspect identified
78e0e5ed76be7208b7f95dd81161f1a7ecd5f36fba2fd97b138137ab11e86f9c,2019-02,Merseyside Police,Merseyside Police,-3.010476,53.468257,On or near SANDY LANE,E01006952,Sefton 032A,Unable to prosecute suspect
be0d7a56e18d96ce968b78a9283421bffed445c471be54e6f2c61d95620d3328,2019-02,Merseyside Police,Merseyside Police,-3.029645,53.474152,On or near DUKE STREET,E01006958,Sefton 030C,Suspect charged
55b8ccf247c48a255fcfa5d44fceaef8c1b57f227094848d1e6024415d1493fa,2019-02,Merseyside Police,Merseyside Police,-2.733889,53.444425,On or near Shopping Area,E01006912,St. Helens 019G,Investigation complete; no suspect identified
bb6e34805cd2e2d278752f9e2f347580c45476a68cf8ef829b8d08da019e1a4d,2019-02,Merseyside Police,Merseyside Police,-2.927353,53.469794,On or near KINROSS ROAD,E01006655,Liverpool 001C,Investigation complete; no suspect identified
3eafc742a679f65c65efc09e9911edebf483f882f14ff237cfba13225a305578,2019-02,Merseyside Police,Merseyside Police,-2.805195,53.419022,On or near JOHNSON AVENUE,E01006461,Knowsley 007B,Unable to prosecute suspect
3eafc742a679f65c65efc09e9911edebf483f882f14ff237cfba13225a305578,2019-02,Merseyside Police,Merseyside Police,-2.805195,53.419022,On or near JOHNSON AVENUE,E01006461,Knowsley 007B,Unable to prosecute suspect
91ab62ff803573d816e822f0192d6ccc50d508647238557715f81742425e884f,2019-02,Merseyside Police,Merseyside Police,-2.916722,53.397993,On or near WATERLOO STREET,E01006586,Liverpool 032C,Investigation complete; no suspect identified
b78b59d67907af61bbe64b64349339d0d619117f919db203a7a78d8051bb146a,2019-02,Merseyside Police,Merseyside Police,-2.980425,53.487978,On or near ST AIDAN'S WAY,E01007086,Sefton 023C,Unable to prosecute suspect
2fb2b842882939667528d6e3495306a3236878e403186a409c93af3deebbc232,2019-02,Merseyside Police,Merseyside Police,-3.099147,53.388380,On or near UPTON COURT,E01007298,Wirral 018B,Investigation complete; no suspect identified
13d6f4eb249771c7fcbfb1745b77d348f3ec0ea7979519ca5989f8541f32b55a,2019-02,Merseyside Police,Merseyside Police,-2.686031,53.450256,On or near MOORE AVENUE,E01006816,St. Helens 017A,Investigation complete; no suspect identified
e587dc9f3a55340d92ce5f8b3152b181bc0a0374b635178025056f1b69d1d50b,2019-02,Merseyside Police,Merseyside Police,-2.963830,53.464661,On or near TREVOR ROAD,E01006782,Liverpool 003B,Investigation complete; no suspect identified
320ea8d615547f65f91721fe5fe21ead4f763d0c3bbe7779ac08f9255e944158,2019-02,Merseyside Police,Merseyside Police,-2.839953,53.412886,On or near Parking Area,E01006474,Knowsley 016C,Investigation complete; no suspect identified
c97539a66cfc2c7ec50e420f89c18cda4181c8a8f52c1bd951e3fdcd57865578,2019-02,Merseyside Police,Merseyside Police,-2.957586,53.466338,On or near BARNSTON ROAD,E01006783,Liverpool 002E,Investigation complete; no suspect identified
57fa8b96b8fc2e5ca5a9ab2deb9071f33ac659fe1dbf8c4d580ade5d3ba923ad,2019-02,Merseyside Police,Merseyside Police,-2.932103,53.434926,On or near MILNE ROAD,E01006606,Liverpool 020A,Investigation complete; no suspect identified
754c484d6c38e1107ad29984afeefa5b13125beace5e7b985ba0f647e86f0356,2019-02,Merseyside Police,Merseyside Police,-2.985807,53.423672,On or near LATIMER STREET,E01006779,Liverpool 022D,Investigation complete; no suspect identified
6a71c8879103ad0383be5580954775a75a03e453ba641862f89c61ff4274ecce,2019-02,Merseyside Police,Merseyside Police,-2.969155,53.439871,On or near ANDREW STREET,E01006611,Liverpool 012A,Suspect charged
9a6c205123ab0d34bc6cbb177595d4859a77d9698b50297cb485ff298028e188,2019-02,Merseyside Police,Merseyside Police,-2.720958,53.451632,On or near SOUTH JOHN STREET,E01006874,St. Helens 014E,Unable to prosecute suspect
cdf4c19bbe43f259e058ab736f2d74d26ef0ec902d1a33403a18070f902f03cf,2019-02,Merseyside Police,Merseyside Police,-2.854941,53.337300,On or near Airport/Airfield,E01006741,Liverpool 058C,Investigation complete; no suspect identified
215ff9ad39144fbb3a2b2525dadb4aaebd4ac23454616698e9db1ede491a78b1,2019-02,Merseyside Police,Merseyside Police,-2.720149,53.437651,On or near KINMEL STREET,E01006845,St. Helens 014A,Investigation complete; no suspect identified
90b062d2122f2ff804a94b00da22a21ea179cf6f0a097cf4255e3a91d503c948,2019-02,Merseyside Police,Merseyside Police,-3.000573,53.493626,On or near SEVEN ACRE ROAD,E01007024,Sefton 024C,Investigation complete; no suspect identified
1c0cbe8bc34f72dbd48593f23bf1e08f88a577ec95312addba0f4fd61d0658e7,2019-02,Merseyside Police,Merseyside Police,-2.883027,53.411496,On or near REGENT AVENUE,E01006485,Knowsley 014B,Unable to prosecute suspect
94ee3ee645b8577784cd236730bc9ddfa108a764e381492f159d4115bc626047,2019-02,Merseyside Police,Merseyside Police,-2.871851,53.390221,On or near ACRESGATE COURT,E01006800,Liverpool 046C,Investigation complete; no suspect identified
b327b0a677b4838250803cf2ff9851f6877b41cffbfb36f3be2180263744d92b,2019-02,Merseyside Police,Merseyside Police,-2.852184,53.384260,On or near TEDBURN CLOSE,E01006708,Liverpool 045C,Investigation complete; no suspect identified
0ea9a13a6b309c34a00cb3b3f12393b2532512c29cd3555253c90a34d1d28011,2019-02,Merseyside Police,Merseyside Police,-2.903803,53.477391,On or near NEWICK ROAD,E01006509,Knowsley 004E,Unable to prosecute suspect
358a466c736caa0c28c8a842cceb81f915e7a4f9762a9195322fe2d7088b34ec,2019-02,Merseyside Police,Merseyside Police,-2.895536,53.353083,On or near Supermarket,E01006745,Liverpool 057D,Investigation complete; no suspect identified
d4e1b26b44d01e72c8b099130c3f9165d65471bbe6e695774e07dcd2d8fab263,2019-02,Merseyside Police,Merseyside Police,-2.852298,53.453913,On or near SHOP ROAD,E01006438,Knowsley 005E,Unable to prosecute suspect
ef4f4ec2a9d910ec7f1dd2b6ef8e34e614a42cb4f93f2b1c4fcc70cdac168f9a,2019-02,Merseyside Police,Merseyside Police,-2.923734,53.387044,On or near BROMLEY AVENUE,E01006553,Liverpool 042A,Investigation complete; no suspect identified
80c8c3aac62983552ee26e1bb757bdc6f3444bc677a7a790fbc829295cae11c7,2019-02,Merseyside Police,Merseyside Police,-3.011874,53.345825,On or near Supermarket,E01007151,Wirral 035D,Investigation complete; no suspect identified
5a6ba89982228dc1af11d377e30c3654ddadfaec8a6e1e99e0c80a7a3b4319b4,2019-02,Merseyside Police,Merseyside Police,-2.716269,53.436991,On or near KENWRIGHT CRESCENT,E01006846,St. Helens 020B,Investigation complete; no suspect identified
abee0964ee7a8e49a2bf2281a7a2f1968f8971a12db3097feadedb2976fba91c,2019-02,Merseyside Police,Merseyside Police,-2.942815,53.502617,On or near YORK ROAD,E01007074,Sefton 019A,Investigation complete; no suspect identified
7a41c6819ac5a5d5bae3d645ef3564b0db4eb2a2cb3830408277e5e2bb94d79e,2019-02,Merseyside Police,Merseyside Police,-3.024017,53.478803,On or near FAIRBAIRN ROAD,E01006956,Sefton 030B,Investigation complete; no suspect identified
94d6b358593c89f686d191e01d759742d5dc30a43ae75c307260504432edd650,2019-02,Merseyside Police,Merseyside Police,-3.003642,53.345823,On or near CHURCH ROAD,E01007152,Wirral 036D,Investigation complete; no suspect identified
f3696e9a75cc5353ca7b6506c714122a8d30bc70324739471c2fb7aef4d4e820,2019-02,Merseyside Police,Merseyside Police,-2.968522,53.387543,On or near UPPER PARK STREET,E01006630,Liverpool 044B,Investigation complete; no suspect identified
07c7f678c9c9222e8ef4f7e00c9197bc577d0017a51f451abadd91b986ac699c,2019-02,Merseyside Police,Merseyside Police,-2.986005,53.433540,On or near CROCUS STREET,E01006778,Liverpool 014E,Investigation complete; no suspect identified
ba8fe4962e0bee55148213e8af7323f8edfa96f1cf19132eab6c37cfcd4daf12,2019-02,Merseyside Police,Merseyside Police,-2.975814,53.438756,On or near GOODALL PLACE,E01006701,Liverpool 014B,Investigation complete; no suspect identified
f2aec46732aeaa9d4c856f7d3ca1c53d7f4240975f901b0bb86336370e4b61eb,2019-02,Merseyside Police,Merseyside Police,-2.731375,53.414598,On or near DELAMERE AVENUE,E01006910,St. Helens 022E,Investigation complete; no suspect identified
7e1b98276b4b8163dd0b0c4c81dd2b8a16db98bd18b607a0dcf743672cf4419e,2019-02,Merseyside Police,Merseyside Police,-2.930232,53.455399,On or near LONG LANE,E01006659,Liverpool 005B,Unable to prosecute suspect
ef2f7703481e4809fae965f744f58594c91345391bb4b359319bf4984f02012f,2019-02,Merseyside Police,Merseyside Police,-2.970278,53.648742,On or near THORNTON ROAD,E01007063,Sefton 005E,Investigation complete; no suspect identified
24bd7ade727afa12a4a7d03995426bd0df0562ebdf9493296b57e9173a618b72,2019-02,Merseyside Police,Merseyside Police,-2.956153,53.316657,On or near CHRISTOPHER DRIVE,E01007164,Wirral 042A,Investigation complete; no suspect identified
276282652be4666a593878b6a96a337a9f2c39190d62b111eb9c88f3f7bef141,2019-02,Merseyside Police,Merseyside Police,-3.097493,53.378436,On or near ARROWE PARK ROAD,E01007302,Wirral 018D,Investigation complete; no suspect identified
e0317fe3d1339f0d6b759ab7f531c1e5a6ddf3400c6683ae608a2f6453ad7690,2019-02,Merseyside Police,Merseyside Police,-2.967615,53.440342,On or near GOODISON ROAD,E01006614,Liverpool 012B,Suspect charged
cd9f061c90163a66f0c34f94d254871018b2d4fab33b7c7c49581c5f7c28f60f,2019-02,Merseyside Police,Merseyside Police,-3.027684,53.411696,On or near NAPLES ROAD,E01007278,Wirral 008E,Unable to prosecute suspect
bd8ba632a2c486939566dabb5d7f81a929ec63c3a2e62dc24b47ef8bb7de2046,2019-02,Merseyside Police,Merseyside Police,-3.004096,53.457722,On or near PEEL ROAD,E01007005,Sefton 034B,Unable to prosecute suspect
facf04b10916249dba44365ac2c6cff72f6e689d6ca67e3ebea0785adf8dfe82,2019-02,Merseyside Police,Merseyside Police,-2.973013,53.437404,On or near CROYLANDS STREET,E01006700,Liverpool 012E,Unable to prosecute suspect
c7ebbee8972b19fcf0036080de39a6cb4f634c01d973b588985cfb8fbbeac0b3,2019-02,Merseyside Police,Merseyside Police,-2.895536,53.353083,On or near Supermarket,E01006745,Liverpool 057D,Investigation complete; no suspect identified
cda7fd7455200e1f88a6f0cf92a5b39383e4ba38d6801e326bf0819f0c5d25f2,2019-02,Merseyside Police,Merseyside Police,-3.000177,53.648280,On or near Parking Area,E01006968,Sefton 004C,Investigation complete; no suspect identified
7c63d5166d22cf9656b95ba1ba0612f226d63f899e4983c6e4918fda2c60d408,2019-02,Merseyside Police,Merseyside Police,-2.939476,53.440936,On or near Petrol Station,E01006612,Liverpool 008B,Investigation complete; no suspect identified
48e59e295d2ad5f5519b7a4a15b3d252409694a2b8500fb153aac793edfcea13,2019-02,Merseyside Police,Merseyside Police,-2.998326,53.464701,On or near CATHERINE STREET,E01007017,Sefton 034E,Investigation complete; no suspect identified
f673d399a66a66d0cceb0db5eaae5d28b0695fb2b2708fb03c218a3bb6cae4d4,2019-02,Merseyside Police,Merseyside Police,-2.987117,53.404218,On or near Bus/Coach Station,E01033756,Liverpool 061C,Investigation complete; no suspect identified
ed447534bdb9af141487c34fbce2e85062cd45aa8370eb7379aad2a02bab5c9e,2019-02,Merseyside Police,Merseyside Police,-2.751974,53.453940,On or near RODNEY STREET,E01006880,St. Helens 012D,Investigation complete; no suspect identified
16e5ef341049156957cee9df04c479f7e09c46ea6ad83ded30d43c398508a629,2019-02,Merseyside Police,Merseyside Police,-2.989774,53.402057,On or near STRAND STREET,E01033756,Liverpool 061C,Investigation complete; no suspect identified
e3c910a39a6a1278b493c27dc83c768b060e23eca6d440f0aa4318ed206b7c23,2019-02,Merseyside Police,Merseyside Police,-3.058397,53.428920,On or near LYNDHURST ROAD,E01007307,Wirral 003A,Investigation complete; no suspect identified
43d3e3bccf87389da8c2adce64bca9cff816d4ac27d62cf34c3b8abe12350fd4,2019-02,Merseyside Police,Merseyside Police,-2.741537,53.468585,On or near Sports/Recreation Area,E01006853,St. Helens 004E,Investigation complete; no suspect identified
48971f67c20f5634ff3096d4158697254e0c568dbcf84ef0abb59f1d9876b214,2019-02,Merseyside Police,Merseyside Police,-3.039150,53.438303,On or near ALBERT STREET,E01007238,Wirral 001E,Unable to prosecute suspect
806b06e0619635ab41f8158e70d05ce292c645d7fdc60719a81637fba2c50a7a,2019-02,Merseyside Police,Merseyside Police,-3.035515,53.418181,On or near FERNDALE AVENUE,E01007219,Wirral 005C,Suspect charged
09b2158e5c90b568e149834349f162dc197d5b1384aa81da695a2cef6f8448a9,2019-02,Merseyside Police,Merseyside Police,-3.057692,53.556811,On or near Supermarket,E01007081,Sefton 014D,Investigation complete; no suspect identified
2182bb7fd1acfc58f7563a9f936b07b8e5a2a348d064a52ebaae971ab40ac7d5,2019-02,Merseyside Police,Merseyside Police,-2.994308,53.357829,On or near POOLBANK ROAD,E01007140,Wirral 036A,Investigation complete; no suspect identified
5309d29b359958ff630fd4f54c84acc37282d6e05aade70a542bb566f800cdd1,2019-02,Merseyside Police,Merseyside Police,-3.043379,53.400153,On or near DAWSON AVENUE,E01032903,Wirral 010F,Unable to prosecute suspect
b29ab87d182253ea7be798a900bb072519fe1d7d827b312ababe938950e2ec53,2019-02,Merseyside Police,Merseyside Police,-2.918108,53.384840,On or near IVYDALE ROAD,E01006595,Liverpool 049B,Investigation complete; no suspect identified
eb2bbd0ff276a8bc8fd1e95e26c7259351985662f83a184824c62bbfc8e9c7fb,2019-02,Merseyside Police,Merseyside Police,-2.932208,53.372326,On or near LUCAN ROAD,E01006529,Liverpool 048D,Unable to prosecute suspect
a3c0ef5305a40e6006ab1af9852a8a5c0a97436536f4c4124b51594379fd036f,2019-02,Merseyside Police,Merseyside Police,-2.978382,53.422106,On or near GREAT HOMER STREET,E01006648,Liverpool 023D,Investigation complete; no suspect identified
f02201547ee94dc20b5484d9cb6f8b4f66b533c3987f0d4f78236cbbd410d20d,2019-02,Merseyside Police,Merseyside Police,-2.907619,53.356821,On or near SWANSEA CLOSE,E01006687,Liverpool 056D,Investigation complete; no suspect identified
6b7f108210650fbb02b1e8e7e0677dc21be05d8a4006bf8d753382435cb0ee9f,2019-02,Merseyside Police,Merseyside Police,-3.029300,53.390154,On or near Parking Area,E01007128,Wirral 016C,Further investigation is not in the public interest
5ff25f295a09db8dfd622831b74b032d14f96c4e796bc632e8c440bb8f403c2f,2019-02,Merseyside Police,Merseyside Police,-2.982769,53.402249,On or near Parking Area,E01033756,Liverpool 061C,Investigation complete; no suspect identified
122b03a7c7de8d1332e79d4cdafe9def65d3836934a26d16e3928110ca73ad35,2019-02,Merseyside Police,Merseyside Police,-2.972591,53.463071,On or near MOSS LANE,E01006786,Liverpool 003E,Unable to prosecute suspect
0bcad12fd9f6452e79f6d41355c6bf599a11b72c34ee3ce5c0032ee208b0d757,2019-02,Merseyside Police,Merseyside Police,-3.000799,53.346278,On or near QUARRY ROAD EAST,E01007152,Wirral 036D,Unable to prosecute suspect
4370a1c1f2f0d806294701ad27c6026361d3f69bf2921b5fc134c916793473a0,2019-02,Merseyside Police,Merseyside Police,-2.802399,53.411949,On or near HOSTOCK CLOSE,E01006505,Knowsley 013E,Investigation complete; no suspect identified
d37d5efb97e14838f2586c4dfe35f695aba597d3070df9732c45eb856f71402e,2019-02,Merseyside Police,Merseyside Police,-2.983247,53.407953,On or near Parking Area,E01033760,Liverpool 060C,Investigation complete; no suspect identified
058a75e6b7d8dc21104d5a76da0bb7108d0ebd83d390ade212ea907fe25ea456,2019-02,Merseyside Police,Merseyside Police,-3.013277,53.468207,On or near KINGS PARK,E01006952,Sefton 032A,Further investigation is not in the public interest
33f01bd253c0fcb2f69a2fbfb2343834f9f363083ae531203604837a464214f7,2019-02,Merseyside Police,Merseyside Police,-2.949643,53.430356,On or near DEWSBURY ROAD,E01006544,Liverpool 015C,Unable to prosecute suspect
88873df1fdd1c8be0eedc0b63f33b866f941a7d5fa1758abea5f2abb3aee5f37,2019-02,Merseyside Police,Merseyside Police,-2.968052,53.644032,On or near COBDEN ROAD,E01007056,Sefton 005B,Unable to prosecute suspect
cfd74eb356480205bd7abf63a5bb9c87375698e4658ae5a4bb98af50e102acf4,2019-02,Merseyside Police,Merseyside Police,-3.008717,53.618178,On or near ESSEX ROAD,E01006930,Sefton 010B,Investigation complete; no suspect identified
30c8e96c468e26421291aeb1e20e4b8737bc9385b7a6d0a6525e8b53e39e853f,2019-02,Merseyside Police,Merseyside Police,-3.024396,53.476427,On or near WILLOUGHBY ROAD,E01006956,Sefton 030B,Investigation complete; no suspect identified
72c47e16ba22f464c3f21f9dd234527bc5e533bf3abf38453d30d744cd6da580,2019-02,Merseyside Police,Merseyside Police,-2.976985,53.419601,On or near ST MARTIN'S MEWS,E01006648,Liverpool 023D,Investigation complete; no suspect identified
7cc93cdaaf5d7d14618c47b32ceef46c2d39900f7f84e98179f9058a1b764b9a,2019-02,Merseyside Police,Merseyside Police,-2.756237,53.409940,On or near COYLTON AVENUE,E01006888,St. Helens 023A,Investigation complete; no suspect identified
f5f15de5e83ba334d3d3bedf26a5c73ce7192e3fa554390c21b306c13cc1cbbb,2019-02,Merseyside Police,Merseyside Police,-2.987595,53.406057,On or near Nightclub,E01033760,Liverpool 060C,Investigation complete; no suspect identified
092039fd0029f8e5faae945336725e7f8f5ea5f83b4a2d9548c8989c70522f3e,2019-02,Merseyside Police,Merseyside Police,-2.796237,53.420367,On or near SHAW LANE,E01006459,Knowsley 009A,Unable to prosecute suspect
f266b8b14d1119441d3ec2dd684970192632bacf02c4fc70d1ef629efa273103,2019-02,Merseyside Police,Merseyside Police,-2.982991,53.441232,On or near STUART GROVE,E01006778,Liverpool 014E,Unable to prosecute suspect
69cf9e2683f69aa067d4f702a6ba860c9ef2fb24fbe692fb8bcc37b7e1e009e5,2019-02,Merseyside Police,Merseyside Police,-3.054385,53.398771,On or near ELFET STREET,E01007125,Wirral 015A,Unable to prosecute suspect
e1c74f50882bdbb8afa6dda001c7e07836e0d5b9f9049db92ffb8e2a959c1236,2019-02,Merseyside Police,Merseyside Police,-2.931827,53.427827,On or near GORSEBURN ROAD,E01006765,Liverpool 020E,Investigation complete; no suspect identified
612256ff4fe433b789591d338540bf2dba621f9063d5e26a8e17cb5233f7de9f,2019-02,Merseyside Police,Merseyside Police,-3.030014,53.384817,On or near WILLMER ROAD,E01007130,Wirral 021A,Unable to prosecute suspect
65e745e9c5a25233b53c7fc166a9e2593e8f4df5a0d2464932c5b0504bbd3429,2019-02,Merseyside Police,Merseyside Police,-3.060475,53.402375,On or near TAPESTRY GARDENS,E01007123,Wirral 011D,Unable to prosecute suspect
533bb3f0bfedca7c06f072515ea988da877d1534922810aa2256459b8bbbb623,2019-02,Merseyside Police,Merseyside Police,-2.679969,53.492124,On or near Sports/Recreation Area,E01006803,St. Helens 003A,Investigation complete; no suspect identified
e8a9f6fb2bc20440c57866b94e5d1c9a0099077c5a4ebbcfb2d05b57ce020ae1,2019-02,Merseyside Police,Merseyside Police,-3.022625,53.407766,On or near HAWTHORNE GROVE,E01007273,Wirral 008B,Investigation complete; no suspect identified
1300478fb638093a6edb0a1e34ba530315bcb1842360cee0f4786dc5b5f89cd3,2019-02,Merseyside Police,Merseyside Police,-2.958487,53.384577,On or near GORDALE CLOSE,E01006678,Liverpool 044E,Investigation complete; no suspect identified
7d70389f5a0002b3963468a2bcbc545d2f1e531df17f7a1da0fb7e80c154180a,2019-02,Merseyside Police,Merseyside Police,-2.981930,53.406967,On or near Parking Area,E01033760,Liverpool 060C,Investigation complete; no suspect identified
b27857dbe86273ae7435b0b12f7008057d4549ea830553e76f7d505556a4e659,2019-02,Merseyside Police,Merseyside Police,-2.933352,53.384749,On or near GREENBANK DRIVE,E01006526,Liverpool 048C,Investigation complete; no suspect identified
aef2ad89449cbb23c7754b2972127dc17194868f37f0fbf7c1570f9889480e7e,2019-02,Merseyside Police,Merseyside Police,-3.066163,53.381992,On or near LEA CLOSE,E01007163,Wirral 024A,Formal action is not in the public interest
76afab8376f3b00f78a36fcfe3a81b77add5a762d4f8a24e73ffb69673755be3,2019-02,Merseyside Police,Merseyside Police,-3.019610,53.641689,On or near BEACH ROAD,E01006971,Sefton 009C,Unable to prosecute suspect
d62b7b18513acec766a780955062756ddfb5c5f8fbe3517f0873a9c835767df5,2019-02,Merseyside Police,Merseyside Police,-3.024733,53.389078,On or near Shopping Area,E01007128,Wirral 016C,Suspect charged
61b76384aa84019cfd634b84b53f22833e9b9c2d96cb1cbc6441915d94163e1b,2019-02,Merseyside Police,Merseyside Police,-2.978537,53.331864,On or near Parking Area,E01007137,Wirral 039C,Investigation complete; no suspect identified
a60a9c3f058101edb75302de42afee20e6bdd6c4e7d382fc14fd713d5caebd78,2019-02,Merseyside Police,Merseyside Police,-3.113590,53.415169,On or near LEASOWE GARDENS,E01007203,Wirral 006A,Investigation complete; no suspect identified
1502e1c5ad7a44f52bf190252c6cdb288cb6446152788366873b0612aaceb2f7,2019-02,Merseyside Police,Merseyside Police,-3.036995,53.388118,On or near GRANGE MOUNT,E01007129,Wirral 016D,Unable to prosecute suspect
f3d840143d5fcb6a447836f652758f42e7dbdafb4d6ecd6fbe16e38c53b6494b,2019-02,Merseyside Police,Merseyside Police,-2.733090,53.454803,On or near TOLVER STREET,E01006870,St. Helens 014B,Investigation complete; no suspect identified
229b8a6ab1ec1cb9f1b86dd1d28c2a937e1a8328a6a57dbcadcd38f4d0767889,2019-02,Merseyside Police,Merseyside Police,-2.898669,53.457618,On or near MULLION WALK,E01006662,Liverpool 004B,Unable to prosecute suspect
aba5bad5f260de036b6e18bf3aa09f82cd93b857a85478becda23c1b66d5525f,2019-02,Merseyside Police,Merseyside Police,-2.906947,53.442571,On or near ROSEWOOD GARDENS,E01006672,Liverpool 010E,Investigation complete; no suspect identified
40d8329d4c1a8b71ffe63ada19ec7bf8828ceca9cf8fedb739a06611803824c9,2019-02,Merseyside Police,Merseyside Police,-2.979600,53.406392,On or near ELLIOT STREET,E01033760,Liverpool 060C,Further investigation is not in the public interest
6f51e75cf69d61be8b0417461b4e912936f6c63022832801209136fbfc920430,2019-02,Merseyside Police,Merseyside Police,-2.966483,53.442850,On or near DYSON STREET,E01006614,Liverpool 012B,Unable to prosecute suspect
c2c903b393ea4615f4ae88466bfee726bbb85347987b3cc3a0c1b306d296b0f3,2019-02,Merseyside Police,Merseyside Police,-2.981930,53.406967,On or near Parking Area,E01033760,Liverpool 060C,Investigation complete; no suspect identified
f492cc79f0edfddef21c6bcbf438264907b5cd92b59473a500356a6ee1a30a66,2019-02,Merseyside Police,Merseyside Police,-2.825117,53.418985,On or near CHESTER ROAD,E01006483,Knowsley 011C,Investigation complete; no suspect identified
744e8bdd0a90c280c978b9ed052e685af9e2426f6c4b210b6cd24ef2c6610954,2019-02,Merseyside Police,Merseyside Police,-2.956352,53.383264,On or near BELVIDERE ROAD,E01006678,Liverpool 044E,Unable to prosecute suspect
77e7789c6240de2fb41294a466b012a193ba1e92fff919d32c22a697a765c126,2019-02,Merseyside Police,Merseyside Police,-2.948153,53.483753,On or near MOSTYN AVENUE,E01007041,Sefton 027A,Unable to prosecute suspect
c9e52c6deba2da2e18bc75ed02c3e1c5611001f7b1c453c5defa7b53c1b345ec,2019-02,Merseyside Police,Merseyside Police,-3.070385,53.378889,On or near KNIGHTSBRIDGE COURT,E01007163,Wirral 024A,Unable to prosecute suspect
c585a29f64304814a759d8132537d84a99309530103135312e54acd6cfb87131,2019-02,Merseyside Police,Merseyside Police,-2.869584,53.419182,On or near SHELLINGFORD ROAD,E01006643,Liverpool 025E,Investigation complete; no suspect identified
ba46f67f16a2c08025b23c8ee9830b2fed40d61921c7bacd4ff6334f6154c5f9,2019-02,Merseyside Police,Merseyside Police,-3.042872,53.439044,On or near WATERLOO ROAD,E01007238,Wirral 001E,Unable to prosecute suspect
3381ab8e9c7b0c78e58dfd79a564f478b5d65a480384ebe828de8030be842721,2019-02,Merseyside Police,Merseyside Police,-2.969223,53.397884,On or near LITTLE CATHARINE STREET,E01006514,Liverpool 037A,Unable to prosecute suspect
38833688461e035e1ff56979e038dca06bd14f42cad9c48347a296c6619fd486,2019-02,Merseyside Police,Merseyside Police,-2.998447,53.460871,On or near SNAVE CLOSE,E01007013,Sefton 036E,Further investigation is not in the public interest
cf8b3e1d0e53995f6f5aef953533071e58434bdb6b870cebe0fb50fe17b39604,2019-02,Merseyside Police,Merseyside Police,-2.746504,53.452913,On or near HAVELOCK CLOSE,E01006880,St. Helens 012D,Investigation complete; no suspect identified
c3ee55c51da629feb0e1fc9e20662cb0f7c467b170711a58052730bfd15b3296,2019-02,Merseyside Police,Merseyside Police,-3.057549,53.365654,On or near BYRON CLOSE,E01007253,Wirral 030C,Investigation complete; no suspect identified
aa813d2e4869b0f417e200cfb24b82c22f15727237313f25adfd2fb777fbb599,2019-02,Merseyside Police,Merseyside Police,-2.935172,53.447873,On or near SCARISBRICK DRIVE,E01006729,Liverpool 008C,Suspect charged
94371d951ce162caf0c561338da495cd56451f466db1fe858e519c9f8195fd36,2019-02,Merseyside Police,Merseyside Police,-3.008491,53.360964,On or near OLD CHESTER ROAD,E01007112,Wirral 032B,Unable to prosecute suspect
2fe374193c14bf9308cbc3ea8fcfaa66d506bc18f7734d209fbc5c1a44d7d40a,2019-02,Merseyside Police,Merseyside Police,-2.838748,53.361604,On or near THE AVENUE,E01006427,Knowsley 019D,Unable to prosecute suspect
4a5612f0112984989003d27763f9b6a97427dbada23f78bc4f3e63e180d51d4e,2019-02,Merseyside Police,Merseyside Police,-2.733505,53.456176,On or near HARDSHAW STREET,E01006870,St. Helens 014B,Unable to prosecute suspect
c3071e825dfd4153b79b92e696efb3d50064d5a61b67f478e0028ebbf8f07201,2019-02,Merseyside Police,Merseyside Police,-2.981892,53.414455,On or near SCOTLAND ROAD,E01006648,Liverpool 023D,Investigation complete; no suspect identified
1a7e50c146f455b17181112f811995bc1a460b8068afff55914e647ba5bab46d,2019-02,Merseyside Police,Merseyside Police,-2.976607,53.454966,On or near SUMMERS AVENUE,E01006965,Sefton 038E,Unable to prosecute suspect
d0281f9dbcb8b45959f73bf0f8ec2b885f1de5ab002bf063a95c49f4bcb73e52,2019-02,Merseyside Police,Merseyside Police,-3.024644,53.379704,On or near CHURCH TERRACE,E01007292,Wirral 021E,Investigation complete; no suspect identified
d09af48fd94e73a3d29bae6763e01be6043f4325f8a93b61047dd802db07ffea,2019-02,Merseyside Police,Merseyside Police,-2.736164,53.451485,On or near Shopping Area,E01006832,St. Helens 012A,Further investigation is not in the public interest
8bbc06962baeddb773d6db422087126a0019a1fbe83590f1ded309f924b5499e,2019-02,Merseyside Police,Merseyside Police,-2.880249,53.452488,On or near THE OAKS,E01006665,Liverpool 007A,Unable to prosecute suspect
ff38ddaf04cacf886f5d754e022344a85e88cf8f42092e427cadc2be2ee09d2b,2019-02,Merseyside Police,Merseyside Police,-2.964009,53.453279,On or near WELLFIELD ROAD,E01006791,Liverpool 006D,Investigation complete; no suspect identified
cf48b9f6ad06f7bafc4d5acf6e7b1e5257e38fbda70ce1c05d2e0c3532f6946a,2019-02,Merseyside Police,Merseyside Police,-2.977071,53.470594,On or near GALSWORTHY PLACE,E01007047,Sefton 033E,Further investigation is not in the public interest
52e0b6c672617bb76fea020ee7f0e0749a1eb45c7f78a39f2a8d785b36bf301b,2019-02,Merseyside Police,Merseyside Police,-2.950247,53.431124,On or near WENLOCK ROAD,E01006545,Liverpool 019A,Unable to prosecute suspect
a072480bf299ba8ae264ce76b7f5599d95af89aa2ea8abcdf408eeed1568edae,2019-02,Merseyside Police,Merseyside Police,-2.972616,53.436526,On or near MARMONDE STREET,E01006700,Liverpool 012E,Investigation complete; no suspect identified
0e63227fadfc4e1e96a3a46b0e2fd8d201618862ba93101e7da213c41939ff65,2019-02,Merseyside Police,Merseyside Police,-2.922701,53.415754,On or near ST IVES GROVE,E01006711,Liverpool 027A,Unable to prosecute suspect
73cfcec279165b7a4b486f41b10db46e8d29d0042005576cdfa5d1b63003a17c,2019-02,Merseyside Police,Merseyside Police,-2.975114,53.412128,On or near SPRINGFIELD,E01033758,Liverpool 060B,Investigation complete; no suspect identified
b808aa6537439860a357563124b5b9343b45e7a7e4fd533a5c2fbb935b67530c,2019-02,Merseyside Police,Merseyside Police,-2.950247,53.431124,On or near WENLOCK ROAD,E01006545,Liverpool 019A,Unable to prosecute suspect
68b47f0d4c8f7eea4f11ee658e6f7488f9f14db86563b1d1031ee3b21671ac27,2019-02,Merseyside Police,Merseyside Police,-2.959881,53.463884,On or near WEIGHTMAN GROVE,E01006782,Liverpool 003B,Investigation complete; no suspect identified
403cce81f215dad1ea5d50fc09cf9a5fd998f42a4368cb68aebf63e3127adf83,2019-02,Merseyside Police,Merseyside Police,-2.975114,53.412128,On or near SPRINGFIELD,E01033758,Liverpool 060B,Unable to prosecute suspect
6faa74bddeec8d61a6f801958e3371c20e48d594851176657df86e74c9281a44,2019-02,Merseyside Police,Merseyside Police,-2.953277,53.432673,On or near OAKDENE ROAD,E01006545,Liverpool 019A,Unable to prosecute suspect
3a05ef71b99dd764e159a0224fbfaaa544fcdcf7ad2e0e4f7dcdf5a4768ed667,2019-02,Merseyside Police,Merseyside Police,-2.702515,53.438142,On or near CARNEGIE CRESCENT,E01006844,St. Helens 020A,Unable to prosecute suspect
18299e466a0bbaf36b9dfea3cc1d401240d3e7ee2f2ed6a837874286993feb5c,2019-02,Merseyside Police,Merseyside Police,-2.987595,53.406057,On or near Nightclub,E01033760,Liverpool 060C,Investigation complete; no suspect identified
4a9b18cd31fa5de2d223ade080f625c6812e68be32c799adfc0b27d749acd57e,2019-02,Merseyside Police,Merseyside Police,-2.958185,53.396606,On or near CARLINGFORD CLOSE,E01006679,Liverpool 039D,Investigation complete; no suspect identified
7f6663a613b2db5c401e62c578b12ab3e11a5fdf5f2915066e3187420843919f,2019-02,Merseyside Police,Merseyside Police,-2.935477,53.397344,On or near Supermarket,E01006722,Liverpool 038D,Investigation complete; no suspect identified
ace1cd5dc37de75e842d26a73bd06ed6f46661259e71625650ee1bbdbac3c888,2019-02,Merseyside Police,Merseyside Police,-2.923278,53.416657,On or near CHEADLE AVENUE,E01006711,Liverpool 027A,Unable to prosecute suspect
90208849793b6f267e1c522c8c1e02b8cd8c0ec7a4e317b09861dbf7bb143f02,2019-02,Merseyside Police,Merseyside Police,-3.086296,53.373837,On or near CALDWELL DRIVE,E01007249,Wirral 025A,Unable to prosecute suspect
2d354edc04f2beeae355b92a6e25ed460e89050d46491aa86571b27cf0413334,2019-02,Merseyside Police,Merseyside Police,-2.688513,53.451985,On or near SKY LARK RISE,E01006820,St. Helens 011B,Unable to prosecute suspect
ad340c0ebbdfce82c833fba2a81edf7c61ad727ea6e362f4363466921f77de11,2019-02,Merseyside Police,Merseyside Police,-2.918025,53.448006,On or near WELLESBOURNE PLACE,E01006734,Liverpool 005C,Unable to prosecute suspect
190dbdb91be9ee9bd46a90e90978d1e2dde11eb98ab50b8209adf3f6160135cd,2019-02,Merseyside Police,Merseyside Police,-2.975880,53.417353,On or near EBOR LANE,E01006648,Liverpool 023D,Investigation complete; no suspect identified
d40ba39180ef64cc42ebb54835be18cd305c964ba1d9d61222e56f48460d32e1,2019-02,Merseyside Police,Merseyside Police,-2.997592,53.482226,On or near LONSDALE MEWS,E01006980,Sefton 024B,Unable to prosecute suspect
29471609cecc585341942673771bf2ba0dc676403e48f42b8f84eb5b964f81b8,2019-02,Merseyside Police,Merseyside Police,-2.984887,53.408614,On or near PRESTON STREET,E01033762,Liverpool 060E,Unable to prosecute suspect
05a348c6e82887f326525eb4f01dc18f53e37d411593527702ef5615b21f24c3,2019-02,Merseyside Police,Merseyside Police,-3.069854,53.402696,On or near BROW ROAD,E01007121,Wirral 011B,Investigation complete; no suspect identified
84926aac1766902d062f4e564aece57dbd902330d261591c3f6163d46337f8d4,2019-02,Merseyside Police,Merseyside Police,-2.972419,53.424609,On or near ATHERTON CLOSE,E01006646,Liverpool 023C,Investigation complete; no suspect identified
36cc31421765ba11ea457138672d89204c8dbe95d8ca8743f685142af2340b88,2019-02,Merseyside Police,Merseyside Police,-2.919754,53.408181,On or near OCEANIC ROAD,E01006716,Liverpool 032E,Unable to prosecute suspect
6e49e5a8cf411cbbb387cb808a7b42ac97baf4fe265d094740329da67d8d4f34,2019-02,Merseyside Police,Merseyside Police,-2.865565,53.358320,On or near Petrol Station,E01006537,Liverpool 055D,Unable to prosecute suspect
71ec2560568b0ed6791818ee047c830137de77f0439e3ffac9726f0e56362735,2019-02,Merseyside Police,Merseyside Police,-2.791023,53.418317,On or near DRAGON CRESCENT,E01006496,Knowsley 009C,Investigation complete; no suspect identified
99054c3d0de1ed997093d34d0cfad7c0dbc866316de3e807fff4ea764405836b,2019-02,Merseyside Police,Merseyside Police,-2.984733,53.639303,On or near CURZON ROAD,E01006995,Sefton 008A,Further investigation is not in the public interest
3b45551f495f1f0f244ba781289c7b47cc2edecacb6423525e3e885a282c34b1,2019-02,Merseyside Police,Merseyside Police,-2.987481,53.408898,On or near HOCKENHALL ALLEY,E01033762,Liverpool 060E,Investigation complete; no suspect identified
825b47507e797d0371edd4bc19e6874293c9446bb16a88fa72af64b08a6af9b0,2019-02,Merseyside Police,Merseyside Police,-2.882664,53.350339,On or near SPEKE ROAD,E01006743,Liverpool 058D,Investigation complete; no suspect identified
033ed84432924f8b2ce2b9d190239fe3e5943a1fa4e9a5a2d459e205efbb8679,2019-02,Merseyside Police,Merseyside Police,-2.965271,53.400702,On or near MYRTLE PARADE,E01006512,Liverpool 031A,Investigation complete; no suspect identified
e004a24c50a3f3feecf7a9d8326aa3cc53db132300f75220169e8916e7984f99,2019-02,Merseyside Police,Merseyside Police,-2.982736,53.424938,On or near HANKIN STREET,E01006779,Liverpool 022D,Suspect charged
3937855d530c742dc9fb061eb1a21516e244d849e6921e98dfa1fc211aca5e0a,2019-02,Merseyside Police,Merseyside Police,-2.958897,53.428898,On or near HOULDING STREET,E01006546,Liverpool 019B,Offender given a drugs possession warning
f18c577bfd20a6e54fcc58aadca5bd906b57188815fe724d336cded75fb1df5c,2019-02,Merseyside Police,Merseyside Police,-2.977803,53.437545,On or near MAYFIELD,E01006701,Liverpool 014B,Unable to prosecute suspect
0c3885e4ecd35bec8ffc3caf2d4dac67ea2e5a447c1a3f860ce0dbc03cd3770d,2019-02,Merseyside Police,Merseyside Police,-3.132156,53.399865,On or near HUXLEY CLOSE,E01007223,Wirral 013D,Investigation complete; no suspect identified
d01bd529322f6cf11fb33d5ab33be81233bac31536fa3b723aa07de5f2f79aa7,2019-02,Merseyside Police,Merseyside Police,-2.633547,53.456856,On or near WATER STREET,E01006864,St. Helens 013B,Unable to prosecute suspect
9651762d68bb82ab403070e024d1d2748f771885b6787e571a91f1746e7e8d55,2019-02,Merseyside Police,Merseyside Police,-3.013909,53.366366,On or near OLD CHESTER ROAD,E01007178,Wirral 029E,Unable to prosecute suspect
4614505635553f963e3615d16b51a3caeac88c729540dee1e2f28e8f539e1a2e,2019-02,Merseyside Police,Merseyside Police,-2.979306,53.394224,On or near PARLIAMENT STREET,E01006515,Liverpool 037B,Investigation complete; no suspect identified
03512aaaa434ebfa155cf1668855d19c7239d02818f03ef110a0c5d08782133b,2019-02,Merseyside Police,Merseyside Police,-2.709406,53.427072,On or near APPLECORN CLOSE,E01006901,St. Helens 020G,Unable to prosecute suspect
28047c531c93351ac2b381b4ef9d4a35b77b094ed4fe6588fd1a8e9371a30485,2019-02,Merseyside Police,Merseyside Police,-2.930942,53.466486,On or near Hospital,E01006659,Liverpool 005B,Unable to prosecute suspect
27ec346201972f30e68eb81703f09f9df1672ce4fc8fdc1e3e1972d47d73ca69,2019-02,Merseyside Police,Merseyside Police,-2.768237,53.417180,On or near WARRINGTON ROAD,E01006893,St. Helens 021C,Unable to prosecute suspect
a374ac653cf19c903489fb075861248631534ca5fa81274af72b1c6c353144a9,2019-02,Merseyside Police,Merseyside Police,-2.633547,53.456856,On or near WATER STREET,E01006864,St. Helens 013B,Unable to prosecute suspect
290df7d19a1fec047c6e552714479799c1bcbd21c73cd2eb33aa9f0a3bac82c5,2019-02,Merseyside Police,Merseyside Police,-2.996609,53.461497,On or near EMPIRE ROAD,E01007013,Sefton 036E,Unable to prosecute suspect
a1bbcde57d98cc5c9bfec4eb675bd9819c69d6926e88cc9a9a75358b97f5575e,2019-02,Merseyside Police,Merseyside Police,-2.987595,53.406057,On or near Nightclub,E01033760,Liverpool 060C,Investigation complete; no suspect identified
4fcabf7d111b6b722d2af707d7fdbe85d8841ecaaa427406e81a36de29cec64b,2019-02,Merseyside Police,Merseyside Police,-2.924568,53.434499,On or near BELLEW ROAD,E01006604,Liverpool 016A,Offender given a drugs possession warning
75505c8ec83e09f599f1eb34492015cdbd7a596ec56cc6a512927081dfbcda63,2019-02,Merseyside Police,Merseyside Police,-2.823627,53.381611,On or near HEYSHAM LAWN,E01006710,Liverpool 045D,Investigation complete; no suspect identified
7c91b732f404649f37767f652da76e240d8741d83830caaa530e3967dd6c53d6,2019-02,Merseyside Police,Merseyside Police,-3.084672,53.398625,On or near GAYBEECH CLOSE,E01007124,Wirral 011E,Suspect charged
06b5a680d885e9aac14e32dd89c4cae5f093b84e977f6f06e39f52f8e8a9256d,2019-02,Merseyside Police,Merseyside Police,-2.694581,53.465775,On or near WEST END ROAD,E01006813,St. Helens 008D,Investigation complete; no suspect identified
1a358039f78e3ad63bab0f312e545525acad20a6d88994efd4bb96c1eb900a61,2019-02,Merseyside Police,Merseyside Police,-2.867061,53.387595,On or near GRANGESIDE,E01006801,Liverpool 046D,Unable to prosecute suspect
4b2c9a40367a1b05fbf88762b02c9bfc8faafbf246a7572090d29c585b60600b,2019-02,Merseyside Police,Merseyside Police,-3.038883,53.490890,On or near LINDEN AVENUE,E01006940,Sefton 022E,Investigation complete; no suspect identified
0cb790fda6d586e3976d4044caff3290b1b5714b41de5523f799c01baed0fe68,2019-02,Merseyside Police,Merseyside Police,-2.835632,53.369770,On or near CHUDLEIGH CLOSE,E01006423,Knowsley 019C,Unable to prosecute suspect
e0e2044af2dc56c202874fef426ca5f344fa8b34fa5e66ce232746c6f0d88e69,2019-02,Merseyside Police,Merseyside Police,-2.694581,53.465775,On or near WEST END ROAD,E01006813,St. Helens 008D,Investigation complete; no suspect identified
fce6e4721536920405a9502d7b5f47662f4557fdab92efdeca1122f78b3764a4,2019-02,Merseyside Police,Merseyside Police,-3.178040,53.394801,On or near GROVE ROAD,E01007194,Wirral 014B,Unable to prosecute suspect
616490af25d57090b46ae76553085e4c687e9c41a5ca2209bdcd26aed095c73e,2019-02,Merseyside Police,Merseyside Police,-2.958143,53.427511,On or near OAKFIELD ROAD,E01006547,Liverpool 019C,Unable to prosecute suspect
efb36a1b87bf116142fe96fc8d8ab46fddf6fd21692ce099a95275197b7f260d,2019-02,Merseyside Police,Merseyside Police,-3.033997,53.479005,On or near SERVITE CLOSE,E01006954,Sefton 028C,Investigation complete; no suspect identified
da9eb060d4de62708e36f22dd3ffb1df09145c019204b9a7385a000bcd9c4425,2019-02,Merseyside Police,Merseyside Police,-2.935237,53.433688,On or near Sports/Recreation Area,E01006606,Liverpool 020A,Local resolution
29f74275f9ffbf2fe27cac6e1924230a6807fe955acdfe689e8ef3ea969d44c7,2019-02,Merseyside Police,Merseyside Police,-2.938319,53.374750,On or near AIGBURTH ROAD,E01006521,Liverpool 052A,Unable to prosecute suspect
63211c57d6e4b478d78663657e4831be8b63fa8d1a22a1036f229d6c05c0aaf9,2019-02,Merseyside Police,Merseyside Police,-2.942052,53.379072,On or near LIVINGSTON DRIVE SOUTH,E01006521,Liverpool 052A,Investigation complete; no suspect identified
4524077078bc73ce9355a1297cc4aba8d2cd4655242a3688bda491eda0ca0648,2019-02,Merseyside Police,Merseyside Police,-2.980463,53.398115,On or near UPPER FREDERICK STREET,E01006515,Liverpool 037B,Investigation complete; no suspect identified
bd16758afd59dd65a071a139bee8434abc187eaeb25e61ea1ce283e1cff78450,2019-02,Merseyside Police,Merseyside Police,-2.823125,53.380535,On or near SCAFELL LAWN,E01006710,Liverpool 045D,Investigation complete; no suspect identified
4004dee48f4c11fcd2b974665cf3c8c38e1fe6ecf759be78ec82469ef4c334f8,2019-02,Merseyside Police,Merseyside Police,-3.010467,53.464707,On or near ELM GARDENS,E01007011,Sefton 034C,Investigation complete; no suspect identified
f372f9b61a25542fd94513c6a4a5a938b68dbe86beee3fd5286cf91e1964ff01,2019-02,Merseyside Police,Merseyside Police,-3.030844,53.483841,On or near SHREWSBURY AVENUE,E01007109,Sefton 028E,Investigation complete; no suspect identified
59e86e3e9b432f8fa4d6a7cd1664d00207753104daf4c4da3e02e0afaa9271ed,2019-02,Merseyside Police,Merseyside Police,-2.740065,53.461025,On or near OLDFIELD STREET,E01006881,St. Helens 012E,Unable to prosecute suspect
7929fe26a0292cb5b283c5fdaf37e08ac46993ebaa18330ef61e9641a536bc39,2019-02,Merseyside Police,Merseyside Police,-2.868192,53.357501,On or near Supermarket,E01006537,Liverpool 055D,Investigation complete; no suspect identified
619829607c8f36b0eb4f9b19ad963d610581fe850da7ec2a8b30229305e9c128,2019-02,Merseyside Police,Merseyside Police,-2.844940,53.451170,On or near WOODVIEW,E01006438,Knowsley 005E,Unable to prosecute suspect
0614030cd0e936b9ed8daedf5d2baefb703519d2188ceb5dcefab0e50b4191bb,2019-02,Merseyside Police,Merseyside Police,-3.011368,53.391062,On or near IVY STREET,E01007291,Wirral 021D,Unable to prosecute suspect
bce919e56f53140c03ac88ffe6dd4a80ec66791dd0d0c2548d855e6c4efea007,2019-02,Merseyside Police,Merseyside Police,-3.011368,53.391062,On or near IVY STREET,E01007291,Wirral 021D,Unable to prosecute suspect
b4b6f30a3c00e5ab72652121b99c024075bcade8c551e084d64a19ecce282df2,2019-02,Merseyside Police,Merseyside Police,-2.978660,53.390310,On or near OAKHAM STREET,E01033765,Liverpool 061D,Investigation complete; no suspect identified
053da8a5880128f6e4eb74066d2ed50de31f2f0982d242dbec850d6c6b082438,2019-02,Merseyside Police,Merseyside Police,-2.942052,53.379072,On or near LIVINGSTON DRIVE SOUTH,E01006521,Liverpool 052A,Investigation complete; no suspect identified
782ec35ebf8848867eb70ccba7fbba4ed575ead47c6603861bf7563ba098e50d,2019-02,Merseyside Police,Merseyside Police,-2.988776,53.324616,On or near CUNNINGHAM DRIVE,E01007148,Wirral 038E,Investigation complete; no suspect identified
914cce00137518a47b26eacc65aea1da74f6b385fe042a7ab424190d377ecc66,2019-02,Merseyside Police,Merseyside Police,-2.942052,53.379072,On or near LIVINGSTON DRIVE SOUTH,E01006521,Liverpool 052A,Investigation complete; no suspect identified
c10ef98fc6a0324f58c3fab51bbe354ade19623dd2d815bd01bcf97b817667e8,2019-02,Merseyside Police,Merseyside Police,-2.983544,53.449525,On or near HAWTHORNE ROAD,E01006967,Sefton 037A,Investigation complete; no suspect identified
da3c1089863bda5c8e2c57f243cd36979a5c37b389cbcf640115855f31c29dcd,2019-02,Merseyside Police,Merseyside Police,-3.030984,53.384521,On or near LARCH ROAD,E01007130,Wirral 021A,Unable to prosecute suspect
e1a43020e108fa4485d2c4a51972516642a848b1b257744d5d41cd82426d0827,2019-02,Merseyside Police,Merseyside Police,-2.911439,53.443517,On or near CLANFIELD ROAD,E01006599,Liverpool 010B,Suspect charged
241a179b590496826a4e8195646c74833708dffa87afcf1d168a56ba8a1c79a7,2019-02,Merseyside Police,Merseyside Police,-2.942052,53.379072,On or near LIVINGSTON DRIVE SOUTH,E01006521,Liverpool 052A,Investigation complete; no suspect identified
ec52d64f73ed46a6dfd32aa78345f87104913ec10772fc39f625111f9f402d4c,2019-02,Merseyside Police,Merseyside Police,-2.997394,53.638686,On or near HAMPTON ROAD,E01006997,Sefton 008B,Unable to prosecute suspect
efb8c53d89e7f100010cfa1907d1d31bafd489fa4ea00564b928e5b5bac3c48b,2019-02,Merseyside Police,Merseyside Police,-3.023076,53.383933,On or near PEARSON ROAD,E01007291,Wirral 021D,Suspect charged
ffed2b27152232e992b8744d93b7005b2629b3dc4f6393b9fef5efd8ef064085,2019-02,Merseyside Police,Merseyside Police,-3.007922,53.487605,On or near EDEN DRIVE NORTH,E01007026,Sefton 024D,Investigation complete; no suspect identified
d9135363d0f99e73ce1173147b77a1f611bcdfd852165e5e9fc53e1c0ebe6394,2019-02,Merseyside Police,Merseyside Police,-2.947855,53.380455,On or near LINHOPE WAY,E01006523,Liverpool 052B,Investigation complete; no suspect identified
9567d75c5186c653d03fc19ab2e374f19645ec0a86111dda79d0ee18a2f3cb0d,2019-02,Merseyside Police,Merseyside Police,-2.941281,53.523870,On or near ALEXANDER DRIVE,E01007101,Sefton 017E,Unable to prosecute suspect
715940befd4a1a312b31b2ede1b2add7bc71e8408dc786499b91126aee5acdf4,2019-02,Merseyside Police,Merseyside Police,-2.889023,53.425555,On or near HILDA ROAD,E01006640,Liverpool 021F,Investigation complete; no suspect identified
3b39575d8e2d131c82d3c3bd835e6d936167124b11424022647427e6d7c5059b,2019-02,Merseyside Police,Merseyside Police,-2.655477,53.455066,On or near CAMELOT CLOSE,E01006869,St. Helens 010D,Investigation complete; no suspect identified
3ea5f69d3af1e02eff0711acc8b5f37324615b3717766fce2601bdeddcf98404,2019-02,Merseyside Police,Merseyside Police,-2.785076,53.458104,On or near VILLIERS CRESCENT,E01006825,St. Helens 009D,Unable to prosecute suspect
e0dd05922550c62bdf1aee3e863a0b73a89105c6e14be7b880f9a4f0bb754e80,2019-02,Merseyside Police,Merseyside Police,-2.987162,53.407472,On or near Nightclub,E01033762,Liverpool 060E,Unable to prosecute suspect
106b4c3364ca86a51c59981351231cb869832e585c37c19c292a75548a2e26e5,2019-02,Merseyside Police,Merseyside Police,-2.977044,53.460904,On or near RAINFORD AVENUE,E01007052,Sefton 035E,Unable to prosecute suspect
716c5ec8553d367ef850f5ae0eb817c7a3340a53a905a2f1d373fc01165a1005,2019-02,Merseyside Police,Merseyside Police,-3.023947,53.354441,On or near Parking Area,E01007116,Wirral 032E,Investigation complete; no suspect identified
5b7f62cd3c8f55c5e706c973a1a80d1bc8b9a7de088c634c54a8b6225759156a,2019-02,Merseyside Police,Merseyside Police,-3.034668,53.409946,On or near Sports/Recreation Area,E01007269,Wirral 010C,Unable to prosecute suspect
69c6169987a99c3fbaef76b4fe9aab36cf228e427e692a3e38e3f07d02fd5438,2019-02,Merseyside Police,Merseyside Police,-2.982401,53.404563,On or near BROOKS ALLEY,E01033756,Liverpool 061C,Offender given a caution
1cbe542464f1106e1c74f9e4406251b77c25404d59e4eedd6313e64b9c4fcf5a,2019-02,Merseyside Police,Merseyside Police,-2.970939,53.491003,On or near BUCKFAST CLOSE,E01007085,Sefton 023B,Unable to prosecute suspect
70a5f074c4c7c56485d254046dedff7d2edf62ae97da6a2bc4df121b8935cd15,2019-02,Merseyside Police,Merseyside Police,-2.722228,53.453683,On or near Supermarket,E01006872,St. Helens 014C,Investigation complete; no suspect identified
d618cbca2a085e39a6029daeddea16dfcd372fd3fbd40ac67fb5d872905cdb12,2019-02,Merseyside Police,Merseyside Police,-2.981499,53.403914,On or near ROE ALLEY,E01033756,Liverpool 061C,Offender given a caution
4f42f2ea05d475d120533523ad0ed992c3a6bc1caa380a4d79a99f1e6ff466ae,2019-02,Merseyside Police,Merseyside Police,-3.000430,53.456180,On or near SPENSER STREET,E01007008,Sefton 037C,Investigation complete; no suspect identified
5923215dbc868d319218787d4849eab21375dc924b1a506d5af617e2f9e3ac23,2019-02,Merseyside Police,Merseyside Police,-3.046704,53.606382,On or near BLENHEIM ROAD,E01006926,Sefton 012D,Unable to prosecute suspect
efe246d98391e34612e5be54687ff03a0fa1bb5b440893f5d331f1d950bd3d93,2019-02,Merseyside Police,Merseyside Police,-3.062657,53.419282,On or near BRECKSIDE AVENUE,E01007312,Wirral 003C,Offender given a drugs possession warning
9267af757040891edd057282e271435bf7cc9a395c9fc270a64156b89db1467a,2019-02,Merseyside Police,Merseyside Police,-3.023076,53.383933,On or near PEARSON ROAD,E01007291,Wirral 021D,Suspect charged
5621f7487f274278e8ae4d98f89a3311887f0858c4534e6b8ae8edc6c660148b,2019-02,Merseyside Police,Merseyside Police,-3.008318,53.642666,On or near TALBOT STREET,E01006970,Sefton 007B,Unable to prosecute suspect
e50bcb51513facd6511f3fb7339a92926724b67d51be9442a937afcac3c6f0e2,2019-02,Merseyside Police,Merseyside Police,-2.957618,53.424890,On or near CONISTON STREET,E01006562,Liverpool 018E,Unable to prosecute suspect
b848cb1543a76c3e6ced0e3ac1ce46f35930921f54d36d0f9621aeeaae4e33d2,2019-02,Merseyside Police,Merseyside Police,-2.715969,53.449586,On or near GLOUCESTER STREET,E01006874,St. Helens 014E,Unable to prosecute suspect
e2ded5b834db5e4bf40bad43ef9111c762933df5e2eb45fb9180657586d9b804,2019-02,Merseyside Police,Merseyside Police,-2.870722,53.426284,On or near CROSSFORD ROAD,E01006637,Liverpool 017A,Unable to prosecute suspect
10bb233a1f956f0eff5aafb2ab626e7343b178a16b6179546087238994789756,2019-02,Merseyside Police,Merseyside Police,-2.894244,53.494299,On or near HAWESWATER CLOSE,E01006458,Knowsley 002D,Unable to prosecute suspect
39212362e1231bbe316b0a9f07d6566206048d8d05311eefe66caebe5ad3dcad,2019-02,Merseyside Police,Merseyside Police,-2.869422,53.378023,On or near MOUNT PARK,E01006793,Liverpool 051A,Unable to prosecute suspect
b1e6c949398bf48c5b02a37fac043d2d8c6b03af71bae68196aee8e5a608242b,2019-02,Merseyside Police,Merseyside Police,-2.787216,53.413398,On or near HASLEMERE,E01006504,Knowsley 013D,Unable to prosecute suspect
74e0b474d672b1351eed2163bff058dc948edbb739770be88db7e39a14bd5d91,2019-02,Merseyside Police,Merseyside Police,-2.979358,53.403024,On or near Nightclub,E01033756,Liverpool 061C,Offender given a caution
2199f524639de8d03c220ac015b490244ec2a5426c023fd57330a64f9a2b32b6,2019-02,Merseyside Police,Merseyside Police,-2.767341,53.418399,On or near PARK AVENUE,E01006894,St. Helens 021D,Unable to prosecute suspect
67f8f3c9660ebd255a86977a3bf99bcb6a2ffa43ba1e4d7a5cd1d1e15b124934,2019-02,Merseyside Police,Merseyside Police,-2.652728,53.457463,On or near ATHOL CLOSE,E01006839,St. Helens 005B,Unable to prosecute suspect
cab745c56bcb7160276389fcd57226efd33d7b737e4bab2a80bdd3eec03f94ee,2019-02,Merseyside Police,Merseyside Police,-2.694385,53.446405,On or near CONCOURSE WAY,E01006875,St. Helens 017C,Investigation complete; no suspect identified
3c5360dc1629e75a2c98f3fd447e424cbcef00665d27e2d0dffe752d5b652378,2019-02,Merseyside Police,Merseyside Police,-2.742189,53.435143,On or near HEMPSTEAD CLOSE,E01006912,St. Helens 019G,Investigation complete; no suspect identified
f87d983d9478b20155263c1557b75e36cfe7f366dc3afc42dfc4d359bc0e884f,2019-02,Merseyside Police,Merseyside Police,-2.979358,53.403024,On or near Nightclub,E01033756,Liverpool 061C,Suspect charged
2aa51c4b1ac2b3c6e3712e9c4c915159556a4b7910d97e1a436eda710a3c0caa,2019-02,Merseyside Police,Merseyside Police,-2.883183,53.474165,On or near FIRSTONE GROVE,E01006435,Knowsley 005D,Unable to prosecute suspect
6e415e8fb619394f20eb9d0c94a5dfe928fb1377f69b5eb9303cb019809754da,2019-02,Merseyside Police,Merseyside Police,-3.035112,53.409025,On or near GORSEDALE ROAD,E01007269,Wirral 010C,Unable to prosecute suspect
72544261c93f6814ed672f2e8ccbaa9eb7c0c3da63f29db8a140a83f88fd7feb,2019-02,Merseyside Police,Merseyside Police,-2.904871,53.416403,On or near CLAYFORD CRESCENT,E01006569,Liverpool 029B,Unable to prosecute suspect
38c49f6c257729e249f6ba64b42ef5728654dcfaa2ece6b70dc87db8639fe853,2019-02,Merseyside Police,Merseyside Police,-2.883183,53.474165,On or near FIRSTONE GROVE,E01006435,Knowsley 005D,Unable to prosecute suspect
4e40dd753d76ac890d4edf2571426a9b4e89804cbfaabd72afcc3d7f6f11f6f4,2019-02,Merseyside Police,Merseyside Police,-2.673038,53.469440,On or near SAUNDERTON CLOSE,E01006841,St. Helens 006C,Unable to prosecute suspect
4d9fa8d13389bb15c4d73c60756f4d4e1b28c065e1ab71f4cc1739c824df9968,2019-02,Merseyside Police,Merseyside Police,-3.050904,53.435728,On or near DUDLEY ROAD,E01007237,Wirral 001D,Unable to prosecute suspect
e7ac99f1ba5f47c4d8dfc66ba28a647939b307d7096b614c2e64f5674e798737,2019-02,Merseyside Police,Merseyside Police,-2.948205,53.379967,On or near LARK WAY,E01006522,Liverpool 048A,Investigation complete; no suspect identified
5051b2486d29be8f9a47d70d95942fd640f4c11e97cb5895ba1cc8bf1a2c5de3,2019-02,Merseyside Police,Merseyside Police,-2.974769,53.415475,On or near Parking Area,E01006648,Liverpool 023D,Investigation complete; no suspect identified
bae76e8d3db6deebff86699b213a88db011a3c674854dc4a257432c3d7cb17b0,2019-02,Merseyside Police,Merseyside Police,-3.008369,53.647951,On or near WEST STREET,E01006968,Sefton 004C,Offender given a caution
8e9ca71e66b63fcbff46db4d9661f3ba9de847055e6693b8ae438e9616e93616,2019-02,Merseyside Police,Merseyside Police,-3.014539,53.469976,On or near CHESNUT ROAD,E01006952,Sefton 032A,Unable to prosecute suspect
0665f9d5a5a02690ebc3c6d0095fc17acb0567a489d3f752ec80bae208454612,2019-02,Merseyside Police,Merseyside Police,-2.990771,53.406138,On or near CASTLE STREET,E01033752,Liverpool 062B,Suspect charged
8822497ee52208921a260d118d7f5c62e5a59c89e28a85e025c16319f39c50ff,2019-02,Merseyside Police,Merseyside Police,-2.950328,53.425326,On or near Sports/Recreation Area,E01006548,Liverpool 019D,Unable to prosecute suspect
6a2e9b93adbcd0ab4b8c16b074f403c6b6e4b3dea7a4ef56c8eabd394d6ee279,2019-02,Merseyside Police,Merseyside Police,-2.937466,53.444017,On or near FRAMPTON ROAD,E01006732,Liverpool 011E,Unable to prosecute suspect
43b06cacb16c678faa003fefda70f055bf781c901a6182cae759c3af2c082795,2019-02,Merseyside Police,Merseyside Police,-2.883183,53.474165,On or near FIRSTONE GROVE,E01006435,Knowsley 005D,Unable to prosecute suspect
e76740832d5fbc8c4d0b4ec971cee81315e6a41994b4045d1773a516446adb33,2019-02,Merseyside Police,Merseyside Police,-3.000352,53.653097,On or near LEICESTER STREET,E01033097,Sefton 004G,Unable to prosecute suspect
a6ecfd45b124f0cd56e50ae1970d67c5f99f2c5dc09b46bc429de3996c5886b2,2019-02,Merseyside Police,Merseyside Police,-2.896799,53.498954,On or near LAUDER CLOSE,E01006491,Knowsley 002F,Unable to prosecute suspect
e27a5191336d2f689fa4f1de15a6ead8ed9043cf2970c7dd9abed5fae441ee0a,2019-02,Merseyside Police,Merseyside Police,-3.061237,53.569975,On or near ST ANNE'S PATH,E01006985,Sefton 013A,Investigation complete; no suspect identified
47b9cd4dbf6634df6e33b3e4694d62eeecbc75f4174b06a00ae0e3c172e5344a,2019-02,Merseyside Police,Merseyside Police,-3.008369,53.647951,On or near WEST STREET,E01006968,Sefton 004C,Investigation complete; no suspect identified
ce30f1cd61932ca079c98bd918951a7d6a3d71bd43657e4789f93e9a5fb97aee,2019-02,Merseyside Police,Merseyside Police,-3.121792,53.325479,On or near THE MOORINGS,E01007187,Wirral 040B,Unable to prosecute suspect
ded994fceabe019153e475dd63fdd6e593d883209f03d9fba4fba986dec2dc28,2019-02,Merseyside Police,Merseyside Police,-2.942173,53.423332,On or near MORECAMBE STREET,E01006540,Liverpool 024A,Unable to prosecute suspect
a4a12e42b751ba8cd4fd8c1359908cbd4510484c312cdcd496efa28f860ebe48,2019-02,Merseyside Police,Merseyside Police,-2.947714,53.451208,On or near SYCAMORE CLOSE,E01032511,Liverpool 008G,Offender given a drugs possession warning
41ce4809f5a41cc98bec0ccd86d51a1cc219cae92ca0e43638d4de66cae28460,2019-02,Merseyside Police,Merseyside Police,-3.037924,53.590395,On or near ROSE CRESCENT,E01006924,Sefton 011B,Suspect charged
b63e2e8c7c5f42deb778be15566ca9c59df0a08814c6bdd4efe44cd3be962774,2019-02,Merseyside Police,Merseyside Police,-2.998880,53.657423,On or near LATHOM ROAD,E01006950,Sefton 004B,Unable to prosecute suspect
a5a9034999d3b46678ccb89000d380889e9a5fb1b9355e8630a2e5a6235f4186,2019-02,Merseyside Police,Merseyside Police,-2.978355,53.409809,On or near COMMUTATION ROW,E01033760,Liverpool 060C,Investigation complete; no suspect identified
149f5576eebcf24e4ee34a1f227daaf51aa46021fc417d1e7825d767f0c46aaa,2019-02,Merseyside Police,Merseyside Police,-3.037924,53.590395,On or near ROSE CRESCENT,E01006924,Sefton 011B,Suspect charged
6e59ece19bdd6e3d7c5f62939cd92837535362cbd80eea29b6d9dff929ea07c0,2019-02,Merseyside Police,Merseyside Police,-2.921035,53.409663,On or near TAPLEY PLACE,E01032509,Liverpool 027H,Investigation complete; no suspect identified
d6a3753fe4899dc004a3778933a1bbe6e43b1464580fa8888d0bbadb4418385e,2019-02,Merseyside Police,Merseyside Police,-2.899385,53.428085,On or near CHAPELCROFT COURT,E01006620,Liverpool 021C,Offender given a drugs possession warning
23f2a97792c1fa9ad0209f344f7b354fa7aa2aeee3d732a390140d87f1b6fd81,2019-02,Merseyside Police,Merseyside Police,-2.979569,53.402420,On or near Nightclub,E01033761,Liverpool 060D,Offender given a caution
40232802c166430850e882111d002413a79b98aa02ec335e7c1ef811ee02c2eb,2019-02,Merseyside Police,Merseyside Police,-3.037924,53.590395,On or near ROSE CRESCENT,E01006924,Sefton 011B,Suspect charged
84b0ecc16e832c0a0414806ec2d8c3ca9e93e4537b50961ac39e916fcba66abc,2019-02,Merseyside Police,Merseyside Police,-2.740640,53.453372,On or near WESTFIELD STREET,E01006832,St. Helens 012A,Unable to prosecute suspect
c4fbad5d79550c7bdaa1a62d00a58fe36c78571cfcf45b7dc7612822907ea5db,2019-02,Merseyside Police,Merseyside Police,-2.930717,53.449310,On or near TOWNSEND AVENUE,E01006737,Liverpool 005F,Unable to prosecute suspect
ddc66f2d5759679a5f5ae6a74ba364c8ec91bbdc4c4552298be9d0ed34c557d6,2019-02,Merseyside Police,Merseyside Police,-2.899385,53.428085,On or near CHAPELCROFT COURT,E01006620,Liverpool 021C,Offender given a drugs possession warning
3a091b55412fc344121b0b28fbe52bc65b255766ea0579d662dc8f72b2346f9f,2019-02,Merseyside Police,Merseyside Police,-2.969771,53.434536,On or near DYLAN CLOSE,E01006703,Liverpool 014D,Suspect charged
75122eb6451f24420c782f9a259e900137c2ec0f55dec1495e06680f643a3c85,2019-02,Merseyside Police,Merseyside Police,-2.963860,53.400795,On or near MYRTLE STREET,E01006512,Liverpool 031A,Investigation complete; no suspect identified
398e8e44a98e30131ebde8f0a28fc9d0261744b5c0b1eeee56960922018d5aaf,2019-02,Merseyside Police,Merseyside Police,-2.737771,53.453813,On or near Shopping Area,E01006872,St. Helens 014C,Unable to prosecute suspect
a2bf1972a77b91a1cdd40dac825da3954c2583de09d0fe68050a3c032825e8a0,2019-02,Merseyside Police,Merseyside Police,-2.980826,53.402122,On or near SLATER PLACE,E01033761,Liverpool 060D,Offender given a caution
7807fcadb7a57c4d8f533b685040e7cb8d1446243f92e02728b94af8f3e0f2ec,2019-02,Merseyside Police,Merseyside Police,-2.947233,53.428263,On or near CLARENDON ROAD,E01006766,Liverpool 019E,Investigation complete; no suspect identified
d6084e21d83514f6bb88b5a76d1602b6decb27e0ba3381174b59571088eaf2d6,2019-02,Merseyside Police,Merseyside Police,-2.978904,53.402928,On or near WOOD STREET,E01033761,Liverpool 060D,Investigation complete; no suspect identified
bdbc7981ac6a11eab0a680ee63724d0915ff45e529bb15d92753110f6b1d499d,2019-02,Merseyside Police,Merseyside Police,-3.008616,53.647517,On or near Nightclub,E01006968,Sefton 004C,Investigation complete; no suspect identified
57bdc4743d5f766e550bd04124334d97bcad1edb13cd4c054812cb42361d3211,2019-02,Merseyside Police,Merseyside Police,-2.989705,53.406228,On or near COOK STREET,E01033752,Liverpool 062B,Investigation complete; no suspect identified
cfbf09b8efbe88085da455f86def6c48943b3d5f2458e4376b9c88bcc904e619,2019-02,Merseyside Police,Merseyside Police,-2.973398,53.402892,On or near Further/Higher Educational Building,E01006513,Liverpool 060A,Investigation complete; no suspect identified
9a5b6f3815540efba466c5b5b9884bf8788fbbf84ae1289bf63956df536292f3,2019-02,Merseyside Police,Merseyside Police,-3.067634,53.404136,On or near CLOVER DRIVE,E01007121,Wirral 011B,Investigation complete; no suspect identified
bf9d2fa874a25a7a180c422c093ed5d5c3bc7116b8a80a80d3802a2e10433196,2019-02,Merseyside Police,Merseyside Police,-2.987595,53.406057,On or near Nightclub,E01033760,Liverpool 060C,Unable to prosecute suspect
e4c0d30a5e227d2451c1d80420292a4e719ecbe6192414d4bc806f5da0b399b3,2019-02,Merseyside Police,Merseyside Police,-2.805195,53.419022,On or near JOHNSON AVENUE,E01006461,Knowsley 007B,Unable to prosecute suspect
a5859f753b02527ec82acb57cd66c44e6b76a89fbe6666c90be774947cd181e4,2019-02,Merseyside Police,Merseyside Police,-2.979687,53.402976,On or near Nightclub,E01033756,Liverpool 061C,Investigation complete; no suspect identified
3b1a5f519ca0362e4a55a72f88797d51b34e58d814a0acce9e143d8dd1e4653e,2019-02,Merseyside Police,Merseyside Police,-2.912556,53.412740,On or near BROAD GREEN ROAD,E01032508,Liverpool 027G,Investigation complete; no suspect identified
6e7a0f63ec44e7953e7f6c007cac3f26b8f3ecf967b1e9865c5fea743a8209b6,2019-02,Merseyside Police,Merseyside Police,-3.043368,53.401537,On or near CORPORATION ROAD,E01032903,Wirral 010F,Offender given a caution
47f176a64942031d6259bdc327c6831e5fe813b9b08f4ac5d25bdb67d59aad3f,2019-02,Merseyside Police,Merseyside Police,-2.853066,53.383265,On or near CHARDSTOCK DRIVE,E01006708,Liverpool 045C,Unable to prosecute suspect
e9a1cd8dddde89da21db6f2dd01dd5c18a1241c91ba8bf0c9279a5c009d1179d,2019-02,Merseyside Police,Merseyside Police,-2.984539,53.427449,On or near HERIOT STREET,E01006779,Liverpool 022D,Unable to prosecute suspect
72a8ba470fc375edcfb0906f26dee9755fc451c4386f21b82a3846e027c103ca,2019-02,Merseyside Police,Merseyside Police,-3.094650,53.326792,On or near Parking Area,E01007189,Wirral 040D,Unable to prosecute suspect
84601f7a9ebc41c1a0f0f31034a1c1ef18f325249a74d118cf7812e7a242c0a0,2019-02,Merseyside Police,Merseyside Police,-2.990098,53.406935,On or near SWEETING STREET,E01033752,Liverpool 062B,Unable to prosecute suspect
fab644da36e368ca2d889fc7a10b5d07ad8088b7602efff6fc3a1656c4c413e2,2019-02,Merseyside Police,Merseyside Police,-2.990859,53.411189,On or near HIGHFIELD STREET,E01033755,Liverpool 062D,Investigation complete; no suspect identified
af1772d1a25aa4f0b719f911bde86a2bc25a0c47bb869143234d05b8ba4c5d2b,2019-02,Merseyside Police,Merseyside Police,-2.632409,53.449177,On or near GROSVENOR GARDENS,E01006860,St. Helens 015E,Unable to prosecute suspect
7c951b75defb550f6fa2ae0125079845757e4f8ea31d15cb61aff2a28a0ae1be,2019-02,Merseyside Police,Merseyside Police,-2.831828,53.346524,On or near Pedestrian Subway,E01006756,Liverpool 059D,Unable to prosecute suspect
d6bd38469d77fa5264d66120dfdc2d437d2d3364a3c31fd1702dd719edc8b1d5,2019-02,Merseyside Police,Merseyside Police,-2.951525,53.424301,On or near BECKY STREET,E01006548,Liverpool 019D,Investigation complete; no suspect identified
15de5dffac231580ea0e2159fae7bc8703cfb626034becbdf17372f37f6c1254,2019-02,Merseyside Police,Merseyside Police,-3.041683,53.587217,On or near DUNLOP AVENUE,E01006923,Sefton 012C,Investigation complete; no suspect identified
91b4b29ba6a2a355975e58dc8c685c62d42fd1579ba0890d7400c386c413cc27,2019-02,Merseyside Police,Merseyside Police,-3.030260,53.389426,On or near RIVER STREET,E01007128,Wirral 016C,Investigation complete; no suspect identified
106a9fe4f32a95a37f349cfd186011ef7103106ac6082f6aeabaf6f899d08e0c,2019-02,Merseyside Police,Merseyside Police,-3.045401,53.485027,On or near THE KNOWLE,E01006936,Sefton 022A,Unable to prosecute suspect
1e26d4ce28558ce6a9e057c26697dbba81646bf65910a736c5c51ff3dbb13e51,2019-02,Merseyside Police,Merseyside Police,-2.921266,53.485716,On or near SPENCER'S LANE,E01007039,Sefton 026A,Further investigation is not in the public interest
799db6b35935cd8ee23d17aa31da44d08684241397036d9f98b0710149b3cc69,2019-02,Merseyside Police,Merseyside Police,-2.987682,53.653525,On or near PARK ROAD,E01006944,Sefton 003A,Unable to prosecute suspect
01222fcbc69fa6a3c4434812c812d2ea35169e7c8cb716ec17d325cc1d919658,2019-02,Merseyside Police,Merseyside Police,-2.976574,53.340582,On or near Petrol Station,E01007135,Wirral 039A,Investigation complete; no suspect identified
c71cfb7f261a2ee91ab60e3bd30990c66c656ae03bbd97dd9865d2c4dff9a2e4,2019-02,Merseyside Police,Merseyside Police,-2.979388,53.403023,On or near Shopping Area,E01033756,Liverpool 061C,Unable to prosecute suspect
875e6636275b0a522f4bd7e942792b80597e6c8e52a0a91a853a525d331e9f23,2019-02,Merseyside Police,Merseyside Police,-2.720958,53.451632,On or near SOUTH JOHN STREET,E01006874,St. Helens 014E,Unable to prosecute suspect
a4c0a3a6df3579da489fb2404bdf1d1454c106610146e4d2bf1f92d94da842ad,2019-02,Merseyside Police,Merseyside Police,-2.909184,53.504972,On or near GIDDYGATE LANE,E01007040,Sefton 026B,Investigation complete; no suspect identified
7f0d6f143350eefb063c8cab603fbc0281a93c0969a50dcdadee284f9d7165ea,2019-02,Merseyside Police,Merseyside Police,-3.014897,53.622440,On or near ST JOHN'S ROAD,E01006931,Sefton 010C,Unable to prosecute suspect
5b7fc771d7bd56da5fd5fd203417c09d9a280086df39c9b8ca97325a80a5eb40,2019-02,Merseyside Police,Merseyside Police,-2.754045,53.461172,On or near WINDLESHAW ROAD,E01006916,St. Helens 007C,Investigation complete; no suspect identified
6c47f6b5da21c03e81b428c80c452ce2b5cb1d835e38a838c82561f2b4a762c5,2019-02,Merseyside Police,Merseyside Police,-2.795734,53.410321,On or near DOMVILLE,E01006505,Knowsley 013E,Investigation complete; no suspect identified
25e5f9b918e7e8995b2f00d651e81e2ecacafdff963fe0b629c918a4eb3d5da1,2019-02,Merseyside Police,Merseyside Police,-2.978279,53.315336,On or near WOODLEA CLOSE,E01007172,Wirral 041E,Further investigation is not in the public interest
62d243825b491207a6f941a95034a612db060dce3d6e0cf714c8eb3739af8d13,2019-02,Merseyside Police,Merseyside Police,-2.875509,53.419723,On or near BACK DOVECOT PLACE,E01006643,Liverpool 025E,Unable to prosecute suspect
aa9b5cd967224e3709461c24f3840a80c64b74bc2e22683e18e8b08bab843d6f,2019-02,Merseyside Police,Merseyside Police,-2.969658,53.378006,On or near ELLERMAN ROAD,E01033748,Liverpool 050I,Investigation complete; no suspect identified
f8cfc9c67b5e9fcbd989e6dc3fc1b9841fad4c2a33350c8d7e40bb075f909fc3,2019-02,Merseyside Police,Merseyside Police,-3.015619,53.621661,On or near CARNARVON ROAD,E01006931,Sefton 010C,Unable to prosecute suspect
e197a0b0e72345f5639b4ac3cb9c5b13af2eda373eeb491615a386efed380fc7,2019-02,Merseyside Police,Merseyside Police,-2.898178,53.486467,On or near WILLOW AVENUE,E01006454,Knowsley 002A,Investigation complete; no suspect identified
1571b291cdf1b22613c7313f9fc6abd7b2af9ae9c44f37af19a50f783ad919d0,2019-02,Merseyside Police,Merseyside Police,-2.823627,53.381611,On or near HEYSHAM LAWN,E01006710,Liverpool 045D,Investigation complete; no suspect identified
df7fe1eac4c145f0b2bfd9f45be256a52c825c4e0f207b4af5c133bb3daab3bc,2019-02,Merseyside Police,Merseyside Police,-2.921624,53.385425,On or near Sports/Recreation Area,E01033749,Liverpool 042F,Investigation complete; no suspect identified
15681bea8afe360a1f4212645c31f523ff5f08cf15e8ba7bf2de8ffa753f1e6b,2019-02,Merseyside Police,Merseyside Police,-2.966254,53.665278,On or near THE RIDINGS,E01007033,Sefton 002D,Investigation complete; no suspect identified
9a7b4f78d529614b2c4163834ae0fcc0df99ee5cfe35ad367c20c4a11b97e8da,2019-02,Merseyside Police,Merseyside Police,-2.889426,53.496024,On or near ASHLEY CLOSE,E01006495,Knowsley 001E,Investigation complete; no suspect identified
a1172ad0cccd6c4ec1421979b4b773af59596de5ba38c98aaa6699dca612bb40,2019-02,Merseyside Police,Merseyside Police,-2.951615,53.380497,On or near ALEXANDRA PARK,E01006520,Liverpool 043A,Investigation complete; no suspect identified
0f38ee801316580629d42468fd924fa82e02f10051ac61651430c17a5ba7629e,2019-02,Merseyside Police,Merseyside Police,-2.916232,53.445170,On or near STALISFIELD PLACE,E01006598,Liverpool 010A,Unable to prosecute suspect
5abe9edf83a1f579c014d58b8f2012a8846e47ad6569e4fb65a9257b5360f69a,2019-02,Merseyside Police,Merseyside Police,-3.015093,53.394671,On or near JOHN STREET,E01007126,Wirral 016A,Unable to prosecute suspect
0fb1bef6b5bf335a10df936aab7f7e043afbd9cce821e7beb3ac1188c3ffdec2,2019-02,Merseyside Police,Merseyside Police,-2.966241,53.475994,On or near BOLDEN CLOSE,E01007048,Sefton 029A,Unable to prosecute suspect
ff7c18d7fbbcc68fcdb6a3df11851dee8692f993d199616b63d31364450da328,2019-02,Merseyside Police,Merseyside Police,-2.898293,53.488318,On or near DEERBOLT CRESCENT,E01006454,Knowsley 002A,Investigation complete; no suspect identified
2ef3adf8c6ebc245ae477ada4aa6e1f318447a20c0775faecb75117de3c849ff,2019-02,Merseyside Police,Merseyside Police,-3.020069,53.375131,On or near WELL LANE,E01007296,Wirral 027E,Investigation complete; no suspect identified
13fb765f5ab62bbc7960cc29af8b3f4b8f0946551ded37913ad59dbef74c7f72,2019-02,Merseyside Police,Merseyside Police,-2.882632,53.412740,On or near GREYSTONE CRESCENT,E01006485,Knowsley 014B,Investigation complete; no suspect identified
b7ed5f65d62dbe8d5c463eb55117e9f9ee1e6401dec5a6b3c122974b8e2c58a0,2019-02,Merseyside Police,Merseyside Police,-2.987102,53.459419,On or near Petrol Station,E01007019,Sefton 035A,Investigation complete; no suspect identified
5ddc0cb6651a49763d7d749bde23f57e1b22de5465d82af2691c5a9952fabd8e,2019-02,Merseyside Police,Merseyside Police,-3.004162,53.371113,On or near MORECROFT ROAD,E01007290,Wirral 027B,Investigation complete; no suspect identified
052ce88615a98b08d2e836be9ecce3d5aac66f859892e5a4bd65c1ef267c9ec9,2019-02,Merseyside Police,Merseyside Police,-3.044287,53.389322,On or near ST ANDREW'S ROAD,E01007160,Wirral 020B,Suspect charged
c73e4928d54d4784af165a7fa1dccf0a10e5882e590132834ae68d9a2deb7730,2019-02,Merseyside Police,Merseyside Police,-2.862826,53.385648,On or near ASHURST CLOSE,E01006801,Liverpool 046D,Investigation complete; no suspect identified
899904891301809b93f8c9fa9d54c36a0be95192f074ec80fb86ebce6c2cfe55,2019-02,Merseyside Police,Merseyside Police,-2.698316,53.432720,On or near ELIZA STREET,E01006900,St. Helens 022B,Unable to prosecute suspect
14d4d96dd54c8aa4af8adb776650577741f3f49b7e142373b5bc1adfe684ae5e,2019-02,Merseyside Police,Merseyside Police,-2.977441,53.394895,On or near CRUMP STREET,E01006515,Liverpool 037B,Unable to prosecute suspect
c07202d66fee083286d261501b9bd285e26e422a8bf7d3495d70f9dcc14a16cb,2019-02,Merseyside Police,Merseyside Police,-3.068768,53.399569,On or near BOUNDARY ROAD,E01007123,Wirral 011D,Investigation complete; no suspect identified
1bd2740df2f5752f9125352291b933ee14a3cdb6494c8371199a71b7cdf199d1,2019-02,Merseyside Police,Merseyside Police,-3.020883,53.368293,On or near BEBINGTON ROAD,E01007173,Wirral 029A,Investigation complete; no suspect identified
2dbbed71fe5477327ebb9e8b9d0166b8836d6ec2c8a11ff758681eb7664cfa8a,2019-02,Merseyside Police,Merseyside Police,-2.935364,53.440159,On or near BRAYFIELD ROAD,E01006603,Liverpool 011B,Investigation complete; no suspect identified
94c6277ee1666a03f4e35d3ccbde7c78a694cc8fcbc1ea2b9f9c59616b6fac8d,2019-02,Merseyside Police,Merseyside Police,-2.967471,53.447274,On or near RICE LANE,E01006705,Liverpool 009E,Investigation complete; no suspect identified
5126ba8461a3fc497477d3e5c56c8beeed82a4484f886aee61ad6c69d333955e,2019-02,Merseyside Police,Merseyside Police,-2.950128,53.428465,On or near PRIORY ROAD,E01006766,Liverpool 019E,Investigation complete; no suspect identified
a81e76c970fabece8cec67c35eef8aed4f8ea9fbd4ba682cf2a9a28f6636f392,2019-02,Merseyside Police,Merseyside Police,-2.872858,53.429863,On or near GAINFORD ROAD,E01006637,Liverpool 017A,Investigation complete; no suspect identified
a9332da934d77e62304b0ecb908a3c13441845abe3fa81ce6b5f1bfc5cce148a,2019-02,Merseyside Police,Merseyside Police,-2.728401,53.455371,On or near LOWER HALL STREET,E01006872,St. Helens 014C,Investigation complete; no suspect identified
84fa127d8b720a86714d8888339025392580a617678682e3c9854aa17a89294f,2019-02,Merseyside Police,Merseyside Police,-2.867675,53.440670,On or near HOLLOW CROFT,E01006412,Knowsley 006A,Unable to prosecute suspect
827a39623480b277f1db54c37010cd3e1d3e5872891b6d1afd7c7c85c399ef1c,2019-02,Merseyside Police,Merseyside Police,-2.698316,53.432720,On or near ELIZA STREET,E01006900,St. Helens 022B,Investigation complete; no suspect identified
41cd42c754b5e2e0a66e4f346a043580587433c1124dcff68caa12343cff6512,2019-02,Merseyside Police,Merseyside Police,-2.943530,53.414647,On or near GENEVA ROAD,E01006695,Liverpool 028C,Unable to prosecute suspect
e283f746102ebc49bfb466c11c8f7bf1503b574c8a8f83527dd18429f1ea7e90,2019-02,Merseyside Police,Merseyside Police,-3.050328,53.424560,On or near Supermarket,E01007314,Wirral 004E,Investigation complete; no suspect identified
561a85a51dad5a59b2460d9e3c3b7bc5d5dd330f01df49b6fb78bb5d797c2390,2019-02,Merseyside Police,Merseyside Police,-3.153064,53.405481,On or near BENNET'S LANE,E01007199,Wirral 013B,Investigation complete; no suspect identified
5a8456a1bbcef431f2ef96ea74d28a4c7dfb9e5092391fc4e096829c9a7e2e2b,2019-02,Merseyside Police,Merseyside Police,-2.992022,53.638595,On or near WESTMORELAND ROAD,E01006996,Sefton 007D,Suspect charged
1fd2e7a94bffce77c274b8d26e5d22215cd50e0d8539c481e9b810ea856f8056,2019-02,Merseyside Police,Merseyside Police,-2.973351,53.401509,On or near RODNEY STREET,E01006513,Liverpool 060A,Unable to prosecute suspect
af0b58ac4ea62eb0ff7bdac9ff0b6c8c9b2e6d2f244ff0908064a78ec9807ef2,2019-02,Merseyside Police,Merseyside Police,-3.015093,53.394671,On or near JOHN STREET,E01007126,Wirral 016A,Unable to prosecute suspect
2c638d363fbb7f614c79ea00ec1cf08f8b885cf226c0e83cbe5681800551309e,2019-02,Merseyside Police,Merseyside Police,-3.013680,53.619628,On or near SHAFTESBURY ROAD,E01006933,Sefton 010E,Unable to prosecute suspect
74ec5af45388f4d2b15f096878debae7c548b7ac954530993260c587ef83de34,2019-02,Merseyside Police,Merseyside Police,-3.013680,53.619628,On or near SHAFTESBURY ROAD,E01006933,Sefton 010E,Unable to prosecute suspect
8c7fda789fe20dd7b1ab7ac6799d2f13e59577501896139f3a872ef52ea8de26,2019-02,Merseyside Police,Merseyside Police,-2.729515,53.449234,On or near LINKWAY EAST,E01006912,St. Helens 019G,Investigation complete; no suspect identified
3c473233515e849e11ba238acb1d92ead787bbaad5cb6840abd966f452872b6b,2019-02,Merseyside Police,Merseyside Police,-2.874265,53.428765,On or near STANDEDGE WAY,E01006637,Liverpool 017A,Investigation complete; no suspect identified
f03937adbbdfd9f17826305a9bbd04451471a617bab753ede6196df37bb18643,2019-02,Merseyside Police,Merseyside Police,-2.927780,53.468632,On or near GREYSTONE ROAD,E01006655,Liverpool 001C,Investigation complete; no suspect identified
4393548a0ddfd9798d6c7fa8a1cd72f820aab19bd3ad0b1949d861f14489bcc6,2019-02,Merseyside Police,Merseyside Police,-3.021876,53.412258,On or near HARCOURT AVENUE,E01007274,Wirral 008C,Unable to prosecute suspect
73dfcf997dd6ab6ada6e36ea3eb23ad1eb6814a37d7e4656787c9ce69976a70d,2019-02,Merseyside Police,Merseyside Police,-3.061265,53.570496,On or near ST ANNE'S CLOSE,E01006985,Sefton 013A,Investigation complete; no suspect identified
ea5af5b737fbcb15ff5914f502d42fdc1c58e06a6e9018b60222feb04de0cbff,2019-02,Merseyside Police,Merseyside Police,-2.791023,53.418317,On or near DRAGON CRESCENT,E01006496,Knowsley 009C,Investigation complete; no suspect identified
3a018d2545a7e22e560b7f180e7e8f870f2b1fa93af11f2bab87265b0533c935,2019-02,Merseyside Police,Merseyside Police,-2.839953,53.412886,On or near Parking Area,E01006474,Knowsley 016C,Unable to prosecute suspect
b86e6a9e8f2354e9bd652587571c8db0b1ed8919b0d3104a26cf4aacbcbfdff1,2019-02,Merseyside Police,Merseyside Police,-2.957497,53.428253,On or near DINORWIC ROAD,E01006546,Liverpool 019B,Unable to prosecute suspect
0aa242092ab198139214dc1ce62a45c1a869d0f39091b233194ccf7cb585669c,2019-02,Merseyside Police,Merseyside Police,-3.046137,53.388740,On or near GROSVENOR ROAD,E01007155,Wirral 020A,Investigation complete; no suspect identified
9501b9ce4d1abd8d6df156e188c92faf878ad16e3881cbfb3faa543efdbe0ed0,2019-02,Merseyside Police,Merseyside Police,-2.792562,53.423412,On or near MAPLE GROVE,E01006459,Knowsley 009A,Investigation complete; no suspect identified
5dc6bdbf770cbfeb6c5196c3d2d57ee68066c09781bc74287566674471e8c16b,2019-02,Merseyside Police,Merseyside Police,-2.983454,53.433238,On or near WYKEHAM STREET,E01006702,Liverpool 014C,Investigation complete; no suspect identified
fdce7c6733f89fdfd51a1f2a9d7e0f2747e231ecc176dbfdda975a25b5bd1d75,2019-02,Merseyside Police,Merseyside Police,-2.833739,53.402107,On or near HOLMFIELD GROVE,E01006479,Knowsley 015C,Formal action is not in the public interest
cff837f96bd92c6456a48dedd6c0ba30fa07a546083ceafb27354e88715b7bb4,2019-02,Merseyside Police,Merseyside Police,-2.983825,53.408875,On or near OLD HAYMARKET,E01033760,Liverpool 060C,Unable to prosecute suspect
e08b7628a13105727d9e1fa6e83e12abc19cc9c85352339e7dc0f45502273a6a,2019-02,Merseyside Police,Merseyside Police,-2.984302,53.398282,On or near SPARLING STREET,E01033754,Liverpool 061B,Investigation complete; no suspect identified
2fd1ea654e36fe4d32c9da0d18c867fd09df8778b79b3cb74c60f3bf6b63bfd9,2019-02,Merseyside Police,Merseyside Police,-3.050904,53.435728,On or near DUDLEY ROAD,E01007237,Wirral 001D,Unable to prosecute suspect
468aea9e077e9af835807663987b1c961256db003dc129a5a706e292616666bf,2019-02,Merseyside Police,Merseyside Police,-2.733889,53.444425,On or near Shopping Area,E01006912,St. Helens 019G,Investigation complete; no suspect identified
7608f38bcd37d5c9589d99bd806643c9100fba237622492700af8f353e75b7e7,2019-02,Merseyside Police,Merseyside Police,-3.008369,53.647951,On or near WEST STREET,E01006968,Sefton 004C,Investigation complete; no suspect identified
f72fa1896bee10f8394bc9e0f1a7cbe7a22ed1cd0e75d54820b9e56567f0a8cf,2019-02,Merseyside Police,Merseyside Police,-2.716175,53.460892,On or near SUMLEY CLOSE,E01006814,St. Helens 008E,Suspect charged
e3c8f70993093879774322de8cfd9a90b19b899991d8c2008d8d7c8420cd8d5d,2019-02,Merseyside Police,Merseyside Police,-2.883027,53.411496,On or near REGENT AVENUE,E01006485,Knowsley 014B,Unable to prosecute suspect
e46adff6328bbfcb077eebf8deecc4115c929afa6f23087dec3c4ccf644f158d,2019-02,Merseyside Police,Merseyside Police,-2.766420,53.438288,On or near BROADWAY,E01006830,St. Helens 019A,Investigation complete; no suspect identified
7b727178f5509ea9bc9a148bb661f183d408a1215913976ea5e4e3028a388f26,2019-02,Merseyside Police,Merseyside Police,-2.983878,53.406618,On or near Supermarket,E01033760,Liverpool 060C,Investigation complete; no suspect identified
455525df0fc079d0ac9d0ba1a226e8bef528ddd612b8dd99ccdae617089ccb26,2019-02,Merseyside Police,Merseyside Police,-2.911718,53.358777,On or near Parking Area,E01006687,Liverpool 056D,Investigation complete; no suspect identified
440436facb0bd8243dfc3f5efb6ca6bbec44cdfb52457b27afbfda9bb63997d6,2019-02,Merseyside Police,Merseyside Police,-2.859511,53.375551,On or near WOODVALE ROAD,E01006798,Liverpool 051D,Investigation complete; no suspect identified
a9b3069a1276d9c679eb0536b0962b338bddae2a738fc1d0b5479cd0e0dc78a8,2019-02,Merseyside Police,Merseyside Police,-2.976003,53.401046,On or near BERRY STREET,E01006513,Liverpool 060A,Unable to prosecute suspect
e263da9dc84ada6cf99eebfa52034639d5599ad1b887d554140e9f2aede22d64,2019-02,Merseyside Police,Merseyside Police,-2.930626,53.426551,On or near CRAIGBURN ROAD,E01006765,Liverpool 020E,Investigation complete; no suspect identified
2428d3d627c99160ed004ba960f8c256bda65c424cff43be6545355f8baecc8b,2019-02,Merseyside Police,Merseyside Police,-2.980712,53.477557,On or near BOUNDARY ROAD,E01006981,Sefton 031B,Unable to prosecute suspect
8549e0de8c74e185a905e5a085905bea5df4bea53b9af9bf0dc11e2fd2eb46b1,2019-02,Merseyside Police,Merseyside Police,-2.936402,53.425076,On or near DORSET ROAD,E01006764,Liverpool 020D,Investigation complete; no suspect identified
2172820a4a84b1e216da3a2e0fd4b526562991b069be0b0a2078f5f1008ac1ef,2019-02,Merseyside Police,Merseyside Police,-2.746135,53.423262,On or near ELLINGTON WAY,E01032905,St. Helens 019J,Unable to prosecute suspect
bedf74bda69223bf8ec17b0dd2e4114d2f5e3ac687fabbbe91fdcc4d83eabbe0,2019-02,Merseyside Police,Merseyside Police,-3.095162,53.374915,On or near FLETCHER CLOSE,E01007251,Wirral 025B,Investigation complete; no suspect identified
f991c773cbc27b5cd952a383ffd2cb173a4102f68899b4246a9d1969361fc27b,2019-02,Merseyside Police,Merseyside Police,-2.972137,53.445861,On or near CROMWELL ROAD,E01006705,Liverpool 009E,Unable to prosecute suspect
cb0a91b8d83d3e92fb37e8ff82972d8274ff381ccd93bc01f53d122191f1d19a,2019-02,Merseyside Police,Merseyside Police,-2.748377,53.448093,On or near COUNTY DRIVE,E01006832,St. Helens 012A,Unable to prosecute suspect
3ad4c1abfcbdd3cd22800aa886206edc4bdccadde5e1ebb46c52ba1d5366d3da,2019-02,Merseyside Police,Merseyside Police,-3.028934,53.414211,On or near Petrol Station,E01007272,Wirral 008A,Investigation complete; no suspect identified
ae869de039cb0c9003e09f1b856e9244bc2d2343807a1adafca35a3d810565f4,2019-02,Merseyside Police,Merseyside Police,-2.728257,53.443426,On or near DELPHWOOD DRIVE,E01006912,St. Helens 019G,Unable to prosecute suspect
37aeaecb8827a0235a9551b0ae44da6ab2eeb2be0a11ef97ed1bfc05e2a08442,2019-02,Merseyside Police,Merseyside Police,-2.975400,53.436486,On or near TAWD STREET,E01006701,Liverpool 014B,Unable to prosecute suspect
eff5b6acfc06303b8fe4e0cfa3a651966b07ce3cbbe7817f9c5cd96214f0c825,2019-02,Merseyside Police,Merseyside Police,-3.161514,53.365020,On or near BOUNDARY ROAD,E01007262,Wirral 028C,Investigation complete; no suspect identified
d62593ce2fccdcf64e729d61256124af9dfea0870727c9046bfb8d2f52557274,2019-02,Merseyside Police,Merseyside Police,-2.905906,53.483487,On or near TALLARN ROAD,E01006507,Knowsley 004C,Unable to prosecute suspect
f28c7e6249f7f18ea280b47a685802a0893d26a43dbc42559d6bdffdb72719f6,2019-02,Merseyside Police,Merseyside Police,-2.980712,53.477557,On or near BOUNDARY ROAD,E01006981,Sefton 031B,Unable to prosecute suspect
5520d8218bf893b8731deea347a173c3ed76675d3e8df34b9dbf08a6efff0d5e,2019-02,Merseyside Police,Merseyside Police,-3.011679,53.355346,On or near GREENLEA CLOSE,E01007115,Wirral 031A,Investigation complete; no suspect identified
ac7595b3a58bc9443308a190a9cedec8c0a151f71657a4f3b527c140e3f5a7b3,2019-02,Merseyside Police,Merseyside Police,-2.971948,53.467247,On or near ORRELL LANE,E01007049,Sefton 035B,Further investigation is not in the public interest
e8ae04074d74caa6fe5424607d4c836cbf08eec16ca547b0d189a10fe8745327,2019-02,Merseyside Police,Merseyside Police,-2.928952,53.421584,On or near BRAINERD STREET,E01006761,Liverpool 020B,Suspect charged
b17ee7003e67d74c7fa7b4e490d4e3923dfd974633995b8aa9b8b7bf0bcabd59,2019-02,Merseyside Police,Merseyside Police,-3.006285,53.346412,On or near FAIRACRES ROAD,E01007153,Wirral 036E,Investigation complete; no suspect identified
1d41c990476bbac4153b9b4eb73ff320c1b2bc5d8f676c5b2d4007b27a892b1f,2019-02,Merseyside Police,Merseyside Police,-2.615453,53.457382,On or near CASTLE HILL,E01006859,St. Helens 015D,Investigation complete; no suspect identified
4cb5dafb2cf82b2c5a1f9d41b627a82bdeba623946db30239e9cd2cdd22a5b3b,2019-02,Merseyside Police,Merseyside Police,-3.033763,53.385683,On or near PENRITH STREET,E01007239,Wirral 022C,Investigation complete; no suspect identified
488113bb63b56f13e4084f173eaa12b405ad230c5830fec4ee39f7c054917744,2019-02,Merseyside Police,Merseyside Police,-2.971469,53.402063,On or near SOUTH HUNTER STREET,E01006513,Liverpool 060A,Investigation complete; no suspect identified
07ff9e281124fb4c71d656736bbf877298db385d4f0bfc4ac9f2a971ed6e6801,2019-02,Merseyside Police,Merseyside Police,-2.902995,53.481918,On or near LEDSHAM ROAD,E01006507,Knowsley 004C,Unable to prosecute suspect
d801370f0743dc2ccbcf95929d2c23595e34dfdcdfa35482cad1ca2850d3c515,2019-02,Merseyside Police,Merseyside Police,-2.973034,53.436361,On or near FORDHAM STREET,E01006700,Liverpool 012E,Unable to prosecute suspect
2e7a669f3397989e65947735a9274ced96a61bd038c3e8027195e1ad8a4146f0,2019-02,Merseyside Police,Merseyside Police,-2.919010,53.466407,On or near HAWKSMOOR CLOSE,E01006658,Liverpool 001D,Investigation complete; no suspect identified
d242158c029121b6db7c501531f4c59da1ebc223cb2fb726de2cc2af6573edb5,2019-02,Merseyside Police,Merseyside Police,-2.919648,53.449270,On or near COTTESBROOK CLOSE,E01006734,Liverpool 005C,Unable to prosecute suspect
5058627e2813a802c83c469bd8b11d9c7d06fa858a99741bf49ec40d2a01b1c0,2019-02,Merseyside Police,Merseyside Police,-3.029933,53.377105,On or near WILLOWBANK ROAD,E01007180,Wirral 022A,Unable to prosecute suspect
bdef4c9b271b35336c21f367afb5013888e754118b706ac3dfb0d8e45f5975bb,2019-02,Merseyside Police,Merseyside Police,-2.983625,53.425641,On or near ST GERARD'S CLOSE,E01006779,Liverpool 022D,Investigation complete; no suspect identified
cb6ed41eb8e461fb3b6d65b353ae5ced1a4e6dd8b159a5e785c7bcf3bc5d1382,2019-02,Merseyside Police,Merseyside Police,-3.033515,53.385380,On or near Parking Area,E01007239,Wirral 022C,Unable to prosecute suspect
1763ff5f68f24d4a9239eddfd864eac929437f35c740e8f720ca43e65250a58f,2019-02,Merseyside Police,Merseyside Police,-3.009936,53.460756,On or near BELLINI CLOSE,E01007005,Sefton 034B,Suspect charged
2c1030e5966ce19d54086e7e6baac545ba4de0b612ba3df521f9b62a69480057,2019-02,Merseyside Police,Merseyside Police,-2.634067,53.447253,On or near FINDLAY CLOSE,E01006860,St. Helens 015E,Unable to prosecute suspect
8a46dfeb96ac21c51a4abbeb3ee01c4bc0d81b34a87c87da7d79d80e55bb75d1,2019-02,Merseyside Police,Merseyside Police,-2.936129,53.442067,On or near LAMBOURNE ROAD,E01006732,Liverpool 011E,Investigation complete; no suspect identified
140be9b09367bfbd2284ca8b9de05152e32ba2655dde0cd2568f67d6e08c273d,2019-02,Merseyside Police,Merseyside Police,-3.013494,53.359663,On or near BRIARDALE ROAD,E01007112,Wirral 032B,Investigation complete; no suspect identified
8703836f5bf84ba7c08760bb0de1f41d62b517e1f943c2e5b2654c5f84a34ea2,2019-02,Merseyside Police,Merseyside Police,-3.173744,53.380227,On or near Sports/Recreation Area,E01007263,Wirral 026D,Investigation complete; no suspect identified
feef554b9da0fe97e554dd79dc1555e5fcffa938cc0519f45d79555ab91e6e6a,2019-02,Merseyside Police,Merseyside Police,-2.709444,53.427593,On or near WHEATSHEAF AVENUE,E01006901,St. Helens 020G,Investigation complete; no suspect identified
4b97925ef037273af29ad2ab2b7462cbb76a464dd0ff568a599e23e7c83d666c,2019-02,Merseyside Police,Merseyside Police,-2.827483,53.409108,On or near ELM STREET,E01006478,Knowsley 015B,Investigation complete; no suspect identified
d85661b209de987624d8a99f2eb291f1479ef3bdfe2139cd1d162be3b4502543,2019-02,Merseyside Police,Merseyside Police,-2.748529,53.468712,On or near WHALLEY AVENUE,E01006919,St. Helens 007F,Unable to prosecute suspect
71f2a54bbac81388876779db5204a6d3e18e7f9001681518272ee263def5aea6,2019-02,Merseyside Police,Merseyside Police,-2.907510,53.418117,On or near ACANTHUS ROAD,E01006569,Liverpool 029B,Further investigation is not in the public interest
3f4c58a6c0762d2554cf4916675d64040d5a1e1d9d3f7b4b70900bcbcdbd735b,2019-02,Merseyside Police,Merseyside Police,-2.999527,53.447217,On or near PLEASANT VIEW,E01007009,Sefton 037D,Investigation complete; no suspect identified
c0573f3542c5a57d270d1b35fd2826147a9e0f6d9646e8f5387f521a1bcee970,2019-02,Merseyside Police,Merseyside Police,-2.955665,53.416348,On or near Pedestrian Subway,E01006694,Liverpool 030B,Offender given penalty notice
7197bef9b1898e310c0e0c5fc1a464f8b905e94b734e44d33171e709a0db5c8e,2019-02,Merseyside Police,Merseyside Police,-2.988487,53.406885,On or near Nightclub,E01033760,Liverpool 060C,Investigation complete; no suspect identified
1b488bc9b6c7aa4d5af5b9e56db3edd51f051135afd60bddc5bab6a96f6ae17c,2019-02,Merseyside Police,Merseyside Police,-2.948205,53.379967,On or near LARK WAY,E01006522,Liverpool 048A,Investigation complete; no suspect identified
eaea0e86d777383d31c37d76a9f40190dae37056d1bd3e2df5c7d3aae2abb679,2019-02,Merseyside Police,Merseyside Police,-2.900134,53.406587,On or near BOWRING PARK ROAD,E01006584,Liverpool 034E,Investigation complete; no suspect identified
aeb8d4227a1b974aa5e2cae87aec10df0a943d7a18db60e1f7f0e59951ad1da4,2019-02,Merseyside Police,Merseyside Police,-2.944651,53.410243,On or near DEANE ROAD,E01006690,Liverpool 028A,Local resolution
33f55f5c36303006c1d0cdd6b3a6d1b43dafd51d31da1b58b7e8f66ba9a84385,2019-02,Merseyside Police,Merseyside Police,-2.857781,53.344812,On or near SPEKE CHURCH ROAD,E01006739,Liverpool 058B,Investigation complete; no suspect identified
625e646d1d9d8c518a4782c6f2a40210a7c72f4d37537e9f1728ddee2d62a396,2019-02,Merseyside Police,Merseyside Police,-3.023682,53.606239,On or near ANNE AVENUE,E01006925,Sefton 011C,Unable to prosecute suspect
503cd65c26a18dd2daf4a20f3c35c8710490109f1c39db6a803f3297e60d5e3d,2019-02,Merseyside Police,Merseyside Police,-2.944165,53.408673,On or near BOTANIC PLACE,E01006690,Liverpool 028A,Investigation complete; no suspect identified
2c562dc7e4f2fb63b00d243d405880d8f9ad0b1a4916e12c3624c9f5ea6c6e8a,2019-02,Merseyside Police,Merseyside Police,-2.874615,53.420179,On or near EAST PRESCOT ROAD,E01006643,Liverpool 025E,Investigation complete; no suspect identified
d4c59cca4975b74b5d98b651ad045b27fd0efee57040acb0dcf1aa8b0f980305,2019-02,Merseyside Police,Merseyside Police,-2.969045,53.414542,On or near SHAW STREET,E01006646,Liverpool 023C,Unable to prosecute suspect
025fbd1d99c54d7a89ce057195d1186298a7b0384259ab09a1ccb17364799d31,2019-02,Merseyside Police,Merseyside Police,-2.948307,53.421719,On or near BELMONT ROAD,E01006540,Liverpool 024A,Investigation complete; no suspect identified
46959961b6f22923c38aa98ebe77dad94a7d2adea46e4b9a7245d38dd71d8f8b,2019-02,Merseyside Police,Merseyside Police,-2.984814,53.425010,On or near CROMPTON STREET,E01006779,Liverpool 022D,Further investigation is not in the public interest
eeb23009623029adc15b657b2b7ba14a1d19344554041b449605d508a7f6613f,2019-02,Merseyside Police,Merseyside Police,-2.954771,53.479161,On or near HEYSHAM ROAD,E01007041,Sefton 027A,Investigation complete; no suspect identified
b9d5cc61c701657e17e2805952e5cfaeb60d82100d6c2255bb52a325ab8de11f,2019-02,Merseyside Police,Merseyside Police,-3.000883,53.462648,On or near DAISY MEWS,E01007017,Sefton 034E,Investigation complete; no suspect identified
e3bb1af4aa10efa40b8fd6fb1bfe05178cb43597549b2fe2818119746c20db71,2019-02,Merseyside Police,Merseyside Police,-2.788497,53.423313,On or near WARRINGTON ROAD,E01006499,Knowsley 009E,Investigation complete; no suspect identified
f9ec87565f8f790f8e39daf78dabc120a72efced51ac03070e0a7e55f058eaf0,2019-02,Merseyside Police,Merseyside Police,-2.834200,53.358004,On or near Petrol Station,E01006427,Knowsley 019D,Investigation complete; no suspect identified
93106cb89415e8f388355d3fb57039653cdbb61dc4e9b1a159c0165411bfecc1,2019-02,Merseyside Police,Merseyside Police,-3.071370,53.569966,On or near FISHERMANS CLOSE,E01006985,Sefton 013A,Investigation complete; no suspect identified
8613ee2d596320c8d9bb2b2c653c198089aad3f9e0c6ace7b8dcaa36dcb08227,2019-02,Merseyside Police,Merseyside Police,-2.986349,53.488010,On or near ST CHRISTOPHER'S AVENUE,E01007086,Sefton 023C,Unable to prosecute suspect
b7ab459c737b4a950e496a65b554f0ea14150799343313569d840a3b9540bd7b,2019-02,Merseyside Police,Merseyside Police,-2.634719,53.473847,On or near LODGE LANE,E01006836,St. Helens 005A,Investigation complete; no suspect identified
af3456506f76b33bdd6e27cd0ef8775a8f6536bee796e175cedf2af5045e9dca,2019-02,Merseyside Police,Merseyside Police,-2.981930,53.406967,On or near Parking Area,E01033760,Liverpool 060C,Suspect charged
d0385fe570055ea683c451c1c6d3e41d1ddff7ab6c01392d3c1067a041f045e7,2019-02,Merseyside Police,Merseyside Police,-3.076389,53.370214,On or near Supermarket,E01007304,Wirral 025E,Investigation complete; no suspect identified
0d96a5084960282560356901130e703b19042944b76b2ae233071c56f42eb4d4,2019-02,Merseyside Police,Merseyside Police,-2.721241,53.417644,On or near HAMMERSLEY AVENUE,E01006909,St. Helens 022D,Unable to prosecute suspect
2bff8379f80fff62a7c3da6c258d4b6f55bbf1e40e46762fa34f4ce906993569,2019-02,Merseyside Police,Merseyside Police,-2.926906,53.427847,On or near DELAMAIN ROAD,E01006765,Liverpool 020E,Unable to prosecute suspect
58a6b107d66a8e1af8980215660a2d9ed6ab567bf455d283703c23d998cd82a6,2019-02,Merseyside Police,Merseyside Police,-2.936751,53.371086,On or near SILVER LEIGH,E01006521,Liverpool 052A,Unable to prosecute suspect
f41a67fd57e18c3f43bf05572346b833451e78eace92839bdbf53653c77dc80c,2019-02,Merseyside Police,Merseyside Police,-2.939629,53.438301,On or near LANGLAND CLOSE,E01006616,Liverpool 015D,Investigation complete; no suspect identified
220ca9d092c4833d3a6fb08729408856cd85e7e13504cc1eb1322ef5c46851b0,2019-02,Merseyside Police,Merseyside Police,-2.924055,53.399069,On or near GLYNN STREET,E01006721,Liverpool 038C,Unable to prosecute suspect
c74d30acbe3eab5332c22abdceb1e6533ab4ef408e1cd683912e2093e82f937a,2019-02,Merseyside Police,Merseyside Police,-2.824990,53.413979,On or near HARDIE ROAD,E01006481,Knowsley 015E,Investigation complete; no suspect identified
4290fdfaa8bd497af19f74bcbedaeaaae76277180f7802bdc531528f89c1a789,2019-02,Merseyside Police,Merseyside Police,-2.767949,53.420400,On or near VINCENT ROAD,E01006892,St. Helens 021B,Investigation complete; no suspect identified
ea8ddd476cf1f6ac4f0b7ac884fef8bff8b59f5a737f5b883c396ae61d17e311,2019-02,Merseyside Police,Merseyside Police,-2.902856,53.451969,On or near GARTER CLOSE,E01006664,Liverpool 004D,Investigation complete; no suspect identified
c42dd3b0ea699b5a0ea8f5f9c658675515342f96ec11354d83b36bbdec570de8,2019-02,Merseyside Police,Merseyside Police,-2.994261,53.359043,On or near MAYFIELDS SOUTH,E01007140,Wirral 036A,Investigation complete; no suspect identified
fb22c2fca7e8400c953e275c0b0ea3c52c2c37bdd454735ecaed8387e7efeb04,2019-02,Merseyside Police,Merseyside Police,-2.981323,53.407376,On or near Theatre/Concert Hall,E01033760,Liverpool 060C,Offender given a caution
27c29356c0c6a3fb38510b98d6d8ea17b54b1f7cd5caf3c7cd0477273b935344,2019-02,Merseyside Police,Merseyside Police,-2.915258,53.423667,On or near MOSCOW DRIVE,E01006621,Liverpool 021D,Investigation complete; no suspect identified
c2620d041178a1747d0c09573c94ce974bd1e90ca139893761fd6bc00b8c87d7,2019-02,Merseyside Police,Merseyside Police,-2.969690,53.401215,On or near Theatre/Concert Hall,E01006514,Liverpool 037A,Investigation complete; no suspect identified
cd8f4ba8d7e5b5a83b0e0c96aa592ae3238b5ae88ffc282a272668a386b3365f,2019-02,Merseyside Police,Merseyside Police,-2.942758,53.380396,On or near LIVINGSTON DRIVE NORTH,E01006523,Liverpool 052B,Investigation complete; no suspect identified
53973fa40f0bda0c1232e604ae291379bcf057b294b16193506bac5cfbdc58d5,2019-02,Merseyside Police,Merseyside Police,-2.688513,53.451985,On or near SKY LARK RISE,E01006820,St. Helens 011B,Unable to prosecute suspect
d9636a31560b350c96157ac8f2bb0f987ca1b3f6c2cd737cf67c341c7e8afa6f,2019-02,Merseyside Police,Merseyside Police,-2.775983,53.409570,On or near BLUNDELL'S LANE,E01006891,St. Helens 023C,Unable to prosecute suspect
050b9f08d4fd28439748cddeeaf9c67ce5a5f695be08f9029e1a7b0446dfdcdc,2019-02,Merseyside Police,Merseyside Police,-3.042304,53.416477,On or near GREENHEYS ROAD,E01007214,Wirral 007C,Investigation complete; no suspect identified
cf0840a65af0f8826ed0c694cf7d4763489582aeee59f3c5c4dab94bbf607fda,2019-02,Merseyside Police,Merseyside Police,-3.026311,53.377775,On or near WALKER PLACE,E01007179,Wirral 021C,Investigation complete; no suspect identified
626bcc926e3204dd1f3abae052873e0347d023dd7fb3261644ca51d2e221eb5d,2019-02,Merseyside Police,Merseyside Police,-2.932679,53.454364,On or near STUDLAND ROAD,E01006735,Liverpool 005D,Unable to prosecute suspect
2341250e3f4ce4090aa0e5b8099d35ad8441942c2147408d3903f7867b4e5f07,2019-02,Merseyside Police,Merseyside Police,-2.954644,53.425166,On or near SPRING BANK ROAD,E01006547,Liverpool 019C,Suspect charged
9317d221f22ece1ecf4df38fb3abc29449b89df8512dc5468bc84c9c3b366dcc,2019-02,Merseyside Police,Merseyside Police,-3.171239,53.397385,On or near Petrol Station,E01007201,Wirral 014D,Investigation complete; no suspect identified
7fca7af02d1ca065bf572d52f2b1631c7d67ff80b22cf814381b845562deb151,2019-02,Merseyside Police,Merseyside Police,-2.854324,53.390528,On or near Parking Area,E01006771,Liverpool 040D,Unable to prosecute suspect
70458466a27155515745f757f4988fc8a09a4e77f802fa7fe95651741d2cc8d6,2019-02,Merseyside Police,Merseyside Police,-2.754104,53.460290,On or near TENNIS STREET,E01006918,St. Helens 007E,Investigation complete; no suspect identified
0f343fdc8105e7d203bc335dc4209b85e00c9a99feed28966d09ca64172400d4,2019-02,Merseyside Police,Merseyside Police,-2.982736,53.424938,On or near HANKIN STREET,E01006779,Liverpool 022D,Further investigation is not in the public interest
dfbba259063a1038ebfc6fd2c2a8838f68bce5b2802fb8052c64e2f8b437a15b,2019-02,Merseyside Police,Merseyside Police,-2.729274,53.414072,On or near WINNBOURNE GARDENS,E01006910,St. Helens 022E,Investigation complete; no suspect identified
3f7031024e9f37ee6522642868c65a07632dc85d48ba1c3e4f2c74b550cacc68,2019-02,Merseyside Police,Merseyside Police,-3.098947,53.380040,On or near Police Station,E01007302,Wirral 018D,Investigation complete; no suspect identified
e8ba85bc42a0de6ce56f3938d98f1a4ce923ee80c93523ff3490329bdeebab78,2019-02,Merseyside Police,Merseyside Police,-2.985957,53.432794,On or near PANSY STREET,E01006778,Liverpool 014E,Investigation complete; no suspect identified
15c3c3330aaa008228879349e72fee70923f744bd5b939bff56fe174c39c407a,2019-02,Merseyside Police,Merseyside Police,-2.989034,53.412966,On or near LEEDS STREET,E01033751,Liverpool 062A,Suspect charged
5acad4909e265181b8be96add30513864acfec7032ef6c8f44579af2e24ec6ee,2019-02,Merseyside Police,Merseyside Police,-3.005811,53.499686,On or near THE CRESCENT,E01007037,Sefton 021E,Unable to prosecute suspect
b72358c1b2f6cdf2b4b11e77f5a3362392aaf2e5c713cc5e4a277132aaea38b8,2019-02,Merseyside Police,Merseyside Police,-2.907091,53.414678,On or near Supermarket,E01006565,Liverpool 029A,Offender given a drugs possession warning
785977d28e73ad7d7842f2b2c3ecfcd8e788b0ca10eb11ccd1c0a671802c754e,2019-02,Merseyside Police,Merseyside Police,-2.947803,53.427485,On or near SUBURBAN ROAD,E01006766,Liverpool 019E,Investigation complete; no suspect identified
0b587b329fc54f6455f56d7fea071598f9bbe8d68e454f15506010f87c2b0248,2019-02,Merseyside Police,Merseyside Police,-3.025876,53.370920,On or near CRESSINGTON AVENUE,E01007173,Wirral 029A,Unable to prosecute suspect
508ccc8d0d6b83bbfed0b6540e02ada6a976b3df4c66d0409a0613ecb2f91311,2019-02,Merseyside Police,Merseyside Police,-3.002781,53.459441,On or near GOWER STREET,E01007003,Sefton 036B,Unable to prosecute suspect
1e390942114c6b4c792af35c653c14d8c501cf24d4ef1ec8eb628e03ab75ff37,2019-02,Merseyside Police,Merseyside Police,-2.933171,53.410836,On or near ALFORD STREET,E01006692,Liverpool 028B,Investigation complete; no suspect identified
f2ee7416a45308f6b8d390761f34547725cbfc3268f62cf1e7637bd36995b12a,2019-02,Merseyside Police,Merseyside Police,-3.111084,53.401591,On or near OAKENHOLT ROAD,E01007208,Wirral 012A,Suspect charged
29bd05c2854ab1a681a199fac083025cc9e365b3d56e64bb4dd82b1819bdf5e5,2019-02,Merseyside Police,Merseyside Police,-2.793250,53.422356,On or near WILLOW GROVE,E01006459,Knowsley 009A,Unable to prosecute suspect
55af24ddc0a3f009750898ec97edf7e4499b1fdce34239bed5647e8204e1acea,2019-02,Merseyside Police,Merseyside Police,-2.992299,53.466585,On or near ORRELL MOUNT,E01033095,Sefton 033F,Investigation complete; no suspect identified
a8697e1708f78cd984774807c881edaf7058f5cad1c4bb4894d1daf65f4b379c,2019-02,Merseyside Police,Merseyside Police,-3.047749,53.383970,On or near ALTON ROAD,E01007240,Wirral 020C,Unable to prosecute suspect
d6b55682d9cbd79a914578470817e7ca941d863a5e842d876fe8362819602899,2019-02,Merseyside Police,Merseyside Police,-2.947753,53.421185,On or near BELMONT ROAD,E01006760,Liverpool 028E,Investigation complete; no suspect identified
58d1f49bed38dfb1305dc3a979e870355ea66f9d5a3599905f17ad4ff744c109,2019-02,Merseyside Police,Merseyside Police,-2.798664,53.424621,On or near BRIDGE ROAD,E01006459,Knowsley 009A,Unable to prosecute suspect
ada662855c6fc5ba6c172bcabd8e8d8e5bb52317f350c1155327c28f676243a4,2019-02,Merseyside Police,Merseyside Police,-2.992650,53.401556,On or near HARTLEY QUAY,E01033756,Liverpool 061C,Investigation complete; no suspect identified
c8cde378ac3625e2b6421f72e4a079bdc1bc93fe80afdda3980893cfb7a9d00a,2019-02,Merseyside Police,Merseyside Police,-2.980711,53.385987,On or near BRUNSWICK WAY,E01033748,Liverpool 050I,Suspect charged
0ab45ec1f518e1b4ffa152ced179536a0a9793b578c8196925aa76f166356074,2019-02,Merseyside Police,Merseyside Police,-2.862485,53.421552,On or near PAGE MOSS AVENUE,E01033228,Knowsley 008F,Investigation complete; no suspect identified
c043b7eeba1d10e93b24199ecb6f2c2ca7a5feec5fa216048b9b5c9289dca958,2019-02,Merseyside Police,Merseyside Police,-2.904245,53.354267,On or near DOCK ROAD,E01006745,Liverpool 057D,Investigation complete; no suspect identified
b01fbdc5e8ab521325db303bac3bfce1d778ff118e13a0e97087951c1201842b,2019-02,Merseyside Police,Merseyside Police,-2.941849,53.439326,On or near UTTING AVENUE,E01006616,Liverpool 015D,Investigation complete; no suspect identified
b5b28b7a294ccecf30335cfc2fe7ca2e8a12f42f15484b36079afba4efad8d57,2019-02,Merseyside Police,Merseyside Police,-2.986735,53.411790,On or near MARYBONE,E01033762,Liverpool 060E,Unable to prosecute suspect
3334a32388614dc7ba35c23bab2065e4932f6849cc40ff91ea5fc525bce24207,2019-02,Merseyside Police,Merseyside Police,-3.024208,53.414153,On or near KENILWORTH ROAD,E01007277,Wirral 008D,Unable to prosecute suspect
6ef2f760af5b3b9ee1accc5cc04e99f461a432bde3540cd99d755bbee6796aa8,2019-02,Merseyside Police,Merseyside Police,-2.867007,53.363505,On or near CAMPHILL ROAD,E01006533,Liverpool 055C,Unable to prosecute suspect
19f96708cb1793cb0eddab95bcb1185da1d64d0b846ff546d20a2263b0d9b487,2019-02,Merseyside Police,Merseyside Police,-2.930203,53.423741,On or near BRADDAN AVENUE,E01006764,Liverpool 020D,Unable to prosecute suspect
144d2b3eda5ea6715a6fa248adc5718433ab183a482b6c5393b875f55c8fefd7,2019-02,Merseyside Police,Merseyside Police,-3.125456,53.395605,On or near THE PADDOCK,E01007224,Wirral 017A,Unable to prosecute suspect
343c3fab5016cf6a1eb509a3a6ebe2dc5810fb6a283fddc65a21a65e67970a03,2019-02,Merseyside Police,Merseyside Police,-2.989645,53.476162,On or near KIRKSTONE ROAD NORTH,E01006984,Sefton 031E,Unable to prosecute suspect
1e10530d5f1e2ded6630ff02a1cc095a6d60eee0c83af32ca49cb0ba5e1d183c,2019-02,Merseyside Police,Merseyside Police,-2.918158,53.423447,On or near KREMLIN DRIVE,E01006768,Liverpool 020F,Investigation complete; no suspect identified
badfc7875b26b33514f32da0b8bd288d9d38c6397f0f9355ee2bac85b99c5c7b,2019-02,Merseyside Police,Merseyside Police,-2.946914,53.379357,On or near HARGREAVES ROAD,E01006523,Liverpool 052B,Investigation complete; no suspect identified
b16ab50447a594c08c25dd56da26f1886025a0de507cdb3923d9c9d2c14c74f1,2019-02,Merseyside Police,Merseyside Police,-2.738671,53.454508,On or near BALDWIN STREET,E01006877,St. Helens 012C,Unable to prosecute suspect
fee74c99e9a7fa81f063f3e3675eea4f6b4daf21539bc10c1ada461a306dcd7b,2019-02,Merseyside Police,Merseyside Police,-2.993433,53.451295,On or near WASHINGTON PARADE,E01007009,Sefton 037D,Investigation complete; no suspect identified
97fc5bff8c109aa7c596648071dd8ae9b954d6ed2c3ce9fdc413d90c4cf6e4a3,2019-02,Merseyside Police,Merseyside Police,-2.952160,53.423765,On or near BELMONT ROAD,E01006563,Liverpool 024B,Unable to prosecute suspect
c0416d5d86082e6bb89d87a53b938c75e6681f2fa58d08dbf3be83f90e06e4ff,2019-02,Merseyside Police,Merseyside Police,-2.930114,53.441719,On or near BROADWAY,E01006603,Liverpool 011B,Investigation complete; no suspect identified
81417972985ee38f5c2d5b4364802d2753e336d0ff74e5dfe93b7e6865b9bc49,2019-02,Merseyside Police,Merseyside Police,-2.961171,53.384951,On or near Parking Area,E01006678,Liverpool 044E,Unable to prosecute suspect
56ba4546ac0861e6c5d54f5595b99c8040acac9d6285a9feb5fe89e72b110041,2019-02,Merseyside Police,Merseyside Police,-2.981499,53.403914,On or near ROE ALLEY,E01033756,Liverpool 061C,Unable to prosecute suspect
061abed8912e0f4f27820f482490e1ab5056bd7a501ea4d1bcec2dbfdc1f89e3,2019-02,Merseyside Police,Merseyside Police,-2.918639,53.383632,On or near BRIARDALE ROAD,E01006595,Liverpool 049B,Investigation complete; no suspect identified
4372c4f97a1b6312db9f1df112a5d28cd998eb33e1997b24c96c3c13c05ecdee,2019-02,Merseyside Police,Merseyside Police,-3.107897,53.401091,On or near Petrol Station,E01007208,Wirral 012A,Investigation complete; no suspect identified
997bd2e88f5ffd63a7dbe0b793c40b8e19b782f327f1d663390109b6c915c496,2019-02,Merseyside Police,Merseyside Police,-3.005644,53.651048,On or near ALBERT PLACE,E01033094,Sefton 004F,Investigation complete; no suspect identified
bb7fabbb443f2a5a62ba466b1f4751ec29841ff11d1ca8a10e7606ce489c7b37,2019-02,Merseyside Police,Merseyside Police,-2.996045,53.458635,On or near KNOWSLEY ROAD,E01007013,Sefton 036E,Further investigation is not in the public interest
ee485d60a5c73bf65fecb0f8e3079283c688d17eb2e1c7385ee2fc5521f900ff,2019-02,Merseyside Police,Merseyside Police,-2.921992,53.398959,On or near GRANGE TERRACE,E01006721,Liverpool 038C,Investigation complete; no suspect identified
3b681641f55274d4b47c5cc87d0f9f9f2f585a1b3ccd4a83c9060dfeebe3c120,2019-02,Merseyside Police,Merseyside Police,-3.065376,53.401658,On or near COLLIN ROAD,E01007123,Wirral 011D,Investigation complete; no suspect identified
dc85431dd053c62626f0dbe99b6f1889e5b905d76dd4de4fe2d8a4354d855147,2019-02,Merseyside Police,Merseyside Police,-2.912026,53.393606,On or near MENDIP ROAD,E01006588,Liverpool 042C,Unable to prosecute suspect
5d7d2ba8b3e2e95d40599ae4722c4dece6f189b3f325d86b494d66019d770cb5,2019-02,Merseyside Police,Merseyside Police,-2.911144,53.465605,On or near VALERIE CLOSE,E01006506,Knowsley 004B,Investigation complete; no suspect identified
f14492d8dde6e5be436d02368ad33c831f9f8c634ff1c7a2470d98df79844068,2019-02,Merseyside Police,Merseyside Police,-2.760681,53.440617,On or near LESLIE ROAD,E01006831,St. Helens 016A,Further investigation is not in the public interest
f7716be16d6307c0ca1d72b6da025f85c16524ca1783499176a07276116130e2,2019-02,Merseyside Police,Merseyside Police,-2.933352,53.384749,On or near GREENBANK DRIVE,E01006526,Liverpool 048C,Investigation complete; no suspect identified
ce5c8b9da3a0c7b5d9c1a598d5739607275a5ce11fd2a9cf1d5e803e883e0fa5,2019-02,Merseyside Police,Merseyside Police,-2.938068,53.398906,On or near SALISBURY ROAD,E01006726,Liverpool 035C,Further investigation is not in the public interest
db9039b2b956c68dbfc90d4065d82ea7c2ba22c78c28e56baa7eb991cd956e36,2019-02,Merseyside Police,Merseyside Police,-2.922890,53.361217,On or near THE SPINNAKERS,E01006684,Liverpool 056B,Investigation complete; no suspect identified
941cefbaf550c6fd7cf2bf2c55627cd2d01655b8162c8825dbe7788cd94a7580,2019-02,Merseyside Police,Merseyside Police,-3.005156,53.634369,On or near ELM ROAD,E01007001,Sefton 008E,Unable to prosecute suspect
a67c897387a23a8379aefa6453d6bb9f588c7f180959b201d6e23535b5869e9d,2019-02,Merseyside Police,Merseyside Police,-2.795386,53.419924,On or near BROOKSIDE ROAD,E01006459,Knowsley 009A,Unable to prosecute suspect
4f6203a73bed3f3e78f38ac949be79140b1cfba2da47ad37b49e313cbadf5b55,2019-02,Merseyside Police,Merseyside Police,-2.939623,53.409383,On or near Parking Area,E01006690,Liverpool 028A,Investigation complete; no suspect identified
f29c9cdfff739b456c4c2ea1193eeeceff863a05bb163f1e72f2b37a3358c7c0,2019-02,Merseyside Police,Merseyside Police,-2.978048,53.439044,On or near WESTMINSTER CLOSE,E01006699,Liverpool 014A,Investigation complete; no suspect identified
6f3918fb1151f4a012b0a06e7f07ac70c212f813bc261ed6a3763d36224bc472,2019-02,Merseyside Police,Merseyside Police,-3.002811,53.353308,On or near PARKSIDE CLOSE,E01007115,Wirral 031A,Unable to prosecute suspect
bb57730efcbe99db0fb69e0b14d29f4ba564773ea45182678bca0e118d0f685c,2019-02,Merseyside Police,Merseyside Police,-2.854917,53.383332,On or near LEE VALE ROAD,E01006709,Liverpool 040A,Investigation complete; no suspect identified
848d08bc4f2881702c21264a294a99709cb766510b31a7c3a4908518da5656d9,2019-02,Merseyside Police,Merseyside Police,-2.964487,53.415918,On or near EVERTON ROAD,E01006646,Liverpool 023C,Investigation complete; no suspect identified
651c47dc8d5378fdb2f6173bebe876b00c70e77274fc393d1f07fcbac6bf1eae,2019-02,Merseyside Police,Merseyside Police,-2.909435,53.465995,On or near PAMELA CLOSE,E01006510,Knowsley 004F,Investigation complete; no suspect identified
2d3cfdf1e792b41b67ef3641d0262b9f3c68e0232a3d40a19c952d12dec11f04,2019-02,Merseyside Police,Merseyside Police,-3.096025,53.399726,On or near FENDER VIEW ROAD,E01007209,Wirral 009D,Unable to prosecute suspect
8a21671726ef15d843cfdd8276ca2af866b2976fde5eedb3a022c79f83fd646b,2019-02,Merseyside Police,Merseyside Police,-2.965271,53.400702,On or near MYRTLE PARADE,E01006512,Liverpool 031A,Investigation complete; no suspect identified
6fd39d1eb2caa7f9a96c8bc8070eb30eee278ae712be6f617c13c32cb4100e82,2019-02,Merseyside Police,Merseyside Police,-2.762834,53.454069,On or near RENNIE AVENUE,E01006879,St. Helens 016F,Unable to prosecute suspect
a385a802a5ba2d3c446ef9e4dcd889816a0277dbaa2e51c8fac95538da3adbd7,2019-02,Merseyside Police,Merseyside Police,-2.949436,53.394753,On or near LODGE LANE,E01006674,Liverpool 039C,Investigation complete; no suspect identified
f0df95e432f3ddaf7113ae999a2195d4b89949e9ea5ed777699711da5e4f6105,2019-02,Merseyside Police,Merseyside Police,-2.752328,53.442441,On or near RAVENHEAD ROAD,E01006835,St. Helens 016C,Investigation complete; no suspect identified
fb7599812ee5f4c38869ca0720035f0d78f0e754f4996faae4039d9f1f531b1a,2019-02,Merseyside Police,Merseyside Police,-2.896908,53.409820,On or near THOMAS DRIVE,E01006584,Liverpool 034E,Investigation complete; no suspect identified
3699c9589e766d43f0f4f376d5edfe980a6e538ef58467de172eb78ab4d772d8,2019-02,Merseyside Police,Merseyside Police,-3.028576,53.386933,On or near CEDAR STREET,E01007130,Wirral 021A,Unable to prosecute suspect
503c4246acda9a64cdc44727bd59c69cbb6c681a71eaf391fea504430611c500,2019-02,Merseyside Police,Merseyside Police,-2.976626,53.384232,On or near CARYL STREET,E01033748,Liverpool 050I,Investigation complete; no suspect identified
0af781ebe96cd733bf2b58cd110adbdcffcc9e46767f2df7da0b39d08c7e8f69,2019-02,Merseyside Police,Merseyside Police,-2.781282,53.418803,On or near NEWBY AVENUE,E01006891,St. Helens 023C,Investigation complete; no suspect identified
d033313dd87a34fca8b82440b16f906db25a4846ec264a650ae48144899a0cfe,2019-02,Merseyside Police,Merseyside Police,-3.014896,53.641289,On or near SOUTHERN ROAD,E01006971,Sefton 009C,Investigation complete; no suspect identified
34038422700f72b22f9c42363a538fb2442c8cd0598625c3a9864b0764f6cd06,2019-02,Merseyside Police,Merseyside Police,-2.633547,53.456856,On or near WATER STREET,E01006864,St. Helens 013B,Investigation complete; no suspect identified
d508fc55b640b9f3c299ae2315bb9ffc314b11995b5d692eb5344774c5f2e4a8,2019-02,Merseyside Police,Merseyside Police,-2.978528,53.331451,On or near LEGION LANE,E01007137,Wirral 039C,Investigation complete; no suspect identified
6a623d2a008e7a1465a09dc71a7c9539a5522bdbb595f39eac9b1923888c807d,2019-02,Merseyside Police,Merseyside Police,-2.901300,53.490111,On or near CHILTERN CLOSE,E01006458,Knowsley 002D,Unable to prosecute suspect
bd420f091cc361303b2af08d400c7c930aedba5955b2c8aba5944a48c871dc1d,2019-02,Merseyside Police,Merseyside Police,-2.919288,53.385847,On or near GROVEDALE ROAD,E01006593,Liverpool 042E,Investigation complete; no suspect identified
595989af389a0c9c79fb11ccefe2c95fdaee6d70f679a4c4348cf6a0057c8d52,2019-02,Merseyside Police,Merseyside Police,-2.915536,53.423288,On or near Petrol Station,E01006717,Liverpool 027D,Investigation complete; no suspect identified
fbe77b5569764fc3c08a85c731c5470588c7c877d542bba151621f5685431fe3,2019-02,Merseyside Police,Merseyside Police,-2.942692,53.437953,On or near CENTENARY CLOSE,E01006616,Liverpool 015D,Investigation complete; no suspect identified
4b55f43238ea97d68d55384869647ea7da8bd508e1c3f9364d9ddb40d003c39a,2019-02,Merseyside Police,Merseyside Police,-2.760737,53.432797,On or near NUTGROVE ROAD,E01006906,St. Helens 019E,Unable to prosecute suspect
4b55f43238ea97d68d55384869647ea7da8bd508e1c3f9364d9ddb40d003c39a,2019-02,Merseyside Police,Merseyside Police,-2.760737,53.432797,On or near NUTGROVE ROAD,E01006906,St. Helens 019E,Unable to prosecute suspect
ca67bc56b855fdd0c5f6936a61423f262de5cfcdbb143272f42060daea6867a0,2019-02,Merseyside Police,Merseyside Police,-2.930114,53.441719,On or near BROADWAY,E01006603,Liverpool 011B,Investigation complete; no suspect identified
d449250ee66bd75fe5f1026ca6e44eebe034736d30e9e2e424a7c66cd26f747d,2019-02,Merseyside Police,Merseyside Police,-3.020471,53.385627,On or near APPIN ROAD,E01007291,Wirral 021D,Unable to prosecute suspect
d0e99bf2faf78fc0972da238339e2bd7e89d2690c6b5fa0f38f5a3cb8cf817f0,2019-02,Merseyside Police,Merseyside Police,-2.681245,53.395866,On or near Petrol Station,E01006898,St. Helens 022A,Unable to prosecute suspect
b8206911ae1486c860720fc208e3895db8dd1887725a35552d91b74ecf674bf9,2019-02,Merseyside Police,Merseyside Police,-2.956131,53.506790,On or near LINCOLN GREEN,E01007073,Sefton 020E,Investigation complete; no suspect identified
ea1198d7532ba98e3f1a72a4092e04909579f2f6bda2bf7a5a3664982b4e9999,2019-02,Merseyside Police,Merseyside Police,-2.930074,53.510160,On or near THE BROOK,E01007099,Sefton 019D,Unable to prosecute suspect
a9dd4c279a1fe43a237c9d88dd2cba3edc8353c6b5db6dc811c006ad35ae0e95,2019-02,Merseyside Police,Merseyside Police,-3.013357,53.645266,On or near Supermarket,E01006968,Sefton 004C,Investigation complete; no suspect identified
32f5660b9fe20525c8376591587000504d18b70a8d32b33947c9618cc04fb25d,2019-02,Merseyside Police,Merseyside Police,-2.852730,53.455924,On or near CHURCH LANE,E01006438,Knowsley 005E,Investigation complete; no suspect identified
ce052a916c5ed1e27f2cd4e5ad79e7ca6aa7381adfafeb46e8cd56d8a99c38f5,2019-02,Merseyside Police,Merseyside Police,-3.083491,53.372298,On or near HOME FARM ROAD,E01007249,Wirral 025A,Unable to prosecute suspect
aa93437671da859577c6f59cba9c2d0e989f99decd31f37969b22d93445aba90,2019-02,Merseyside Police,Merseyside Police,-2.916958,53.484464,On or near THE POTTERY,E01007039,Sefton 026A,Investigation complete; no suspect identified
8d7aa6357715705f0e388e8494a1af97c9d3037d1588b4bcc43b46acd4293196,2019-02,Merseyside Police,Merseyside Police,-2.892923,53.496025,On or near SEDUM GROVE,E01006491,Knowsley 002F,Investigation complete; no suspect identified
e4482bea41785c1dc02e8cb21db3ebe2507a5422945bf245be8e3015484be709,2019-02,Merseyside Police,Merseyside Police,-2.709734,53.500013,On or near ASH GROVE CRESCENT,E01006802,St. Helens 002A,Unable to prosecute suspect
e304e5e989a58851411eaafd00189b3c5b068b6b49d4c0f6d385ce4f2de44ad1,2019-02,Merseyside Police,Merseyside Police,-2.863481,53.438022,On or near BLACKTHORNE CRESCENT,E01006413,Knowsley 006B,Investigation complete; no suspect identified
da9c990ce098368a39828f43f639b591eaee22a52b2c59b52e198f02ddfa5212,2019-02,Merseyside Police,Merseyside Police,-2.950128,53.428465,On or near PRIORY ROAD,E01006766,Liverpool 019E,Investigation complete; no suspect identified
761671dd78dd7ba3544d8be332f48fe842a03278102da4323368a28881d4f3bd,2019-02,Merseyside Police,Merseyside Police,-2.987014,53.405648,On or near Shopping Area,E01033760,Liverpool 060C,Investigation complete; no suspect identified
8ebdea33f102d27726055a7902eecb9e3f890bf6d4ef3275958078073aaaa896,2019-02,Merseyside Police,Merseyside Police,-3.044196,53.407103,On or near CASHEL ROAD,E01007270,Wirral 010D,Investigation complete; no suspect identified
47046317d993105c161a28e2304481f59c618f201b4aafaa4ed6a4c48c6d8cfe,2019-02,Merseyside Police,Merseyside Police,-3.042485,53.437384,On or near Parking Area,E01007238,Wirral 001E,Unable to prosecute suspect
ae1999ce29fae6a570564af5987b065b4eebd1cbd88cca0c705f733c1fbe1a0f,2019-02,Merseyside Police,Merseyside Police,-2.826032,53.370744,On or near WELLBANK DRIVE,E01006420,Knowsley 017A,Investigation complete; no suspect identified
b32bf45bd55507072dbabe6256fccd5b0d53d6aa5595c12c0a4f247635795b87,2019-02,Merseyside Police,Merseyside Police,-3.038804,53.429047,On or near SHEEN ROAD,E01007232,Wirral 002B,Unable to prosecute suspect
b735770fb09239d5561f496f099a47838bc73b8bb4692e0af40edb1d29753674,2019-02,Merseyside Police,Merseyside Police,-2.852401,53.346226,On or near RAMSBROOK CLOSE,E01006741,Liverpool 058C,Investigation complete; no suspect identified
9498855d8045ffd72d8649c1fcdf05968e33cf322e07b48a421e98ec9576b432,2019-02,Merseyside Police,Merseyside Police,-2.990743,53.478041,On or near CONDRON ROAD NORTH,E01006981,Sefton 031B,Investigation complete; no suspect identified
d81c0cb63ddb34c30daa402e294bbffed28c253f3aef25583c3ef046cf1fa56e,2019-02,Merseyside Police,Merseyside Police,-2.733210,53.451279,On or near Parking Area,E01006832,St. Helens 012A,Offender given penalty notice
82c99432db759a724a96d6b48c6377c06728c8d6f8e1b2feb31b5476a55765d6,2019-02,Merseyside Police,Merseyside Police,-2.733210,53.451279,On or near Parking Area,E01006832,St. Helens 012A,Unable to prosecute suspect
348a412b6b654e6bf42a80e96fd88e1cb288642cb9357408db9209d0adbbdf87,2019-02,Merseyside Police,Merseyside Police,-2.985957,53.432794,On or near PANSY STREET,E01006778,Liverpool 014E,Investigation complete; no suspect identified
9a3ab962d967742c13824dc3370f2f3917e53bbbf83bc47f122c60dddcb03351,2019-02,Merseyside Police,Merseyside Police,-2.626207,53.451349,On or near OAK AVENUE,E01006861,St. Helens 015F,Investigation complete; no suspect identified
5b61dc8c5d3eaf15c3e1c6d3878d2947252ccae6308dc48855d5d1a04579bb50,2019-02,Merseyside Police,Merseyside Police,-2.999933,53.484373,On or near FORD VIEW,E01006980,Sefton 024B,Investigation complete; no suspect identified
7148e2ed1811d34dbf99f2929315dc43e27d26ef8a58db2cc577e9416b27041c,2019-02,Merseyside Police,Merseyside Police,-2.949844,53.411001,On or near HOLDSWORTH DRIVE,E01006696,Liverpool 030C,Investigation complete; no suspect identified
4b2513c3b56f30b58205d851ea5a98f4b3ac7083a0024ecfb70bf35c8bb4faf5,2019-02,Merseyside Police,Merseyside Police,-2.958897,53.428898,On or near HOULDING STREET,E01006546,Liverpool 019B,Investigation complete; no suspect identified
fc7e964fd092e5f27ab77d412cb13ec13ffdca7c3b8128ab76adea3c8d37c9cc,2019-02,Merseyside Police,Merseyside Police,-3.032214,53.391234,On or near FOX STREET,E01007127,Wirral 016B,Unable to prosecute suspect
62e2dafaa11145a3a028c8bf6cbbaf63b47c2c45c882186845daf7823b9404f1,2019-02,Merseyside Police,Merseyside Police,-2.755405,53.450412,On or near BRIDGEMAN STREET,E01006834,St. Helens 012B,Investigation complete; no suspect identified
d36c44d0dabbf8f9513fead75f2fbc21ec0e0e19fd12c96d2e8410081d6cbb54,2019-02,Merseyside Police,Merseyside Police,-2.929483,53.390038,On or near SMITHDOWN ROAD,E01006551,Liverpool 048E,Investigation complete; no suspect identified
798f9f5051c8dd9d623b1efb488afe1763deb2252a038a8bda793256b50adb50,2019-02,Merseyside Police,Merseyside Police,-2.634587,53.452868,On or near HOPE STREET,E01006864,St. Helens 013B,Unable to prosecute suspect
b1b7353e9c4ae30b4f0f120e53ec6ec905ef1fb0cc68f498f8c08525b4966218,2019-02,Merseyside Police,Merseyside Police,-2.930237,53.433574,On or near LARKHILL LANE,E01006605,Liverpool 016B,Investigation complete; no suspect identified
a11f636289b512913882ddd3d844ef0a1bdd80c0885cb86073957d7317983f84,2019-02,Merseyside Police,Merseyside Police,-3.062822,53.401159,On or near MERCER ROAD,E01007123,Wirral 011D,Investigation complete; no suspect identified
24d3e7a27bf11b67263d9672555ca785cb3806b5cbdf06e2af822f8abaf9f9bc,2019-02,Merseyside Police,Merseyside Police,-2.949404,53.379094,On or near PARKFIELD ROAD,E01032507,Liverpool 050H,Investigation complete; no suspect identified
c70e5c9a5f04ebb677f1d261fae554b4f99e944a8937204b387afa95e02c2de8,2019-02,Merseyside Police,Merseyside Police,-3.002177,53.650960,On or near Shopping Area,E01033097,Sefton 004G,Unable to prosecute suspect
9d48a04e8f7a29ec9e7415aa032d4afab1a0b179c5070ccac0df712c93485d2b,2019-02,Merseyside Police,Merseyside Police,-3.008961,53.644881,On or near KING STREET,E01006968,Sefton 004C,Investigation complete; no suspect identified
b0bcf503e766d544d75b467f08b01c953508c2fdbeab3ad9b3eda046f41c4794,2019-02,Merseyside Police,Merseyside Police,-2.971635,53.437074,On or near SPRINGFIELD SQUARE,E01006700,Liverpool 012E,Investigation complete; no suspect identified
634cb9470958e6278b432842eff042161af4ba5f0bd5e194c303d6a259dd376d,2019-02,Merseyside Police,Merseyside Police,-3.054804,53.401131,On or near BERTHA STREET,E01007122,Wirral 011C,Investigation complete; no suspect identified
768044d9235c261431398771664f868778d5e35a2ab8f7736e5faa7199815f7a,2019-02,Merseyside Police,Merseyside Police,-2.741108,53.462133,On or near CITY ROAD,E01006881,St. Helens 012E,Investigation complete; no suspect identified
196d0e75e7d4b03d68acf20d861862b401093178457ab358e40950ae65d8e5fa,2019-02,Merseyside Police,Merseyside Police,-2.651680,53.455904,On or near BERKELEY COURT,E01006865,St. Helens 013C,Unable to prosecute suspect
cf4553e93fb5a59a60abe2758299f4812b934225a18430cd7383374376fae92b,2019-02,Merseyside Police,Merseyside Police,-2.949929,53.406731,On or near AGNES WAY,E01033763,Liverpool 031G,Investigation complete; no suspect identified
606a45e0b942d940aea1c79f273a8aa4f977ffa132e974dc5d02fc80ca8730b3,2019-02,Merseyside Police,Merseyside Police,-3.051897,53.384509,On or near CHETWYND ROAD,E01007240,Wirral 020C,Unable to prosecute suspect
b847ba74dad9cc42453585afcdecce57fae858a3c5a11903a5966c4f49b1d4f0,2019-02,Merseyside Police,Merseyside Police,-2.776112,53.437318,On or near Supermarket,E01006829,St. Helens 018D,Investigation complete; no suspect identified
7379c8498f67b9e4b0d24259a1b8dbe4f0d55872c72d579828a9b9ef985c17f1,2019-02,Merseyside Police,Merseyside Police,-2.965668,53.432178,On or near HAYFIELD STREET,E01006558,Liverpool 018B,Investigation complete; no suspect identified
48396394140a80b8e4e342c0827c97b102898a1565b237d16b475e1847551a24,2019-02,Merseyside Police,Merseyside Police,-2.933352,53.384749,On or near GREENBANK DRIVE,E01006526,Liverpool 048C,Investigation complete; no suspect identified
ef2fba24429a77b57f818bc6613e38ebf0fb9460995215d4789f1c6c688bffe8,2019-02,Merseyside Police,Merseyside Police,-3.070660,53.381484,On or near WERNBROOK CLOSE,E01007163,Wirral 024A,Suspect charged
0a2cdca6ba6e73d6d3d22cd1acf9020b46b7c76cd1dc5423494ab2d1e8a0d818,2019-02,Merseyside Police,Merseyside Police,-2.776112,53.437318,On or near Supermarket,E01006829,St. Helens 018D,Suspect charged
0a2cdca6ba6e73d6d3d22cd1acf9020b46b7c76cd1dc5423494ab2d1e8a0d818,2019-02,Merseyside Police,Merseyside Police,-2.776112,53.437318,On or near Supermarket,E01006829,St. Helens 018D,Suspect charged
0a2cdca6ba6e73d6d3d22cd1acf9020b46b7c76cd1dc5423494ab2d1e8a0d818,2019-02,Merseyside Police,Merseyside Police,-2.776112,53.437318,On or near Supermarket,E01006829,St. Helens 018D,Suspect charged
650ce56ee087cfefc61806b8cf329a0e988e3fb3edcaf9674287f4fc9d08e13d,2019-02,Merseyside Police,Merseyside Police,-3.035470,53.383520,On or near FALCON ROAD,E01007239,Wirral 022C,Investigation complete; no suspect identified
fa60d27b4f31fb7883108d2b6c4c81db6c769686fe58c3fdc19854953dccac8e,2019-02,Merseyside Police,Merseyside Police,-2.943961,53.415075,On or near SWISS ROAD,E01006695,Liverpool 028C,Offender given penalty notice
94b8259b2641acadc214ebc8dad9ad5d7e42e8c0b5a210492f4fca861521d33b,2019-02,Merseyside Police,Merseyside Police,-3.084729,53.565630,On or near TOWER END,E01006986,Sefton 013B,Unable to prosecute suspect
75f76764d1bb9d56bdeb95f23b8ca38b234fc5483b5cb8b01742794d41556145,2019-02,Merseyside Police,Merseyside Police,-3.044881,53.438702,On or near BURLINGTON ROAD,E01007238,Wirral 001E,Suspect charged
9456104bf7e2ee44e6bc20c275540b3c64ecfab8caa3244a84b41b6d06588171,2019-02,Merseyside Police,Merseyside Police,-2.775983,53.409570,On or near BLUNDELL'S LANE,E01006891,St. Helens 023C,Unable to prosecute suspect
f65a1d032358d8a68a90f0f89ea9c0e5e136031130973b9ce201e08e27261eff,2019-02,Merseyside Police,Merseyside Police,-2.726370,53.442278,On or near WHARTON STREET,E01006912,St. Helens 019G,Investigation complete; no suspect identified
962b2419d50d6880e4ebd01f7af583517b916ee1c93af9682cf7e0404e061884,2019-02,Merseyside Police,Merseyside Police,-2.980986,53.340420,On or near FAIRWAY SOUTH,E01007143,Wirral 036C,Investigation complete; no suspect identified
60f0a7acd5a983d2c6f6915e90bceccdf24d1fdd9623cf923f48abad60d66b01,2019-02,Merseyside Police,Merseyside Police,-3.083156,53.387493,On or near UPTON ROAD,E01007119,Wirral 019A,Investigation complete; no suspect identified
ff28b2a225c11193b68512619a97e68a45257bb4e62211d14cb83e49379be5ad,2019-02,Merseyside Police,Merseyside Police,-2.742189,53.435143,On or near HEMPSTEAD CLOSE,E01006912,St. Helens 019G,Investigation complete; no suspect identified
6d1880daff7f2c29da7425cc5d188fe605ba6c1574227a270d2dd32b9dcacc9f,2019-02,Merseyside Police,Merseyside Police,-3.090138,53.375375,On or near GREENWOOD ROAD,E01007249,Wirral 025A,Investigation complete; no suspect identified
00151eb953e5714a2a6f9897063f209b8859b712fce59d70e385803997fcea18,2019-02,Merseyside Police,Merseyside Police,-3.031055,53.411739,On or near KARSLAKE ROAD,E01007272,Wirral 008A,Investigation complete; no suspect identified
7c4f33a674590f63d4fd637baedc26a7516411df2c60d0e42058f17264299a9b,2019-02,Merseyside Police,Merseyside Police,-3.027064,53.387836,On or near FEARNLEY ROAD,E01007128,Wirral 016C,Formal action is not in the public interest
b51d1e59a0d25536932a914aea69e1f0d01f331042d414913aa0146a70b031d7,2019-02,Merseyside Police,Merseyside Police,-2.965271,53.400702,On or near MYRTLE PARADE,E01006512,Liverpool 031A,Investigation complete; no suspect identified
eb35de09239fdd477ecabc04856ca9f27965f9ad417deafff72f0a11669d0996,2019-02,Merseyside Police,Merseyside Police,-2.974600,53.459396,On or near WHEATLEY AVENUE,E01007052,Sefton 035E,Investigation complete; no suspect identified
0c9c2559ad1d6540f566e623abbc1467abf77f0dbfd3a309b5c44ab6d9f9256c,2019-02,Merseyside Police,Merseyside Police,-2.729402,53.411851,On or near SHELLEY STREET,E01006910,St. Helens 022E,Unable to prosecute suspect
8577559d168701313124abf0f5aa9f059e4196d13f35844afdd921edf0ac8f78,2019-02,Merseyside Police,Merseyside Police,-3.001638,53.455028,On or near O'NEILL STREET,E01007008,Sefton 037C,Action to be taken by another organisation
dce77373a179db64f6262f0cf9e707f2ad0dec9f7eb36848b98deacf621e25bc,2019-02,Merseyside Police,Merseyside Police,-3.017487,53.411190,On or near DENMAN GROVE,E01007274,Wirral 008C,Investigation complete; no suspect identified
1aaa5661aa6e16e28fafb27951b6cce30841ec38de4c4e283b76c022e07536a6,2019-02,Merseyside Police,Merseyside Police,-2.996613,53.453335,On or near CAPRICORN WAY,E01007007,Sefton 037B,Investigation complete; no suspect identified
02b6da871d9f135c5698d9a390f3216334107bddb81437785d9d1e8e22283680,2019-02,Merseyside Police,Merseyside Police,-2.955823,53.422693,On or near ALOESWOOD CLOSE,E01006563,Liverpool 024B,Investigation complete; no suspect identified
305ac6a4b011512547d45bb50c7fceabb920a0b0ac735be0ed356f308e5fd2ce,2019-02,Merseyside Police,Merseyside Police,-2.981954,53.396225,On or near WATKINSON STREET,E01006515,Liverpool 037B,Investigation complete; no suspect identified
0b2f53679f40d785c22d58bce5586aad8080c577c298d708e1d0dfe041532275,2019-02,Merseyside Police,Merseyside Police,-2.989675,53.488477,On or near ST MARK'S GROVE,E01007089,Sefton 024E,Unable to prosecute suspect
ca64eec2a8cbe139eaed7040fdd7ef5dd553a7f1f020bc623f147b9bcf555b7b,2019-02,Merseyside Police,Merseyside Police,-2.720538,53.442844,On or near MANVILLE STREET,E01006845,St. Helens 014A,Unable to prosecute suspect
c87f0cff2fc07d65f57b2a2df1f5b3c45d7eb89317c7f1ab609e3d70d1afceed,2019-02,Merseyside Police,Merseyside Police,-2.808572,53.426469,On or near MANCHESTER ROAD,E01006463,Knowsley 007C,Suspect charged
fcf87d60b42e4d76e190d5e851a6c1f6291ac5de0f1248d0d2bf92400ecf49c2,2019-02,Merseyside Police,Merseyside Police,-2.955759,53.403089,On or near BACK CHATHAM PLACE,E01006751,Liverpool 031F,Investigation complete; no suspect identified
3802c5563e490a287b13ca3955c766f2de51cd0b6a5a286431181f56667dfed3,2019-02,Merseyside Police,Merseyside Police,-2.953277,53.432673,On or near OAKDENE ROAD,E01006545,Liverpool 019A,Unable to prosecute suspect
f463de5b3517648c766907ce8e34b8c5a7d6fb58b6edaefece87df7d133e9823,2019-02,Merseyside Police,Merseyside Police,-2.907877,53.483346,On or near MELVERLEY ROAD,E01006508,Knowsley 004D,Unable to prosecute suspect
9499aebb8b9747eec44bdd8d36cb7cb4faae6475cd81378d158351301a6a9ac1,2019-02,Merseyside Police,Merseyside Police,-2.953277,53.432673,On or near OAKDENE ROAD,E01006545,Liverpool 019A,Further investigation is not in the public interest
d19b0ccdb9f0eaa22d85937c52fdb53aefc4d01ace48394556181fb87118b501,2019-02,Merseyside Police,Merseyside Police,-2.887108,53.402289,On or near GREGORY WAY,E01006578,Liverpool 036A,Unable to prosecute suspect
ca5a5f3bd745d26160b0cf4b54d5674715ddf0ab5b8501a2d2de3ae70f4dcb56,2019-02,Merseyside Police,Merseyside Police,-2.720405,53.442988,On or near COWPER STREET,E01006845,St. Helens 014A,Unable to prosecute suspect
75087be010c5474e2e4e8fc54c4d6e81653817407809c7c3dd76fbe335410051,2019-02,Merseyside Police,Merseyside Police,-3.082421,53.386978,On or near CONISTON AVENUE,E01007161,Wirral 019B,Suspect charged
5f27222b8e5ffe8b71b4f3cb4a9e452db5fe84668d4da25a5ddc54e1111f7984,2019-02,Merseyside Police,Merseyside Police,-3.037676,53.411798,On or near GREENCROFT ROAD,E01007271,Wirral 010E,Investigation complete; no suspect identified
3f9dacb464e088608e873d4aaae09537f677b76e3695a8e04e07f2a4bf84b95c,2019-02,Merseyside Police,Merseyside Police,-2.839670,53.410758,On or near Supermarket,E01006474,Knowsley 016C,Investigation complete; no suspect identified
c00c758b581921e3f43fb8bd342f1fb6d0584a68d4a20c0c12bbb700af52c582,2019-02,Merseyside Police,Merseyside Police,-3.039035,53.413818,On or near DEVERAUX DRIVE,E01007276,Wirral 007E,Investigation complete; no suspect identified
8c9c9a556ba023bd8377bfd5f2e2b1212c0aafcba8c4de4577c87cb3156797be,2019-02,Merseyside Police,Merseyside Police,-2.981499,53.403914,On or near ROE ALLEY,E01033756,Liverpool 061C,Investigation complete; no suspect identified
01fad10048f7c46c5a13718a2b55726441ed6bb265a5aa83be1bed84a7aada13,2019-02,Merseyside Police,Merseyside Police,-2.966573,53.489924,On or near FREDERICK BANTING CLOSE,E01007087,Sefton 029C,Unable to prosecute suspect
707c890f6876a7e7dbb540e35963dfbe1e57d8fe564c1071b5db33d37a791043,2019-02,Merseyside Police,Merseyside Police,-3.023188,53.376066,On or near BANKVILLE ROAD,E01007294,Wirral 021F,Investigation complete; no suspect identified
46e822801b79c3c5c1dde7744958c713a5f115729a307b2bf54baeb842fd7365,2019-02,Merseyside Police,Merseyside Police,-2.955146,53.413979,On or near FARNWORTH STREET,E01006696,Liverpool 030C,Unable to prosecute suspect
3f18f3b141bd536e7c33ac22aa6d6405697415c08ca6fb4df3db7ae5b63e69f5,2019-02,Merseyside Police,Merseyside Police,-3.029300,53.390154,On or near Parking Area,E01007128,Wirral 016C,Further investigation is not in the public interest
9e9b78e4f956400e636e05b2a8a9b7f63b82e55dd103a547f442d75d61404add,2019-02,Merseyside Police,Merseyside Police,-2.700120,53.451765,On or near PENNINE DRIVE,E01006821,St. Helens 011C,Investigation complete; no suspect identified
2543dc335eac5f46dcfaf085ec26bbd5044179d73a98ee2282fa898ea5e9c28c,2019-02,Merseyside Police,Merseyside Police,-3.061036,53.403755,On or near TOWNSEND STREET,E01007122,Wirral 011C,Unable to prosecute suspect
794d5bd42aecd782755279c021ef4f3d9afd113e4bc7260e75680656e282e886,2019-02,Merseyside Police,Merseyside Police,-2.988003,53.355499,On or near WOODHEAD ROAD,E01007140,Wirral 036A,Unable to prosecute suspect
1047c0da28f703c6ecc03af50520c0cc03b667a65939b0ad0e76f83b3918efd5,2019-02,Merseyside Police,Merseyside Police,-2.860378,53.390996,On or near HEDGEFIELD ROAD,E01006771,Liverpool 040D,Unable to prosecute suspect
d6a20bb4e76041485dd6efdb21c1cf42e58e2d9d1e63944cf951cf8e3dc26100,2019-02,Merseyside Police,Merseyside Police,-2.967118,53.389262,On or near MICAWBER CLOSE,E01006676,Liverpool 044D,Suspect charged
4a03800896e1281bde491a7a2995319e78b4cdf078a3897d042ac2d0cdfb9910,2019-02,Merseyside Police,Merseyside Police,-2.939623,53.409383,On or near Parking Area,E01006690,Liverpool 028A,Investigation complete; no suspect identified
582521344c2059f8da9dbb7a522a0769ebe517e4afe5fa5fb991ec1382498922,2019-02,Merseyside Police,Merseyside Police,-2.957462,53.411965,On or near KEBLE STREET,E01006746,Liverpool 030E,Investigation complete; no suspect identified
80392c4dd6cc070b8ad5f443b353b4b3de5808147a81ee850f443875c10ff6ed,2019-02,Merseyside Police,Merseyside Police,-2.925886,53.386452,On or near Park/Open Space,E01006553,Liverpool 042A,Investigation complete; no suspect identified
7695e0ca28e5990e56558d02f095a95b63a09daeb204e90700f6952aee5a87ba,2019-02,Merseyside Police,Merseyside Police,-2.951538,53.524544,On or near BELL'S CLOSE,E01007069,Sefton 017C,Investigation complete; no suspect identified
d8077a8c84ec57dd323ed27f73fd066d54ef00e487f02e79a4de8fd39d01c412,2019-02,Merseyside Police,Merseyside Police,-2.930203,53.423741,On or near BRADDAN AVENUE,E01006764,Liverpool 020D,Unable to prosecute suspect
a405b585bd8351e41fafd57bf94cdf37f003c690b7b328e43f2fe4a92feb2f09,2019-02,Merseyside Police,Merseyside Police,-2.975343,53.403740,On or near Parking Area,E01006513,Liverpool 060A,Investigation complete; no suspect identified
0bba5ece4f71cc684da9f0f7155face2ad348038ecb16fa10fb31e76d6362a1c,2019-02,Merseyside Police,Merseyside Police,-2.993105,53.452043,On or near Shopping Area,E01007009,Sefton 037D,Suspect charged
2394f94282d937995219ac7e4a1b05dbe708dd35747ba322ff2003de02f47159,2019-02,Merseyside Police,Merseyside Police,-2.868037,53.434815,On or near LEACH CROFT,E01006414,Knowsley 006C,Investigation complete; no suspect identified
5e17e64239c03e4d9723016534742387e730043efccdaf0a306e21799ad85cb6,2019-02,Merseyside Police,Merseyside Police,-3.017845,53.382090,On or near HOLBORN SQUARE,E01007291,Wirral 021D,Further investigation is not in the public interest
1b3209cc85d40fc345f59cd8ab3609234c9ccb1e49f7974cb3fe1a8ef349e9b1,2019-02,Merseyside Police,Merseyside Police,-2.970824,53.443723,On or near KNOWSLEY STREET,E01006698,Liverpool 012D,Offender given a drugs possession warning
94d49da23392b6610d8c6827715d86ef869c655a6c7e756ae93793432b7d5ae7,2019-02,Merseyside Police,Merseyside Police,-2.634719,53.473847,On or near LODGE LANE,E01006836,St. Helens 005A,Investigation complete; no suspect identified
b6c1f9c213f282cf9f2ea28cb6182be458677b4f0d5cb89e10e424a92694ad4c,2019-02,Merseyside Police,Merseyside Police,-2.969521,53.376586,On or near ARMSTRONG QUAY,E01033748,Liverpool 050I,Unable to prosecute suspect
3af7f994fee41883410506a0b7c67c8b04a535fd261e94f9db772827cff7c948,2019-02,Merseyside Police,Merseyside Police,-2.915455,53.410407,On or near MACQUEEN STREET,E01006716,Liverpool 032E,Investigation complete; no suspect identified
ff8a69e345539494e26ddb4477b32442d7cb36cb96a4924c9d447ab77348dc6c,2019-02,Merseyside Police,Merseyside Police,-3.003339,53.642555,On or near RIDING STREET,E01006970,Sefton 007B,Unable to prosecute suspect
022df54bee1634d1d6d2d52a6601d30216221244ea5a16d3e0955e2ddbd4a472,2019-02,Merseyside Police,Merseyside Police,-2.911718,53.358777,On or near Parking Area,E01006687,Liverpool 056D,Unable to prosecute suspect
b49dac3dc19fdec3003545234ce02ca7cd5aa7360a62348f3141b528686027cd,2019-02,Merseyside Police,Merseyside Police,-2.988298,53.420155,On or near TATLOCK STREET,E01006779,Liverpool 022D,Investigation complete; no suspect identified
53b33fd4090724a4f29fd5bb7072a7f7472d46464751b8235f8f5530d0237a13,2019-02,Merseyside Police,Merseyside Police,-2.965668,53.432178,On or near HAYFIELD STREET,E01006558,Liverpool 018B,Unable to prosecute suspect
140dbb2e12fa65e86a928d0645dedebc3b26c1eba0ae01b8c46b1619cf31c368,2019-02,Merseyside Police,Merseyside Police,-3.028934,53.414211,On or near Petrol Station,E01007272,Wirral 008A,Investigation complete; no suspect identified
1adce9836259596ebf2b1a78bd6ce0b90f2230a35c322554f4761859176f6728,2019-02,Merseyside Police,Merseyside Police,-3.043990,53.421398,On or near LISCARD VILLAGE,E01007217,Wirral 007D,Offender given a drugs possession warning
4bc2c64f746efe54fdd8f1f38ae0f7e76692f5fe08246ccb30e192e6b8eeeef1,2019-02,Merseyside Police,Merseyside Police,-2.916658,53.446776,On or near HOMESTALL ROAD,E01006598,Liverpool 010A,Investigation complete; no suspect identified
8ac41bf12927307a9f02aa7055519cc4d49784cc916777247faeac2964afbe0f,2019-02,Merseyside Police,Merseyside Police,-2.982736,53.424938,On or near HANKIN STREET,E01006779,Liverpool 022D,Investigation complete; no suspect identified
e64cea211e3b41b7937a5aa64ac1db185675bfc96d5930aeac9c314e7f45bfe5,2019-02,Merseyside Police,Merseyside Police,-2.982736,53.424938,On or near HANKIN STREET,E01006779,Liverpool 022D,Further investigation is not in the public interest
300d5fc14be99cc604f9bc7f59daaf980e2ce8d128f64d63d5e6a44dc2be4ed2,2019-02,Merseyside Police,Merseyside Police,-2.979050,53.404689,On or near LAWTON STREET,E01033756,Liverpool 061C,Investigation complete; no suspect identified
b7c1d15f4f1ffdd81a97e911104563c5e7bfb048d52386c2a60b928e4f5b5886,2019-02,Merseyside Police,Merseyside Police,-2.803138,53.426443,On or near Supermarket,E01006463,Knowsley 007C,Investigation complete; no suspect identified
f9b0d49602604b5d0ce226a5e635b31296627019ef55bb94430ad81e86c45bec,2019-02,Merseyside Police,Merseyside Police,-2.963005,53.386257,On or near PARKLAND CLOSE,E01006678,Liverpool 044E,Investigation complete; no suspect identified
162922c58ef26dc2e3c191ae85f8125057156382e1ad3425c504403e39beca45,2019-02,Merseyside Police,Merseyside Police,-2.924036,53.412768,On or near CHURCH ROAD,E01006711,Liverpool 027A,Investigation complete; no suspect identified
1bf479ec4cd6cc0ec98ac9924921367543152bd02c68669770bd07afbc32d28c,2019-02,Merseyside Police,Merseyside Police,-3.036311,53.385347,On or near RIDLEY STREET,E01007239,Wirral 022C,Unable to prosecute suspect
8cceb9a2c49b6d7d5e7e7091ce90bc77f4a0eff5d78d790437bcf5ffb85ea530,2019-02,Merseyside Police,Merseyside Police,-3.080148,53.406496,On or near KEELE CLOSE,E01007120,Wirral 011A,Investigation complete; no suspect identified
2aa4b299ee10b29bb5127b24a326c1a3e67be828424f1d41cc6718c2baae3e8b,2019-02,Merseyside Police,Merseyside Police,-3.113838,53.378050,On or near GORDON COURT,E01007267,Wirral 023E,Unable to prosecute suspect
eef328b625833d2ebd18c84cfccd69b8f5b6053691c09eaaa79968fb51dd19b7,2019-02,Merseyside Police,Merseyside Police,-2.937872,53.516373,On or near GRASMERE ROAD,E01007097,Sefton 019B,Investigation complete; no suspect identified
84cf8dda3a749b167b65671bfe3b5663994a49e1c1cafc2b81b90098f2ee0c7a,2019-02,Merseyside Police,Merseyside Police,-2.913851,53.421889,On or near QUEENS DRIVE STONEYCROFT,E01006719,Liverpool 027F,Investigation complete; no suspect identified
93de65ce53d6725f91c50c79feed69cfe210efcbd10f8c10c776cfb5c2403dbf,2019-02,Merseyside Police,Merseyside Police,-2.878761,53.425667,On or near OLD RIDING,E01006639,Liverpool 017C,Unable to prosecute suspect
71c4830c32ab9651df6b403b9e742286f981243d065fa141f4bfd76e89e28b18,2019-02,Merseyside Police,Merseyside Police,-2.957531,53.443129,On or near APPLETON ROAD,E01006609,Liverpool 009B,Investigation complete; no suspect identified
ce41a89e7c5043ee9bc920c95225b4bc92443599564590e39ac10e7dc9c29fa0,2019-02,Merseyside Police,Merseyside Police,-3.080148,53.406496,On or near KEELE CLOSE,E01007120,Wirral 011A,Investigation complete; no suspect identified
5d5ca1f1683ebdfc88782819b6f4db5ca49dccde54aa5eea2692bb31b1153d83,2019-02,Merseyside Police,Merseyside Police,-2.934674,53.471823,On or near PAPILLON DRIVE,E01006655,Liverpool 001C,Investigation complete; no suspect identified
1f70e0b164f4900a970b902961efb760651aa7231bd4bd112ad07e927e4a2497,2019-02,Merseyside Police,Merseyside Police,-2.633826,53.453304,On or near WINSTON AVENUE,E01006864,St. Helens 013B,Suspect charged
6f1dc7a85d04d51adf005dcfc2e2f299d245264bfb1fb1a4d3b12c6cc81499bb,2019-02,Merseyside Police,Merseyside Police,-2.741607,53.454427,On or near KING STREET,E01006877,St. Helens 012C,Investigation complete; no suspect identified
40d56b118a26892811948bb64be649a9856d0f0927a68588f2ba03ba348c53a2,2019-02,Merseyside Police,Merseyside Police,-3.004792,53.647037,On or near Shopping Area,E01006968,Sefton 004C,Investigation complete; no suspect identified
117d5d34428bb2308611a560b9e65303e9c728d1518096f9301592f5b3574f93,2019-02,Merseyside Police,Merseyside Police,-2.989201,53.405226,On or near LORD STREET,E01033756,Liverpool 061C,Suspect charged
15e5a717f631d36cbadfba5f1cbd9f816aa18b28979b52876a0aed02f59ed089,2019-02,Merseyside Police,Merseyside Police,-2.998720,53.425668,On or near FULTON STREET,E01006778,Liverpool 014E,Investigation complete; no suspect identified
ffd918cc2f81a94bbecebe5b14f2dd75458761edfbdc243525a844cf47008056,2019-02,Merseyside Police,Merseyside Police,-2.757937,53.441246,On or near FORMBY ROAD,E01006831,St. Helens 016A,Offender given penalty notice
350aa867ff0389f8fca60099a2547641835a4f9962c7cf26acad6ea58d82b7d0,2019-02,Merseyside Police,Merseyside Police,-2.670847,53.497631,On or near PALM AVENUE,E01006805,St. Helens 003B,Further investigation is not in the public interest
378b97c7d632ef48e5069a8708d298f543d3e96acdde0b1094c32c91720fa0dc,2019-02,Merseyside Police,Merseyside Police,-2.893449,53.461523,On or near HELFORD ROAD,E01006661,Liverpool 004A,Investigation complete; no suspect identified
b01944d49aa7394ad75e6732a6e4e43d328b19b194f4f6b3342240a4a412a8cd,2019-02,Merseyside Police,Merseyside Police,-3.059505,53.396020,On or near DAFFODIL ROAD,E01007157,Wirral 015C,Investigation complete; no suspect identified
7c9f5825e287fbf55e700b13f3a8875f7a0e6bab846c06a4a0cafc03fe63307b,2019-02,Merseyside Police,Merseyside Police,-3.025526,53.374491,On or near B5148,E01007174,Wirral 029B,Investigation complete; no suspect identified
3286b593871b39914b38c60bc0e2afba866f5b03a2b54afcdbfa51d70c758d15,2019-02,Merseyside Police,Merseyside Police,-2.899727,53.487732,On or near DEERBOLT WAY,E01006456,Knowsley 002B,Investigation complete; no suspect identified
e77e37e5c78994d6196216b009cf2f608b24218afb3e9d543ac63c15308497ba,2019-02,Merseyside Police,Merseyside Police,-2.733505,53.456176,On or near HARDSHAW STREET,E01006870,St. Helens 014B,Unable to prosecute suspect
0b7eb6382919f07f84ec7b8b3139b6db681ff646b075e7a68d42a291734c9353,2019-02,Merseyside Police,Merseyside Police,-2.989201,53.405226,On or near LORD STREET,E01033756,Liverpool 061C,Suspect charged
19ec78b852b89a90a1716014e35164e721d9cdbd274a38b779ea30b6f953a623,2019-02,Merseyside Police,Merseyside Police,-2.980369,53.403824,On or near Shopping Area,E01033756,Liverpool 061C,Investigation complete; no suspect identified
0856cbfbb527e6384dd809b079f88b4a4df515bc48f3908a3992b50fab286499,2019-02,Merseyside Police,Merseyside Police,-2.913216,53.449130,On or near UTTING AVENUE EAST,E01006672,Liverpool 010E,Offender given a caution
0ee6b492426185ea65ec27559570c6b133f7a8494642eec28c3afdce341c2a1a,2019-02,Merseyside Police,Merseyside Police,-2.990742,53.452099,On or near STANLEY ROAD,E01006967,Sefton 037A,Unable to prosecute suspect
6cbda5550e458380b37632ef2731e2bc42108069ca7615186d93981c81982c04,2019-02,Merseyside Police,Merseyside Police,-2.725486,53.442544,On or near ORMANDE STREET,E01006912,St. Helens 019G,Investigation complete; no suspect identified
44d3eedb636f6fbdeccf5d62562688ae0699895e68277cdc3711791a5039914f,2019-02,Merseyside Police,Merseyside Police,-2.995131,53.456260,On or near HORNBY ROAD,E01007006,Sefton 036C,Unable to prosecute suspect
794bd66f56bb978eddd78a26d5ab4becfb8471a29824d27d12510b81a334479c,2019-02,Merseyside Police,Merseyside Police,-2.983814,53.428632,On or near LEMON STREET,E01006778,Liverpool 014E,Investigation complete; no suspect identified
45372ad3623f7f9df740d10239a945b12030c773cbaf72d56ca6507dc82a0aa5,2019-02,Merseyside Police,Merseyside Police,-3.040324,53.593377,On or near BOWNESS AVENUE,E01006921,Sefton 012A,Unable to prosecute suspect
341265ddbe8fdcd7e4cb8dace31858e9afd00134bf22efb4ad28b1f403c4cb3c,2019-02,Merseyside Police,Merseyside Police,-2.781282,53.418803,On or near NEWBY AVENUE,E01006891,St. Helens 023C,Investigation complete; no suspect identified
126644c1e1013d27d96c6e6e664d1e6491606e5345481dc7f9e1072964397b66,2019-02,Merseyside Police,Merseyside Police,-3.014164,53.620873,On or near LIVERPOOL ROAD,E01006931,Sefton 010C,Suspect charged
3f09461654d1c739637c8e22a860a5681914d93053700213392b87ad5596202f,2019-02,Merseyside Police,Merseyside Police,-2.911718,53.358777,On or near Parking Area,E01006687,Liverpool 056D,Unable to prosecute suspect
7048a2f9c47a973920b3df765d72e8b8171409bda000209e90bd9656249ade39,2019-02,Merseyside Police,Merseyside Police,-2.916654,53.434003,On or near EATON CLOSE,E01006626,Liverpool 016E,Unable to prosecute suspect
fbdb817f9d9ea5948035c7c22332ff8da5c82a8a53b522baa4b63e9268042fb0,2019-02,Merseyside Police,Merseyside Police,-3.044191,53.397674,On or near LAIRD STREET,E01007156,Wirral 015B,Investigation complete; no suspect identified
19205a41335170ab27d4a38dba7ba554ca2547ae2fcb1b15cee7872b62272eaa,2019-02,Merseyside Police,Merseyside Police,-2.899129,53.353892,On or near MERCER STREET,E01006745,Liverpool 057D,Investigation complete; no suspect identified
2491d71e0027e940c2c1f6ed93de71cf75ba58531a8952c8b2ad2268833fefad,2019-02,Merseyside Police,Merseyside Police,-2.990870,53.411693,On or near PRINCES GARDENS,E01033755,Liverpool 062D,Investigation complete; no suspect identified
7ad00d8c022301b6f0dde717584fec17d73cf6a35f42bd45fc243d3eaf3d5758,2019-02,Merseyside Police,Merseyside Police,-2.928397,53.451332,On or near COLESHILL ROAD,E01006735,Liverpool 005D,Unable to prosecute suspect
f6a76cacf1abd227cabcde0e0fbb5ee4e8c615de5162f46bf2b5a9cd7c0b1b1f,2019-02,Merseyside Police,Merseyside Police,-3.024588,53.416828,On or near SANDON ROAD,E01007277,Wirral 008D,Unable to prosecute suspect
9668a22748921c3f861c561af8359c0488f1da4c4851add8e1cf810e7d974356,2019-02,Merseyside Police,Merseyside Police,-2.966867,53.451153,On or near Hospital,E01006791,Liverpool 006D,Unable to prosecute suspect
709280db271d1cb224aa01707d500df40449dd72b420631d6be096e249b75622,2019-02,Merseyside Police,Merseyside Police,-2.917715,53.400116,On or near SOUTH DRIVE,E01006586,Liverpool 032C,Suspect charged
fcb6396f2a89d71a4a31243b2edd08b05355edabae643fd662c8ce220161d81b,2019-02,Merseyside Police,Merseyside Police,-2.928008,53.423137,On or near GREEN LANE,E01006761,Liverpool 020B,Further investigation is not in the public interest
ec34dd7145e89ffe7e208fdbbb7cab4f89b9cb4fbef689c3f516d3a9d67328d4,2019-02,Merseyside Police,Merseyside Police,-2.985464,53.402353,On or near DUKE STREET LANE,E01033754,Liverpool 061B,Unable to prosecute suspect
b07e9cb3bfcbd9809ff67af5f3b44045dee315c30de501083299a0897cb756f9,2019-02,Merseyside Police,Merseyside Police,-2.985453,53.343934,On or near HESKETH WAY,E01007142,Wirral 036B,Investigation complete; no suspect identified
8e0c87441daa90b30a682e0fbfc62e9eb2b90057adc5b6cc7a73bbba6823e3cc,2019-02,Merseyside Police,Merseyside Police,-2.981499,53.403914,On or near ROE ALLEY,E01033756,Liverpool 061C,Investigation complete; no suspect identified
31a93ace9b8d5123a3aed515cdbd703e1c69488d0138ac16559095456e933ccb,2019-02,Merseyside Police,Merseyside Police,-2.957504,53.488784,On or near Police Station,E01007087,Sefton 029C,Offender given a drugs possession warning
b2dd69e0eb09d6ed7f1c54043422888021795274aea555fba3a373cd6e883c23,2019-02,Merseyside Police,Merseyside Police,-3.035709,53.590028,On or near CHERRY ROAD,E01006924,Sefton 011B,Unable to prosecute suspect
33ae183a1c25dd7bce442a426e9d47b226d47881aecb56ceb82ee05846b887f0,2019-02,Merseyside Police,Merseyside Police,-2.955782,53.388005,On or near SUNNYSIDE,E01006675,Liverpool 043C,Investigation complete; no suspect identified
74a7436910698f3b453bc0165a62a6686da7b4e3554ba465739de7d113d9ca47,2019-02,Merseyside Police,Merseyside Police,-2.636326,53.445300,On or near VALLEY VIEW,E01006862,St. Helens 015G,Investigation complete; no suspect identified
8bb7d50efeb65502f3136d98e509871f5fc6fe83f253f9cd75b8a75d519fa63d,2019-02,Merseyside Police,Merseyside Police,-2.947017,53.419204,On or near SHEIL ROAD,E01006760,Liverpool 028E,Suspect charged
8466def47e4140bb846d9345d53806a8ea39bab9419f3926932ae0fe0b26bfaf,2019-02,Merseyside Police,Merseyside Police,-3.054563,53.427255,On or near TILSTON ROAD,E01007311,Wirral 004D,Suspect charged
71864888033e2fed9947c09937e36dbab1c5bff6cb5cb9defc8e483ade287dc4,2019-02,Merseyside Police,Merseyside Police,-2.754104,53.460290,On or near TENNIS STREET,E01006918,St. Helens 007E,Unable to prosecute suspect
50ab65434eef5ee14ddaa14766064a13ad28e351048d0f0504685f69de4351b2,2019-02,Merseyside Police,Merseyside Police,-3.021949,53.390864,On or near Parking Area,E01007128,Wirral 016C,Unable to prosecute suspect
344463bbd626c227a495a2476a8585b15b675b95cd961b58702ccad7d4389eab,2019-02,Merseyside Police,Merseyside Police,-2.952160,53.423765,On or near BELMONT ROAD,E01006563,Liverpool 024B,Offender given a drugs possession warning
5fd9957cfed3621dd82e3d5f219859aaf623d4ba0b48d8cb64b6e33383cbfe76,2019-02,Merseyside Police,Merseyside Police,-3.035709,53.590028,On or near CHERRY ROAD,E01006924,Sefton 011B,Unable to prosecute suspect
a30b1fcbccb47aa50da077c863599b8dd0cfa71a7818ba079939cd9bb8adb46d,2019-02,Merseyside Police,Merseyside Police,-2.930603,53.377283,On or near IRWELL CLOSE,E01006526,Liverpool 048C,Unable to prosecute suspect
89994ec689f73258758b7501c123b76a77bbde1e4e9978e2646e39c57888cdb0,2019-02,Merseyside Police,Merseyside Police,-2.993814,53.488235,On or near PENDLE DRIVE,E01006979,Sefton 024A,Investigation complete; no suspect identified
fcd71932b3a8e66dd77c9ffbe34c83345cda1903775112a127e94a225fa2b6f8,2019-02,Merseyside Police,Merseyside Police,-2.896743,53.370513,On or near CLEVELEY ROAD,E01006681,Liverpool 054D,Unable to prosecute suspect
2683d9b18818f74ca1a66417646de64f6c7f4c5b314c0013e3075d7959f0268e,2019-02,Merseyside Police,Merseyside Police,-2.917071,53.368758,On or near VARLEY ROAD,E01006682,Liverpool 053C,Unable to prosecute suspect
e328beee4865b912b0a764873c70c83e0f8c9e001ce9148658afae32a4978cb0,2019-02,Merseyside Police,Merseyside Police,-2.711076,53.461318,On or near CALDY GROVE,E01006812,St. Helens 008C,Investigation complete; no suspect identified
14c89acbbb62e6363b5e0c1831c3aca140739a5e134cdb57797710675612bd44,2019-02,Merseyside Police,Merseyside Police,-2.926419,53.390205,On or near WEARDALE ROAD,E01006550,Liverpool 038A,Suspect charged
1576631a9e0ca5fed50e94c331fe53fb248e022b7ec0f66c21871bc327661adb,2019-02,Merseyside Police,Merseyside Police,-2.997988,53.443868,On or near MILLER'S BRIDGE,E01007010,Sefton 037E,Unable to prosecute suspect
4953eac59da6f73c722720723b331ea042723f3ae737bc9b7dc5498d89b8cec1,2019-02,Merseyside Police,Merseyside Police,-2.989154,53.454431,On or near OAK STREET,E01006964,Sefton 036A,Investigation complete; no suspect identified
25bd63db85146213e90fcafa1c28a7cd0b6cfba084cb9b3a90e200f729fc5f1b,2019-02,Merseyside Police,Merseyside Police,-2.923278,53.416657,On or near CHEADLE AVENUE,E01006711,Liverpool 027A,Unable to prosecute suspect
a51701b6d259730aad2bbc5fb109f85b1b7c7b24d9ebfa9688ceaa032e8ee4e6,2019-02,Merseyside Police,Merseyside Police,-2.944594,53.430046,On or near TOWNSEND LANE,E01006766,Liverpool 019E,Suspect charged
056ae6670b251253f4182b71c76cc4d1a90f4c7ba6d1bf785604526621b30687,2019-02,Merseyside Police,Merseyside Police,-2.997552,53.454847,On or near AYLWARD PLACE,E01007006,Sefton 036C,Unable to prosecute suspect
802be67206584eae1a596b88af9845f8c8d7ff2d0f61170031670b9d56e81d30,2019-02,Merseyside Police,Merseyside Police,-2.989457,53.413691,On or near VAUXHALL ROAD,E01033751,Liverpool 062A,Investigation complete; no suspect identified
bfeb7db828368c2237ed03c6fc91f21c24029188cf738bc2b92ef2373c620517,2019-02,Merseyside Police,Merseyside Police,-2.997552,53.454847,On or near AYLWARD PLACE,E01007006,Sefton 036C,Unable to prosecute suspect
f74006bd08d1dd9d136b7326f108cc61358bc125f9d9aee1899b4c204a114e5b,2019-02,Merseyside Police,Merseyside Police,-2.993814,53.488235,On or near PENDLE DRIVE,E01006979,Sefton 024A,Investigation complete; no suspect identified
41345698c3cc2a19efcec634acacdb6a48cb3555014208c0a6c1ab0d7abf2060,2019-02,Merseyside Police,Merseyside Police,-2.988389,53.439642,On or near ORIEL CRESCENT,E01006778,Liverpool 014E,Unable to prosecute suspect
e6dd2dcd997ef41c5a33d9a3e760ef0ba80a7dd8f520e95b716ccf6ae828961b,2019-02,Merseyside Police,Merseyside Police,-3.040409,53.398624,On or near CHURCHVIEW ROAD,E01007133,Wirral 016E,Unable to prosecute suspect
b803556b5f7ba25680f41c348a010f06e414df52a71b2cb8389e75313e280c55,2019-02,Merseyside Police,Merseyside Police,-2.896743,53.370513,On or near CLEVELEY ROAD,E01006681,Liverpool 054D,Unable to prosecute suspect
5ab63ec9f0c8e89be53e3e510e6e4cc757b400c02b6c874b0c44f9f08d869ddf,2019-02,Merseyside Police,Merseyside Police,-2.905633,53.479867,On or near WHITEFIELD DRIVE,E01006508,Knowsley 004D,Suspect charged
489e20652da6abc0dd719e5e20a1247d2193b30ce9a1a2b0c9d28ef06b508727,2019-02,Merseyside Police,Merseyside Police,-2.896743,53.370513,On or near CLEVELEY ROAD,E01006681,Liverpool 054D,Unable to prosecute suspect
061055598230044e5130c418001990ef17ba4a20610fe3a28b337f847fce2580,2019-02,Merseyside Police,Merseyside Police,-2.689088,53.453097,On or near SOUTHPORT STREET,E01006819,St. Helens 011A,Unable to prosecute suspect
45260fda79c7b70d949617e02946bb88efa69e5e4b3d0d2848efe9c622b58fd4,2019-02,Merseyside Police,Merseyside Police,-2.897403,53.350426,On or near SAUNBY CLOSE,E01006740,Liverpool 057A,Unable to prosecute suspect
5907d827f2f8ad3607109ad99c37b32ca4866638d302b5a8c6a43b61bd972e26,2019-02,Merseyside Police,Merseyside Police,-2.969155,53.439871,On or near ANDREW STREET,E01006611,Liverpool 012A,Offender given a drugs possession warning
1eeef78eef0d68a4e008536b1726e3db74c719ebf1b3bb0ee796c51204a955f9,2019-02,Merseyside Police,Merseyside Police,-2.792245,53.517939,On or near KESWICK WAY,E01006886,St. Helens 001E,Unable to prosecute suspect
5ed69c50790e2a57e12d19a661d01564ad045c6df593407e18fcbcf62f8cd3ed,2019-02,Merseyside Police,Merseyside Police,-2.745887,53.457232,On or near COWLEY HILL LANE,E01006877,St. Helens 012C,Unable to prosecute suspect
e3bf79f1c8d2cf7476d4227c54d4448b9db02c55680a015b82101247cf500b4f,2019-02,Merseyside Police,Merseyside Police,-3.038057,53.381727,On or near CLIVE ROAD,E01007244,Wirral 022E,Suspect charged
1e0b4f515e6f7559a1d70405e07da98bc6c31fdacc5982bfa48debd1431bba68,2019-02,Merseyside Police,Merseyside Police,-2.978599,53.409277,On or near LIME STREET,E01033760,Liverpool 060C,Investigation complete; no suspect identified
505c8f6881f8323d7269a86343f4f267289179e113295692378a4cc38b43a9c1,2019-02,Merseyside Police,Merseyside Police,-2.905633,53.479867,On or near WHITEFIELD DRIVE,E01006508,Knowsley 004D,Suspect charged
9a5e3475adf0e2ff11fce379108846e6a019033fa3f8091acda43c42215bf69f,2019-02,Merseyside Police,Merseyside Police,-2.944663,53.464364,On or near ASHBROOK DRIVE,E01006654,Liverpool 005A,Investigation complete; no suspect identified
beea548b2323cd657606156a10ec53e660ba0ac6b541c85f6ac9c49c67f24076,2019-02,Merseyside Police,Merseyside Police,-2.990791,53.403765,On or near Parking Area,E01033756,Liverpool 061C,Suspect charged
beea548b2323cd657606156a10ec53e660ba0ac6b541c85f6ac9c49c67f24076,2019-02,Merseyside Police,Merseyside Police,-2.990791,53.403765,On or near Parking Area,E01033756,Liverpool 061C,Suspect charged
beea548b2323cd657606156a10ec53e660ba0ac6b541c85f6ac9c49c67f24076,2019-02,Merseyside Police,Merseyside Police,-2.990791,53.403765,On or near Parking Area,E01033756,Liverpool 061C,Suspect charged
6926d4c407ef4c23652e5e4a19e40744d92f88b1aa19189f8e1ffec1bcddf57e,2019-02,Merseyside Police,Merseyside Police,-3.096155,53.404175,On or near LINDALE CLOSE,E01007206,Wirral 009B,Investigation complete; no suspect identified
6d87feb0a84351f4c59df3d60de36b90f11f1e68e6ecc8ac5e585283f508e675,2019-02,Merseyside Police,Merseyside Police,-2.956493,53.392224,On or near CAIRNS STREET,E01006674,Liverpool 039C,Investigation complete; no suspect identified
a271a20aa26ee483e7b1d0e075a2d87787f042369da697bb1ebe5e7f8f720b7c,2019-02,Merseyside Police,Merseyside Police,-2.903226,53.449548,On or near MACE ROAD,E01006664,Liverpool 004D,Suspect charged
03f6279660dcfa11b4a1975365db74853e3ee7fa330295c5f4c24621af56eaf3,2019-02,Merseyside Police,Merseyside Police,-3.024286,53.479987,On or near SYCAMORE ROAD,E01007102,Sefton 030D,Investigation complete; no suspect identified
6c85679c4e0f7c790dab411e1cad1677174266fb89a584e63c0faaa94020448d,2019-02,Merseyside Police,Merseyside Police,-3.038057,53.381727,On or near CLIVE ROAD,E01007244,Wirral 022E,Suspect charged
3110b7e868b37aacb327eb5776c1d9352eee368758d22f6e6454041d478393ca,2019-02,Merseyside Police,Merseyside Police,-3.038057,53.381727,On or near CLIVE ROAD,E01007244,Wirral 022E,Suspect charged
e23aedead1bab5969986df82745cd42c2eebaaf6e4f8932d735f3ccb7510aef1,2019-02,Merseyside Police,Merseyside Police,-3.038057,53.381727,On or near CLIVE ROAD,E01007244,Wirral 022E,Unable to prosecute suspect
13aec2179c02c08cb7d71f01a95ad92f8b44d40c9de569c71f1264f4b8e9c600,2019-02,Merseyside Police,Merseyside Police,-3.119483,53.394358,On or near CRANBOURNE AVENUE,E01007226,Wirral 017B,Unable to prosecute suspect
657933a391d06c1362b9fde70e43ba7166d77c4b97d69634a912fce196bf2e64,2019-02,Merseyside Police,Merseyside Police,-3.119483,53.394358,On or near CRANBOURNE AVENUE,E01007226,Wirral 017B,Unable to prosecute suspect
ad9b2d0b37e2bc3f65f44bd781afd2052ebdf534f460b8ba70c722ff35105517,2019-02,Merseyside Police,Merseyside Police,-3.038057,53.381727,On or near CLIVE ROAD,E01007244,Wirral 022E,Unable to prosecute suspect
22e919e7300ca898495dd6e01b638d7785317e6c1d5daeba445333292d553c23,2019-02,Merseyside Police,Merseyside Police,-2.977958,53.459386,On or near WILLIAM MORRIS AVENUE,E01007051,Sefton 035D,Investigation complete; no suspect identified
ebcf31bb385ff262bc2ef47b4750bbb4f82f2027954c38e402a90bebe753a774,2019-02,Merseyside Police,Merseyside Police,-3.004696,53.479947,On or near BRIDGEWATER CLOSE,E01006983,Sefton 031D,Investigation complete; no suspect identified
26e766b692bbaf2b2f483842173a74a531502145a14fed6608dd9b5e8210b8a0,2019-02,Merseyside Police,Merseyside Police,-2.988719,53.466785,On or near NORMAN ROAD,E01033095,Sefton 033F,Investigation complete; no suspect identified
82af200a144efc576ba60d6cf665b2d7b51f32e42be2e68915446ceebbc0d5c1,2019-02,Merseyside Police,Merseyside Police,-3.018969,53.471268,On or near KINROSS ROAD,E01006959,Sefton 032D,Investigation complete; no suspect identified
acc7a482604130676e779b2a65ea676223cf17114fffb21e9fe69ea336329755,2019-02,Merseyside Police,Merseyside Police,-2.969200,53.440518,On or near DANE STREET,E01006611,Liverpool 012A,Investigation complete; no suspect identified
802cc6415ffa313fa258d6d4b01e5078c310c2b1103988bea81d0af0abac4415,2019-02,Merseyside Police,Merseyside Police,-2.957554,53.454868,On or near BIRCHDALE ROAD,E01006788,Liverpool 006B,Investigation complete; no suspect identified
46cee0f0b6e44be7a25c308eb057d403555d34f601a591f318f86362c0afcdb6,2019-02,Merseyside Police,Merseyside Police,-2.832001,53.417058,On or near LONGVIEW ROAD,E01006482,Knowsley 011B,Investigation complete; no suspect identified
3f8484b42a6f00b19ee9b41ee270ee789afb74c836a88af0f821b21bdf8b298c,2019-02,Merseyside Police,Merseyside Police,-3.018565,53.489007,On or near ROSEDALE AVENUE,E01007105,Sefton 025C,Investigation complete; no suspect identified
6d4d60f35cc4df45a06b2226b12e423b6189f23dc40fec6404d91aed07a71624,2019-02,Merseyside Police,Merseyside Police,-2.940894,53.425374,On or near AUGUST ROAD,E01006767,Liverpool 019F,Investigation complete; no suspect identified
b65be1379acadb10b2100f40dc4c202ae3ca1211e94609c9813154b51ab9478c,2019-02,Merseyside Police,Merseyside Police,-2.799579,53.422053,On or near GREGSON ROAD,E01006460,Knowsley 007A,Investigation complete; no suspect identified
05226e31410aea019238f7a69cbbbc8a81faea6953a4ff5cbce8631fd4cc0c5a,2019-02,Merseyside Police,Merseyside Police,-2.980571,53.403472,On or near Nightclub,E01033756,Liverpool 061C,Investigation complete; no suspect identified
88b28b3c056dcfc1cd4f4838b60b1a02256091483938b20e05774f3cd1a69f69,2019-02,Merseyside Police,Merseyside Police,-2.857852,53.358852,On or near HILLFOOT AVENUE,E01006538,Liverpool 055E,Investigation complete; no suspect identified
dc4c928575e8848afe768095d33c0f85d43e7fbff1fe7bf125f15e581030db29,2019-02,Merseyside Police,Merseyside Police,-3.018386,53.394041,On or near BRUNSWICK MEWS,E01007126,Wirral 016A,Unable to prosecute suspect
bca1466075ad29b652c9c061d85896d1c746df6e0397b0033562ef991c33e10d,2019-02,Merseyside Police,Merseyside Police,-2.949436,53.394753,On or near LODGE LANE,E01006674,Liverpool 039C,Unable to prosecute suspect
502a13437dc6e8281df3aa28ea351674c727db319bfea2dd8313c0c2ca72f121,2019-02,Merseyside Police,Merseyside Police,-2.839670,53.410758,On or near Supermarket,E01006474,Knowsley 016C,Investigation complete; no suspect identified
b771be9d948b0023b25421aed9786e716e2acd7dc97c3a91cc737b7aa5bc1770,2019-02,Merseyside Police,Merseyside Police,-3.102491,53.413627,On or near Sports/Recreation Area,E01007205,Wirral 006B,Investigation complete; no suspect identified
6f269b733198a9fcd257c149a9b8a705f6bea4ec7e16f8505de16fda7593a3d6,2019-02,Merseyside Police,Merseyside Police,-2.999402,53.453456,On or near CRICKLADE CLOSE,E01007008,Sefton 037C,Unable to prosecute suspect
87fd7aed7de6e28100e16dc0ada05ed3f947a2b3c80446765ec22feb6ba7a8e0,2019-02,Merseyside Police,Merseyside Police,-2.837246,53.417543,On or near PAXTON ROAD,E01006482,Knowsley 011B,Investigation complete; no suspect identified
9a38aeaebec366eb720d33ba9a43fea9f3344110be934a297449bda5c48ce1fa,2019-02,Merseyside Police,Merseyside Police,-3.035054,53.592919,On or near THE BROOKDALE,E01006924,Sefton 011B,Unable to prosecute suspect
dbc83a2b072493bf48c15b16639cc9a19ddd2ef9c4d2ff2b7434f0d192a1c070,2019-02,Merseyside Police,Merseyside Police,-2.980079,53.403000,On or near FLEET STREET,E01033756,Liverpool 061C,Investigation complete; no suspect identified
2f2ee16212fa9483b65716ef6cd80fdd9ac132b8da3b5538d58a3f376ce0dd1a,2019-02,Merseyside Police,Merseyside Police,-2.990870,53.411693,On or near PRINCES GARDENS,E01033755,Liverpool 062D,Investigation complete; no suspect identified
be8a6a67caa53ec54abd1752b48fc255fbf5b8d9470e07711558bcfe82e92157,2019-02,Merseyside Police,Merseyside Police,-3.102491,53.413627,On or near Sports/Recreation Area,E01007205,Wirral 006B,Unable to prosecute suspect
5a9f37e4376058b3283473b8099be10883ab62054e37bd4e91511296e62dd969,2019-02,Merseyside Police,Merseyside Police,-2.737771,53.453813,On or near Shopping Area,E01006872,St. Helens 014C,Unable to prosecute suspect
c69d4f6ff2afa6a61a93e30fdefe973398a22b17d2252bf01861ff801a98d295,2019-02,Merseyside Police,Merseyside Police,-3.163463,53.364857,On or near FLECK LANE,E01007283,Wirral 028E,Investigation complete; no suspect identified
4524be2b285c0da8409fbd1dce26d2ae8338aa10d8f5ee9131c4bcc04435ccc3,2019-02,Merseyside Police,Merseyside Police,-2.971917,53.445458,On or near BEDFORD ROAD,E01006698,Liverpool 012D,Unable to prosecute suspect
f3e14d88d4b6349c2997237ec0560a3f37d10a9d75127bf155b03b466dd642a3,2019-02,Merseyside Police,Merseyside Police,-3.026961,53.477160,On or near CORONA ROAD,E01006956,Sefton 030B,Investigation complete; no suspect identified
0dbaff29bac2c4e1854ae25982731e63b7fc88e0c47b4ca2c37ce8821be46570,2019-02,Merseyside Police,Merseyside Police,-2.945491,53.422335,On or near PRESTON GROVE,E01006540,Liverpool 024A,Suspect charged
3f6048d8b234e9d14ee3192a5adf69a903593683ebd131d96c62872ffb37ca5a,2019-02,Merseyside Police,Merseyside Police,-2.964809,53.409497,On or near Hospital,E01006747,Liverpool 031B,Investigation complete; no suspect identified
23c4e7b7e037dca3d83e71a5e11a93bae828745fc9e6f69762868fc07977471f,2019-02,Merseyside Police,Merseyside Police,-2.987014,53.405648,On or near Shopping Area,E01033760,Liverpool 060C,Investigation complete; no suspect identified
f53b80e809ea8abe79c405c408d99a1a026d3903e1379fad7983d66247b81ce9,2019-02,Merseyside Police,Merseyside Police,-2.943530,53.414647,On or near GENEVA ROAD,E01006695,Liverpool 028C,Investigation complete; no suspect identified
bacee6b10236fea98ad74a24893706c88d4056b89d252edf19416e958d64859b,2019-02,Merseyside Police,Merseyside Police,-2.862240,53.426543,On or near ASHBURY ROAD,E01006467,Knowsley 008B,Unable to prosecute suspect
67a9533bf490a006e3b21979338eed1654efd4f076af142fbbde0a07ffcaf959,2019-02,Merseyside Police,Merseyside Police,-2.962220,53.454067,On or near RICE LANE,E01006791,Liverpool 006D,Investigation complete; no suspect identified
192803b0a54e93318252dd3cf7b96b35b28e7a456b103238757ad1366592d316,2019-02,Merseyside Police,Merseyside Police,-2.946914,53.379357,On or near HARGREAVES ROAD,E01006523,Liverpool 052B,Investigation complete; no suspect identified
33266766f54668d5fa16c1366c9588b3f23945f6b62ce9e8bf2e9f352c5d1c59,2019-02,Merseyside Police,Merseyside Police,-2.982554,53.428804,On or near Sports/Recreation Area,E01033764,Liverpool 022E,Unable to prosecute suspect
0935708e894ce529ade9dd3666b15b7756c9cc901abff15e7ca9e0bd1b336307,2019-02,Merseyside Police,Merseyside Police,-3.004096,53.457722,On or near PEEL ROAD,E01007005,Sefton 034B,Suspect charged
944e38b3306c3abb93c4cfa5e3814f185eebede5394df14fe37aa00bf472e402,2019-02,Merseyside Police,Merseyside Police,-2.859683,53.340807,On or near OWEN DRIVE,E01006739,Liverpool 058B,Investigation complete; no suspect identified
e60a237e0876b1bd03e773423c1db44cab7afb30127e2d9a650efe25b67e977c,2019-02,Merseyside Police,Merseyside Police,-2.972435,53.402190,On or near BALTIMORE STREET,E01006513,Liverpool 060A,Investigation complete; no suspect identified
09234cddb0065e64df50c37de70f01d4835b6a398ffb8cb62d4afbce968729f1,2019-02,Merseyside Police,Merseyside Police,-2.981471,53.400732,On or near LYDIA ANN STREET,E01033761,Liverpool 060D,Investigation complete; no suspect identified
99bd159afd4be8657f961828ab01a603a05301f2a96a5b291b7af7aeff136757,2019-02,Merseyside Police,Merseyside Police,-2.963129,53.476298,On or near LICHFIELD CLOSE,E01007048,Sefton 029A,Investigation complete; no suspect identified
bf4b5719beaf2d85f6f31e91f83ce33d2b601870690c4c3cbc88cdce5ac977d9,2019-02,Merseyside Police,Merseyside Police,-2.949829,53.396179,On or near MAITLAND STREET,E01006679,Liverpool 039D,Unable to prosecute suspect
d1e73e498e1668e7be1a7a935e328f6e91270ebf123fd451e5d343c977f79765,2019-02,Merseyside Police,Merseyside Police,-2.824105,53.361976,On or near HEYDON CLOSE,E01006428,Knowsley 020B,Investigation complete; no suspect identified
b8aa76a96e7a232cb6a562b24b29fa2ae80d56d6930c118edf6ca9630f6218a5,2019-02,Merseyside Police,Merseyside Police,-2.994433,53.459277,On or near MALVERN ROAD,E01007013,Sefton 036E,Investigation complete; no suspect identified
652d7ec08ef06b7a0fb5e27e7fd8816ade085bf974124c9fb765ee3fc8f43121,2019-02,Merseyside Police,Merseyside Police,-2.955665,53.416348,On or near Pedestrian Subway,E01006694,Liverpool 030B,Investigation complete; no suspect identified
2304834045d6ee906082119032197074024929bde0c21495e2339ad6e6bcb096,2019-02,Merseyside Police,Merseyside Police,-2.948205,53.379967,On or near LARK WAY,E01006522,Liverpool 048A,Investigation complete; no suspect identified
a4203b3c965033f46661cb1a77cba5d136f6c834286c5a50001e70ed632d12da,2019-02,Merseyside Police,Merseyside Police,-2.894397,53.353955,On or near Bus/Coach Station,E01006743,Liverpool 058D,Investigation complete; no suspect identified
76d26f87b2d5a9f35461b1e8dd9ad1e00c1dcfd5a59ea510ba109cead3b42d9e,2019-02,Merseyside Police,Merseyside Police,-2.942267,53.375852,On or near GALBRAITH CLOSE,E01006629,Liverpool 052E,Investigation complete; no suspect identified
c19023f451229996a4aacb79cf7be48d300e4f21b71c752518cd942324983302,2019-02,Merseyside Police,Merseyside Police,-2.971859,53.648415,On or near POULTON ROAD,E01007063,Sefton 005E,Investigation complete; no suspect identified
5d0391b1765380b4fabae69c60e294cc4a9e20318dfc57889f1121a3cab53500,2019-02,Merseyside Police,Merseyside Police,-2.918965,53.376438,On or near Sports/Recreation Area,E01006525,Liverpool 049A,Investigation complete; no suspect identified
ef2a8f3bcf391ad500936291b11f131bdd9e356fd08ad7c22d09eaa1cc3c4f6b,2019-02,Merseyside Police,Merseyside Police,-2.981626,53.393773,On or near DWERRYHOUSE STREET,E01033750,Liverpool 061A,Investigation complete; no suspect identified
026b620e475f8cf3849bc30dfe914c9bd3dcc970a24cd339ad03c73f8df274a0,2019-02,Merseyside Police,Merseyside Police,-3.025256,53.470208,On or near BRUNSWICK PARADE,E01006957,Sefton 032C,Further investigation is not in the public interest
131a0168355da67242619ee8078bf0e1821cfcccd18967459f1c64cfac107ca1,2019-02,Merseyside Police,Merseyside Police,-2.972212,53.429357,On or near HODDER STREET,E01006560,Liverpool 023A,Unable to prosecute suspect
52ad4987aa49e5f52404fb0d41777a7364c86374100962d5054079131da635c8,2019-02,Merseyside Police,Merseyside Police,-2.944513,53.472554,On or near ANGLO CLOSE,E01006651,Liverpool 001A,Investigation complete; no suspect identified
a8731c558304433c3b1b1a52472c4111893a78e528a70efddb0711429f95380b,2019-02,Merseyside Police,Merseyside Police,-2.938042,53.389485,On or near ULLET ROAD,E01006554,Liverpool 048F,Investigation complete; no suspect identified
07bd3092f9b2087ea680bbfdd7479f914a3aa3efcd05e60c682338602fbde71a,2019-02,Merseyside Police,Merseyside Police,-2.754211,53.456955,On or near GREENALL STREET,E01006876,St. Helens 016D,Investigation complete; no suspect identified
3a77921d7a1e9b75a645cfb608993104bb1df74d6183ef87a7b93d93bb12f211,2019-02,Merseyside Police,Merseyside Police,-3.004099,53.652274,On or near BANK SQUARE,E01033094,Sefton 004F,Unable to prosecute suspect
7d185cf6a4f3b4459ab26d65011fbae4cd9ba06e3392cb7aa2f34da1c777643f,2019-02,Merseyside Police,Merseyside Police,-2.924864,53.388546,On or near ARLINGTON AVENUE,E01006550,Liverpool 038A,Investigation complete; no suspect identified
ae52d0d8ab1dc11b16118f42232052022d7c55f7ee684d500d3f2ddda69d911c,2019-02,Merseyside Police,Merseyside Police,-2.750506,53.452700,On or near CRESWELL STREET,E01006880,St. Helens 012D,Investigation complete; no suspect identified
fbbcbd85423a884e9ff0d6465fa6f4e36b7c135f6c99b90042bd304185dbb428,2019-02,Merseyside Police,Merseyside Police,-2.981626,53.393773,On or near DWERRYHOUSE STREET,E01033750,Liverpool 061A,Investigation complete; no suspect identified
939dd3bbd904fbb8f0bb0b787b6c964009a270169d786e6158ff97e6b8f59aea,2019-02,Merseyside Police,Merseyside Police,-2.973034,53.436361,On or near FORDHAM STREET,E01006700,Liverpool 012E,Investigation complete; no suspect identified
d0fe103414045cfa2bd5e5f1530612120571a4d154a722ecfa344b0ed67ed063,2019-02,Merseyside Police,Merseyside Police,-2.895824,53.399023,On or near BELSTON ROAD,E01006579,Liverpool 034D,Investigation complete; no suspect identified
4fd5f1dffcfb46a100a93a823cf5abf04aabcf0a79e4fd2e70a1f0260bbe01b0,2019-02,Merseyside Police,Merseyside Police,-3.006394,53.465110,On or near SEAFORTH VALE NORTH,E01007011,Sefton 034C,Investigation complete; no suspect identified
33628ed0cf6275adb7f3da754c67d272f7654faeca7b66c60dc0311e621fcd8c,2019-02,Merseyside Police,Merseyside Police,-3.046137,53.388740,On or near GROSVENOR ROAD,E01007155,Wirral 020A,Investigation complete; no suspect identified
25e72f87161db1e7549329d04e522455161fb59aaa3ff2b44c05d6cc865c6571,2019-02,Merseyside Police,Merseyside Police,-2.838262,53.356735,On or near LICHFIELD ROAD,E01006432,Knowsley 020E,Investigation complete; no suspect identified
248dbdc32e82e9ef45fa3c48959ab47e34cb6cb018b5eb77b944dfa00ef04c1a,2019-02,Merseyside Police,Merseyside Police,-2.842530,53.415385,On or near GORT ROAD,E01006443,Knowsley 010C,Unable to prosecute suspect
ec4bf350cc93573051e21fe376093150a74dfa8cf3820ced6c5917ea2136e9a8,2019-02,Merseyside Police,Merseyside Police,-3.023973,53.350504,On or near WELLAND ROAD,E01007118,Wirral 035C,Suspect charged
820a7c70b39bc806f4d3eac0f875c73a8829f5dc690952a40fe2b0b3016987c9,2019-02,Merseyside Police,Merseyside Police,-2.849357,53.368387,On or near LANCING CLOSE,E01006433,Knowsley 018D,Investigation complete; no suspect identified
1adc4f406ddc6eb319cfe52f9b4aafe5062b2e022e77c00fb9bfa7acd86489e1,2019-02,Merseyside Police,Merseyside Police,-2.923729,53.422227,On or near RUSSIAN DRIVE,E01006768,Liverpool 020F,Investigation complete; no suspect identified
e9e8cc4ef870d33f575be19aff0af7ea988f5856154cf0142c8e47a3b1d1e13d,2019-02,Merseyside Police,Merseyside Police,-2.985464,53.402353,On or near DUKE STREET LANE,E01033754,Liverpool 061B,Suspect charged
fe4b59f9e242837079c1abb7e6396eec6b80c519c7ac0c1d118083f76569f983,2019-02,Merseyside Police,Merseyside Police,-2.985883,53.400318,On or near BECKWITH STREET,E01033754,Liverpool 061B,Investigation complete; no suspect identified
69d66278615e3b592e3e4f34b61534ddc133804e0743212e49f8b2f1878ab093,2019-02,Merseyside Police,Merseyside Police,-2.729515,53.449234,On or near LINKWAY EAST,E01006912,St. Helens 019G,Investigation complete; no suspect identified
3c2532926d1828d2a68bdea156baf959aa0ba2ce958faa177230ed0ec96adab0,2019-02,Merseyside Police,Merseyside Police,-2.635466,53.456288,On or near CROW LANE EAST,E01006864,St. Helens 013B,Investigation complete; no suspect identified
f08fae6df034dcfc219203395b734a4e92cc0235c13d29c9d5827edeb1505523,2019-02,Merseyside Police,Merseyside Police,-2.928008,53.423137,On or near GREEN LANE,E01006761,Liverpool 020B,Investigation complete; no suspect identified
31da252b4d2b0c4905defd28c6b94af4477b0ecd5066b7561c6252311d051345,2019-02,Merseyside Police,Merseyside Police,-2.825369,53.411064,On or near SEEL ROAD,E01006477,Knowsley 015A,Investigation complete; no suspect identified
c690c857764a3fdef2377e811c1b99a75ad6e50173b9e3c0770291a0f8a659aa,2019-02,Merseyside Police,Merseyside Police,-2.992046,53.398847,On or near Parking Area,E01033750,Liverpool 061A,Investigation complete; no suspect identified
cfb4ceed4e92f02023c457d63542e4f99e82b1f0a896290ce484a229bfa6633c,2019-02,Merseyside Police,Merseyside Police,-3.163463,53.364857,On or near FLECK LANE,E01007283,Wirral 028E,Investigation complete; no suspect identified
aabd57b188eb4b06d2b2bbc53dfc1c53b63f3c7ecc783dc56db8439b2eaa092f,2019-02,Merseyside Police,Merseyside Police,-2.969045,53.414542,On or near SHAW STREET,E01006646,Liverpool 023C,Further investigation is not in the public interest
240ec1c96ce05d3c0b18e99f602ec6627ed2a7abec5a407fa878ff75c0910655,2019-02,Merseyside Police,Merseyside Police,-2.943475,53.415555,On or near RADSTOCK ROAD,E01006695,Liverpool 028C,Unable to prosecute suspect
22b7ad1acfead3d744163df8bd81edc3d64055c0a6903ee643f44c8ade3abb07,2019-02,Merseyside Police,Merseyside Police,-3.025256,53.470208,On or near BRUNSWICK PARADE,E01006957,Sefton 032C,Suspect charged
1c9f24b6a73858a53473f73ec314fb3e1ec5d4147e2dcee2e5217cf9f6cc2b61,2019-02,Merseyside Police,Merseyside Police,-2.980079,53.403000,On or near FLEET STREET,E01033756,Liverpool 061C,Investigation complete; no suspect identified
de89e450f837e8e20139abcdd3c1b8652531c30b59af2e8d910bf270b9fc1952,2019-02,Merseyside Police,Merseyside Police,-3.013690,53.393218,On or near MORTIMER STREET,E01007126,Wirral 016A,Investigation complete; no suspect identified
3963bee5666378a600cad10bd28c9a86b78af2a28e9133b43c7c4d2459ed2950,2019-02,Merseyside Police,Merseyside Police,-2.991885,53.461078,On or near HALSALL ROAD,E01007012,Sefton 036D,Investigation complete; no suspect identified
29ab64b3ede0ba0f75bc5347d6bcdb52e1b911ba018331f2ff39127c7403147a,2019-02,Merseyside Police,Merseyside Police,-2.936976,53.459382,On or near DYSON HALL DRIVE,E01006659,Liverpool 005B,Investigation complete; no suspect identified
4121a31fcc9c20833481c7c34ffad1945101bb204c164dab1cdaeedf18345203,2019-02,Merseyside Police,Merseyside Police,-3.101807,53.397641,On or near CHERRY TREE ROAD,E01007209,Wirral 009D,Unable to prosecute suspect
572ee29542206897ed42486f9ac3d1765e60904413391e0bfb8e75f25a963b2d,2019-02,Merseyside Police,Merseyside Police,-2.935172,53.447873,On or near SCARISBRICK DRIVE,E01006729,Liverpool 008C,Unable to prosecute suspect
7b9f10fd4b56ebc0c4491b21c74e913b2f9fdc2921a7779afcb50b724f56bc01,2019-02,Merseyside Police,Merseyside Police,-2.751974,53.453940,On or near RODNEY STREET,E01006880,St. Helens 012D,Unable to prosecute suspect
d9877944274cb562ecfd3d3e7bb263f236fe5bb105f1d589c3cd4f44cfa02e6e,2019-02,Merseyside Police,Merseyside Police,-3.077488,53.382789,On or near NETHERFIELD CLOSE,E01007162,Wirral 019C,Unable to prosecute suspect
de1f05ac408cd082854a2327506ce0f048f09804153b9db5b816ce30d6ed2284,2019-02,Merseyside Police,Merseyside Police,-2.695222,53.452459,On or near A572,E01006819,St. Helens 011A,Investigation complete; no suspect identified
49056e6b41fc2b529a64ec16ebc6c1f6ed5661ae37720e580fc840fc17033046,2019-02,Merseyside Police,Merseyside Police,-2.899906,53.450634,On or near DYMOKE ROAD,E01006664,Liverpool 004D,Investigation complete; no suspect identified
5af0d12b021efd72716f5b0a10e29d32c83c8ea42510cc2e793d49c275db60b0,2019-02,Merseyside Police,Merseyside Police,-2.950186,53.385192,On or near ALBERT PARK,E01006520,Liverpool 043A,Investigation complete; no suspect identified
9274efccbbcdde13a2d509e46e7b6f6b4ab5edfb4d51434d0b402065916b891a,2019-02,Merseyside Police,Merseyside Police,-2.969658,53.378006,On or near ELLERMAN ROAD,E01033748,Liverpool 050I,Investigation complete; no suspect identified
5fdd0a6b7db98a9d2ade15c0442e146d5374d900818ca32175b15e9256a45082,2019-02,Merseyside Police,Merseyside Police,-2.962247,53.397329,On or near LOWTHER STREET,E01033768,Liverpool 037F,Investigation complete; no suspect identified
5770d39861df6170ba4d8ea4ebacbb676bcd69b11126cded4e271979f1ae5e53,2019-02,Merseyside Police,Merseyside Police,-2.743167,53.449797,On or near BOLD STREET,E01006832,St. Helens 012A,Unable to prosecute suspect
cbbbf16d28de945f46e205af9dd5b4459deef01302d5de0c1345078a8d0386ad,2019-02,Merseyside Police,Merseyside Police,-2.899189,53.454450,On or near ALTCROSS ROAD,E01006662,Liverpool 004B,Unable to prosecute suspect
e05b30736832361d82f1dd129fc33160f83c0f590f50bfe6370418d5fef303da,2019-02,Merseyside Police,Merseyside Police,-3.028750,53.389143,On or near Supermarket,E01007128,Wirral 016C,Suspect charged
bc88f944701cc394213b388f865dfadc378b4f775a3dbb0c38c0460c217b4406,2019-02,Merseyside Police,Merseyside Police,-3.099752,53.404843,On or near AVONDALE AVENUE,E01007206,Wirral 009B,Investigation complete; no suspect identified
5512dd1d50b761412c7fcfe049fae35084baf8270667237220cd993e8850220a,2019-02,Merseyside Police,Merseyside Police,-2.980654,53.646653,On or near BEACHAM ROAD,E01007059,Sefton 006B,Investigation complete; no suspect identified
dfc23ff6b774a6567a65ac735a7ee57f51c8becb6c9ee085c0994b0351426e83,2019-02,Merseyside Police,Merseyside Police,-3.163463,53.364857,On or near FLECK LANE,E01007283,Wirral 028E,Investigation complete; no suspect identified
cd052b421cc3d083e7bc8cfbc9afd57fcba3fa636a2dbe918c0242a97436c34b,2019-02,Merseyside Police,Merseyside Police,-2.935237,53.433688,On or near Sports/Recreation Area,E01006606,Liverpool 020A,Investigation complete; no suspect identified
bd9d3d5bd1f86df0c76ebca37b211d00681d73322c1497411db67ac59c23f593,2019-02,Merseyside Police,Merseyside Police,-3.031540,53.629111,On or near SELWORTHY ROAD,E01006974,Sefton 009F,Investigation complete; no suspect identified
c25cf476d1cf79732cd44926af8c90fb0bac2db737c9d9e7c8c44fdccfff7472,2019-02,Merseyside Police,Merseyside Police,-3.076389,53.370214,On or near Supermarket,E01007304,Wirral 025E,Investigation complete; no suspect identified
380b79fd4abe516d6e38b828d866c1e73cf08840465e1f43426752200ace24e9,2019-02,Merseyside Police,Merseyside Police,-2.729515,53.449234,On or near LINKWAY EAST,E01006912,St. Helens 019G,Investigation complete; no suspect identified
13e6cb5a6de842bc6dde17d9370c7ab8cb16f5420d55141cf668065d6e463a82,2019-02,Merseyside Police,Merseyside Police,-2.852071,53.489187,On or near WOODWARD ROAD,E01006446,Knowsley 005G,Investigation complete; no suspect identified
7415a545129b51d56494d6a51da5fe389c411d1be720513cc7beac8ffd501e05,2019-02,Merseyside Police,Merseyside Police,-2.954613,53.381444,On or near Petrol Station,E01006520,Liverpool 043A,Investigation complete; no suspect identified
900f815d699ade2200f5df885d6f9d028020b29eb4bbf3ac29bf59fc70192daf,2019-02,Merseyside Police,Merseyside Police,-2.953644,53.467214,On or near GOODACRE ROAD,E01006783,Liverpool 002E,Investigation complete; no suspect identified
8bdfc51aee5fa7a571e183ced221e3eb9c03f3a52b47d4964614e7c318734c73,2019-02,Merseyside Police,Merseyside Police,-2.832613,53.342114,On or near OLDBRIDGE ROAD,E01006756,Liverpool 059D,Investigation complete; no suspect identified
521fe5f1898fe5673ffa8825885d5c7e8dac7afba985a86b81b296fb773bc3d5,2019-02,Merseyside Police,Merseyside Police,-2.973500,53.487666,On or near Supermarket,E01007088,Sefton 029D,Investigation complete; no suspect identified
efa21289cfb3fc30c8fe8ad887c60684adf6a7d772f238f0a480d59a82d572b9,2019-02,Merseyside Police,Merseyside Police,-2.711078,53.462343,On or near LONGRIDGE AVENUE,E01006812,St. Helens 008C,Investigation complete; no suspect identified
03bdd924a8b31e8dbc6f3766845ce3138f8a8d011cdc09ecf1d1c8ae0da643c3,2019-02,Merseyside Police,Merseyside Police,-2.977044,53.460904,On or near RAINFORD AVENUE,E01007052,Sefton 035E,Unable to prosecute suspect
a80c3cec6c0da22a17b90952fc1580e05064f23b565e4a17575cbdcbbd64144b,2019-02,Merseyside Police,Merseyside Police,-2.991140,53.407753,On or near EXCHANGE STREET EAST,E01033752,Liverpool 062B,Investigation complete; no suspect identified
9f7c4450725f6164c7bf0f384269dfe44874922d29b284af5a4fffb4c69cfc69,2019-02,Merseyside Police,Merseyside Police,-3.004941,53.497302,On or near WHITE MEADOW DRIVE,E01007020,Sefton 021A,Unable to prosecute suspect
1b386b3d50ddc46201eab578f129871c78f8d63c4cab028fea087138e7e2424f,2019-02,Merseyside Police,Merseyside Police,-3.021054,53.413128,On or near SHIRLEY STREET,E01007274,Wirral 008C,Investigation complete; no suspect identified
20c80877a1e4c1c3292ba255531d47135a2ab2d0fc0cedbe8ac95e0e117e06bb,2019-02,Merseyside Police,Merseyside Police,-2.652728,53.457463,On or near ATHOL CLOSE,E01006839,St. Helens 005B,Unable to prosecute suspect
16a71a94f3693008ff5cbff27def5fe62287d39b7d46ca111c726f6f33dd8cd7,2019-02,Merseyside Police,Merseyside Police,-2.952160,53.423765,On or near BELMONT ROAD,E01006563,Liverpool 024B,Investigation complete; no suspect identified
070df0a1759df076b38af39a6b3e69a15d403c88c410565f06544afe338d9fd4,2019-02,Merseyside Police,Merseyside Police,-2.947429,53.404576,On or near BEAMES CLOSE,E01033763,Liverpool 031G,Unable to prosecute suspect
7e4bd15729b5be7649f9c8f9aff7bb3be2a6f2bb6f29c8607c05e48bf83f9f6f,2019-02,Merseyside Police,Merseyside Police,-2.861863,53.347614,On or near TONBRIDGE CLOSE,E01006739,Liverpool 058B,Investigation complete; no suspect identified
5475e3b9a30169a5dc963c3cd2302b681b6c0a1eeb9359481493a42064ab92d0,2019-02,Merseyside Police,Merseyside Police,-2.878167,53.375667,On or near EVESHAM CLOSE,E01006799,Liverpool 051E,Unable to prosecute suspect
642ab707922418ea5c44caeb76067c69c692a03daa95072a84226a5deb34dcd4,2019-02,Merseyside Police,Merseyside Police,-3.172049,53.395696,On or near LEE ROAD,E01007202,Wirral 014E,Investigation complete; no suspect identified
3e54450e19a17c61c761c478f70886c1ec50140779d5616f56567dcd97857140,2019-02,Merseyside Police,Merseyside Police,-2.864400,53.413610,On or near BELDON CRESCENT,E01006489,Knowsley 014F,Unable to prosecute suspect
d7d99fccc950b453dcf0de5428d0b7cb6655a42c2e227e9ccac328d070e56c1b,2019-02,Merseyside Police,Merseyside Police,-2.710068,53.464093,On or near BEACON GROVE,E01006811,St. Helens 008B,Unable to prosecute suspect
62bebfe246f398a58796b2e9385088b65d373c1f14ea75758fa05d6c0edf1cfc,2019-02,Merseyside Police,Merseyside Police,-2.801459,53.426769,On or near Shopping Area,E01006463,Knowsley 007C,Investigation complete; no suspect identified
18f93b2cc25b0b169ff6c11345c24b42d667cd503d5f5b713003e187dc52a1a5,2019-02,Merseyside Police,Merseyside Police,-2.915936,53.413190,On or near Supermarket,E01032508,Liverpool 027G,Suspect charged
2ca4a5d775cf3db4b9a9b000d7adf1e8326e3c7231347f7f82c9a1187befdc3a,2019-02,Merseyside Police,Merseyside Police,-2.954355,53.376646,On or near BUCKLAND STREET,E01032507,Liverpool 050H,Investigation complete; no suspect identified
66b199da7d45ac09e8ab2a0f7dc0cb46be6da4fe93c194049e173e22a1a26723,2019-02,Merseyside Police,Merseyside Police,-2.924784,53.414641,On or near AVIEMORE ROAD,E01006711,Liverpool 027A,Investigation complete; no suspect identified
22ef9ec8d5fde15041b1280035c6ed5c29ee9d0c3385d711239277c3783bce92,2019-02,Merseyside Police,Merseyside Police,-2.980571,53.403472,On or near Nightclub,E01033756,Liverpool 061C,Investigation complete; no suspect identified
9b354d10ce7af912f516dc6f0a5d264e5aff388980de82a6ffcf48236cb12195,2019-02,Merseyside Police,Merseyside Police,-2.884815,53.480913,On or near Parking Area,E01006437,Knowsley 003D,Investigation complete; no suspect identified
e93054141d3f0cb4580069ae262864a29176ce37f58f7bfb67098f95ee98592f,2019-02,Merseyside Police,Merseyside Police,-2.985464,53.402353,On or near DUKE STREET LANE,E01033754,Liverpool 061B,Investigation complete; no suspect identified
7ab356fb3acd3e8df979b032e283d1176ff23173673eec5950d94faa9149f5f6,2019-02,Merseyside Police,Merseyside Police,-3.073815,53.405861,On or near B5151,E01007120,Wirral 011A,Unable to prosecute suspect
df98b075670ac4f129ca8c753d6c37c3ab0a6aba03b56dcada58087fe8c55425,2019-02,Merseyside Police,Merseyside Police,-2.742189,53.435143,On or near HEMPSTEAD CLOSE,E01006912,St. Helens 019G,Investigation complete; no suspect identified
ec24c3fc693d1e0c5e118a84e1874963d99cc2fa40bc07859e654b6782b3811b,2019-02,Merseyside Police,Merseyside Police,-2.868192,53.357501,On or near Supermarket,E01006537,Liverpool 055D,Investigation complete; no suspect identified
62fc6ca2138f49163eeb50cf44b4364bac149a2366927d1f43850eb44dedeef1,2019-02,Merseyside Police,Merseyside Police,-2.988764,53.406488,On or near NORTH JOHN STREET,E01033760,Liverpool 060C,Investigation complete; no suspect identified
2bc45217ad0632157cf8863c6035011627d4f46f67818082a66043023c9cc795,2019-02,Merseyside Police,Merseyside Police,-3.131805,53.396255,On or near Petrol Station,E01007222,Wirral 013C,Investigation complete; no suspect identified
e2a4cc25a59183df42e9eeb84d91d9e8cc1e657d9d68a2fec3ce5cb4469d223b,2019-02,Merseyside Police,Merseyside Police,-3.086915,53.370991,On or near SANDFIELD ROAD,E01007249,Wirral 025A,Unable to prosecute suspect
f1c7b7d813bea4b2f00b0a77928bfb0ac5aec01c0ddf0473a38a71b04db7c9dd,2019-02,Merseyside Police,Merseyside Police,-2.985119,53.403704,On or near Parking Area,E01033756,Liverpool 061C,Investigation complete; no suspect identified
44b739974734fd3ab30e817763c46fc2c8ac3181a7b6c04ba5d549020d3f642b,2019-02,Merseyside Police,Merseyside Police,-3.064508,53.427733,On or near CHELTENHAM ROAD,E01007308,Wirral 003B,Investigation complete; no suspect identified
2a7118c0938644c65ea6f9c53fbf5b3b27dbd7fcd59c33a91100b79ba08ed2d2,2019-02,Merseyside Police,Merseyside Police,-2.898133,53.367985,On or near HURSTLYN ROAD,E01006534,Liverpool 054A,Further investigation is not in the public interest
80a9889f828053695c3f27f6e83431b58dd396094d0f2a97678052e791b392ab,2019-02,Merseyside Police,Merseyside Police,-2.847947,53.365521,On or near LYONS PLACE,E01006430,Knowsley 018C,Investigation complete; no suspect identified
85ad7b5b79297a7b7ab3f4bc73956600bfcedc05d136b1ae5e777bc5d868a721,2019-02,Merseyside Police,Merseyside Police,-2.718129,53.417852,On or near POLLITT CRESCENT,E01006908,St. Helens 022C,Unable to prosecute suspect
f64c9ef1f8262c6f70010581979f247fe68ff13ca4656e2dc8392ef98efd22de,2019-02,Merseyside Police,Merseyside Police,-2.983077,53.404521,On or near OLD POST OFFICE PLACE,E01033756,Liverpool 061C,Unable to prosecute suspect
84b12869858d2ce20b3e3d325cf9833850e9a7e7f746473a742c9036850c7c22,2019-02,Merseyside Police,Merseyside Police,-2.997564,53.645884,On or near Parking Area,E01006969,Sefton 004D,Unable to prosecute suspect
da5307e5a4bc9af51910e58cfb5d24d96c02fb1828228979e29d28edde9b9888,2019-02,Merseyside Police,Merseyside Police,-2.985119,53.403704,On or near Parking Area,E01033756,Liverpool 061C,Investigation complete; no suspect identified
f1e4ccd31d14d3c6fb8771de16ac95e44a1e437bdcb59e34c5edc09ce4bc1777,2019-02,Merseyside Police,Merseyside Police,-2.978382,53.422106,On or near GREAT HOMER STREET,E01006648,Liverpool 023D,Investigation complete; no suspect identified
733a2c13524b798cf5df4ba597dfcfc584e16f352fc5dfd41a98eb049a903111,2019-02,Merseyside Police,Merseyside Police,-2.976574,53.340582,On or near Petrol Station,E01007135,Wirral 039A,Investigation complete; no suspect identified
e450eb500d27f6e70ee762e6db14c0ecb7afe89e5d559cba1d52e47099288e47,2019-02,Merseyside Police,Merseyside Police,-2.634067,53.447253,On or near FINDLAY CLOSE,E01006860,St. Helens 015E,Unable to prosecute suspect
afd5b6e8016393e95d0c5374b3ae532f6bf3a1b2c93250c239deb714ceba61ac,2019-02,Merseyside Police,Merseyside Police,-2.997564,53.645884,On or near Parking Area,E01006969,Sefton 004D,Unable to prosecute suspect
5ae1bd67843b909bc6b9e3f6467b3fb58e81066445341ea023890ca39334fbdc,2019-02,Merseyside Police,Merseyside Police,-2.982670,53.409037,On or near VICTORIA STREET,E01033760,Liverpool 060C,Investigation complete; no suspect identified
8207a14eb4226de7f0097373f0be4a46103195e96c43f1532354bb7937dae522,2019-02,Merseyside Police,Merseyside Police,-2.962008,53.462024,On or near ORRELL LANE,E01006784,Liverpool 003C,Investigation complete; no suspect identified
d1438782174214a56d64dd534f2c389085a62324da7c3d1b1571d7262bb28141,2019-02,Merseyside Police,Merseyside Police,-2.827795,53.344628,On or near HARLAND GREEN,E01006756,Liverpool 059D,Investigation complete; no suspect identified
b5ab5be87a3c2466cb67f10c9704663be454902aa1ecae95bf1443ebeb6ac910,2019-02,Merseyside Police,Merseyside Police,-2.974579,53.409786,On or near Parking Area,E01033758,Liverpool 060B,Investigation complete; no suspect identified
25fbffaf0a98abfc546da01b54f367d03866524daa1ebc4a369590617f59bf20,2019-02,Merseyside Police,Merseyside Police,-3.028750,53.389143,On or near Supermarket,E01007128,Wirral 016C,Unable to prosecute suspect
d399b055c0e90ec8f560a79b76b1801fb5149b88f3f5ffbae9358cc2b0154204,2019-02,Merseyside Police,Merseyside Police,-2.862240,53.426543,On or near ASHBURY ROAD,E01006467,Knowsley 008B,Unable to prosecute suspect
9959f67cf3ae86a9e53ada991f658f4dc15d6b79e474b4011cf0954e7eb2046f,2019-02,Merseyside Police,Merseyside Police,-2.946917,53.395087,On or near BOSWELL STREET,E01006556,Liverpool 039B,Unable to prosecute suspect
665336b17f0b23f5f560a6e496b79fcd97c9d55911d528b2c7c481ede149e99b,2019-02,Merseyside Police,Merseyside Police,-2.983597,53.434872,On or near OWEN ROAD,E01006702,Liverpool 014C,Investigation complete; no suspect identified
ec3204e21e941b0875c1a42a785010313c51737baa33e9dc118ee9b4c239eeeb,2019-02,Merseyside Police,Merseyside Police,-3.026730,53.483211,On or near COLLEGE AVENUE,E01007103,Sefton 030E,Investigation complete; no suspect identified
e8813046abc5b8d5daf5d4e2fa32d5b28fa14012aa2997c357fb6f2f87f30540,2019-02,Merseyside Police,Merseyside Police,-2.997592,53.482226,On or near LONSDALE MEWS,E01006980,Sefton 024B,Investigation complete; no suspect identified
0ddcc09a71eadacc73117dbd38a28cd78578e7f56a1d5066b83506a24be9b98d,2019-02,Merseyside Police,Merseyside Police,-3.094650,53.326792,On or near Parking Area,E01007189,Wirral 040D,Investigation complete; no suspect identified
f7b3cf04a830d5c65857ffd6862f540b17d6a4edba0e7596fe6c39368d366563,2019-02,Merseyside Police,Merseyside Police,-2.981101,53.383332,On or near ATLANTIC WAY,E01033748,Liverpool 050I,Formal action is not in the public interest
0509a176a8998a47021bef61be3363d7f454ba4ca5b9f4aab187dcf96d63a45d,2019-02,Merseyside Police,Merseyside Police,-2.976571,53.402192,On or near ROSCOE PLACE,E01033761,Liverpool 060D,Suspect charged
a9991dd8db40bc7a679757a6772a26370261f8ef60a31fdce4cdf3ffd0402eea,2019-02,Merseyside Police,Merseyside Police,-2.988735,53.405247,On or near LORD STREET,E01033756,Liverpool 061C,Suspect charged
cbc19cd40c463b7e8a4e7ef0658784df4fdf6bdca8376b0de415bd1e3e3eef39,2019-02,Merseyside Police,Merseyside Police,-2.978384,53.413710,On or near Police Station,E01006648,Liverpool 023D,Formal action is not in the public interest
adce24004181e027a5cd0f1689c779b77732d65d4918fd24c5a621d86ee4301f,2019-02,Merseyside Police,Merseyside Police,-2.986816,53.414001,On or near NAYLOR STREET,E01033751,Liverpool 062A,Investigation complete; no suspect identified
08c840859ea26a9fbe1d3488f78b5050868485f6cb03dd35d72f7ad0fe3a18fc,2019-02,Merseyside Police,Merseyside Police,-2.981930,53.406967,On or near Parking Area,E01033760,Liverpool 060C,Investigation complete; no suspect identified
c410df390b0967dcb554d14178258b1a6358e352af21fb10407508a31cdf143d,2019-02,Merseyside Police,Merseyside Police,-2.905191,53.360651,On or near BERNER'S ROAD,E01006688,Liverpool 056E,Investigation complete; no suspect identified
d131bd8be379f889ed9e48bbe34ead936679c03409f0214f7e06b65efe6d02bf,2019-02,Merseyside Police,Merseyside Police,-2.944640,53.502675,On or near Supermarket,E01007066,Sefton 020B,Unable to prosecute suspect
a16613c75073d3b93e04b58c429157f0731bb8a4a2410023432f99743f908bec,2019-02,Merseyside Police,Merseyside Police,-2.939623,53.409383,On or near Parking Area,E01006690,Liverpool 028A,Investigation complete; no suspect identified
0ed2a640366ca8df34c024a130abb23b7bdfe3b9ea267e7def5e5244c4e112e2,2019-02,Merseyside Police,Merseyside Police,-2.667156,53.464196,On or near GRAY AVENUE,E01006839,St. Helens 005B,Unable to prosecute suspect
37da08159b41ac7a66632e0564ca6731ee5cbff5f909c495d2b951817e3c5f3c,2019-02,Merseyside Police,Merseyside Police,-2.730647,53.473056,On or near TARN GROVE,E01006849,St. Helens 004A,Unable to prosecute suspect
cee394d0261f02b7cca6cbb520f1f50fa5a188461fe1f4c4b6c83d83b0dd402b,2019-02,Merseyside Police,Merseyside Police,-2.875032,53.373029,On or near CHEDDAR CLOSE,E01006799,Liverpool 051E,Investigation complete; no suspect identified
2eaf0a8bc8a713d1504a2c8ec3dce6965084b6c62212da5db6f30c3a076c2bcb,2019-02,Merseyside Police,Merseyside Police,-3.105168,53.373547,On or near Parking Area,E01007255,Wirral 034B,Offender given a drugs possession warning
00715c5018c2edd18d4f03a5b16dabda56f7cb741e230c8070321bc05275168e,2019-02,Merseyside Police,Merseyside Police,-2.990669,53.446401,On or near ST ALBAN'S SQUARE,E01007009,Sefton 037D,Unable to prosecute suspect
1dd86f5aef3c5f2bdacc1eaf093a140e8a733fff9629fa7c80ebf7953438732c,2019-02,Merseyside Police,Merseyside Police,-2.821901,53.410620,On or near NORTH VIEW,E01006477,Knowsley 015A,Investigation complete; no suspect identified
8507ea526fc32ebca6f57557f8ef8e63b6f18905929dc80543fb1909fce56d11,2019-02,Merseyside Police,Merseyside Police,-3.036793,53.398386,On or near ST ANNE'S PLACE,E01007133,Wirral 016E,Unable to prosecute suspect
64533b2ec2dfc5dddd87f1bf0550a37e6ddaf12f01bba4372d1f9d3389dccc51,2019-02,Merseyside Police,Merseyside Police,-2.993262,53.647601,On or near ASHLEY ROAD,E01006969,Sefton 004D,Investigation complete; no suspect identified
e7ba06495c9948b1ba6edc9e431b7f650e2ff9b9c5df6d4e9215c6c353bee134,2019-02,Merseyside Police,Merseyside Police,-2.962008,53.462024,On or near ORRELL LANE,E01006784,Liverpool 003C,Investigation complete; no suspect identified
ddbe9dbc7dc1b52afd6c5ae5710f8d40f0bafea88d274a6a651f14c4cdec6e4b,2019-02,Merseyside Police,Merseyside Police,-2.935237,53.433688,On or near Sports/Recreation Area,E01006606,Liverpool 020A,Investigation complete; no suspect identified
f4ff37b4eee42e2fd40fe6378133484b5597f30e4d60aa06dc31c876ab1f5545,2019-02,Merseyside Police,Merseyside Police,-2.716586,53.438805,On or near MASSEY STREET,E01006845,St. Helens 014A,Investigation complete; no suspect identified
df5bad259c150440c36089404dc13b45cc749706a35f543c97c2200b5a27faf1,2019-02,Merseyside Police,Merseyside Police,-2.729893,53.450185,On or near Shopping Area,E01006912,St. Helens 019G,Investigation complete; no suspect identified
6ff0e4f43020bb2fd07810f97d0ead7baba647f4c802bbad96650d658cfdaa70,2019-02,Merseyside Police,Merseyside Police,-2.667156,53.464196,On or near GRAY AVENUE,E01006839,St. Helens 005B,Unable to prosecute suspect
ffdac44ceaf25fd028e3d44d3d4ac0bc8038cadcaa9b9b6e17f21308fc440f75,2019-02,Merseyside Police,Merseyside Police,-2.888101,53.400825,On or near BASIL CLOSE,E01006578,Liverpool 036A,Investigation complete; no suspect identified
b38b2aaf23773723a47c51f7332379bbcd3458b91c220a9a5e57fa74ead93d75,2019-02,Merseyside Police,Merseyside Police,-2.940969,53.471702,On or near RED RUM CLOSE,E01006651,Liverpool 001A,Investigation complete; no suspect identified
902fa1b336274ab37c9e2a187d71c59c669c6b2141f589936a327abe385210c2,2019-02,Merseyside Police,Merseyside Police,-2.960896,53.430796,On or near Sports/Recreation Area,E01006542,Liverpool 018A,Investigation complete; no suspect identified
9ce4a7aba7329dfff0656ff7cca8e83a9a497f2135190bef6ba43cbd2fec80ee,2019-02,Merseyside Police,Merseyside Police,-2.969045,53.414542,On or near SHAW STREET,E01006646,Liverpool 023C,Unable to prosecute suspect
eae09090260d9d06f5442911913f827d22ada430a051d899efd4e13151c11285,2019-02,Merseyside Police,Merseyside Police,-2.886255,53.493603,On or near FARNWORTH GROVE,E01006493,Knowsley 001C,Unable to prosecute suspect
56da6395e0685ff9af77be644ab79ce5584cf1d013e8c963a259422f30546a3a,2019-02,Merseyside Police,Merseyside Police,-2.945487,53.420124,On or near STRATHMORE ROAD,E01006760,Liverpool 028E,Investigation complete; no suspect identified
d633136902321ebeab74fc0793b511f4aa61d9b6248cf905a59139c28209b41d,2019-02,Merseyside Police,Merseyside Police,-3.045793,53.418218,On or near ASHBURTON ROAD,E01007217,Wirral 007D,Investigation complete; no suspect identified
452980d92f52e23c160d686956d9bf6c7b149483eb328c4ec7bde75102508f06,2019-02,Merseyside Police,Merseyside Police,-3.105168,53.373547,On or near Parking Area,E01007255,Wirral 034B,Offender given a drugs possession warning
c5363a67e85429464fdbdea7f02c770dd149cb3b3fd9a62503bf820c9b6a5ddd,2019-02,Merseyside Police,Merseyside Police,-2.967238,53.430386,On or near GOSCHEN STREET,E01006558,Liverpool 018B,Offender given a caution
4928037f854dad7e72c9eeddecf85f2c5ec50d7dab70855141f6d6308d5dcd5a,2019-02,Merseyside Police,Merseyside Police,-2.908801,53.451124,On or near STORRINGTON AVENUE,E01006664,Liverpool 004D,Unable to prosecute suspect
ea6f93106c9ff1546c784a44ac62154f7827a5748e1d0ee62b9ecde1675d8386,2019-02,Merseyside Police,Merseyside Police,-2.967815,53.384214,On or near CHILHEM CLOSE,E01006632,Liverpool 044C,Investigation complete; no suspect identified
97ccdb347a736539dc4e85ee4f1030d46eae97c4ea62d204d6ddb09ffa394fa5,2019-02,Merseyside Police,Merseyside Police,-2.955823,53.422693,On or near ALOESWOOD CLOSE,E01006563,Liverpool 024B,Unable to prosecute suspect
d257435772be2d9522f3ce79d0ea7f322adde62ca3bda695ecd1718fe3417068,2019-02,Merseyside Police,Merseyside Police,-2.909188,53.457970,On or near SHARD CLOSE,E01006663,Liverpool 004C,Investigation complete; no suspect identified
9c4c79a20b4d5391899cbb5db79ae93d32355a4f0d00b84a32b7de70c857945e,2019-02,Merseyside Police,Merseyside Police,-2.998861,53.466989,On or near INMAN ROAD,E01007016,Sefton 034D,Unable to prosecute suspect
e9086a0addcf487cbb5f90c48272bd27dc05f5e62214f840a97895a850e5e385,2019-02,Merseyside Police,Merseyside Police,-2.955823,53.422693,On or near ALOESWOOD CLOSE,E01006563,Liverpool 024B,Unable to prosecute suspect
6799394362c1ddffca84c6180425981a0bd1d5adf46c76d0e16bebf3f47965fe,2019-02,Merseyside Police,Merseyside Police,-2.848984,53.364012,On or near PALMERSTON DRIVE,E01006431,Knowsley 020D,Unable to prosecute suspect
ad9d821d4f4f76fefcc67a139e27b4b6a945789b8c150bcb9f2a75cbbd632730,2019-02,Merseyside Police,Merseyside Police,-2.694315,53.465201,On or near PARK STREET,E01006813,St. Helens 008D,Unable to prosecute suspect
8937465065ca8ef24865209219ecf355878d737d831c9c52751587e1561afcdc,2019-02,Merseyside Police,Merseyside Police,-2.988497,53.453367,On or near REDWOOD GROVE,E01006964,Sefton 036A,Unable to prosecute suspect
0d57326d42c1fb3834551106011dd0221de4949bd879969eba29b91f348a2249,2019-02,Merseyside Police,Merseyside Police,-2.931345,53.411291,On or near BIRCHFIELD CLOSE,E01006692,Liverpool 028B,Suspect charged
242e24e591403c66974be0e072b5e6d6cd5fdd218d70b83d376582242bf491a5,2019-02,Merseyside Police,Merseyside Police,-2.998078,53.652918,On or near Petrol Station,E01006945,Sefton 004A,Investigation complete; no suspect identified
8254cffc350d235fe462747f2280e0c14c5f2c6a82929dc7bb0f43279f9ab920,2019-02,Merseyside Police,Merseyside Police,-2.634587,53.452868,On or near HOPE STREET,E01006864,St. Helens 013B,Unable to prosecute suspect
66f4c124a9cd79aa5925b078f08048e9eb6dc24ecb97f0007b8d77be18877127,2019-02,Merseyside Police,Merseyside Police,-2.625655,53.450677,On or near ALDER STREET,E01006861,St. Helens 015F,Further investigation is not in the public interest
cf330e4871bd710fdf10c9c53de9cb116c18f2d0a18f01bc0e0668617831f7eb,2019-02,Merseyside Police,Merseyside Police,-3.044045,53.398466,On or near BRAY STREET,E01032903,Wirral 010F,Unable to prosecute suspect
ea1ecf08da2ffddc3af0b5e8c09021ef7ffabec0204de400a253b556642ada28,2019-02,Merseyside Police,Merseyside Police,-2.985445,53.442534,On or near MIRANDA ROAD,E01006963,Sefton 038D,Unable to prosecute suspect
827efcdbfcdd2ac4966d14d522e3ac1eb66a867e0907f626d749bc7416a089b2,2019-02,Merseyside Police,Merseyside Police,-2.854791,53.371054,On or near NORTH LINKSIDE ROAD,E01006530,Liverpool 055A,Investigation complete; no suspect identified
aecb939d37a57961ce7ee3168951b45fea4529e04b8d1c258ba5714a7294f53b,2019-02,Merseyside Police,Merseyside Police,-2.934655,53.396191,On or near BAGOT STREET,E01006723,Liverpool 038E,Investigation complete; no suspect identified
9a935e0b4abcac432f13b8eb3d57f2f37aef24ae118751f68ce821521c2e588a,2019-02,Merseyside Police,Merseyside Police,-2.737209,53.438769,On or near THE CARAVAN PARK,E01006912,St. Helens 019G,Unable to prosecute suspect
19b5f60280e47b9bda1f6f4e956fc9eebb7f8188bddf8c94d1be015d3c4844a5,2019-02,Merseyside Police,Merseyside Police,-3.118212,53.410721,On or near TARRAN WAY NORTH,E01007223,Wirral 013D,Investigation complete; no suspect identified
b785f216b44551079f09869d46de007f73ae3a8251188b10005c4fbd959c1648,2019-02,Merseyside Police,Merseyside Police,-3.035894,53.378060,On or near HIGHGREEN ROAD,E01007244,Wirral 022E,Unable to prosecute suspect
bca74f04c9852946bc4063b5884ca3e5b836874aae2a08638b7c7212cacedc64,2019-02,Merseyside Police,Merseyside Police,-2.877310,53.481615,On or near HARGATE WALK,E01006436,Knowsley 003C,Offender given a drugs possession warning
8e07cd30369aaee4a9c5ceea820396581a2a0e294a518938563b4a2e4a55fe3c,2019-02,Merseyside Police,Merseyside Police,-2.882848,53.479795,On or near RUSHEY HEY ROAD,E01006436,Knowsley 003C,Unable to prosecute suspect
b809d9fd1ba5f0caebe0205ee4ed7c67f074e5f6ec471c1a12e542b6e7391f6f,2019-02,Merseyside Police,Merseyside Police,-3.023147,53.495269,On or near DE VILLIERS AVENUE,E01007022,Sefton 021B,Formal action is not in the public interest
0eae0c2fa568c34674b99331e9aa06d7dff8a594d7ca2a6d0e08ced28f4b3518,2019-02,Merseyside Police,Merseyside Police,-2.979192,53.401721,On or near BACK SEEL STREET,E01033761,Liverpool 060D,Investigation complete; no suspect identified
c30c57660ac4b87fd39f821d646807312e5d4b251b69c21b085abc5409cffd02,2019-02,Merseyside Police,Merseyside Police,-2.978307,53.396569,On or near PRINCE ALBERT MEWS,E01006515,Liverpool 037B,Investigation complete; no suspect identified
9f2d001501037dd9971975fc1db7c637cf24d22a97997e3ad4e8bd71e3c241f7,2019-02,Merseyside Police,Merseyside Police,-2.943063,53.416655,On or near HAMPSTEAD ROAD,E01006695,Liverpool 028C,Unable to prosecute suspect
abe6ac86c174d6076231344670df4a3a8a30c9bea2658a947979e99b9ad62f71,2019-02,Merseyside Police,Merseyside Police,-3.033477,53.379448,On or near NORTH ROAD,E01007244,Wirral 022E,Unable to prosecute suspect
664f7bf48ae568054f981c6b21910bd4eddf2b3e13c951cab1612df40bbcae97,2019-02,Merseyside Police,Merseyside Police,-2.985164,53.408243,On or near CROSSHALL STREET,E01033762,Liverpool 060E,Unable to prosecute suspect
c420ebb4d3e0e7d7ae3f62940d88c3b118864c58c3b1c0c7ace8fc21b02253b2,2019-02,Merseyside Police,Merseyside Police,-2.711076,53.461318,On or near CALDY GROVE,E01006812,St. Helens 008C,Unable to prosecute suspect
d46bd9a4932eea9bb6cdc9c31a15de1eb112f04bc8ae8a6727b6282a41866172,2019-02,Merseyside Police,Merseyside Police,-3.114831,53.387830,On or near SAUGHALL MASSIE ROAD,E01007299,Wirral 017D,Unable to prosecute suspect
59ef24ceb4ad633e7f5541d252c11439a8e7b6a1bcb35dce39a6453895d57018,2019-02,Merseyside Police,Merseyside Police,-3.022565,53.496119,On or near HALSALL CLOSE,E01007022,Sefton 021B,Unable to prosecute suspect
9d5760f1536dc9a61e6019820cfa2ac301b66b1b435a1dfa290896ddabdb98b3,2019-02,Merseyside Police,Merseyside Police,-2.980281,53.476527,On or near BOUNDARY ROAD,E01006981,Sefton 031B,Offender given a caution
e40398ad9bab3eb02ca7826e8307028d94a1dee4770477f646a129c84dc20f2e,2019-02,Merseyside Police,Merseyside Police,-2.755661,53.430896,On or near NUTGROVE HALL DRIVE,E01032904,St. Helens 019I,Offender given a caution
72f21e26c5de3ed26b818fd91fe6db98a5ea6f4668b47d4b26a747142cd7fc42,2019-02,Merseyside Police,Merseyside Police,-3.033477,53.379448,On or near NORTH ROAD,E01007244,Wirral 022E,Unable to prosecute suspect
0bd76329e27bb6549a3e92f86feb22444c17a9439972fdad01eed96fea9e35a7,2019-02,Merseyside Police,Merseyside Police,-3.010397,53.345613,On or near MAYER AVENUE,E01007153,Wirral 036E,Unable to prosecute suspect
6c3264e498868271c203c04290996c1a9a8fdbdba7d9eff0a18cdc26b097c4f0,2019-02,Merseyside Police,Merseyside Police,-3.086756,53.416683,On or near SHACKLETON ROAD,E01007210,Wirral 006C,Unable to prosecute suspect
10c88ea035a1aeb2f7f9a9c6f009ac7bd3665eeb2d7adf1169b73b90453cdf92,2019-02,Merseyside Police,Merseyside Police,-2.942838,53.448648,On or near BLACKTHORNE ROAD,E01006613,Liverpool 009D,Unable to prosecute suspect
702870fc99438c46cf006bea8d4f125e5aecdd803e9c517af3f1cd3a0ab44909,2019-02,Merseyside Police,Merseyside Police,-2.980281,53.476527,On or near BOUNDARY ROAD,E01006981,Sefton 031B,Offender given a drugs possession warning
54d118e7d8fd7815f39e13b93c891d63c1c59479df924816894560a34a673bf1,2019-02,Merseyside Police,Merseyside Police,-2.999343,53.641815,On or near Petrol Station,E01006996,Sefton 007D,Investigation complete; no suspect identified
d9763979f8219f82eb9f0ad3bc3e284ae77af6994c6bccfc060c3a0cee4d1ba1,2019-02,Merseyside Police,Merseyside Police,-2.877346,53.416869,On or near BROADOAK ROAD,E01006572,Liverpool 025A,Unable to prosecute suspect
8d80ac0a356fa43d8acdb9674eda5fe0bb8e7a2cbdaad7e56bf1a4f583c9f1bb,2019-02,Merseyside Police,Merseyside Police,-3.002980,53.457669,On or near KEATS STREET,E01007005,Sefton 034B,Unable to prosecute suspect
f3453ac3f77beff5f0eeb64e2c383a5f36a58daee19183e8f42aa6d0ab6b4b77,2019-02,Merseyside Police,Merseyside Police,-3.046172,53.398726,On or near BRILL STREET,E01032903,Wirral 010F,Investigation complete; no suspect identified
8b0cb3f6f74534b717b664c587b03e73ad27ec8d264cfd997a78fd1f5ca3af1c,2019-02,Merseyside Police,Merseyside Police,-3.022839,53.377795,On or near Parking Area,E01007294,Wirral 021F,Investigation complete; no suspect identified
67e26b433f277a380f2cb40a55d23d9b2b914a9160fd1d964bc01ab6451106f7,2019-02,Merseyside Police,Merseyside Police,-2.957504,53.488784,On or near Police Station,E01007087,Sefton 029C,Unable to prosecute suspect
d3058b0ed7c3dc47a997df870c577215b11b7218cf6004db77e06835b05bd602,2019-02,Merseyside Police,Merseyside Police,-2.987595,53.406057,On or near Nightclub,E01033760,Liverpool 060C,Investigation complete; no suspect identified
1b0d540faecd5e8286fddb5efeccc8bc6c81ddb465812c86d00fdf61a846e606,2019-02,Merseyside Police,Merseyside Police,-2.949574,53.417799,On or near BERWICK CLOSE,E01006693,Liverpool 024D,Unable to prosecute suspect
2b67c8ee1118740557a333a046f55a7913b6c908059da6aa842f61604fd69251,2019-02,Merseyside Police,Merseyside Police,-2.986823,53.344075,On or near BRYCE DRIVE,E01007142,Wirral 036B,Investigation complete; no suspect identified
452155c5286c40ac24e0bc8087648c6bcbc9c0914b2c8f127135e439c5df2bbc,2019-02,Merseyside Police,Merseyside Police,-2.985188,53.407335,On or near Theatre/Concert Hall,E01033760,Liverpool 060C,Investigation complete; no suspect identified
047229fbbec658f9917c8aed5e6d4076191802a11a7d21a3b3241513fde50b06,2019-02,Merseyside Police,Merseyside Police,-2.965271,53.400702,On or near MYRTLE PARADE,E01006512,Liverpool 031A,Investigation complete; no suspect identified
90811cc7c8251f24ac3f89be7a26750931a0a3ff510ae19d13b85c9f35fed3e3,2019-02,Merseyside Police,Merseyside Police,-3.166406,53.373566,On or near GLEGGSIDE,E01007260,Wirral 028B,Investigation complete; no suspect identified
efcc3fa28c3c49530bfd042b6b26e41d2ab8090c2fc783331bfab1d108a0fead,2019-02,Merseyside Police,Merseyside Police,-3.090677,53.363522,On or near Parking Area,E01007255,Wirral 034B,Investigation complete; no suspect identified
ca60bb0ac0877b5c6e6a12ef8a31669856ce2dd4a642dbff57a395a735b64640,2019-02,Merseyside Police,Merseyside Police,-2.990665,53.647784,On or near EAST STREET,E01006969,Sefton 004D,Investigation complete; no suspect identified
1d4a0835ab94ea15164ca94972a46caada1aa581e214a9fb3394f80abbf412f7,2019-02,Merseyside Police,Merseyside Police,-3.001189,53.652047,On or near JOHNSON STREET,E01033094,Sefton 004F,Investigation complete; no suspect identified
518b97f50b0c5c1c482eb547e6ed4d375eb89307fdab1c0f1a15ac728fa67312,2019-02,Merseyside Police,Merseyside Police,-2.990504,53.482663,On or near STERRIX AVENUE,E01007089,Sefton 024E,Unable to prosecute suspect
1936561cfd601e78f3aa5ec00d4c41b1d7ef24d4827e3d28ab882c2bc82795bc,2019-02,Merseyside Police,Merseyside Police,-2.974886,53.390988,On or near LANGLEY STREET,E01033765,Liverpool 061D,Investigation complete; no suspect identified
a71bf986ff8c9331e066e40e1944e4977934c59ba7cd88616b359d7444c98f15,2019-02,Merseyside Police,Merseyside Police,-2.933323,53.411617,On or near EDGE GROVE,E01006692,Liverpool 028B,Investigation complete; no suspect identified
8df56d8313ae73f09d5cc35b6f9b6671fdac2026f160318750853c37e3b1bf54,2019-02,Merseyside Police,Merseyside Police,-2.819340,53.408867,On or near OLIVIA WAY,E01006477,Knowsley 015A,Investigation complete; no suspect identified
bdfb65d4c5543d393ac2f96993a950a43a707dd8ee7832152eab96221e0f4440,2019-02,Merseyside Police,Merseyside Police,-2.872301,53.392366,On or near THURNE WAY,E01006800,Liverpool 046C,Investigation complete; no suspect identified
1d2bafc95e52f23493b04c07e17aec34f2cd4e102ff09db3112b928e778c3670,2019-02,Merseyside Police,Merseyside Police,-2.996943,53.471265,On or near CAMBRIDGE AVENUE,E01006976,Sefton 033A,Unable to prosecute suspect
967b4e8487771bc0806d5778b84ecb366853aab572506e5a990e8737878a1e6c,2019-02,Merseyside Police,Merseyside Police,-2.815314,53.412338,On or near DALES ROW,E01006497,Knowsley 013A,Investigation complete; no suspect identified
157329d8ff53c60a7f83956f3913b20bd0246c89c5fa79f0b4ff502c1536bb6c,2019-02,Merseyside Police,Merseyside Police,-2.957610,53.410481,On or near EDINBURGH ROAD,E01006746,Liverpool 030E,Investigation complete; no suspect identified
819b789cd27f73f548bd3a4acb2784d80a7d50cdcd873fbaa2c498318ea66542,2019-02,Merseyside Police,Merseyside Police,-2.944165,53.408673,On or near BOTANIC PLACE,E01006690,Liverpool 028A,Investigation complete; no suspect identified
935f1c6586937c1cf275f5f0263ec4cb77aff0524db28b7f44cede2800ea4da8,2019-02,Merseyside Police,Merseyside Police,-2.765268,53.416058,On or near Supermarket,E01006893,St. Helens 021C,Investigation complete; no suspect identified
53d2b5b50012eca68b579d71132e8df57869f3e9a6ee1a97f9fbbe7e0124c18d,2019-02,Merseyside Police,Merseyside Police,-2.984170,53.402337,On or near CAMPBELL STREET,E01033756,Liverpool 061C,Investigation complete; no suspect identified
b3e2d99ad9cfab37d75dee8fa80a79a29db79197fdf8851a09e6a46d361f029a,2019-02,Merseyside Police,Merseyside Police,-3.044191,53.397674,On or near LAIRD STREET,E01007156,Wirral 015B,Investigation complete; no suspect identified
cfad995c961b614e719cd4067d7dc6989d18afa96023f5ecdaec9e093705867c,2019-02,Merseyside Police,Merseyside Police,-3.002177,53.650960,On or near Shopping Area,E01033097,Sefton 004G,Investigation complete; no suspect identified
2e489bc72ac010c0f33abecd17ed49695516612dc22741427d0abc88c658d308,2019-02,Merseyside Police,Merseyside Police,-2.690702,53.447667,On or near SWAN AVENUE,E01006817,St. Helens 017B,Unable to prosecute suspect
f6d59cd30e4eaaa2c0f5816a675aa7e99c7f60bc2408e3619b7929f99e5a0b57,2019-02,Merseyside Police,Merseyside Police,-2.984037,53.407012,On or near DAWSON STREET,E01033760,Liverpool 060C,Investigation complete; no suspect identified
cf3e9c0142cdf04b9739a3cff5b82c085625e8467f8ba1e6617e93f013188203,2019-02,Merseyside Police,Merseyside Police,-2.941395,53.444669,On or near CASPIAN ROAD,E01006612,Liverpool 008B,Investigation complete; no suspect identified
4c4c5b4d78278caf372c73dedd029e86e1ca8bf84379326211b1dca452186302,2019-02,Merseyside Police,Merseyside Police,-2.949404,53.379094,On or near PARKFIELD ROAD,E01032507,Liverpool 050H,Investigation complete; no suspect identified
0dfa3290c904fb33e37e2c4a6907926e7f6c93616dfdc2db04637dacd6e04c00,2019-02,Merseyside Police,Merseyside Police,-2.964809,53.409497,On or near Hospital,E01006747,Liverpool 031B,Unable to prosecute suspect
2d508a3c997b1037187220afa8eafc32580edb7905a277b2cc5cec9a9b34aa8e,2019-02,Merseyside Police,Merseyside Police,-3.062160,53.607989,On or near Parking Area,E01006922,Sefton 012B,Unable to prosecute suspect
8b43b8acc17660b585c35de5122845933763bf8142d785fc72c9425cf578e98f,2019-02,Merseyside Police,Merseyside Police,-2.699303,53.434125,On or near HELENA ROAD,E01006844,St. Helens 020A,Investigation complete; no suspect identified
6fd439f5ea57ef22542990125725088d6b741110713f30073eac68538c9b78ae,2019-02,Merseyside Police,Merseyside Police,-2.968591,53.398545,On or near CATHARINE STREET,E01006514,Liverpool 037A,Unable to prosecute suspect
dab5658d6e9e13766b7b63bee681056935f1726cc5b3ee57cb01e2d62c50b5ab,2019-02,Merseyside Police,Merseyside Police,-2.993105,53.452043,On or near Shopping Area,E01007009,Sefton 037D,Investigation complete; no suspect identified
b8b01eac6eb17f5b41ddc0340cbc17023fd5ae30c7e19d395531c80a310d82f5,2019-02,Merseyside Police,Merseyside Police,-3.024558,53.380513,On or near Parking Area,E01007292,Wirral 021E,Investigation complete; no suspect identified
49770eeff088dec507710636607fe10dafe620686453ee02c95ceba7dabbf2c8,2019-02,Merseyside Police,Merseyside Police,-3.035685,53.376255,On or near PARKHILL ROAD,E01007181,Wirral 022B,Unable to prosecute suspect
372da293dd886d856ac0a4b843419c3f4856fa352601d64736101da90989171d,2019-02,Merseyside Police,Merseyside Police,-2.833462,53.340967,On or near CENTRAL WAY,E01006755,Liverpool 059C,Unable to prosecute suspect
75fced677cbb5309e951074498b609046e9144a582ca03f599c4b002ebd09e25,2019-02,Merseyside Police,Merseyside Police,-2.972731,53.446827,On or near MILTON ROAD,E01006705,Liverpool 009E,Investigation complete; no suspect identified
46825f1f186a109302f904021df98c350fc2a0f70bb482d458abf0f3a600a693,2019-02,Merseyside Police,Merseyside Police,-2.752961,53.449286,On or near JAMES GROVE,E01006834,St. Helens 012B,Investigation complete; no suspect identified
6ad99c19a4272a3b62c356295c2bdfaff864d317bf01ea7651358c2abc6a0fd5,2019-02,Merseyside Police,Merseyside Police,-2.985305,53.443613,On or near WADHAM ROAD,E01006961,Sefton 038B,Investigation complete; no suspect identified
28045e7f587503a6d087b602a6fc23e528153d00a8776640a78ac7fad2d50b90,2019-02,Merseyside Police,Merseyside Police,-2.981763,53.650788,On or near GRANGE AVENUE,E01007064,Sefton 006E,Unable to prosecute suspect
2baeb403c54828d44435701dc155cc1e838e1f7c73107582ea581a3f33941fcf,2019-02,Merseyside Police,Merseyside Police,-2.956808,53.404941,On or near HIGHGATE STREET,E01006751,Liverpool 031F,Investigation complete; no suspect identified
19a3c0e091525a4adc1863fbdc8323d4ac5f7bc0f510491d5f0da57fd298f6f6,2019-02,Merseyside Police,Merseyside Police,-2.985690,53.434909,On or near MELROSE ROAD,E01006778,Liverpool 014E,Investigation complete; no suspect identified
4161e7194f2858c3cd02959a39fbb090896745f798eadc18149855b70c9aaad9,2019-02,Merseyside Police,Merseyside Police,-3.008616,53.647517,On or near Nightclub,E01006968,Sefton 004C,Suspect charged
5f8239d3772bf924ddb1251806fb4809a02783e1c62a54e1cf9b5247ed64957b,2019-02,Merseyside Police,Merseyside Police,-3.056486,53.403454,On or near ILCHESTER ROAD,E01007122,Wirral 011C,Unable to prosecute suspect
4750c6e3aaab61754f63c97cee7139884c4d99dce98265e4a0979f0609da6517,2019-02,Merseyside Police,Merseyside Police,-3.056486,53.403454,On or near ILCHESTER ROAD,E01007122,Wirral 011C,Unable to prosecute suspect
b0a0f255396af904c37cd8000249bdcbe093c32f3fbac3a3aeb70e22804c536d,2019-02,Merseyside Police,Merseyside Police,-2.955971,53.466162,On or near DANEHURST ROAD,E01006783,Liverpool 002E,Unable to prosecute suspect
e6862123f1609a37b387bb9932afa74dfe1533b0ec533df8eb97665828ff2630,2019-02,Merseyside Police,Merseyside Police,-3.062160,53.607989,On or near Parking Area,E01006922,Sefton 012B,Unable to prosecute suspect
198ac1d93fca368d9e534e4f91546deac89bf4a652e7057ac256a68f1fdcb398,2019-02,Merseyside Police,Merseyside Police,-2.895783,53.425712,On or near HAMPTON COURT ROAD,E01006622,Liverpool 021E,Investigation complete; no suspect identified
bba347eca402346b934985aaebf87ddeca3eb23b343aea3a22311820c499445c,2019-02,Merseyside Police,Merseyside Police,-2.999933,53.484373,On or near FORD VIEW,E01006980,Sefton 024B,Unable to prosecute suspect
25ba79778157d04e4bb1b7b8665ae9390bd50d9f1d709cc058478478d499fe2a,2019-02,Merseyside Police,Merseyside Police,-3.093197,53.416148,On or near LIVINGSTONE ROAD,E01007204,Wirral 009A,Unable to prosecute suspect
905203d86e21f681e25bf9198559328c8c09605df875da09161979c34fd20b8a,2019-02,Merseyside Police,Merseyside Police,-2.733815,53.453208,On or near BICKERSTAFFE STREET,E01006872,St. Helens 014C,Suspect charged
eb840bde2fe9712a8bf102a936ccd6575350474425686ad3152c33285886354f,2019-02,Merseyside Police,Merseyside Police,-2.871500,53.425307,On or near FINCHAM ROAD,E01006637,Liverpool 017A,Unable to prosecute suspect
ebd364969076ec77e0ce973b07d9a76e18a96a65734cb65e7a4a75068cb420f1,2019-02,Merseyside Police,Merseyside Police,-2.925988,53.461751,On or near LOWER LANE,E01006660,Liverpool 001E,Investigation complete; no suspect identified
6a1c568d01035761cdd456a7535646d08e54d1d785f867652751b95c30a50f50,2019-02,Merseyside Police,Merseyside Police,-2.909288,53.416827,On or near EASTCLIFFE ROAD,E01006712,Liverpool 029D,Investigation complete; no suspect identified
52bba7d08b531ac84dbcbdf637fc50967fdff43df42455c8a022fe19a4ed3ef1,2019-02,Merseyside Police,Merseyside Police,-2.908841,53.426898,On or near BELLEFIELD AVENUE,E01006621,Liverpool 021D,Investigation complete; no suspect identified
c03406a4ed1c7cfd746bbc76d436a5f07593187a17db33ef0d7e5bc44b88d8fc,2019-02,Merseyside Police,Merseyside Police,-2.732545,53.455535,On or near CANSFIELD STREET,E01006870,St. Helens 014B,Investigation complete; no suspect identified
205b31bd6174de2f3e050a928ae84be967601e580cc7046918157e5e59c729ba,2019-02,Merseyside Police,Merseyside Police,-3.044323,53.385277,On or near PALM GROVE,E01007160,Wirral 020B,Investigation complete; no suspect identified
3883b3dc65dd94588f4be8dcc8ec95660b1f482ef34fb230db2b5aef7041e856,2019-02,Merseyside Police,Merseyside Police,-2.792694,53.431321,On or near ST JAMES' ROAD,E01006828,St. Helens 018C,Unable to prosecute suspect
1ddf185bb293812acb28976558620cbe137bf8ffe7b17266b97a94174438f11f,2019-02,Merseyside Police,Merseyside Police,-3.011039,53.646382,On or near CORONATION WALK,E01006968,Sefton 004C,Suspect charged
f3ace7f7dc90a82a40db06d3f78583bc99c7b2fb74fdcb74a7fb0cdcc9a0252c,2019-02,Merseyside Police,Merseyside Police,-2.714200,53.461668,On or near EVERTON GROVE,E01006812,St. Helens 008C,Unable to prosecute suspect
a0e7057da7a54310ca0446d90e6a10a548f03578f0620f915808d672d300182f,2019-02,Merseyside Police,Merseyside Police,-3.021363,53.409719,On or near WILLIAM STREET,E01007273,Wirral 008B,Investigation complete; no suspect identified
ddf0956bf96448a2914f797e4c4df3b989002c2ad65f65502208e432fd4e0ee8,2019-02,Merseyside Police,Merseyside Police,-2.869798,53.489346,On or near JARRETT ROAD,E01006448,Knowsley 001A,Investigation complete; no suspect identified
e38d37c8f29a1058613f870586ebab97c843b507fa0e5eaa89f449c9fe042aa3,2019-02,Merseyside Police,Merseyside Police,-2.748173,53.453577,On or near LEWIS STREET,E01006880,St. Helens 012D,Unable to prosecute suspect
7d796b9cf89a89fa53696333426b54f850ac8c077a0689ba88e1da37e13fe852,2019-02,Merseyside Police,Merseyside Police,-3.025364,53.390277,On or near Parking Area,E01007128,Wirral 016C,Investigation complete; no suspect identified
1113dfc98fc937ab7c5425fabaadb7707c99d716f778ad3b7be1c82f7ea383e6,2019-02,Merseyside Police,Merseyside Police,-2.825059,53.342131,On or near GREENWAY ROAD,E01006754,Liverpool 059B,Unable to prosecute suspect
818bde9c528c69941dcca2a85c417f7bd3f703ad2bfb099598a305074695daf8,2019-02,Merseyside Police,Merseyside Police,-2.943530,53.414647,On or near GENEVA ROAD,E01006695,Liverpool 028C,Unable to prosecute suspect
a169f9e6d145cdff52a8f02083e79887f1b097c26c9779cd8209b6732f778ea7,2019-02,Merseyside Police,Merseyside Police,-2.721216,53.440188,On or near MARSHALLS CROSS ROAD,E01006912,St. Helens 019G,Investigation complete; no suspect identified
eebdca7c07fb29bb04fd60263cbde2fe50b9b994b54a675d4215835a97a2eb7a,2019-02,Merseyside Police,Merseyside Police,-2.632460,53.450579,On or near SUNBEAM STREET,E01006858,St. Helens 015C,Offender given a caution
2f6d338a00db0b8a93240f9befd923ac289be7ba04a2f8c859bd586b585a22ab,2019-02,Merseyside Police,Merseyside Police,-3.104779,53.342268,On or near GIBSON CLOSE,E01007288,Wirral 037E,Further investigation is not in the public interest
81cce0dce4b301cb2b1313b79f009eb3b06f6e4abc02e80007abb6728fd162f7,2019-02,Merseyside Police,Merseyside Police,-2.900639,53.369926,On or near SOUTH GROVE,E01006681,Liverpool 054D,Investigation complete; no suspect identified
64ae470bb6342b8d170e343f87f41e074537c8243af01e38bca8654f760a3ccc,2019-02,Merseyside Police,Merseyside Police,-2.979600,53.406392,On or near ELLIOT STREET,E01033760,Liverpool 060C,Unable to prosecute suspect
ea3dbe6038b78340080a1af2fbfdafc7b3c2487ae07fbca31d05c65330fb15ee,2019-02,Merseyside Police,Merseyside Police,-2.934724,53.438411,On or near SANDYVILLE ROAD,E01006603,Liverpool 011B,Investigation complete; no suspect identified
fbfbe970a505dac02af9e2239effdd2168d7188603248c9a7af505ea2d575e57,2019-02,Merseyside Police,Merseyside Police,-2.850755,53.449061,On or near BERRY HILL AVENUE,E01006439,Knowsley 005F,Investigation complete; no suspect identified
ccee01e243073c894d4d8e32543baddd11ed12c485cd31be0e0af86f54d404a9,2019-02,Merseyside Police,Merseyside Police,-2.850755,53.449061,On or near BERRY HILL AVENUE,E01006439,Knowsley 005F,Investigation complete; no suspect identified
3cf13fe7d3881a5873e9354887c7db4c88eb1a325f043273835f37cd23a7b76b,2019-02,Merseyside Police,Merseyside Police,-2.946645,53.431602,On or near WARHAM ROAD,E01006762,Liverpool 015E,Offender given a drugs possession warning
7465ce2d2191711250d039feed5db93bad088805e9fac313c834ea4f17df5f7b,2019-02,Merseyside Police,Merseyside Police,-2.965271,53.400702,On or near MYRTLE PARADE,E01006512,Liverpool 031A,Investigation complete; no suspect identified
17767c4f9313d82badc710272cc9a086440658325cdaf51e15ac73c357265b31,2019-02,Merseyside Police,Merseyside Police,-2.910574,53.387586,On or near QUEENS DRIVE MOSSLEY HILL,E01006591,Liverpool 041C,Investigation complete; no suspect identified
50879b58e2571163d3a3dea2334f0787889bee3b59abf0532cabd63daf863024,2019-02,Merseyside Police,Merseyside Police,-2.985906,53.433163,On or near SNOWDROP STREET,E01006778,Liverpool 014E,Investigation complete; no suspect identified
67ad00afe36741865c6fb07b029bed4c660e178e9336f4e6af14cae8ae925b23,2019-02,Merseyside Police,Merseyside Police,-3.096025,53.399726,On or near FENDER VIEW ROAD,E01007209,Wirral 009D,Unable to prosecute suspect
3478c518e502c8777217de446d2c9889d92db815b9fa16f35d9ff6a4298fd47b,2019-02,Merseyside Police,Merseyside Police,-2.973015,53.431579,On or near GLOBE STREET,E01006703,Liverpool 014D,Unable to prosecute suspect
a94b6243bd9b246804d0d3310a2fa64372afb37ed2eeac30c35c28e4c47a18cd,2019-02,Merseyside Police,Merseyside Police,-2.825059,53.342131,On or near GREENWAY ROAD,E01006754,Liverpool 059B,Unable to prosecute suspect
9852fbfdeda6b5e40468028598fb70798aa9b48fa4ba9a2fd5bc932a26978e04,2019-02,Merseyside Police,Merseyside Police,-2.706960,53.458331,On or near BOARDMANS LANE,E01006812,St. Helens 008C,Unable to prosecute suspect
6daea1fd5751deb18839fe1bf233f2cb1d8bc2284acb6a58a7d6f52d0a3ab2ee,2019-02,Merseyside Police,Merseyside Police,-2.936129,53.442067,On or near LAMBOURNE ROAD,E01006732,Liverpool 011E,Investigation complete; no suspect identified
1b6ec08da93892d0034019462ae9f12f4c6c661f2192546348cdb8479d03119e,2019-02,Merseyside Police,Merseyside Police,-2.893346,53.434368,On or near BRAMHOPE PARK,E01006624,Liverpool 013B,Unable to prosecute suspect
49d03b6eed544ea971c7cea8756b9340af3c85a59a8c197e1f312d5a49d01f01,2019-02,Merseyside Police,Merseyside Police,-2.955914,53.472347,On or near ASCROFT ROAD,E01006780,Liverpool 002D,Investigation complete; no suspect identified
061b2367c3cc213c96becc357f2f19759c802d2d36f768aafc56f07cc1fd050f,2019-02,Merseyside Police,Merseyside Police,-2.893346,53.434368,On or near BRAMHOPE PARK,E01006624,Liverpool 013B,Unable to prosecute suspect
c25293bbf712f6453e1e1853a652ce56e0dadb155718a8cd4f41ad907fdd76c0,2019-02,Merseyside Police,Merseyside Police,-3.096025,53.399726,On or near FENDER VIEW ROAD,E01007209,Wirral 009D,Unable to prosecute suspect
145379a4057af8d9474ed6180f09afa3c063fe848e86ddebcb5a935dcccb92f1,2019-02,Merseyside Police,Merseyside Police,-2.992650,53.401556,On or near HARTLEY QUAY,E01033756,Liverpool 061C,Investigation complete; no suspect identified
1b5df17b7bf055a16617c798237261515399784faf1e53155a4811367e192d5f,2019-02,Merseyside Police,Merseyside Police,-2.893346,53.434368,On or near BRAMHOPE PARK,E01006624,Liverpool 013B,Unable to prosecute suspect
f47cb58f8c47be76588443b7a3eb4beeba35be8dc57235de802d78b284840e86,2019-02,Merseyside Police,Merseyside Police,-2.984605,53.403601,On or near Parking Area,E01033756,Liverpool 061C,Investigation complete; no suspect identified
651b65cff51cbe00533595929394397ffb87103aa91c23132be7ff1aaf0d2c8b,2019-02,Merseyside Police,Merseyside Police,-2.956860,53.491620,On or near CARDIGAN WAY,E01007084,Sefton 027E,Unable to prosecute suspect
8f8662e6b1a122939627cd53ffcc94bfc2fd1aca335d29be84e38b7798e5a2dd,2019-02,Merseyside Police,Merseyside Police,-2.969923,53.398921,On or near BACK CANNING STREET,E01006514,Liverpool 037A,Investigation complete; no suspect identified
07904e9dc0d968943085ba205e65e4fed3c6e7552a4c7a45678ebc87741cd59d,2019-02,Merseyside Police,Merseyside Police,-2.751307,53.405045,On or near Petrol Station,E01006889,St. Helens 023B,Investigation complete; no suspect identified
6430d4bb0d2877970d1849082829b69fc916bd95ae583e1ab2a6c868f3e92184,2019-02,Merseyside Police,Merseyside Police,-2.969045,53.414542,On or near SHAW STREET,E01006646,Liverpool 023C,Unable to prosecute suspect
834db161439ce3b07fa9e3e429603c6ef9f13565ed044e931d95e3bd58299694,2019-02,Merseyside Police,Merseyside Police,-2.987108,53.650303,On or near MANCHESTER ROAD,E01006944,Sefton 003A,Investigation complete; no suspect identified
467679f20f5a77466cf309f13cdc8e7bbef19a2328a80053018798646f38afc0,2019-02,Merseyside Police,Merseyside Police,-2.956367,53.408747,On or near CONNAUGHT ROAD,E01006748,Liverpool 031C,Investigation complete; no suspect identified
023d9c3f87f39896ce963ddafafc3679101446d82f7f2f07ff5fed9bd4abf255,2019-02,Merseyside Police,Merseyside Police,-2.969690,53.401215,On or near Theatre/Concert Hall,E01006514,Liverpool 037A,Investigation complete; no suspect identified
7c579c5e886ef03c3d8d37282d121b8e76720d672c156a712b1a9de8ca25d104,2019-02,Merseyside Police,Merseyside Police,-3.053078,53.436581,On or near MONTPELLIER CRESCENT,E01007237,Wirral 001D,Unable to prosecute suspect
a05ab0b5ed29fc5d558fa8952de27a25ed4bed286f878da3686858e45dc05dbd,2019-02,Merseyside Police,Merseyside Police,-2.918696,53.470023,On or near Petrol Station,E01006510,Knowsley 004F,Investigation complete; no suspect identified
791e4e29a95cdd29fc6de0a87fd024e4602feb58f6a11ce1230bdc5ef72d04b5,2019-02,Merseyside Police,Merseyside Police,-2.764437,53.440207,On or near LESLIE ROAD,E01006904,St. Helens 016G,Investigation complete; no suspect identified
4fe998546f58f5c2312196a190402439fd696c979e816c4607514ff7df162885,2019-02,Merseyside Police,Merseyside Police,-2.915956,53.470089,On or near COPPLE HOUSE LANE,E01006508,Knowsley 004D,Investigation complete; no suspect identified
0f49a50e620ff0685fec77e9d13b3c6ec01390ece27773873f861ef20fcee9d6,2019-02,Merseyside Police,Merseyside Police,-2.682865,53.468791,On or near MYRTLE AVENUE,E01006843,St. Helens 006D,Investigation complete; no suspect identified
0251ec635a2aa36e95a99c1bb3effaad4ab510870169b46fcb7efcb2fa7067cb,2019-02,Merseyside Police,Merseyside Police,-2.932534,53.399623,On or near BISHOPGATE STREET,E01006728,Liverpool 035E,Unable to prosecute suspect
e8743be6541892c882e6980dd48f7fa6d0f9c3bf27c4196f2c0b76dfdf1db015,2019-02,Merseyside Police,Merseyside Police,-2.974064,53.430708,On or near EVERTON VALLEY,E01006560,Liverpool 023A,Investigation complete; no suspect identified
2cc83b84ef3660de7f202878f7ba3fe03b4052e8eee4ba7b044c11ce63012108,2019-02,Merseyside Police,Merseyside Police,-3.030573,53.508095,On or near DELPH ROAD,E01007022,Sefton 021B,Investigation complete; no suspect identified
7f4d9f9f74f422e6ef3dab234dc925d02e2f7d0655b28d180c1d74286c160a07,2019-02,Merseyside Police,Merseyside Police,-3.018951,53.392490,On or near LORN STREET,E01007126,Wirral 016A,Investigation complete; no suspect identified
fc2551b0817223067423d1d17f23b8a7a3584ba2cb7124692e31fbae545ccdc7,2019-02,Merseyside Police,Merseyside Police,-2.882643,53.365323,On or near WOOLTON ROAD,E01006535,Liverpool 054B,Investigation complete; no suspect identified
9b8939f93a301b8793f322faf9b082c5ff5caaa6e6b6d06cd309ce07e9250d3a,2019-02,Merseyside Police,Merseyside Police,-2.993026,53.656852,On or near PARK ROAD WEST,E01006944,Sefton 003A,Unable to prosecute suspect
4ad31657d5774a3a3f827cb4d4cadb15600592940b8fd4b701dcfeaae77f7c2f,2019-02,Merseyside Police,Merseyside Police,-3.118212,53.410721,On or near TARRAN WAY NORTH,E01007223,Wirral 013D,Investigation complete; no suspect identified
173aef12a168d30ef9d4726f8a2d999dc838138df22e5de55e1edb51cbd33d56,2019-02,Merseyside Police,Merseyside Police,-2.958136,53.428535,On or near HAWKESWORTH STREET,E01006546,Liverpool 019B,Unable to prosecute suspect
30805b3cc1f2783968660eae7972d1f4bd45b80e6e3188b2f21ff1eab6ea5584,2019-02,Merseyside Police,Merseyside Police,-2.792299,53.430290,On or near LAUREL ROAD,E01006462,Knowsley 009B,Suspect charged
02e8000b171bae88b9179c8663be4abacbb2adc5867250b74c3402fd1c4c7f7c,2019-02,Merseyside Police,Merseyside Police,-2.981930,53.406967,On or near Parking Area,E01033760,Liverpool 060C,Further investigation is not in the public interest
387effd93b188e268348c79f01b29cd069ebfb4ba4095f613ee14900e7aca681,2019-02,Merseyside Police,Merseyside Police,-2.865273,53.438071,On or near CUSTLEY HEY,E01006412,Knowsley 006A,Investigation complete; no suspect identified
2b694643120cdbc103b070d78b4bad894e6d995856d04da98fc7aa79139c9816,2019-02,Merseyside Police,Merseyside Police,-2.912026,53.393606,On or near MENDIP ROAD,E01006588,Liverpool 042C,Unable to prosecute suspect
71664b2166a78c9f2494a12375a45c32d68d970686003352b8d73e257f55c750,2019-02,Merseyside Police,Merseyside Police,-2.980571,53.403472,On or near Nightclub,E01033756,Liverpool 061C,Investigation complete; no suspect identified
74aecd12d5ee876c5302012a40ec9f3d27a74086d4e1c183c046d0e2c27377e7,2019-02,Merseyside Police,Merseyside Police,-2.924813,53.438183,On or near MORNINGSIDE VIEW,E01006600,Liverpool 011A,Investigation complete; no suspect identified
4973ef70d055bb78345093357d81a7873a7ade01c65c5a5b3f31de0d325987a4,2019-02,Merseyside Police,Merseyside Police,-3.010966,53.367146,On or near ROCK LANE WEST,E01007176,Wirral 029C,Investigation complete; no suspect identified
cc3b3241066995516b98ea34758edecbdde3cffff839c4f485ae67f81183e080,2019-02,Merseyside Police,Merseyside Police,-3.098018,53.328739,On or near MOOR LANE,E01007182,Wirral 037A,Unable to prosecute suspect
bf5e6a96f6c4d613223a4536196fd894034230d74a22033ade823e27df463383,2019-02,Merseyside Police,Merseyside Police,-2.990515,53.410644,On or near COCKSPUR STREET WEST,E01033755,Liverpool 062D,Investigation complete; no suspect identified
8ae6efbd5d1121baf974e86e39edf26f71161ea389ce2c09a1d5f8d8ecf35fc9,2019-02,Merseyside Police,Merseyside Police,-2.892027,53.354817,On or near HAMLIN ROAD,E01006743,Liverpool 058D,Investigation complete; no suspect identified
d3cdc915b2a75dc3a1787afc6fdc1c4378745abfec6c0e01f467de6b666a0da6,2019-02,Merseyside Police,Merseyside Police,-2.971093,53.409311,On or near RIDING STREET,E01033758,Liverpool 060B,Unable to prosecute suspect
22c6448192e9bd384967c7f3fbb73e6805505f59155146f763a7203a6799514d,2019-02,Merseyside Police,Merseyside Police,-3.033763,53.385683,On or near PENRITH STREET,E01007239,Wirral 022C,Investigation complete; no suspect identified
4fec8c639099e8816d011c9aea76d7d7a89cd4eaa81e2ccf3ef3ba1433cc50e6,2019-02,Merseyside Police,Merseyside Police,-2.787307,53.502970,On or near THE SPINNEY,E01006883,St. Helens 001B,Investigation complete; no suspect identified
abc5fbd503faf5ceac46c23ba504945c6f05ee25cbed90260cd309ffa5b373af,2019-02,Merseyside Police,Merseyside Police,-3.001043,53.470692,On or near SEFTON ROAD,E01006977,Sefton 032E,Offender given penalty notice
20392a6eae186e560163f30c3bb4e16a89ab49b1780b9baa228089f07cf34da4,2019-02,Merseyside Police,Merseyside Police,-2.948176,53.377962,On or near Supermarket,E01006628,Liverpool 052D,Local resolution
99f5b38e0f6ce0f7a2d66dd5e7a7d34621564a4d05ff2dd0bf4ff266f1322cd2,2019-02,Merseyside Police,Merseyside Police,-2.869798,53.489346,On or near JARRETT ROAD,E01006448,Knowsley 001A,Action to be taken by another organisation
adcbf4d915ce82d169f5b2db7e46225cb5a2549b05ea1d92712462f3217df245,2019-02,Merseyside Police,Merseyside Police,-2.708294,53.458845,On or near BLACKBROOK ROAD,E01006812,St. Helens 008C,Unable to prosecute suspect
5f386f8f612ee661c48d23436c8fb6f29332e0d1746a7437948eaff2fa5f3165,2019-02,Merseyside Police,Merseyside Police,-3.034455,53.386298,On or near CARTMEL CLOSE,E01007239,Wirral 022C,Unable to prosecute suspect
147f4bf7f1746d5da6068171ec451184baae6f6bd0eed11dfad93833b4aa6a69,2019-02,Merseyside Police,Merseyside Police,-2.766311,53.416366,On or near Supermarket,E01006893,St. Helens 021C,Investigation complete; no suspect identified
eee56772eca396fe0e5d2cfa7efe7fa171db48d82b031d4035cf818a913b4c73,2019-02,Merseyside Police,Merseyside Police,-3.083811,53.415631,On or near GRANT ROAD,E01007210,Wirral 006C,Investigation complete; no suspect identified
f2d62fa1af7ee3a363b3b009bdbbce9b54b7b2c261854e2b008d9835462f6b6a,2019-02,Merseyside Police,Merseyside Police,-2.965982,53.419474,On or near SPINDLE CLOSE,E01006564,Liverpool 023B,Further investigation is not in the public interest
c08f35e0efe51f5eaf21b2755c22ba09ff347d7c5e38c0b6614e138e874a895a,2019-02,Merseyside Police,Merseyside Police,-2.938329,53.472882,On or near HEDGEBANK CLOSE,E01006651,Liverpool 001A,Investigation complete; no suspect identified
e13d40ba00776b13c2aaf9a3b42af26895cc2d2e50ecfc1f3ba9422da6ed8110,2019-02,Merseyside Police,Merseyside Police,-2.724560,53.454451,On or near ATLAS STREET,E01006872,St. Helens 014C,Investigation complete; no suspect identified
fc06ec04b3a562da2c99c392023405174aba0cd450c9fa8e43e20d72267723eb,2019-02,Merseyside Police,Merseyside Police,-2.949203,53.408571,On or near WEDGEWOOD STREET,E01006691,Liverpool 030A,Suspect charged
9db1262064b6a21aa9cdb425b7e565d4339049cf388cbe695a37e608430d6776,2019-02,Merseyside Police,Merseyside Police,-3.176303,53.389056,On or near NEWHALL LANE,E01007202,Wirral 014E,Investigation complete; no suspect identified
83630c220c685073823569c0b292c29fce7371d3a468451db5f2267ffc369d6f,2019-02,Merseyside Police,Merseyside Police,-2.944342,53.392879,On or near HARTINGTON ROAD,E01006552,Liverpool 039A,Investigation complete; no suspect identified
98b5901562e9f248cd1451dbd3a4a9f2eed5a924edc3e614e311351be010d695,2019-02,Merseyside Police,Merseyside Police,-2.896026,53.367138,On or near ISLEHAM CLOSE,E01006534,Liverpool 054A,Unable to prosecute suspect
e452281b571f7a2d9ec663e3c0103fe6f0e04ce3ee9f6807c22f19c1033330f6,2019-02,Merseyside Police,Merseyside Police,-2.959660,53.386608,On or near DEVONSHIRE ROAD WEST,E01006678,Liverpool 044E,Investigation complete; no suspect identified
0c7859f7b14cbe9202c2b656465ea9d2c109e52c4410671de58df6e544e38d4e,2019-02,Merseyside Police,Merseyside Police,-2.856419,53.422234,On or near WETHERBY COURT,E01006470,Knowsley 008E,Unable to prosecute suspect
c6aa365ec04732ce6c2c30ff0d77063ccd9aa77d42579bc48580d9e6932e7cc6,2019-02,Merseyside Police,Merseyside Police,-2.957324,53.407148,On or near NORTH VIEW,E01006748,Liverpool 031C,Investigation complete; no suspect identified
7ffc68e4863fe9e719bdc80d5870cdd2f16f2985872517ce905b47263f50808a,2019-02,Merseyside Police,Merseyside Police,-3.020167,53.471573,On or near MELROSE ROAD,E01006957,Sefton 032C,Unable to prosecute suspect
e971d6fe44febd3d2a17bfd6c70d415e9b0f78b6572637c17ac76505a4735bf0,2019-02,Merseyside Police,Merseyside Police,-2.817646,53.413895,On or near PLUCKINGTON ROAD,E01006497,Knowsley 013A,Investigation complete; no suspect identified
272de0deb4661856f5092e6d87f90879fa39d1ae182057f0ccb0857a082e9425,2019-02,Merseyside Police,Merseyside Police,-2.962918,53.417692,On or near RESERVOIR STREET,E01006647,Liverpool 024C,Unable to prosecute suspect
3f9446cc34246fbbf7c85d1f2716fff12f61dd6943c4e572a4298b062daed7b9,2019-02,Merseyside Police,Merseyside Police,-2.978384,53.413710,On or near Police Station,E01006648,Liverpool 023D,Suspect charged
eb71520dfb617d8945c3fb8f01d6f5a74b62f4d0c0e8c1ba794ca565aa4d20b4,2019-02,Merseyside Police,Merseyside Police,-2.976861,53.404365,On or near UPPER NEWINGTON,E01033756,Liverpool 061C,Investigation complete; no suspect identified
81909d617dfb39d540b3954396829cdbbd74da1e07a395e24ba78d0d9ac47a1e,2019-02,Merseyside Police,Merseyside Police,-2.842279,53.359269,On or near KYLEMORE WAY,E01006431,Knowsley 020D,Investigation complete; no suspect identified
ef6edd4e069113195e648e7304721ddc593d2e13c74da561aad5313030baa079,2019-02,Merseyside Police,Merseyside Police,-2.759301,53.441750,On or near FIDLER STREET,E01006831,St. Helens 016A,Investigation complete; no suspect identified
241fd017e6de16bacbee7f9a36ae8dc11edf6bc9c60498fdcc3ca4dc0618f185,2019-02,Merseyside Police,Merseyside Police,-2.956010,53.422341,On or near RICHMOND TERRACE,E01006563,Liverpool 024B,Investigation complete; no suspect identified
270a59972249199f5ad65616727d1408a19bbdcce9885d007a1f03ae9e9d0327,2019-02,Merseyside Police,Merseyside Police,-3.042725,53.378945,On or near RICH VIEW,E01007243,Wirral 022D,Investigation complete; no suspect identified
f3f9404a43bc8218b4bb2a1a25681365b1c6203f745f2649e9d4337369142f4a,2019-02,Merseyside Police,Merseyside Police,-2.946241,53.422230,On or near ELLEL GROVE,E01006540,Liverpool 024A,Offender given a drugs possession warning
9a6bdb6299bab92fe3202467261527c3ca125cf321c55add6d21a62a766a021c,2019-02,Merseyside Police,Merseyside Police,-2.944101,53.381977,On or near SEFTON GROVE,E01006522,Liverpool 048A,Unable to prosecute suspect
238ba70898a4eaf734fd5207aabc72751cd73d80aa6c038ce1362a5f0cb5eeeb,2019-02,Merseyside Police,Merseyside Police,-3.003435,53.460362,On or near COLLINS CLOSE,E01007003,Sefton 036B,Unable to prosecute suspect
2420b740e40373e312dd85dc26d0d7cade048fa079d3e28aa102af09ade0a227,2019-02,Merseyside Police,Merseyside Police,-2.699511,53.432173,On or near HENLLAN GARDENS,E01006900,St. Helens 022B,Investigation complete; no suspect identified
518a82a31435ed9d51e7f7415b155685140ba152d927be8c069984eee4b0deb3,2019-02,Merseyside Police,Merseyside Police,-2.838884,53.424300,On or near HILLSIDE ROAD,E01006444,Knowsley 010D,Unable to prosecute suspect
6a92debee964260df1933258b31aa7b97c8e5186980d6c13f5247e88cbdd6457,2019-02,Merseyside Police,Merseyside Police,-2.928234,53.441095,On or near Supermarket,E01033759,Liverpool 010F,Offender given a drugs possession warning
34003017548e6b879b183aa5cc8a446fffe856570e27098f79ef4c2385159add,2019-02,Merseyside Police,Merseyside Police,-2.941965,53.422084,On or near BELMONT DRIVE,E01006760,Liverpool 028E,Unable to prosecute suspect
cbaad6a9b04e007c0ff28e4e4067ba82a6d169fa01f5e1f2bcc95db07d96b9fe,2019-02,Merseyside Police,Merseyside Police,-2.989247,53.475258,On or near MOSS LANE,E01006981,Sefton 031B,Investigation complete; no suspect identified
1dce7dd28745d165471e1e8d4a24d47ff12b98d6f4690d37ee892023d2621c2c,2019-02,Merseyside Police,Merseyside Police,-2.896954,53.355509,On or near SHREWSBURY ROAD,E01006745,Liverpool 057D,Investigation complete; no suspect identified
fd2485902c89d1b02a00851a815b36086e5d8208fb5c31cb60d49f7290c83a9c,2019-02,Merseyside Police,Merseyside Police,-3.019611,53.391172,On or near BANK STREET,E01007126,Wirral 016A,Investigation complete; no suspect identified
aba163c3b95a9ea5afa8a1e5c5c985686f29a9f10cc39dbbb80340d4696971ce,2019-02,Merseyside Police,Merseyside Police,-2.935546,53.441578,On or near UTTING AVENUE,E01006732,Liverpool 011E,Unable to prosecute suspect
3ced5ebe137c6e672805d84377a89940f68f58811236f199c0500d33bda36cbc,2019-02,Merseyside Police,Merseyside Police,-2.896954,53.355509,On or near SHREWSBURY ROAD,E01006745,Liverpool 057D,Investigation complete; no suspect identified
5d26526ec5efa5b51a2fc019675d3e187c14b59f506e6d1a20aff7dd70eb831e,2019-02,Merseyside Police,Merseyside Police,-3.109952,53.404901,On or near WITLEY AVENUE,E01007207,Wirral 009C,Investigation complete; no suspect identified
5ed2aeb759855f6b7a0a293d957f9edb3dd45eb0f050d14ff4b7a2fdec4e338e,2019-02,Merseyside Police,Merseyside Police,-2.974400,53.401958,On or near LEECE STREET,E01006513,Liverpool 060A,Investigation complete; no suspect identified
36996b8b9ea794d4d3b77176c4d457d30149297c97ee66ecc34de944aaa15d0a,2019-02,Merseyside Police,Merseyside Police,-3.029541,53.413199,On or near WALSINGHAM ROAD,E01007272,Wirral 008A,Unable to prosecute suspect
b9e6e40c4911a4e55060dc9551d8a48f17e9cdbfa51773b274cef8727f0ce84c,2019-02,Merseyside Police,Merseyside Police,-3.037155,53.488613,On or near BLUNDELLSANDS ROAD EAST,E01006940,Sefton 022E,Investigation complete; no suspect identified
93e526f9a8a4974ec03b2db34add476ce9a89a7fddc1fb84070e176f7e233f41,2019-02,Merseyside Police,Merseyside Police,-2.990468,53.638105,On or near CUMBERLAND ROAD,E01006995,Sefton 008A,Investigation complete; no suspect identified
e8f39872b1ee46113cc89f7da30d786c4d87da4609471fcc2fa17eafaf580f17,2019-02,Merseyside Police,Merseyside Police,-2.900639,53.369926,On or near SOUTH GROVE,E01006681,Liverpool 054D,Unable to prosecute suspect
7ab47a3d55954088f4efd547bf4e2d500439d6f9df4c191411119280ade0755c,2019-02,Merseyside Police,Merseyside Police,-2.891554,53.495406,On or near ST PETERS CLOSE,E01006495,Knowsley 001E,Investigation complete; no suspect identified
283f73d594501b5405e1f495c9e9255177030c5de6c4390776d295c8b9d289f6,2019-02,Merseyside Police,Merseyside Police,-2.908841,53.421235,On or near SANDFIELD WALK,E01006621,Liverpool 021D,Unable to prosecute suspect
e8b4dfd45eea2059e499ee6e504c6d1bdc80ce9b014ebed747e95ee387c01f3f,2019-02,Merseyside Police,Merseyside Police,-2.998078,53.652918,On or near Petrol Station,E01006945,Sefton 004A,Suspect charged
dd4a6d790c87dd57d2643171b1288eb687974f1a6d6a61f5f8763d9f3025110b,2019-02,Merseyside Police,Merseyside Police,-2.982113,53.443640,On or near BEDFORD ROAD,E01006963,Sefton 038D,Unable to prosecute suspect
ff8311c26f133b120f389ee2f5f30d3ccc6c6e5390d333b55de61b5a929fe589,2019-02,Merseyside Police,Merseyside Police,-2.985968,53.399445,On or near GRAYSON STREET,E01033754,Liverpool 061B,Investigation complete; no suspect identified
122b90b31464e481be076f8c3348005e30668b4495b00a9c082ded5067a52497,2019-02,Merseyside Police,Merseyside Police,-2.967676,53.393995,On or near EMERSON STREET,E01006673,Liverpool 037D,Unable to prosecute suspect
889c0fea5b1315dcb3b6a817c8591b227bc259f58cab0a350f4661986da6b78c,2019-02,Merseyside Police,Merseyside Police,-2.731269,53.470670,On or near GRASMERE FOLD,E01006849,St. Helens 004A,Unable to prosecute suspect
a08dceec2974a2b5fd4ea40e90a1db276308eef239906788a27323be9b98cc92,2019-02,Merseyside Police,Merseyside Police,-2.969690,53.401215,On or near Theatre/Concert Hall,E01006514,Liverpool 037A,Suspect charged
562d8d454ce1219082e7efedff8c5f5494d2f98648468b1b6d0f119f2c2ff554,2019-02,Merseyside Police,Merseyside Police,-2.960880,53.462779,On or near WINDSOR ROAD,E01006782,Liverpool 003B,Investigation complete; no suspect identified
36034bdff4b6faf6894dfa04be69a0bfdf74644d767f153d828e122ae805a132,2019-02,Merseyside Police,Merseyside Police,-2.746460,53.435790,On or near FREEMANTLE AVENUE,E01006905,St. Helens 019D,Unable to prosecute suspect
5422642e33738f4c5d98505716166010606e52fe8688c36db936a98a1ad23567,2019-02,Merseyside Police,Merseyside Police,-2.651187,53.458127,On or near LANCASTER CLOSE,E01006869,St. Helens 010D,Investigation complete; no suspect identified
c2f824803dd4e79d27de5484d88f729d65881ba3f2ee4b8b7b68732024473084,2019-02,Merseyside Police,Merseyside Police,-2.931506,53.439272,On or near NEW HALL LANE,E01006603,Liverpool 011B,Offender given a drugs possession warning
6e0a4b261bb209bf795b9b3a4bcaaa782249bcae8139c1720d37bdaf2ed748a9,2019-02,Merseyside Police,Merseyside Police,-2.898126,53.357657,On or near ISLAND PLACE,E01006745,Liverpool 057D,Unable to prosecute suspect
47d9eafd96b8dc744f4bd485907258669e0759bded58d7d9545e0526d6192738,2019-02,Merseyside Police,Merseyside Police,-3.026641,53.523832,On or near THE CROSS,E01007076,Sefton 016B,Unable to prosecute suspect
4893d30f1f5dccc608e56d4f5a42165fab766004b2237ac46f28e15733890239,2019-02,Merseyside Police,Merseyside Police,-2.749166,53.464663,On or near PRINCESS AVENUE,E01006915,St. Helens 007B,Unable to prosecute suspect
7d8f0504adbfd53f5799a80315b2d643131fc3f66d54d88ee7d74e25edad0d38,2019-02,Merseyside Police,Merseyside Police,-2.951772,53.413152,On or near JOHN LENNON DRIVE,E01006696,Liverpool 030C,Investigation complete; no suspect identified
3f8557b3af0fc589a1f12cca160c55760619dec23192aad3ab06b3e3d4e70841,2019-02,Merseyside Police,Merseyside Police,-2.969805,53.477673,On or near CHESTER AVENUE,E01007048,Sefton 029A,Unable to prosecute suspect
c62fc1e0d34782c0b3b2effbe958b351383d31a9200156c8bf590ba42fef446f,2019-02,Merseyside Police,Merseyside Police,-2.990098,53.406935,On or near SWEETING STREET,E01033752,Liverpool 062B,Unable to prosecute suspect
d85dbc91194d560090129437dfe6e9862a03d0376029aace94178ad89033e553,2019-02,Merseyside Police,Merseyside Police,-2.983348,53.403224,On or near Parking Area,E01033756,Liverpool 061C,Offender given a caution
4bdd2acf5e70ce8e933f2a036b321a0b8b942be5fdcfe7b6885936ad7e78358e,2019-02,Merseyside Police,Merseyside Police,-2.957107,53.467816,On or near HESWALL ROAD,E01006780,Liverpool 002D,Investigation complete; no suspect identified
9721acdb50cab02316bb86690c839939eafea2eab540644ab548283be0285f6d,2019-02,Merseyside Police,Merseyside Police,-2.854941,53.337300,On or near Airport/Airfield,E01006741,Liverpool 058C,Unable to prosecute suspect
ff3590c7d85d084127cd5309e3e40632a46258c96fdc1c6edfc6539ceef3131c,2019-02,Merseyside Police,Merseyside Police,-3.002081,53.630961,On or near Sports/Recreation Area,E01006997,Sefton 008B,Investigation complete; no suspect identified
c54f516d3b5326864dab253cb46f326fa466bf4d9c455b316dbf2ac5f738d197,2019-02,Merseyside Police,Merseyside Police,-2.945943,53.397945,On or near CORNEY STREET,E01006752,Liverpool 035F,Unable to prosecute suspect
fea9663ade6e0e6a809670b3f4146cb16bde05972d2c5c60d499cc0f2db35980,2019-02,Merseyside Police,Merseyside Police,-2.991754,53.324178,On or near GREENACRE DRIVE,E01007148,Wirral 038E,Investigation complete; no suspect identified
b4295e55bc6f784c5bbd31f1419b6460c9d70b3797b0e94c984a55bb211533d8,2019-02,Merseyside Police,Merseyside Police,-2.869798,53.489346,On or near JARRETT ROAD,E01006448,Knowsley 001A,Suspect charged
56edd4ee8944c9c5751c13e534873e4e3f089b0b7685206c188e78647be7fe48,2019-02,Merseyside Police,Merseyside Police,-2.975487,53.400170,On or near BACK KNIGHT STREET,E01006513,Liverpool 060A,Investigation complete; no suspect identified
988bd35a27804535fde8f2d67c2a0d8bbbebc83316b859062a7ad4a5ce46cf56,2019-02,Merseyside Police,Merseyside Police,-2.954880,53.469263,On or near RIBBLESDALE AVENUE,E01006656,Liverpool 002B,Investigation complete; no suspect identified
229ce67e32d3ab9bb4b58cc431a2a2217dbc4e983408988fdc14adf18238cf63,2019-02,Merseyside Police,Merseyside Police,-2.980571,53.403472,On or near Nightclub,E01033756,Liverpool 061C,Unable to prosecute suspect
fbe2c3899607680803d8dd8c5170386a24a64560481f993430aa474791e836ec,2019-02,Merseyside Police,Merseyside Police,-2.977881,53.448151,On or near FERNHILL MEWS EAST,E01006962,Sefton 038C,Investigation complete; no suspect identified
8a4b2d70822f8cb96107b30afc45e6b9d15b3348a41a24397c6ba29e6d861a3c,2019-02,Merseyside Police,Merseyside Police,-2.634719,53.473847,On or near LODGE LANE,E01006836,St. Helens 005A,Investigation complete; no suspect identified
2387032323e28ced9509ac9eb48901478aafc54ab071711600f1b787f1385d46,2019-02,Merseyside Police,Merseyside Police,-2.821042,53.345691,On or near SANDHAM ROAD,E01006754,Liverpool 059B,Unable to prosecute suspect
c81c9e8a00d105a53270448e4879f9c70654d909b0795f1db95e4fe29c0feab7,2019-02,Merseyside Police,Merseyside Police,-2.874699,53.409607,On or near MALVERN AVENUE,E01006487,Knowsley 014D,Investigation complete; no suspect identified
82cd2f147c7edc5f4a02e8c3bb9818c3e82126c8cafc462bdf64690b51f65fd6,2019-02,Merseyside Police,Merseyside Police,-2.767684,53.462451,On or near FAIR WAY,E01006917,St. Helens 007D,Investigation complete; no suspect identified
97b58d31d75f3667f4664c5b3b648f4e347e52d233dd638de49c277f5d48b9fc,2019-02,Merseyside Police,Merseyside Police,-2.974566,53.409256,On or near NORTON STREET,E01006747,Liverpool 031B,Investigation complete; no suspect identified
43a1ade292578d4c8805342e38f5795bf82f7e73c959651310b4d0a37534b9a8,2019-02,Merseyside Police,Merseyside Police,-2.978842,53.422498,On or near Parking Area,E01033764,Liverpool 022E,Investigation complete; no suspect identified
eb92941ad176ea87408b0efae956ee830c2d01c9594ca51d72d4474fe823e91f,2019-02,Merseyside Police,Merseyside Police,-3.024599,53.395992,On or near WOOD CLOSE,E01007126,Wirral 016A,Investigation complete; no suspect identified
ccab930123886741eb6ab3c4c8bcb776f3db7f4a4d035df7a6cd170b985e2d0c,2019-02,Merseyside Police,Merseyside Police,-2.967187,53.419492,On or near EMBER CRESCENT,E01006564,Liverpool 023B,Unable to prosecute suspect
0ba52751cb229ec3661d162e85255d7701bf7a88360b7d809203b4ccb192e8b2,2019-02,Merseyside Police,Merseyside Police,-2.962247,53.397329,On or near LOWTHER STREET,E01033768,Liverpool 037F,Unable to prosecute suspect
80873df1973627ee39d0102eae019e6de8e1265f0e1c6523fdf1136da236b342,2019-02,Merseyside Police,Merseyside Police,-3.024076,53.391745,On or near Shopping Area,E01007128,Wirral 016C,Investigation complete; no suspect identified
b5dc6ee852d33dfceb80934c4dde0b98176c714651890ca151c59738be4a802a,2019-02,Merseyside Police,Merseyside Police,-2.997154,53.646472,On or near DERBY ROAD,E01006969,Sefton 004D,Investigation complete; no suspect identified
56b37649ac096d7431e16d27a0a2b93defed9d462131497ca3c25b47050fcfd4,2019-02,Merseyside Police,Merseyside Police,-3.165488,53.370779,On or near CROOME DRIVE,E01007260,Wirral 028B,Investigation complete; no suspect identified
fbcb16222c2c896c486154b6008bd4ba9efc65a971d15354f406da3859d68962,2019-02,Merseyside Police,Merseyside Police,-2.877639,53.466125,On or near RHOSESMOR CLOSE,E01006418,Knowsley 005B,Unable to prosecute suspect
2ca56b85e6add7da67e50936b71dca1cfb798387a36666f4b8606e5592881e6e,2019-02,Merseyside Police,Merseyside Police,-2.821124,53.410104,On or near Sports/Recreation Area,E01006477,Knowsley 015A,Investigation complete; no suspect identified
c853c02a69074daae4014eb872f00a055a11977b90305f2bd1c03bcae9c94bdf,2019-02,Merseyside Police,Merseyside Police,-2.976849,53.415008,On or near RICHMOND ROW,E01006648,Liverpool 023D,Investigation complete; no suspect identified
ebe0eade0c7219ba1af09864d03b93943f10e5ed9e700736bc6c992f989fde90,2019-02,Merseyside Police,Merseyside Police,-2.935501,53.410081,On or near GARTHOWEN ROAD,E01006692,Liverpool 028B,Investigation complete; no suspect identified
dc6ffead345411dab68430db4166b43de6f4346831fcfb62f1dffed98e23a1e2,2019-02,Merseyside Police,Merseyside Police,-2.930309,53.387236,On or near GREENBANK DRIVE,E01006551,Liverpool 048E,Investigation complete; no suspect identified
ca94b8757a427ee12e1d25f177b8ded3838e99c728ab1bc411a6fde45afd4bd1,2019-02,Merseyside Police,Merseyside Police,-2.854941,53.337300,On or near Airport/Airfield,E01006741,Liverpool 058C,Local resolution
17c0bb8a307ee72aabd36c98a9436d280bc2da8962ad7a3733fe41807f02737c,2019-02,Merseyside Police,Merseyside Police,-2.803172,53.429849,On or near ATHERTON STREET,E01006463,Knowsley 007C,Investigation complete; no suspect identified
0265311e1e5b966b058a0abcb24fd3bbf019ec34b5814c6a2936f010f04ac89c,2019-02,Merseyside Police,Merseyside Police,-3.091980,53.322772,On or near HILLSIDE ROAD,E01007189,Wirral 040D,Investigation complete; no suspect identified
cffa1c9f0eccf9db9abcbf33d85738faf54fbfe704a96cc4a6c68e631ac31cc9,2019-02,Merseyside Police,Merseyside Police,-2.918410,53.389063,On or near CRAMOND AVENUE,E01006553,Liverpool 042A,Unable to prosecute suspect
e0d471a0278ef4f266bffb5f43e063deac9cf3af3a585b34f3ac92fc0a3bbe2d,2019-02,Merseyside Police,Merseyside Police,-3.184545,53.372893,On or near DEE LANE,E01007198,Wirral 026C,Investigation complete; no suspect identified
d02c9386b51c67401328c831abfe96de020d479c8e7e204c0b79bb1f28afbda6,2019-02,Merseyside Police,Merseyside Police,-3.164015,53.370218,On or near BURLINGHAM AVENUE,E01007260,Wirral 028B,Investigation complete; no suspect identified
aad68dc586394d69809040c9b3022c3801982d362c55f64bb8baa50eed95c8f3,2019-02,Merseyside Police,Merseyside Police,-2.719493,53.435344,On or near MARINA AVENUE,E01006846,St. Helens 020B,Investigation complete; no suspect identified
1f0ec15c14bb7911212ab1f53cd7c9f8a96b320bff38d3e90f8096f515fadf79,2019-02,Merseyside Police,Merseyside Police,-3.164015,53.370218,On or near BURLINGHAM AVENUE,E01007260,Wirral 028B,Investigation complete; no suspect identified
ceddde09d111ddf83de9fca339c7c2bede2df93d52e50968fb657aa34a2cd167,2019-02,Merseyside Police,Merseyside Police,-3.002686,53.494409,On or near LOWER HEY,E01007020,Sefton 021A,Further investigation is not in the public interest
20763039d3779611dbbf3ca86f88840ab51bbb7cf3e22a7bcd12bacfc999cd4d,2019-02,Merseyside Police,Merseyside Police,-2.852298,53.453913,On or near SHOP ROAD,E01006438,Knowsley 005E,Unable to prosecute suspect
cbd4af0f7386b25b6dee5b2cecf4851f239bee848723380ea4cd4c6d4e72df39,2019-02,Merseyside Police,Merseyside Police,-2.723638,53.452497,On or near MCCULLOCH STREET,E01006872,St. Helens 014C,Investigation complete; no suspect identified
31dc4e13ccb617c6193c3979a4e02dd58a09c9690adb6def1269d3cc93082bed,2019-02,Merseyside Police,Merseyside Police,-2.869702,53.404304,On or near BOWRING PARK AVENUE,E01006472,Knowsley 014A,Investigation complete; no suspect identified
07cc8393c806de67a7413b8ffb64508e4bc49bd5a32db63c624695d933f376f5,2019-02,Merseyside Police,Merseyside Police,-2.964204,53.431965,On or near ROCKFIELD ROAD,E01006542,Liverpool 018A,Investigation complete; no suspect identified
4de437f9528f74391e0b54194393baa04c9af01d843acacd98b8f4ab6c3b9897,2019-02,Merseyside Police,Merseyside Police,-3.036861,53.412902,On or near DEVERAUX ROAD,E01007276,Wirral 007E,Unable to prosecute suspect
6dd758366cc022a63e458271b18290b00f67de2cc909d9617860c5d80a42ea40,2019-02,Merseyside Police,Merseyside Police,-3.043573,53.432664,On or near CARDIGAN ROAD,E01007229,Wirral 001A,Further investigation is not in the public interest
f1a90594c733efffd840133087d9d3554a4c6e4fdb182d04b3cd5f2ef02043ea,2019-02,Merseyside Police,Merseyside Police,-2.981499,53.403914,On or near ROE ALLEY,E01033756,Liverpool 061C,Investigation complete; no suspect identified
2defaade4807072cf359e646a1c33102c727db624eca5cb51d308c95d60b504a,2019-02,Merseyside Police,Merseyside Police,-2.880936,53.439143,On or near BROOKSIDE,E01006624,Liverpool 013B,Investigation complete; no suspect identified
efc5bd06e235034a76500edf9e3b40abaaf216d1bcb2c75a5d3d2b1f3e60e9c8,2019-02,Merseyside Police,Merseyside Police,-2.943609,53.399177,On or near FEARNSIDE STREET,E01006720,Liverpool 035A,Investigation complete; no suspect identified
eaad84f2e189c069a1c79c6c71ad76181d164377274fcb521422ed6c512de465,2019-02,Merseyside Police,Merseyside Police,-2.851976,53.339973,On or near DAM WOOD ROAD,E01006741,Liverpool 058C,Investigation complete; no suspect identified
decd3e4ec93d8b456f041b6c0edaff980b07cc5c6cd19a989a094b799ee42f6b,2019-02,Merseyside Police,Merseyside Police,-3.027724,53.362148,On or near FIELDWAY,E01007111,Wirral 032A,Investigation complete; no suspect identified
756186af48e8088f7c59e4f62cdbe01f09e29bae60094f5bd3ab92654ec7038c,2019-02,Merseyside Police,Merseyside Police,-3.183545,53.372058,On or near TYNWALD ROAD,E01007198,Wirral 026C,Investigation complete; no suspect identified
54effc0ff84c6a788b0b02be6ecd4c6c49797e070f224e998fdec8359f0a5213,2019-02,Merseyside Police,Merseyside Police,-2.872167,53.415262,On or near MYLIA CLOSE,E01006574,Liverpool 025B,Unable to prosecute suspect
201b68f9f74ab8d55628aea8f45d13ab1e898233b5236dd1ff4a0123e4387a6a,2019-02,Merseyside Police,Merseyside Police,-2.987481,53.408898,On or near HOCKENHALL ALLEY,E01033762,Liverpool 060E,Investigation complete; no suspect identified
8556c18be60d4b31d9bdb1dd80a5ac5e196f681f9b30089bfc6e490084f67dc1,2019-02,Merseyside Police,Merseyside Police,-2.830068,53.418240,On or near WALLACE DRIVE,E01006482,Knowsley 011B,Investigation complete; no suspect identified
9f3c2135d994c19fc607bc099c7b45d681d3b2906cf24a487e63aeee5f0e87e5,2019-02,Merseyside Police,Merseyside Police,-3.083577,53.375677,On or near HUDDLESTON CLOSE,E01007303,Wirral 025D,Unable to prosecute suspect
654a6c431b40f3828b7657043a9f1023896fee39a583e2f39d7fd7ca99826f53,2019-02,Merseyside Police,Merseyside Police,-2.872386,53.403898,On or near BUTTERMERE ROAD,E01006472,Knowsley 014A,Investigation complete; no suspect identified
42dd1d671bfaa8f1954c222d59b0511c7b4218d0687e835cba39439085c62f16,2019-02,Merseyside Police,Merseyside Police,-3.106362,53.411460,On or near AINTREE CLOSE,E01007203,Wirral 006A,Unable to prosecute suspect
a32887fb5ff535a20526168e0d6b32a4e871389cc47cb8261efd9994bf79f833,2019-02,Merseyside Police,Merseyside Police,-2.953318,53.476862,On or near BRENKA AVENUE,E01007041,Sefton 027A,Investigation complete; no suspect identified
426ab2cb55d9efd1030363b6f02845d9dfb33c2be42af7cf3b972274f9a041b5,2019-02,Merseyside Police,Merseyside Police,-2.924953,53.437705,On or near MORNINGSIDE ROAD,E01006604,Liverpool 016A,Investigation complete; no suspect identified
fbd2e35ee3f535dcf1a9470cf21884be5304c8a509e58846ef49a4b3200df36d,2019-02,Merseyside Police,Merseyside Police,-2.975400,53.436486,On or near TAWD STREET,E01006701,Liverpool 014B,Unable to prosecute suspect
3eb5fc2f2ed380670c93df516d9846cde877c2d3c50fb2b868199f9347c595cc,2019-02,Merseyside Police,Merseyside Police,-3.102715,53.319886,On or near WESTWAY,E01007190,Wirral 040E,Suspect charged
daa2e7c7e328cd58b0690528607d114c9c24749b0cc6202b52b53065bfadca37,2019-02,Merseyside Police,Merseyside Police,-3.004096,53.457722,On or near PEEL ROAD,E01007005,Sefton 034B,Unable to prosecute suspect
4d5fb9e2d5f311a36168b0a9cfe3e773f1969bf9e4946b1cfcf886ba819ec57e,2019-02,Merseyside Police,Merseyside Police,-2.996456,53.450478,On or near BANK ROAD,E01007007,Sefton 037B,Investigation complete; no suspect identified
a1527ee104b2c62deca19416d5d82be4dfa71df923ae8a3f38029f0c434f1d63,2019-02,Merseyside Police,Merseyside Police,-2.707779,53.460493,On or near Supermarket,E01006812,St. Helens 008C,Investigation complete; no suspect identified
b93ef6cc10ca35fb2b908f3f720ac725b5d5caa17e5fb60f0c85488792420303,2019-02,Merseyside Police,Merseyside Police,-3.099563,53.398687,On or near HOPFIELD ROAD,E01007209,Wirral 009D,Unable to prosecute suspect
32007e25a438c94121bfd41a7a2c7a53f5b7b1e6677e64d715b6256de7f93d08,2019-02,Merseyside Police,Merseyside Police,-2.652281,53.457744,On or near CLARENCE STREET,E01006839,St. Helens 005B,Suspect charged
5180fd67dba0c428e0d20d9f2197531f3f418884c68c1296f827756547d556c9,2019-02,Merseyside Police,Merseyside Police,-3.017294,53.383569,On or near GREEN LANE,E01007291,Wirral 021D,Investigation complete; no suspect identified
ac9e90530ba3969d9580d4764914f5a3ad4c67d923380026cb865bd5ec811767,2019-02,Merseyside Police,Merseyside Police,-3.019159,53.639320,On or near PALATINE ROAD,E01006971,Sefton 009C,Investigation complete; no suspect identified
27df2fd767d5b7ed11093281bfb596d936ca08ffeec43fe76ae7da4090126f8c,2019-02,Merseyside Police,Merseyside Police,-2.981167,53.442407,On or near WESTMINSTER ROAD,E01006963,Sefton 038D,Investigation complete; no suspect identified
f81734e17135e228ad8f58768524bcb05994d6e74f47e6ee3f2760c7e0be1816,2019-02,Merseyside Police,Merseyside Police,-2.773425,53.461749,On or near SELKIRK DRIVE,E01006824,St. Helens 009C,Investigation complete; no suspect identified
6c8485969be7071da861402d783d751b7df875a4763e3f930358febf6197b409,2019-02,Merseyside Police,Merseyside Police,-2.995734,53.442799,On or near BRASENOSE ROAD,E01007010,Sefton 037E,Investigation complete; no suspect identified
81feb638a2d0fd48e43e266931361a880540eac94d2d84d2c8eabd1a3ac3e1e8,2019-02,Merseyside Police,Merseyside Police,-3.045714,53.399090,On or near BRASSEY STREET,E01032903,Wirral 010F,Investigation complete; no suspect identified
e5d58721295e82058a32dfb902a0a4aa3020d8860c23c12fe2d2b4b3d792329b,2019-02,Merseyside Police,Merseyside Police,-2.982670,53.409037,On or near VICTORIA STREET,E01033760,Liverpool 060C,Unable to prosecute suspect
bb5cd94b310908dd63d8aa075e6a2985db87e38dd0cc52d27de126de82b559e5,2019-02,Merseyside Police,Merseyside Police,-2.720382,53.422027,On or near CLOCK FACE ROAD,E01006896,St. Helens 020E,Investigation complete; no suspect identified
1c2fb7c8ad856700d06fd1c95f09c35d566c3d1da1a154960683e2159fc04bd8,2019-02,Merseyside Police,Merseyside Police,-3.169423,53.401385,On or near GARDEN HEY ROAD,E01007200,Wirral 014C,Investigation complete; no suspect identified
ba5b38ad6ddd1d08a45e0e2e9a45b601b47430c1b401a0b1f2136a5c99729087,2019-02,Merseyside Police,Merseyside Police,-2.981678,53.348972,On or near OLD COURT HOUSE ROAD,E01007143,Wirral 036C,Unable to prosecute suspect
46bdd1934d4efb65481d6ea068dd2de3eab4dd20aab95b2ee7f482ac8f2cb59a,2019-02,Merseyside Police,Merseyside Police,-3.184109,53.370695,On or near BANKS ROAD,E01007198,Wirral 026C,Investigation complete; no suspect identified
8f6e391bd47616d0e925ea821ec1c2f166777d119b32348b0947304b1e5a0cd7,2019-02,Merseyside Police,Merseyside Police,-2.741108,53.462133,On or near CITY ROAD,E01006881,St. Helens 012E,Investigation complete; no suspect identified
515d1c0b73d623d3f6586bab7713175b5e89c7c422b212c9d8226d789e2e2809,2019-02,Merseyside Police,Merseyside Police,-2.769784,53.423669,On or near Sports/Recreation Area,E01006892,St. Helens 021B,Unable to prosecute suspect
3bbc4f489a3c6de8e51fa925e140cf8b175aa0b1d3e481a709e7f2258709a24e,2019-02,Merseyside Police,Merseyside Police,-3.046544,53.601754,On or near DELAMERE ROAD,E01006926,Sefton 012D,Investigation complete; no suspect identified
1901a24e70aec809c2d686f22732b11930e87bae0c581691f00e10f7ac670500,2019-02,Merseyside Police,Merseyside Police,-2.971414,53.435296,On or near CHRISTOPHER STREET,E01006703,Liverpool 014D,Investigation complete; no suspect identified
608cea5972116d36ce8fbfcf40cfe0837a785d25b070c5ffb3a1728d2067fcf1,2019-02,Merseyside Police,Merseyside Police,-2.989201,53.405226,On or near LORD STREET,E01033756,Liverpool 061C,Unable to prosecute suspect
c8b934617803a66f00f9f9f10927dad23c20d56c5234f5b9086a0cff5f90c6ef,2019-02,Merseyside Police,Merseyside Police,-3.009927,53.635273,On or near KENT ROAD,E01006934,Sefton 007A,Investigation complete; no suspect identified
461cfe42aec7e993825e14f2c98c3f6b34d24e3562cdc34f08238e6a087ecf78,2019-02,Merseyside Police,Merseyside Police,-2.990669,53.446401,On or near ST ALBAN'S SQUARE,E01007009,Sefton 037D,Investigation complete; no suspect identified
ac442ddaf4f0b67e665e461a67eb0bdef518a690f6a6e48061918437a588d0bb,2019-02,Merseyside Police,Merseyside Police,-3.030562,53.421200,On or near RUDGRAVE SQUARE,E01007215,Wirral 005A,Investigation complete; no suspect identified
a090667ec299cfeb7ec4446a77f3caea9335eca51ebdf650390ce6cb6bad4991,2019-02,Merseyside Police,Merseyside Police,-3.013761,53.643168,On or near LORD STREET WEST,E01006971,Sefton 009C,Investigation complete; no suspect identified
dbc596b89c7fbd15da504e1b552155cce67edf1a7260cf2a1431d373625a1faf,2019-02,Merseyside Police,Merseyside Police,-2.972982,53.448595,On or near IMISON WAY,E01006790,Liverpool 006C,Investigation complete; no suspect identified
faa59682194fce4006fd2ae15e7acc64c21e9e175dc2f3cea1c405c34395a75d,2019-02,Merseyside Police,Merseyside Police,-2.824105,53.361976,On or near HEYDON CLOSE,E01006428,Knowsley 020B,Investigation complete; no suspect identified
0b96d7f6cb9a61ae65c78809a00d04f9936c8d3cf27f53ff5dd57bab90ef2660,2019-02,Merseyside Police,Merseyside Police,-2.963615,53.437876,On or near PRIORY ROAD,E01006615,Liverpool 012C,Unable to prosecute suspect
b52dd3b3ff350a414ca73b57542287ec71e0291934e85e4792884751f9884698,2019-02,Merseyside Police,Merseyside Police,-3.000587,53.653463,On or near LEICESTER STREET,E01033097,Sefton 004G,Suspect charged
455e84c16e66755f4d9914313ff655ad014f8b9320d028b8189c4143f2b9af9f,2019-02,Merseyside Police,Merseyside Police,-2.918912,53.431226,On or near THREE BUTT LANE,E01006618,Liverpool 016C,Investigation complete; no suspect identified
16299d3a0c2b17c163f86cae3ce83d61173775d6c2a459c2044af95a10f77be4,2019-02,Merseyside Police,Merseyside Police,-2.836368,53.346726,On or near SPEKE BOULEVARD,E01006756,Liverpool 059D,Investigation complete; no suspect identified
e9c7622cff814733104f1e8ea7d6b75175be21997b1d9f319486b916ec1ad3e3,2019-02,Merseyside Police,Merseyside Police,-2.745647,53.430591,On or near WELWYN CLOSE,E01006913,St. Helens 019H,Unable to prosecute suspect
77aecd5223e674df1438e31e73f0c23a784731cfd56d26b217d0bcb423a12be2,2019-02,Merseyside Police,Merseyside Police,-3.043362,53.381025,On or near VICTORIA LANE,E01007242,Wirral 020E,Investigation complete; no suspect identified
92e6ddf9ac01712ca5ebcb1ef187e7312bda3f01d75e00a43cc2014eb6431d53,2019-02,Merseyside Police,Merseyside Police,-2.978599,53.409277,On or near LIME STREET,E01033760,Liverpool 060C,Investigation complete; no suspect identified
5615487927a01414829dfcda483f4e820dfa6fe6c55326faee86162757951f50,2019-02,Merseyside Police,Merseyside Police,-2.953277,53.432673,On or near OAKDENE ROAD,E01006545,Liverpool 019A,Unable to prosecute suspect
1c1fe842f22ab8536d3edd59643d31560cf42b8af93e12961521fbf2c16ba75f,2019-02,Merseyside Police,Merseyside Police,-2.736164,53.451485,On or near Shopping Area,E01006832,St. Helens 012A,Investigation complete; no suspect identified
ad38c40b08c50ee11e27b1c5ae54f30735e70e8590d06e7a49b760c91d24f280,2019-02,Merseyside Police,Merseyside Police,-2.908660,53.443116,On or near MENTMORE CRESCENT,E01006672,Liverpool 010E,Unable to prosecute suspect
023de04417c506f04b99eeb29b1bd4a70062a17d010f8d07e13a9289e6286751,2019-02,Merseyside Police,Merseyside Police,-3.029065,53.622499,On or near Sports/Recreation Area,E01006974,Sefton 009F,Investigation complete; no suspect identified
d8331e08737cdf747400b95013fb0cc92fac2915007cc4f42eb0d4643587996f,2019-02,Merseyside Police,Merseyside Police,-2.999112,53.411588,On or near A5036,E01033753,Liverpool 062C,Unable to prosecute suspect
46cef424ea7ff9edf8bc0d83015b272dcc530b95ad4644a86f9c31945afd082c,2019-02,Merseyside Police,Merseyside Police,-2.981930,53.406967,On or near Parking Area,E01033760,Liverpool 060C,Suspect charged
46cef424ea7ff9edf8bc0d83015b272dcc530b95ad4644a86f9c31945afd082c,2019-02,Merseyside Police,Merseyside Police,-2.981930,53.406967,On or near Parking Area,E01033760,Liverpool 060C,Suspect charged
14ee20fe78e1a5c1bfbd9668622d609303568289bff4c042b79d145460b4a65d,2019-02,Merseyside Police,Merseyside Police,-2.915956,53.470089,On or near COPPLE HOUSE LANE,E01006508,Knowsley 004D,Local resolution
d6bdce875f5e834e93ad889c704cdae3e143535450df1b790eff713fbfc4af23,2019-02,Merseyside Police,Merseyside Police,-2.864173,53.392740,On or near CHISLEHURST AVENUE,E01006770,Liverpool 040C,Unable to prosecute suspect
fb6d534b4fa07d3af937e6e83979da5cda71ecd4f280d2c58c4ff6a4715d7612,2019-02,Merseyside Police,Merseyside Police,-3.016920,53.379212,On or near MERSEY WALK,E01007293,Wirral 027C,Investigation complete; no suspect identified
42bf14cad84bef87c4ce0322de242f296dce4ca6a036d4955bc4635944908ef5,2019-02,Merseyside Police,Merseyside Police,-2.986450,53.441051,On or near CHRISTMAS STREET,E01006778,Liverpool 014E,Investigation complete; no suspect identified
8b156419f5d4b18e15c8e546fe66d139fd2ada3f0d4764db25992cf3d3c1c8db,2019-02,Merseyside Police,Merseyside Police,-2.905554,53.406779,On or near STATTON ROAD,E01006585,Liverpool 032B,Investigation complete; no suspect identified
42f5413818110e73750b8a263f86669e615cd5b10a42522b7d9e90b1cc4e9961,2019-02,Merseyside Police,Merseyside Police,-3.029607,53.483780,On or near COLLEGE ROAD,E01007109,Sefton 028E,Investigation complete; no suspect identified
6723132fee97f127a5d57ab4effce4df4ef88d3d4285e554392ac2df05af48c7,2019-02,Merseyside Police,Merseyside Police,-2.971900,53.408415,On or near MOOR PLACE,E01006747,Liverpool 031B,Investigation complete; no suspect identified
33a2c4992e8c2e5e5b17888db5d958cb57bd23346af5202798df4f96b07e1b21,2019-02,Merseyside Police,Merseyside Police,-2.837518,53.413020,On or near Parking Area,E01006481,Knowsley 015E,Unable to prosecute suspect
eea3b93edfaf67a5db7fd66a106588614c1fc65516b9bc16b7eb7b435f122c96,2019-02,Merseyside Police,Merseyside Police,-2.726027,53.475098,On or near BOWNESS AVENUE,E01006849,St. Helens 004A,Investigation complete; no suspect identified
f83adba073efe51c6b1d9867fafca4a8a213e044c0aed95e95ac740cf6074def,2019-02,Merseyside Police,Merseyside Police,-2.924920,53.410532,On or near Petrol Station,E01032509,Liverpool 027H,Suspect charged
1e82c109e25d679c76f471e9d539566bd106a7c9aef76ad4da0ab037c65dbf8f,2019-02,Merseyside Police,Merseyside Police,-2.977143,53.417981,On or near CLEGG STREET,E01006648,Liverpool 023D,Investigation complete; no suspect identified
a12f958dd3b0b2bda4fadc855d52f05c92b577f2a5a5e6a88bdd9a4ad6049702,2019-02,Merseyside Police,Merseyside Police,-2.839670,53.410758,On or near Supermarket,E01006474,Knowsley 016C,Investigation complete; no suspect identified
81ca05ff34aef81bff6fc678426ff72f91b30fb9dbd9acb9202a79b3c9607997,2019-02,Merseyside Police,Merseyside Police,-2.707779,53.460493,On or near Supermarket,E01006812,St. Helens 008C,Unable to prosecute suspect
74e8c7436c4c1c192984f5346d2d5d8dc00517296b83d0370573cf0446e740e7,2019-02,Merseyside Police,Merseyside Police,-2.987102,53.459419,On or near Petrol Station,E01007019,Sefton 035A,Investigation complete; no suspect identified
e9b481aaea7ef99c92c39af868817294e3811ec4252817bd9f06c1bcf1e31b35,2019-02,Merseyside Police,Merseyside Police,-2.981930,53.406967,On or near Parking Area,E01033760,Liverpool 060C,Investigation complete; no suspect identified
a864268de6033c9a1bcd89b94594c3bb2df0544cfe5b97d1bd777bd76c5a1590,2019-02,Merseyside Police,Merseyside Police,-2.999618,53.652788,On or near LEICESTER STREET,E01006950,Sefton 004B,Investigation complete; no suspect identified
c70a293ee173d4d7ee9f25d64acea9632536efd56e7aa382aa82217b60dd84a0,2019-02,Merseyside Police,Merseyside Police,-3.029816,53.486187,On or near WOODVILLE AVENUE,E01007104,Sefton 028D,Investigation complete; no suspect identified
968ba3ef473c7da25d4fdd588db6aa610e66afe572f70e48c412c5b90924eb5b,2019-02,Merseyside Police,Merseyside Police,-3.095633,53.354614,On or near AMBLESIDE CLOSE,E01007256,Wirral 034C,Investigation complete; no suspect identified
4d6db98395cca47b6ba62283de8e463e08f312b3cf5e9db6047b3987dc5f3b1d,2019-02,Merseyside Police,Merseyside Police,-2.801839,53.424582,On or near SPEAKMAN WAY,E01006463,Knowsley 007C,Unable to prosecute suspect
c4165fd4b81884851c0ae6bfdc3afb2ce97d24a9136174fce5f37d50ee946209,2019-02,Merseyside Police,Merseyside Police,-2.960633,53.461163,On or near CHEVIN ROAD,E01006785,Liverpool 003D,Formal action is not in the public interest
9fd031b9180d09c034c259ffaaaa607e936846c0fe51ef4255c41bae68727031,2019-02,Merseyside Police,Merseyside Police,-2.943063,53.416655,On or near HAMPSTEAD ROAD,E01006695,Liverpool 028C,Investigation complete; no suspect identified
b31a9b5ddd4e10f175c915e1f46629851f7ca64a583077f1445fff1ec436a91d,2019-02,Merseyside Police,Merseyside Police,-2.861174,53.419252,On or near GREEN WAY CLOSE,E01006450,Knowsley 012B,Unable to prosecute suspect
24e4d92f14dd1f7b68c2e06a59b7b7d2814b8864d685ac0d5d8d5ef889e38110,2019-02,Merseyside Police,Merseyside Police,-2.964834,53.394000,On or near GIBSON ROAD,E01006673,Liverpool 037D,Investigation complete; no suspect identified
a503869277c20efc4956fe117611d857e8aef17881b0ea597afbe618ecebab4d,2019-02,Merseyside Police,Merseyside Police,-2.737942,53.449794,On or near Supermarket,E01006832,St. Helens 012A,Investigation complete; no suspect identified
2ef1be47650a3cf69836ec29a2c4cfb48d842fe3b23761683b12e2343bb66a38,2019-02,Merseyside Police,Merseyside Police,-2.968893,53.449546,On or near HERBARTH CLOSE,E01006790,Liverpool 006C,Unable to prosecute suspect
83f677834924b26708c79f57ab0e3b98cbac75d3ccb2edae96d7d9941119c20a,2019-02,Merseyside Police,Merseyside Police,-2.936976,53.459382,On or near DYSON HALL DRIVE,E01006659,Liverpool 005B,Suspect charged
f3a9b2c480710034ccdaca00b7482cc7fde434c78d5cb6d197ee59161085ed5f,2019-02,Merseyside Police,Merseyside Police,-3.023701,53.384889,On or near ARGYLE STREET SOUTH,E01007291,Wirral 021D,Unable to prosecute suspect
f1042df7c779d87ccf9d1e4a07240014d87eb766983c66f4a80662a52a35f24d,2019-02,Merseyside Police,Merseyside Police,-2.909551,53.455927,On or near STONEDALE CRESCENT,E01006663,Liverpool 004C,Investigation complete; no suspect identified
47408b71d27478ec8ab3a4d77047fdf1de2092455280b5dc4bc42e104cd63896,2019-02,Merseyside Police,Merseyside Police,-2.968893,53.449546,On or near HERBARTH CLOSE,E01006790,Liverpool 006C,Unable to prosecute suspect
c237c1df49f0cfd61427810fb7d4b7e8d148783cc38e27252178585f4e026c7c,2019-02,Merseyside Police,Merseyside Police,-2.933483,53.398312,On or near GROSVENOR ROAD,E01006728,Liverpool 035E,Investigation complete; no suspect identified
bbbc9cd5b6d9f1f714946a5280fecee71dec417c6972ddc1818f78813d94b1c3,2019-02,Merseyside Police,Merseyside Police,-3.032065,53.420494,On or near LEA ROAD,E01007220,Wirral 005D,Investigation complete; no suspect identified
109b1172ceb2db94ef52f18fb0f3ca775424c04b95fcaf9fd617f7a066c719b2,2019-02,Merseyside Police,Merseyside Police,-2.963203,53.392368,On or near HILLABY CLOSE,E01006676,Liverpool 044D,Unable to prosecute suspect
7a4f70caabe7bceb615cfedce97f1495203a0826f408826808f8b586254dbada,2019-02,Merseyside Police,Merseyside Police,-2.964168,53.455004,On or near YEW TREE ROAD,E01006787,Liverpool 006A,Investigation complete; no suspect identified
406a861d38f9c984a97089fed9c03626afa0f530250e7b7803b3b67685083606,2019-02,Merseyside Police,Merseyside Police,-2.950672,53.394869,On or near SOLWAY STREET EAST,E01006674,Liverpool 039C,Investigation complete; no suspect identified
b8209b7f0268a81f8b78dda5166bc2e6d083cb938af7beca3b73b5b5eb4217d5,2019-02,Merseyside Police,Merseyside Police,-2.866011,53.408457,On or near Pedestrian Subway,E01006472,Knowsley 014A,Investigation complete; no suspect identified
6f08e51fdf67db656d6da3da6d3bfe858c25ff65f2954a1b93e587b73090e9c1,2019-02,Merseyside Police,Merseyside Police,-3.032334,53.470731,On or near Park/Open Space,E01006954,Sefton 028C,Investigation complete; no suspect identified
a5aa497a22b355317386dc53697b8bdc1e2974e590bbcbeb75059c83a9c377cc,2019-02,Merseyside Police,Merseyside Police,-2.973545,53.444240,On or near HAHNEMANN ROAD,E01006698,Liverpool 012D,Unable to prosecute suspect
a90ac871abea1f9b3d7f0fed32a5d65363e5849bdaa3dd716654710a0eb26119,2019-02,Merseyside Police,Merseyside Police,-2.730813,53.411689,On or near MILTON STREET,E01006910,St. Helens 022E,Investigation complete; no suspect identified
12015551b59f2b3a9001815ac36ef2f2c46375e1e722e7729fed126bfccc812e,2019-02,Merseyside Police,Merseyside Police,-2.835910,53.411548,On or near HUYTON CHURCH ROAD,E01006481,Knowsley 015E,Investigation complete; no suspect identified
51597ef4241a1969542050d59a5a80edbb4c4da0742d22e39d69f8c96d5dc5b9,2019-02,Merseyside Police,Merseyside Police,-2.698159,53.443345,On or near PORTLAND WAY,E01006899,St. Helens 017D,Unable to prosecute suspect
30e7a81bf06149f58b17dc63f75b844b4f93b67244ca761d515a2145898b0259,2019-02,Merseyside Police,Merseyside Police,-2.792157,53.496286,On or near MOSS NOOK LANE,E01006883,St. Helens 001B,Investigation complete; no suspect identified
67a827a9bd94467d0ddc8f524dd942f95fc4021e4c7fca8cc06d4b7a18466897,2019-02,Merseyside Police,Merseyside Police,-2.997154,53.646472,On or near DERBY ROAD,E01006969,Sefton 004D,Investigation complete; no suspect identified
2325677c7945267b5320bcd3a86d5a1cef1f559e33e761153857f43cc2023f04,2019-02,Merseyside Police,Merseyside Police,-2.829036,53.355919,On or near ROMFORD WAY,E01006429,Knowsley 020C,Unable to prosecute suspect
2f6f001c9b2cbcac09b1d3b65295ad8b2190f489da813ff57a3a35bf576efd59,2019-02,Merseyside Police,Merseyside Police,-2.742999,53.455704,On or near RANDON GROVE,E01006877,St. Helens 012C,Unable to prosecute suspect
321081d34823d6be88872cb079afb5e5a49151f2159848047c4262b7ccf29f4b,2019-02,Merseyside Police,Merseyside Police,-3.005205,53.651061,On or near VICTORIA STREET,E01033094,Sefton 004F,Unable to prosecute suspect
5de9d12e8e3025e906f428b587ecbf431f84e40cc596589849e5a44a7c7dbca4,2019-02,Merseyside Police,Merseyside Police,-2.999346,53.470293,On or near MARINA AVENUE,E01006977,Sefton 032E,Investigation complete; no suspect identified
ed7c8136d3a28ead895c8a296d69fd18769c5b942af9508aca15eedbc8853ba9,2019-02,Merseyside Police,Merseyside Police,-3.014660,53.374602,On or near Supermarket,E01007293,Wirral 027C,Suspect charged
6550025d8911c38643a43bb68d6c966a38428ea479e13007cdc4b8b9e0574c5e,2019-02,Merseyside Police,Merseyside Police,-3.053078,53.436581,On or near MONTPELLIER CRESCENT,E01007237,Wirral 001D,Unable to prosecute suspect
c0e2e31992f204aadda37e82e412f2dd7c31f0a706d2f97463f43e82c15177b6,2019-02,Merseyside Police,Merseyside Police,-2.901175,53.450121,On or near AMPULLA ROAD,E01006664,Liverpool 004D,Investigation complete; no suspect identified
ae6d2d2f7a221981aa1efc958dca52294b0711adced5f5bdc4d5daaff52aa7c7,2019-02,Merseyside Police,Merseyside Police,-3.099752,53.404843,On or near AVONDALE AVENUE,E01007206,Wirral 009B,Suspect charged
f7907aec457690316a9a9e6a86335ebb6c1382e960b854f8e6512a2cb7a43862,2019-02,Merseyside Police,Merseyside Police,-2.754615,53.454283,On or near BRONTE STREET,E01006878,St. Helens 016E,Suspect charged
772f27e3ebc46a043ff3e6d9e1f863a527f3bbba86f70ecee72daf63131597fc,2019-02,Merseyside Police,Merseyside Police,-3.106874,53.402233,On or near KNUTSFORD GREEN,E01007208,Wirral 012A,Unable to prosecute suspect
8fd42fb441d9c2d511163fe69479f20256dc7a126a577284b7302397f32e8a79,2019-02,Merseyside Police,Merseyside Police,-2.979959,53.404996,On or near RANELAGH STREET,E01033756,Liverpool 061C,Further investigation is not in the public interest
9a01e76672369e2b336d12aa033c4f855b8b1b051636851a89195aa91d5c41ad,2019-02,Merseyside Police,Merseyside Police,-3.111102,53.405726,On or near WEST WAY,E01007207,Wirral 009C,Unable to prosecute suspect
c30459d57ba4e3d36c5d59ef423f4cbd1a62bec3d4a40df31bc1f7a4e56fbff7,2019-02,Merseyside Police,Merseyside Police,-2.757204,53.435552,On or near Supermarket,E01006903,St. Helens 019C,Investigation complete; no suspect identified
4f4235e0340b3a574bc55136dc1f781fc674608acd8e10e0a718f0bddd6dadd2,2019-02,Merseyside Police,Merseyside Police,-3.099034,53.381675,On or near Petrol Station,E01007302,Wirral 018D,Investigation complete; no suspect identified
bf1fe6de22810ebc5d10c874289688a7c6ef44335535e20273b8e6a1b22f6ca6,2019-02,Merseyside Police,Merseyside Police,-2.923162,53.398833,On or near PEARSON STREET,E01006721,Liverpool 038C,Investigation complete; no suspect identified
21245d0c6bce155a17c40f50e0f0354acb7de9f84d78f8a570438017e22525da,2019-02,Merseyside Police,Merseyside Police,-2.977143,53.417981,On or near CLEGG STREET,E01006648,Liverpool 023D,Investigation complete; no suspect identified
cb9bc567d65614f93c4fc303a639954b9abda518431f19dc93963412bcdad478,2019-02,Merseyside Police,Merseyside Police,-3.014660,53.374602,On or near Supermarket,E01007293,Wirral 027C,Further investigation is not in the public interest
a84d30d2c35e7f109f5390ea787812f2e018d235a52606c14dca1ad20be915bc,2019-02,Merseyside Police,Merseyside Police,-2.996613,53.453335,On or near CAPRICORN WAY,E01007007,Sefton 037B,Unable to prosecute suspect
16cb43c902a4d2a400e72d71e65e5545a706858f7fe2569b298194b84598ed78,2019-02,Merseyside Police,Merseyside Police,-2.992998,53.442300,On or near KING'S ROAD,E01007010,Sefton 037E,Suspect charged
9b4369e6dd830793d0a3df7f13c8b7a6fd912e1acce05ce2d0bc6b140a94be3f,2019-02,Merseyside Police,Merseyside Police,-3.040024,53.397018,On or near ASQUITH AVENUE,E01032903,Wirral 010F,Investigation complete; no suspect identified
ee3e62c92b9527fad8696ae33a428e4a7d585e3a56d2a0ffcd40c916eea31d8a,2019-02,Merseyside Police,Merseyside Police,-2.939990,53.442388,On or near Supermarket,E01006612,Liverpool 008B,Unable to prosecute suspect
59e36167c3c3874a41226cdd7f02b2cfed5c2cd92226ea89f94c16268009fb02,2019-02,Merseyside Police,Merseyside Police,-2.948054,53.415106,On or near MALLOW ROAD,E01006694,Liverpool 030B,Investigation complete; no suspect identified
2ef5e342257c6e5acc0e2d252407def64851c2a3227089f91a5662a85879287d,2019-02,Merseyside Police,Merseyside Police,-2.979600,53.406392,On or near ELLIOT STREET,E01033760,Liverpool 060C,Investigation complete; no suspect identified
93ccbd7e405d4feffb756c629cbb1b5299d418ef526fd8410af8fc94af5f2e53,2019-02,Merseyside Police,Merseyside Police,-2.741108,53.462133,On or near CITY ROAD,E01006881,St. Helens 012E,Unable to prosecute suspect
ff89751960ed2fbd1129225c24cd3a7620551fb924e009196c41d95048ed0cbf,2019-02,Merseyside Police,Merseyside Police,-2.952006,53.420917,On or near LINCOLN CLOSE,E01006693,Liverpool 024D,Unable to prosecute suspect
fbc47372bac87027ba05401f967ceb0ec31f9585d8e035f73b9465f42235b4dd,2019-02,Merseyside Police,Merseyside Police,-2.936294,53.446848,On or near LEAMINGTON ROAD,E01006729,Liverpool 008C,Investigation complete; no suspect identified
8a0f3c305f41168997e19afddbdb98171ea924cc786647d91bbb62c5b09c971a,2019-02,Merseyside Police,Merseyside Police,-2.673480,53.465006,On or near STATION ROAD,E01006838,St. Helens 006B,Unable to prosecute suspect
20ed47d14bc5572798a531c8b4277bf915c611b9c756e6a7f110af4a7ebfe623,2019-02,Merseyside Police,Merseyside Police,-3.025927,53.478670,On or near ST JOHN'S ROAD,E01007102,Sefton 030D,Unable to prosecute suspect
be824aadd979a354926c89f6a7c7f8571f251e614a34b50a7d5b208e94cd3951,2019-02,Merseyside Police,Merseyside Police,-2.721424,53.419594,On or near GREENWOOD COURT,E01006909,St. Helens 022D,Unable to prosecute suspect
5f5c3cf778d60e14a3a3490b27b78d80d069710b2542e4c47499d49fd8758185,2019-02,Merseyside Police,Merseyside Police,-3.029816,53.486187,On or near WOODVILLE AVENUE,E01007104,Sefton 028D,Investigation complete; no suspect identified
c2175dfcb1870c308bf5ab56a5a811adef7406b9bffecb632b860bbcacba4cf4,2019-02,Merseyside Police,Merseyside Police,-2.837518,53.413020,On or near Parking Area,E01006481,Knowsley 015E,Unable to prosecute suspect
4f62a472783b687e1fa46803cfd08744479e9a55fda90fede79b783d9cd4ebe7,2019-02,Merseyside Police,Merseyside Police,-3.089699,53.357580,On or near TORRINGTON DRIVE,E01007255,Wirral 034B,Unable to prosecute suspect
3f2babf529f266a06d98faba50bf3a6a5a06a430b983c579073cabea8b639be6,2019-02,Merseyside Police,Merseyside Police,-3.025927,53.478670,On or near ST JOHN'S ROAD,E01007102,Sefton 030D,Unable to prosecute suspect
b2a1cd533626b8cba33b21554d3959e36cb0d12ba9d2302846314e535bec3450,2019-02,Merseyside Police,Merseyside Police,-3.171212,53.389313,On or near YEOMAN COTTAGES,E01007202,Wirral 014E,Unable to prosecute suspect
1c1004b2d83a2770b23f6a229e897e8ad10e328c36973846520be1f2a6d42932,2019-02,Merseyside Police,Merseyside Police,-2.958405,53.411742,On or near KENSINGTON STREET,E01006746,Liverpool 030E,Investigation complete; no suspect identified
c4d798a56fc2631176d8d361435a3e2bc058fde28927851e1dadb44edc9bcb5c,2019-02,Merseyside Police,Merseyside Police,-2.894323,53.432159,On or near ACCESS ROAD,E01006640,Liverpool 021F,Investigation complete; no suspect identified
2037027639db8e7839987e28072d5bb25d08309beedc5a051139d815c09b2343,2019-02,Merseyside Police,Merseyside Police,-3.008204,53.647395,On or near WAVERLEY STREET,E01006968,Sefton 004C,Investigation complete; no suspect identified
50fd4de7e403eb167797cb6d51cdead773890d89c571882ebcfa2ad8bfc2e1eb,2019-02,Merseyside Police,Merseyside Police,-2.981043,53.421365,On or near WILBRAHAM PLACE,E01033764,Liverpool 022E,Unable to prosecute suspect
d09302b2ab1db652124928b7c449487ae693b004d3bfb7e6ed07baf380af83c7,2019-02,Merseyside Police,Merseyside Police,-2.937478,53.398739,On or near ALDERSON ROAD,E01006726,Liverpool 035C,Investigation complete; no suspect identified
ba0e310f3fbd81db3a7d63bd172849a9e69d61378de736654b46f025a9b1ab8b,2019-02,Merseyside Police,Merseyside Police,-2.965523,53.423092,On or near HAMILTON ROAD,E01006564,Liverpool 023B,Investigation complete; no suspect identified
7118bed2896977501a3e80737f46fca081d823dc2378fbba8f7f2c237d293915,2019-02,Merseyside Police,Merseyside Police,-2.711069,53.493309,On or near Petrol Station,E01006806,St. Helens 002C,Unable to prosecute suspect
fcfa45e35aabb97085de947f8d85b8a2f85a6b1556ecc13fbd8e337e1f987488,2019-02,Merseyside Police,Merseyside Police,-2.978793,53.431496,On or near FOLEY STREET,E01033764,Liverpool 022E,Investigation complete; no suspect identified
8a3c8aa58f8e67f32059890f60329d1e31b43687c202855d634331a5f838604c,2019-02,Merseyside Police,Merseyside Police,-2.981892,53.414455,On or near SCOTLAND ROAD,E01006648,Liverpool 023D,Investigation complete; no suspect identified
eb62dd5fd3c926c272c6fc8841bd7d3713495dc5706a1bf027a002ad5e9ccceb,2019-02,Merseyside Police,Merseyside Police,-2.987162,53.407472,On or near Nightclub,E01033762,Liverpool 060E,Unable to prosecute suspect
9d14e39fbf7ac29e4c4f7fbb8100ea90611ee9b621ba6205911455bb1a4631ab,2019-02,Merseyside Police,Merseyside Police,-2.946297,53.520172,On or near GORDON AVENUE,E01007095,Sefton 018C,Suspect charged
47621551fd1eb012802f920f2c1130eba281a1ece2a608faa3b005788a3632f9,2019-02,Merseyside Police,Merseyside Police,-2.899006,53.453643,On or near ALTCROSS WAY,E01006662,Liverpool 004B,Investigation complete; no suspect identified
9a8140fe74cebabfca78ea01515e8c441331082482547b8610867e5dd885c83e,2019-02,Merseyside Police,Merseyside Police,-3.005156,53.634369,On or near ELM ROAD,E01007001,Sefton 008E,Investigation complete; no suspect identified
0dbb03ce248094d25c6125b2bb654a06dec4126e9f4cd7e3deb7092ed3612094,2019-02,Merseyside Police,Merseyside Police,-2.943168,53.390110,On or near BROMPTON AVENUE,E01006549,Liverpool 043B,Investigation complete; no suspect identified
53cf7f6c8133d41dbd673a929d6a953f1003ea45967632ff4c8b2270ec563923,2019-02,Merseyside Police,Merseyside Police,-2.946645,53.431602,On or near WARHAM ROAD,E01006762,Liverpool 015E,Further investigation is not in the public interest
77ab0a14a3a7c92d0a1f49cca024443f1b5f03c3c381562eda696b939c54d7b2,2019-02,Merseyside Police,Merseyside Police,-2.982736,53.424938,On or near HANKIN STREET,E01006779,Liverpool 022D,Further investigation is not in the public interest
66d4ae060a2de724f070714b435c6a0af9bbe43d37f78685f578931f174c8c12,2019-02,Merseyside Police,Merseyside Police,-2.996438,53.360913,On or near LEGH ROAD,E01007141,Wirral 031D,Unable to prosecute suspect
247edb5fba359db95da8d4bcb34d0cd529449a0abd2c4ce36057dcd53f03000f,2019-02,Merseyside Police,Merseyside Police,-2.911816,53.444952,On or near COLESBORNE ROAD,E01006599,Liverpool 010B,Investigation complete; no suspect identified
358fdd166b3f73d25b6d4555587580afe2683689f1d01c8d557f4d6758b2a8e6,2019-02,Merseyside Police,Merseyside Police,-2.966193,53.410825,On or near SHEPHERD STREET,E01006747,Liverpool 031B,Unable to prosecute suspect
faf45aa213b226d516c14c3b8c651de94b6e69c82dc0ac11e76e4bf97e0b54a2,2019-02,Merseyside Police,Merseyside Police,-3.062160,53.607989,On or near Parking Area,E01006922,Sefton 012B,Unable to prosecute suspect
233acac9ea48ce95f827453f357bd2c0e1f952245b2cc5a606738c562fd968dc,2019-02,Merseyside Police,Merseyside Police,-3.055994,53.419422,On or near WALLASEY ROAD,E01007316,Wirral 004F,Suspect charged
18534f9df5ec4e96bd410d06c6686fe7db5e074d2af414688304f69d240813fc,2019-02,Merseyside Police,Merseyside Police,-2.927780,53.454834,On or near LANDFORD AVENUE,E01006659,Liverpool 005B,Unable to prosecute suspect
970484e8e41801a9cfac906b10cb0c178d763cce0a647c72a0ba41e879692e2e,2019-02,Merseyside Police,Merseyside Police,-2.927780,53.454834,On or near LANDFORD AVENUE,E01006659,Liverpool 005B,Unable to prosecute suspect
f938df1dba439f1f81c5e758555fba022bd482be98a08560bcf77f499398a5de,2019-02,Merseyside Police,Merseyside Police,-3.103046,53.389729,On or near MORETON ROAD,E01007301,Wirral 018C,Investigation complete; no suspect identified
60ec7adb099de035951814942f97c7f361491402f0912d599151c29f4b332afa,2019-02,Merseyside Police,Merseyside Police,-3.045655,53.411387,On or near ADELAIDE STREET,E01007270,Wirral 010D,Unable to prosecute suspect
4d706740b9c2ad8b7c716c57cd678fa23efec530b4aa46fd266a96f0f74f5fc1,2019-02,Merseyside Police,Merseyside Police,-2.961301,53.394047,On or near HATHERLEY STREET,E01006679,Liverpool 039D,Investigation complete; no suspect identified
e14c2f2c5f876634dd82fce66af080608aa6313a0d42da246a6ddd6a7b8bb1fa,2019-02,Merseyside Police,Merseyside Police,-3.026641,53.523832,On or near THE CROSS,E01007076,Sefton 016B,Unable to prosecute suspect
ef6f2334c94a10627680ffead95ba2121e869e8f31c56d797c942a94d49b7a79,2019-02,Merseyside Police,Merseyside Police,-2.983348,53.403224,On or near Parking Area,E01033756,Liverpool 061C,Investigation complete; no suspect identified
fe828755d1a4a9baaf94a9bdc2db2e88c27475d728c6f271bf2e746baa6c5c8a,2019-02,Merseyside Police,Merseyside Police,-2.939901,53.399484,On or near SANDHEAD STREET,E01006720,Liverpool 035A,Investigation complete; no suspect identified
81db8b3580a74de5d4bc0f7a8b8808350ed1b34f1acec5adc0f79c5986341bfd,2019-02,Merseyside Police,Merseyside Police,-2.965369,53.453484,On or near BARTON ROAD,E01006791,Liverpool 006D,Unable to prosecute suspect
42f3b580feb5a5b7857c98a11b9d985e595d6109af1306fe6e843c65c7862f36,2019-02,Merseyside Police,Merseyside Police,-2.949161,53.443151,On or near GRAYLANDS PLACE,E01006607,Liverpool 008A,Investigation complete; no suspect identified
e7858e78c32e5346f51688227ecd53c20aadc966888aae3fe646b42ac4c792ea,2019-02,Merseyside Police,Merseyside Police,-3.021538,53.352314,On or near HEYVILLE ROAD,E01007117,Wirral 035B,Investigation complete; no suspect identified
ef4f94cd5c44c27f2a75d24981969055705869914135ce9e09c21c0ac38b3750,2019-02,Merseyside Police,Merseyside Police,-3.015810,53.362286,On or near WOODFIELD AVENUE,E01007114,Wirral 032D,Investigation complete; no suspect identified
8e10a39c66f7324a1ac7f72add31ff0fd6ec30c918258761c24c8794fbc52922,2019-02,Merseyside Police,Merseyside Police,-3.011127,53.368223,On or near HIGHFIELD GROVE,E01007176,Wirral 029C,Investigation complete; no suspect identified
968de83e651b19e0a2800a52e99580354e7f5acd00c3c8fc996f168db40b8700,2019-02,Merseyside Police,Merseyside Police,-2.985188,53.407335,On or near Theatre/Concert Hall,E01033760,Liverpool 060C,Unable to prosecute suspect
96da17dbe6be4161001185ebe8f8e22115946b15d3395bff33f825c935baaadf,2019-02,Merseyside Police,Merseyside Police,-2.965271,53.400702,On or near MYRTLE PARADE,E01006512,Liverpool 031A,Investigation complete; no suspect identified
3faae636a3f9a09f0d05399c93bd17e16d29d7b763e88420fe9da4744134c494,2019-02,Merseyside Police,Merseyside Police,-3.055336,53.396488,On or near HALDANE AVENUE,E01007157,Wirral 015C,Investigation complete; no suspect identified
c589ca1aa21105a920c08f9e9192f0cd2dd41b24677aa86792c429d09e34bab3,2019-02,Merseyside Police,Merseyside Police,-3.073815,53.405861,On or near B5151,E01007120,Wirral 011A,Unable to prosecute suspect
93ddf315df0ab57258293e3b30bccc2d179bde2501d13475dc43a56738bdd093,2019-02,Merseyside Police,Merseyside Police,-2.922028,53.411049,On or near RHUDDLAN CLOSE,E01032508,Liverpool 027G,Investigation complete; no suspect identified
8567047dd6c698a0ed1b5e0b7f9b93400dd81e9f00e6a69ac27010597b08a273,2019-02,Merseyside Police,Merseyside Police,-2.929377,53.387243,On or near GREENBANK COURT,E01006551,Liverpool 048E,Investigation complete; no suspect identified
55cc53e92ca6cf2f261b539437cb6406da22ca832634a39cc3ecc54422a1f7b2,2019-02,Merseyside Police,Merseyside Police,-2.988779,53.405867,On or near Nightclub,E01033752,Liverpool 062B,Investigation complete; no suspect identified
1d9744d9c78e5cf174bf64aa7b9cc1a1eb9a64715044d3e022c2164e12914d3d,2019-02,Merseyside Police,Merseyside Police,-2.913890,53.359848,On or near HOWARD DRIVE,E01006688,Liverpool 056E,Investigation complete; no suspect identified
d945f3408d16c3cb564cf9f4c0b41b0ec41efffb62eca028a7a5a0ae43b6f6ce,2019-02,Merseyside Police,Merseyside Police,-2.978446,53.633656,On or near Hospital,E01006999,Sefton 008C,Investigation complete; no suspect identified
dbf7c33cf8c9b0fb9d7205795a998985915f082af7635a36f1de32e79c522953,2019-02,Merseyside Police,Merseyside Police,-2.997154,53.646472,On or near DERBY ROAD,E01006969,Sefton 004D,Unable to prosecute suspect
1c06b4ba744568b529dee9bc8f87aa5e6886aeb3b8fde7e34f5648498d194643,2019-02,Merseyside Police,Merseyside Police,-2.992340,53.318384,On or near SUNNINGDALE DRIVE,E01007149,Wirral 041A,Investigation complete; no suspect identified
42a367639c08f2fe68f170cc1ec73f99125afcaf11ee08f3224d177cd0ef1a47,2019-02,Merseyside Police,Merseyside Police,-2.920033,53.414804,On or near GOSCHEN STREET,E01006711,Liverpool 027A,Investigation complete; no suspect identified
dcdfdfef7db39130fa51d6370fa023162f5710f3e872ee61900097f60ca8b256,2019-02,Merseyside Police,Merseyside Police,-2.990592,53.465089,On or near MARGARET AVENUE,E01007017,Sefton 034E,Investigation complete; no suspect identified
fdad7e8ecc58d5a5214acd5071c1c9b4d4d0c807bbdeb8e332fd4df2efd4fb8d,2019-02,Merseyside Police,Merseyside Police,-2.997989,53.462556,On or near BEECHWOOD ROAD,E01007013,Sefton 036E,Unable to prosecute suspect
d90926e8d791251dd6dc7ad2d463390330359cf9576b523e1d3639a3d600196e,2019-02,Merseyside Police,Merseyside Police,-2.960568,53.442260,On or near Police Station,E01006541,Liverpool 015A,Action to be taken by another organisation
4c41fe8b01aa1b20ffba9006a1302ea68a8237eaf5200876b1dea301b50361ef,2019-02,Merseyside Police,Merseyside Police,-2.988536,53.409636,On or near CUNLIFFE STREET,E01033755,Liverpool 062D,Further investigation is not in the public interest
ed6e9e7185297f435df8142b8b166d20f143d3133b093520184b310ac89e020c,2019-02,Merseyside Police,Merseyside Police,-3.047618,53.556001,On or near BURLINGTON AVENUE,E01007082,Sefton 016D,Unable to prosecute suspect
7f3076ae2131f0e54f008009f788f5ed84f8f184a5eff0d23e3738d45a46f02c,2019-02,Merseyside Police,Merseyside Police,-2.999343,53.641815,On or near Petrol Station,E01006996,Sefton 007D,Investigation complete; no suspect identified
54f09d58e31d47b6a8ae717243594a1f191e958cbbcb37dfee67839f87d2ea06,2019-02,Merseyside Police,Merseyside Police,-3.004096,53.457722,On or near PEEL ROAD,E01007005,Sefton 034B,Unable to prosecute suspect
3cab6496467e361002e11bb52f44e107be1111b82d9a9b9290835f9fc6b30855,2019-02,Merseyside Police,Merseyside Police,-3.097600,53.407730,On or near Parking Area,E01007206,Wirral 009B,Unable to prosecute suspect
da5710fddb4faeba2dfbdfde0051a0a6229582e8ec7c874c178c545ca08986c6,2019-02,Merseyside Police,Merseyside Police,-2.959070,53.480016,On or near Sports/Recreation Area,E01007046,Sefton 027C,Unable to prosecute suspect
46cb042825a56c32417069fa93caf2142bf064e86e9f0b8395623ae70d012607,2019-02,Merseyside Police,Merseyside Police,-2.754224,53.450069,On or near CROWTHER STREET,E01006834,St. Helens 012B,Investigation complete; no suspect identified
a545df1d7dee78b4e44608b2733c3d00f7ec17cf7eea84514fda294cb4186ec4,2019-02,Merseyside Police,Merseyside Police,-2.975487,53.400170,On or near BACK KNIGHT STREET,E01006513,Liverpool 060A,Investigation complete; no suspect identified
c17145ab1d986b086d87b4aaf472d41c8f5c56e10d13e99b9f86999e9d12e8d8,2019-02,Merseyside Police,Merseyside Police,-2.991140,53.407753,On or near EXCHANGE STREET EAST,E01033752,Liverpool 062B,Formal action is not in the public interest
868498ef3ffb42499b40a0ee1c334f672cf320c4d7f822a8df6898a531a97aef,2019-02,Merseyside Police,Merseyside Police,-2.801839,53.424582,On or near SPEAKMAN WAY,E01006463,Knowsley 007C,Unable to prosecute suspect
333aeb09393d83da8ee6b6579a454ca432c7ef6fe386d6c08cac2bbd6cfcd7c7,2019-02,Merseyside Police,Merseyside Police,-3.042038,53.425298,On or near LONGLAND ROAD,E01007236,Wirral 002E,Investigation complete; no suspect identified
a668826f36906d8bf4f86726193042cf5d3b58769889ab5e316d6200755b4eac,2019-02,Merseyside Police,Merseyside Police,-2.948532,53.429799,On or near LYNHOLME ROAD,E01006766,Liverpool 019E,Unable to prosecute suspect
2c5a7381e1fce073631f7170834b103a3f041e1e28358db95dceb6aaf97c0a75,2019-02,Merseyside Police,Merseyside Police,-3.033997,53.479005,On or near SERVITE CLOSE,E01006954,Sefton 028C,Investigation complete; no suspect identified
50c613b6204dca0d251b641d45837b324977a909dda8d3f13e0ca70080f00658,2019-02,Merseyside Police,Merseyside Police,-2.969193,53.487827,On or near MARIE CURIE AVENUE,E01007087,Sefton 029C,Investigation complete; no suspect identified
a74f0c6fa959385f2369f6458c79e8b38c9dc45959edb6a2eb123e228c3ad23f,2019-02,Merseyside Police,Merseyside Police,-3.011679,53.355346,On or near GREENLEA CLOSE,E01007115,Wirral 031A,Investigation complete; no suspect identified
f08eeac716dd71e9ddb50feffbcb824300dbd6ffd2d2ad336372179bbfd6cad5,2019-02,Merseyside Police,Merseyside Police,-2.904958,53.416977,On or near FAIRFORD CRESCENT,E01006569,Liverpool 029B,Investigation complete; no suspect identified
ac28a92d16d45d248c64f6e5c37cc628dbf68bf619552282f2dcff57ed9fa23b,2019-02,Merseyside Police,Merseyside Police,-2.980571,53.403472,On or near Nightclub,E01033756,Liverpool 061C,Investigation complete; no suspect identified
6de132cfeac116c645b6ec11ce2e7318e079005a38e49b78b6d1bd72bfe10c3c,2019-02,Merseyside Police,Merseyside Police,-3.019521,53.411937,On or near DEMESNE STREET,E01007274,Wirral 008C,Investigation complete; no suspect identified
5363e0b6abf521279969dbde34901b37fc68b83a7c5fc7f1f8823bb6dfaf4d8d,2019-02,Merseyside Police,Merseyside Police,-2.975672,53.409562,On or near WILDE STREET,E01033758,Liverpool 060B,Unable to prosecute suspect
bf7d9b32f16daf1345e94f0875390efceb298c4b4c476dbd9db4e4d77bf98729,2019-02,Merseyside Police,Merseyside Police,-2.981043,53.421365,On or near WILBRAHAM PLACE,E01033764,Liverpool 022E,Unable to prosecute suspect
bb96b8658bf49c0f1256c029c69a7ab450f794030815f2703f0413d63442b11f,2019-02,Merseyside Police,Merseyside Police,-2.867707,53.419357,On or near ASHOVER AVENUE,E01006643,Liverpool 025E,Investigation complete; no suspect identified
205cf5b3b57cc62bde76652538383c1429f1ce55f97861909c58bd59b506bfee,2019-02,Merseyside Police,Merseyside Police,-2.960568,53.442260,On or near Police Station,E01006541,Liverpool 015A,Action to be taken by another organisation
095d6cbc2a0ed6529cc0229e20283cb0cdddb2c939333f5a288cd6c13084b46d,2019-02,Merseyside Police,Merseyside Police,-2.985807,53.423672,On or near LATIMER STREET,E01006779,Liverpool 022D,Unable to prosecute suspect
10d8d7dba90d74216a1e44a09dff74179668328a44517b8860b923d5831d7dee,2019-02,Merseyside Police,Merseyside Police,-2.843930,53.426053,On or near HILLSIDE AVENUE,E01006444,Knowsley 010D,Investigation complete; no suspect identified
d70f542c8b1c4e5192083ab4d2744574a0dae7fd2dcb13c8ab4211152bb80eb4,2019-02,Merseyside Police,Merseyside Police,-2.937885,53.466422,On or near TENTH AVENUE,E01006654,Liverpool 005A,Investigation complete; no suspect identified
4c551d7a36e9436e4804a2c51ea12c1306e14ebf7995ebea9c56877595b29230,2019-02,Merseyside Police,Merseyside Police,-2.974206,53.436909,On or near BARLOW STREET,E01006701,Liverpool 014B,Unable to prosecute suspect
0d868aab8f57262a1b10c69f39f37a7672d47c11f27744ec75d9f6aa9d785aa2,2019-02,Merseyside Police,Merseyside Police,-2.960568,53.442260,On or near Police Station,E01006541,Liverpool 015A,Action to be taken by another organisation
bb97b73c74b4191d6dcc759ca3be440536195e837ef01682d9ae607319a4748d,2019-02,Merseyside Police,Merseyside Police,-3.109567,53.403412,On or near LYONS ROAD,E01007207,Wirral 009C,Investigation complete; no suspect identified
f8887fb44d859dbd01587263a876e358e1a7d1d10287e30f1455249a5978300e,2019-02,Merseyside Police,Merseyside Police,-2.968535,53.446366,On or near ELTON STREET,E01006705,Liverpool 009E,Investigation complete; no suspect identified
905d38e0182c1d084b4e9d6634011ce70abb032e3aea19db1d2ff07b0659d8bf,2019-02,Merseyside Police,Merseyside Police,-2.992868,53.646921,On or near SUSSEX ROAD,E01006969,Sefton 004D,Unable to prosecute suspect
724dfa4bca35cb6c6e524e2244e3003a799c9895f328634e8f687e5ff0446fa0,2019-02,Merseyside Police,Merseyside Police,-2.967509,53.398581,On or near LITTLE ST BRIDE STREET,E01006514,Liverpool 037A,Investigation complete; no suspect identified
62b0c3bd19097b4abaec4d4181831e976baffd1795133583cc8eeb1d07bd5b0a,2019-02,Merseyside Police,Merseyside Police,-2.948153,53.483753,On or near MOSTYN AVENUE,E01007041,Sefton 027A,Investigation complete; no suspect identified
30afc060bf591360b27ee9bf8c7e8b3f8ad1f440394579eef07f54e0c31176e3,2019-02,Merseyside Police,Merseyside Police,-2.854791,53.371054,On or near NORTH LINKSIDE ROAD,E01006530,Liverpool 055A,Investigation complete; no suspect identified
361e18cbd4c1018afa201f99e72ae6c28e8750ba5325ee9768c7f4eb9b2d987f,2019-02,Merseyside Police,Merseyside Police,-3.067189,53.428402,On or near DEAN AVENUE,E01007308,Wirral 003B,Investigation complete; no suspect identified
dcb17ebfefae0f4fea171e1b64260ef818ffd2e9e1814e5b6a342a86d215b40b,2019-02,Merseyside Police,Merseyside Police,-2.972611,53.400031,On or near MOUNT STREET,E01006514,Liverpool 037A,Investigation complete; no suspect identified
27bad3f99c540727ef3e42bda66f8a26ba1b865493ff66cc4122a05d004e4bfe,2019-02,Merseyside Police,Merseyside Police,-2.986816,53.414001,On or near NAYLOR STREET,E01033751,Liverpool 062A,Investigation complete; no suspect identified
b8ce39d2aafb055e4389ae3e573676e5200b36baa65a7f1d87a342841e099cd6,2019-02,Merseyside Police,Merseyside Police,-3.099861,53.379933,On or near Petrol Station,E01007302,Wirral 018D,Investigation complete; no suspect identified
b3916bcb69470c9e38d274d3b6b6d73c262137762211e8acd626d2475d2ef80f,2019-02,Merseyside Police,Merseyside Police,-2.722228,53.453683,On or near Supermarket,E01006872,St. Helens 014C,Unable to prosecute suspect
e1901f0632817e24def687f5bd2eeec1bb94a86cd93f499f63fa7298de9534f6,2019-02,Merseyside Police,Merseyside Police,-2.924055,53.399069,On or near GLYNN STREET,E01006721,Liverpool 038C,Investigation complete; no suspect identified
8c101dc7312ab341a387f90ab65884368db8ad893868ab8cfe8f4c0f51098b53,2019-02,Merseyside Police,Merseyside Police,-2.911718,53.358777,On or near Parking Area,E01006687,Liverpool 056D,Investigation complete; no suspect identified
b37abd31390753c6984c7456b0618f071f1f172e01bdbef33b59847b01fb5ff4,2019-02,Merseyside Police,Merseyside Police,-2.959881,53.463884,On or near WEIGHTMAN GROVE,E01006782,Liverpool 003B,Investigation complete; no suspect identified
41e7f67f53c6ebf5a374c694cf2596fd399bd0d29ac1cd457455db01e18feb49,2019-02,Merseyside Police,Merseyside Police,-2.976571,53.402192,On or near ROSCOE PLACE,E01033761,Liverpool 060D,Suspect charged
444fab7890b6471e73aa633c3dd07d36b908ef150d2b5d77fb53fb266ad0be9f,2019-02,Merseyside Police,Merseyside Police,-2.885351,53.413286,On or near CORONATION DRIVE,E01006488,Knowsley 014E,Investigation complete; no suspect identified
a62cebfb25da093a7317b1d2e19f071359b0119a26a6caa139f079bb5d781291,2019-02,Merseyside Police,Merseyside Police,-2.987381,53.407829,On or near DAVIES STREET,E01033762,Liverpool 060E,Unable to prosecute suspect
793f8936449c0c6085dbe89dbb9de1047d180594845d458b3d833572b17e39dd,2019-02,Merseyside Police,Merseyside Police,-2.741108,53.462133,On or near CITY ROAD,E01006881,St. Helens 012E,Unable to prosecute suspect
d73362e94897abf499754d2713b4d7beba5a359b6d5d9b4085badb30e3b13ffc,2019-02,Merseyside Police,Merseyside Police,-2.625655,53.450677,On or near ALDER STREET,E01006861,St. Helens 015F,Unable to prosecute suspect
274345946860560e83b8714f92c4275454da26b40ca8bc858f03ec1c0c3d4116,2019-02,Merseyside Police,Merseyside Police,-2.961927,53.419813,On or near TAVY ROAD,E01006647,Liverpool 024C,Unable to prosecute suspect
4e937bde352840450cfebca771d0cc2f81a93c34f76c1486c846080af73edb2c,2019-02,Merseyside Police,Merseyside Police,-2.833878,53.344577,On or near ALL HALLOWS DRIVE,E01006755,Liverpool 059C,Investigation complete; no suspect identified
38a89ce6b88c58379ec1a0943b51ba49daf16881016810c93eca68f512efe2e5,2019-02,Merseyside Police,Merseyside Police,-2.980571,53.403472,On or near Nightclub,E01033756,Liverpool 061C,Investigation complete; no suspect identified
db36b6fbd38a558732af10eacd019559e511ba797ccc32f617252654cb105cac,2019-02,Merseyside Police,Merseyside Police,-2.773464,53.435762,On or near LONSDALE AVENUE,E01006830,St. Helens 019A,Unable to prosecute suspect
d8aac2b335a95351f93ebf0fdeacacb153836b5508d5ae444e8f42f9e61772c5,2019-02,Merseyside Police,Merseyside Police,-3.099861,53.379933,On or near Petrol Station,E01007302,Wirral 018D,Investigation complete; no suspect identified
2f1b7b7cd74607b934a996ea61d92a999289d2ab47092936f60ea554957eb4c0,2019-02,Merseyside Police,Merseyside Police,-2.993105,53.452043,On or near Shopping Area,E01007009,Sefton 037D,Investigation complete; no suspect identified
44943e4e026e32e5a2e82b95b24fa68ba816a3b8433ae61d121a1d401c13891b,2019-02,Merseyside Police,Merseyside Police,-2.944594,53.430046,On or near TOWNSEND LANE,E01006766,Liverpool 019E,Unable to prosecute suspect
d15dac7f522d6f4b7c330ed8be26ec65a48d3fcf7e33f7de143c27a502a91553,2019-02,Merseyside Police,Merseyside Police,-2.999328,53.639263,On or near SEFTON STREET,E01006994,Sefton 007C,Unable to prosecute suspect
80292fc1382ca657b6445e04e34ab107e00736a9fc8f416f231eed7c48b30731,2019-02,Merseyside Police,Merseyside Police,-2.987595,53.406057,On or near Nightclub,E01033760,Liverpool 060C,Offender given a caution
1f5306182f7d32d236ae1b46a3caf6ec1318d9a3bf8cc5ef66b72214aefc4a67,2019-02,Merseyside Police,Merseyside Police,-2.935172,53.447873,On or near SCARISBRICK DRIVE,E01006729,Liverpool 008C,Unable to prosecute suspect
a73408b25de23e60d4c7211d5b10e73c34e35515c41d1a300de211a77e5b7d35,2019-02,Merseyside Police,Merseyside Police,-2.920880,53.390644,On or near WINCHFIELD ROAD,E01006590,Liverpool 042D,Investigation complete; no suspect identified
180040f410e422ff08ba83353e5632225267c7206e33909b6655944b905015ae,2019-02,Merseyside Police,Merseyside Police,-2.930114,53.441719,On or near BROADWAY,E01006603,Liverpool 011B,Investigation complete; no suspect identified
01f1fde29fe4063ceb55440edeeca5d0168c6eb43a1cb209347f3539945b7c11,2019-02,Merseyside Police,Merseyside Police,-2.754224,53.450069,On or near CROWTHER STREET,E01006834,St. Helens 012B,Investigation complete; no suspect identified
db6cc49f4624aef3426be7384016ede2621285cd078189ea0af217828712dec1,2019-02,Merseyside Police,Merseyside Police,-3.017653,53.392950,On or near ARGYLE STREET,E01007126,Wirral 016A,Investigation complete; no suspect identified
0870bba5a691762c2919fd3262c7a5055e6fd02cb41a511983a50438d3e5b83d,2019-02,Merseyside Police,Merseyside Police,-2.957610,53.410481,On or near EDINBURGH ROAD,E01006746,Liverpool 030E,Investigation complete; no suspect identified
556515489842de69ebc68085c68292aa4e6726792219a1cc0bcb301e1aa7f901,2019-02,Merseyside Police,Merseyside Police,-2.944101,53.381977,On or near SEFTON GROVE,E01006522,Liverpool 048A,Investigation complete; no suspect identified
4b9100ebeb95c313c33f2a9d0933c449fc126790789ac4944cc141737d31a49e,2019-02,Merseyside Police,Merseyside Police,-2.978384,53.413710,On or near Police Station,E01006648,Liverpool 023D,Suspect charged
832006b0a859cd63a264d5fa5de6990087baa982100a2b5c8d0dcca624f51787,2019-02,Merseyside Police,Merseyside Police,-2.899727,53.487732,On or near DEERBOLT WAY,E01006456,Knowsley 002B,Unable to prosecute suspect
d57a422e6124724963cf5d50cfd1a7f36ce5aeba38be7dade3b42e512b9f4368,2019-02,Merseyside Police,Merseyside Police,-2.988662,53.407963,On or near DALE STREET,E01033760,Liverpool 060C,Unable to prosecute suspect
c46dcb388a16eeff7272b6803976089b15a42c3306e2da740753e962b07ef566,2019-02,Merseyside Police,Merseyside Police,-3.015857,53.470908,On or near CAMBRIDGE ROAD,E01006959,Sefton 032D,Unable to prosecute suspect
1070ef4aed4514beb2b449f9da8d0e03064ec4052cd40203c3cd9c25aa5a0b15,2019-02,Merseyside Police,Merseyside Police,-2.921839,53.369620,On or near BARKHILL ROAD,E01006527,Liverpool 053A,Investigation complete; no suspect identified
4d09c5846599b51aab12a7fe38bd05367b5c2808d32d771e24426c5b9ef9f10a,2019-02,Merseyside Police,Merseyside Police,-2.961358,53.411233,On or near HOLBORN STREET,E01006747,Liverpool 031B,Investigation complete; no suspect identified
2ab02eebe2b59f286918ece68a4b219d0990a60a044bb848915cdafb5ac747d2,2019-02,Merseyside Police,Merseyside Police,-2.978599,53.409277,On or near LIME STREET,E01033760,Liverpool 060C,Investigation complete; no suspect identified
b570440b95c402ecafc2954a17817a777296cf9aa9d6389500ccc88aa0e8b870,2019-02,Merseyside Police,Merseyside Police,-2.635884,53.462039,On or near JOHNSON AVENUE,E01006866,St. Helens 010A,Unable to prosecute suspect
5b37933db276f003205e09a6c73519b0743ff5ac805d9a82c53c92bb5a18726c,2019-02,Merseyside Police,Merseyside Police,-2.708294,53.458845,On or near BLACKBROOK ROAD,E01006812,St. Helens 008C,Unable to prosecute suspect
e6b78e6ddd0cb60238fc88c6dc13f50b45b733c927144ff4ed069ea6d4170757,2019-02,Merseyside Police,Merseyside Police,-2.935172,53.447873,On or near SCARISBRICK DRIVE,E01006729,Liverpool 008C,Unable to prosecute suspect
56949a51712df713bbe90bb22eb1be36dc7a1ffab6b9e74589d200f4277e653d,2019-02,Merseyside Police,Merseyside Police,-2.994014,53.478076,On or near OCTAVIA HILL ROAD,E01006981,Sefton 031B,Investigation complete; no suspect identified
ed7ec5fcae0447ca45f854d3cb6c482279d1b0f50fd990d348be2bab035d0303,2019-02,Merseyside Police,Merseyside Police,-2.760681,53.440617,On or near LESLIE ROAD,E01006831,St. Helens 016A,Unable to prosecute suspect
798160a05be4ee98e0eb845f62b41ddcade0a504be5ea0838e3c268b6ffb8957,2019-02,Merseyside Police,Merseyside Police,-3.038610,53.438389,On or near TOLLEMACHE STREET,E01007238,Wirral 001E,Unable to prosecute suspect
d6259021d5bdae44a22768d33161c446bd515b74653d2bc24988f46b68c932b7,2019-02,Merseyside Police,Merseyside Police,-2.967697,53.490311,On or near FLORENCE NIGHTINGALE CLOSE,E01007083,Sefton 023A,Investigation complete; no suspect identified
93b3425437fb7a306130a31eacdfc95b1ce34d92db1e22eead4bdcf1b6f67fe6,2019-02,Merseyside Police,Merseyside Police,-2.987014,53.405648,On or near Shopping Area,E01033760,Liverpool 060C,Unable to prosecute suspect
ed1b5bd4b97c5fdbfb64efe2da2e85a04a6dd610befe3dccbfaf1eb2bd339a74,2019-02,Merseyside Police,Merseyside Police,-2.625655,53.450677,On or near ALDER STREET,E01006861,St. Helens 015F,Investigation complete; no suspect identified
8545f210e3e2ecef8752fde362111f8a81b27d040923a1d99fc2c46ee2b079ff,2019-02,Merseyside Police,Merseyside Police,-2.991695,53.410913,On or near PRUSSIA STREET,E01033755,Liverpool 062D,Investigation complete; no suspect identified
ec11b791f5537f0342e71cbb5986f942e1e25c8ba16280cbd05ed65e91134682,2019-02,Merseyside Police,Merseyside Police,-2.993932,53.365554,On or near SEAFIELD ROAD,E01007138,Wirral 031B,Investigation complete; no suspect identified
b55376676dced42daa6cb5b7bf87b64c96eab7ee971b040539e330c3bef38333,2019-02,Merseyside Police,Merseyside Police,-2.977785,53.458381,On or near BURNIE AVENUE,E01007052,Sefton 035E,Unable to prosecute suspect
c445e231240b8129b2ce7172c66b95d8458e72d018656e80da8f5c04895f0022,2019-02,Merseyside Police,Merseyside Police,-2.711968,53.449825,On or near MORGAN STREET,E01006874,St. Helens 014E,Unable to prosecute suspect
c4d4052d8e187665513550b1801ea46e8afe05155fd575a7b57e8e9a0dbe591b,2019-02,Merseyside Police,Merseyside Police,-2.953682,53.429910,On or near CLAPHAM ROAD,E01006545,Liverpool 019A,Investigation complete; no suspect identified
f1d46105536719338fa3744d756af94a3107f16d96fb01764b5f9ef50783e22d,2019-02,Merseyside Police,Merseyside Police,-2.962008,53.462024,On or near ORRELL LANE,E01006784,Liverpool 003C,Suspect charged
806ce63bb8a82a5c0cae3114881c4ca6584066b7836a7e995352e8472ee97f6a,2019-02,Merseyside Police,Merseyside Police,-2.749760,53.435095,On or near TASMAN GROVE,E01006905,St. Helens 019D,Investigation complete; no suspect identified
411daf47f204f7d97f0a4c6825a317070f5473515cebc593b931b6d8a68ca517,2019-02,Merseyside Police,Merseyside Police,-2.964266,53.432738,On or near TANCRED ROAD,E01006542,Liverpool 018A,Unable to prosecute suspect
02310e82bf3495860f6e3f410d7102e6c09ac8a49ffa28382ee263cbee82cb5d,2019-02,Merseyside Police,Merseyside Police,-2.865273,53.438071,On or near CUSTLEY HEY,E01006412,Knowsley 006A,Investigation complete; no suspect identified
b8d126d58852a52b72297d362ad0f4184dd2382a45cecf3fb389f7f6f1a28490,2019-02,Merseyside Police,Merseyside Police,-2.954641,53.419008,On or near BOUNDARY LANE,E01006693,Liverpool 024D,Offender given a drugs possession warning
ea8bb98921369595ccde73cb11f66fb4bcd7caeb905f77b31d8a78d81f27d2f7,2019-02,Merseyside Police,Merseyside Police,-3.062160,53.607989,On or near Parking Area,E01006922,Sefton 012B,Unable to prosecute suspect
e38ae5c9aecac2232806cbd8429aad9fd7e0ce30b43a1ad4290d72d919ca1751,2019-02,Merseyside Police,Merseyside Police,-2.840408,53.389431,On or near LINDEN ROAD,E01006708,Liverpool 045C,Investigation complete; no suspect identified
79334cfbcb09bc2f3d158108ab652cd5de8f49bfc0e9f587b422225030034d96,2019-02,Merseyside Police,Merseyside Police,-2.978599,53.409277,On or near LIME STREET,E01033760,Liverpool 060C,Unable to prosecute suspect
70d01f25436486661f00f2b750de13c0cf5185b2ed9679d8402322d089d05c38,2019-02,Merseyside Police,Merseyside Police,-2.978382,53.422106,On or near GREAT HOMER STREET,E01006648,Liverpool 023D,Investigation complete; no suspect identified
6d161f2763b4e971080ebdf39ec5e3be5babdb41d12540b08c74655793af3c9d,2019-02,Merseyside Police,Merseyside Police,-3.023788,53.492450,On or near Parking Area,E01007105,Sefton 025C,Investigation complete; no suspect identified
33ce1dbba10f77ed6c50505676a1f726c54bf6f21a409f1de9a066924a5920ee,2019-02,Merseyside Police,Merseyside Police,-2.978382,53.422106,On or near GREAT HOMER STREET,E01006648,Liverpool 023D,Investigation complete; no suspect identified
07b586c990cde2fb8d2e86747317099236c9f6ac8386c00f4fba1c6f16388091,2019-02,Merseyside Police,Merseyside Police,-2.752119,53.454496,On or near VIRGIL STREET,E01006876,St. Helens 016D,Investigation complete; no suspect identified
057e0430319b0a38d4312fb5b0d83e557d659c6cdb3105fe106dc832daf47e4d,2019-02,Merseyside Police,Merseyside Police,-3.030739,53.326454,On or near ROCKLANDS LANE,E01007144,Wirral 038A,Unable to prosecute suspect
82ce9eb6e129fbcc2b35a2c8a7ee690942aece76723dcd68127d4e24491a74ac,2019-02,Merseyside Police,Merseyside Police,-3.036115,53.432352,On or near AYLESBURY ROAD,E01007230,Wirral 001B,Investigation complete; no suspect identified
3656912c39adb029dd8f766f17ed2e3c8776184885c87f8556245fba086fad4c,2019-02,Merseyside Police,Merseyside Police,-3.039036,53.399076,On or near STOKE STREET,E01032903,Wirral 010F,Investigation complete; no suspect identified
029e93280fc9b050d69e7343163c4f9c957b85663b79229528ce39c0d40b95b8,2019-02,Merseyside Police,Merseyside Police,-2.966070,53.378880,On or near BADMINTON STREET,E01032505,Liverpool 050F,Investigation complete; no suspect identified
c3a3a3b660ff829d3240f5b188bb07be0f4ac6e187ea8de3fcd2f0f99539887a,2019-02,Merseyside Police,Merseyside Police,-2.882173,53.432015,On or near ASPES ROAD,E01006644,Liverpool 017D,Investigation complete; no suspect identified
464ef1f5e261533b7d8e09f0f8079b0f2221640b9aa6766b69e91ae72853c76d,2019-02,Merseyside Police,Merseyside Police,-2.980986,53.340420,On or near FAIRWAY SOUTH,E01007143,Wirral 036C,Investigation complete; no suspect identified
2b95ee673e3b715a28781fc009319cacd3ab6974e1af90d768665e1f710fa868,2019-02,Merseyside Police,Merseyside Police,-2.937695,53.443448,On or near KNIGHTON ROAD,E01006732,Liverpool 011E,Investigation complete; no suspect identified
bf372331638adf190cee602ec12f605111836e023b21113a68b6903f113e62dc,2019-02,Merseyside Police,Merseyside Police,-2.979865,53.425761,On or near SKIRVING STREET,E01033764,Liverpool 022E,Suspect charged
83688e769f7cb7dc51b6ad4418cc80494faabf868016890faee110de8465fd4c,2019-02,Merseyside Police,Merseyside Police,-2.980463,53.398115,On or near UPPER FREDERICK STREET,E01006515,Liverpool 037B,Offender given a drugs possession warning
5cdebf072e66b6f393b870abd52444aaedd3da3227b14f212bc85a5369426048,2019-02,Merseyside Police,Merseyside Police,-2.998689,53.415376,On or near KINGSWAY,E01033751,Liverpool 062A,Investigation complete; no suspect identified
94ae8058f46f2b82f4e771fae951d87bda05ce5ebbb8354362c6638c181f11c4,2019-02,Merseyside Police,Merseyside Police,-2.970652,53.668972,On or near ST ANNES ROAD,E01006947,Sefton 002A,Investigation complete; no suspect identified
c0cc775fa8419362f088d93fa6b7b91fb06c0e943bdce622ca96ce9d6f0f024d,2019-02,Merseyside Police,Merseyside Police,-2.828058,53.341912,On or near CATFORD GREEN,E01006757,Liverpool 059E,Investigation complete; no suspect identified
6b4312ebf3a869c2694c02e54d787166161d0badaa13fa235b3bc175691ce954,2019-02,Merseyside Police,Merseyside Police,-2.965374,53.398616,On or near BACK SIR HOWARD STREET,E01033768,Liverpool 037F,Investigation complete; no suspect identified
6df1883164dd90721a62fe9a9f32b3cd341c24affac536cf201010b6583f8478,2019-02,Merseyside Police,Merseyside Police,-2.748529,53.468712,On or near WHALLEY AVENUE,E01006919,St. Helens 007F,Unable to prosecute suspect
ac70335b78007460656cc10c77f3d5e0c02da46f01390f8720230fefe2046240,2019-02,Merseyside Police,Merseyside Police,-2.951356,53.395852,On or near MAITLAND CLOSE,E01006679,Liverpool 039D,Investigation complete; no suspect identified
29ea8f7133a2de0c47c841d7321fb7d4fd642891837ac06e01bef6443be638ec,2019-02,Merseyside Police,Merseyside Police,-2.971277,53.438542,On or near COUNTY ROAD,E01006700,Liverpool 012E,Investigation complete; no suspect identified
98309847cb060fdfbec4bb5fb2cddf143c81e11ac6544cf5468034847938e57f,2019-02,Merseyside Police,Merseyside Police,-2.931846,53.394945,On or near SEAMAN ROAD,E01006723,Liverpool 038E,Investigation complete; no suspect identified
29282b2d8eb4735a70e00951a7ada7d16647d8e3a80674561afc88be6ef8799d,2019-02,Merseyside Police,Merseyside Police,-2.946890,53.416221,On or near MARLSFORD STREET,E01006694,Liverpool 030B,Investigation complete; no suspect identified
3ed7fee4bbbceaf250ab83c64d9e454c7bfb86820056701bd983d3a2adb83703,2019-02,Merseyside Police,Merseyside Police,-2.826515,53.415820,On or near LONGVIEW DRIVE,E01006481,Knowsley 015E,Investigation complete; no suspect identified
4f2e6255f451bd83756d956f4b0156861b87cfa30cde227e48b2ef17aaef4c83,2019-02,Merseyside Police,Merseyside Police,-3.011753,53.463698,On or near HOLLY GROVE,E01007011,Sefton 034C,Investigation complete; no suspect identified
a1b7ebb59e60e22eadc4a06e6da46c5db0b833e4d0ea871d21e2b246f24e73be,2019-02,Merseyside Police,Merseyside Police,-2.877639,53.466125,On or near RHOSESMOR CLOSE,E01006418,Knowsley 005B,Unable to prosecute suspect
d113286a948676adaa0d76034cca0768836278edfb76ede7d5ecebbc9294b8c2,2019-02,Merseyside Police,Merseyside Police,-2.965813,53.661209,On or near CAMBRIDGE ROAD,E01007032,Sefton 002C,Investigation complete; no suspect identified
5c036be19964a1b79d3a76f1aff6656265c86e3b179e951f1fe54cc334fc855e,2019-02,Merseyside Police,Merseyside Police,-2.902049,53.357025,On or near SEDDON ROAD,E01006744,Liverpool 057C,Unable to prosecute suspect
6a263597eea34929c02422f324008e03d3036c3d5c5d2b1f906f4df33fb9b471,2019-02,Merseyside Police,Merseyside Police,-2.902049,53.357025,On or near SEDDON ROAD,E01006744,Liverpool 057C,Unable to prosecute suspect
1c5b048e766c38c36e3171bfdbf52c3a6c2b8a564d3714c98ce049e72e4a1bea,2019-02,Merseyside Police,Merseyside Police,-2.948976,53.417319,On or near TWEED CLOSE,E01006693,Liverpool 024D,Unable to prosecute suspect
557c98667ef71b2a7a23bf74e4bcf98afbe4917c327247ca0ca35faade372b9b,2019-02,Merseyside Police,Merseyside Police,-3.019389,53.410832,On or near ABBOTSFORD STREET,E01007274,Wirral 008C,Investigation complete; no suspect identified
c0e935cf459c065ff33a969af1025495fbc305814e4f1d7cf873ad4aea695af9,2019-02,Merseyside Police,Merseyside Police,-2.836498,53.401647,On or near WHEAT HILL ROAD,E01006424,Knowsley 017B,Unable to prosecute suspect
d26045eca22b1f3ec4173d0885859d590ec65a71389a255046588a52ef4a43cb,2019-02,Merseyside Police,Merseyside Police,-2.748529,53.468712,On or near WHALLEY AVENUE,E01006919,St. Helens 007F,Unable to prosecute suspect
660bf61b4338ced4056a84f0ec50e05125ebfdca15ae1edfed672aa2cc0b9a72,2019-02,Merseyside Police,Merseyside Police,-2.826515,53.415820,On or near LONGVIEW DRIVE,E01006481,Knowsley 015E,Investigation complete; no suspect identified
ae35a7558cabdd29de1ee2cc35fcc1786707ede3edde07ccff9dd9f9868e6d43,2019-02,Merseyside Police,Merseyside Police,-2.977301,53.410420,On or near ISLINGTON,E01033760,Liverpool 060C,Suspect charged
4896b33a2285e68dbd0cdb15e064aba4eda78ec1f4e1768b0e832415170b4df5,2019-02,Merseyside Police,Merseyside Police,-2.902049,53.357025,On or near SEDDON ROAD,E01006744,Liverpool 057C,Unable to prosecute suspect
10a3c3650c9cbcb3d261288e7d3bb2649823682905e1dc110359dc6f1571d760,2019-02,Merseyside Police,Merseyside Police,-2.920493,53.399195,On or near GROVE STREET,E01006586,Liverpool 032C,Investigation complete; no suspect identified
b3c8948c0b3fb3a7c653e5cb7d4a75fb74a4c909773e8860b52598c61d4ca5c8,2019-02,Merseyside Police,Merseyside Police,-2.933797,53.468234,On or near MERES ROAD,E01006655,Liverpool 001C,Investigation complete; no suspect identified
51ef277b1b9dfad52c892b9eeaea483cc41c1687765113e32c18afdb64dd60c4,2019-02,Merseyside Police,Merseyside Police,-2.998531,53.636240,On or near CEMETERY ROAD,E01006997,Sefton 008B,Investigation complete; no suspect identified
6e7cc953487adb4fbd519e3ee39d5781048e0007a887d438876bef9563600308,2019-02,Merseyside Police,Merseyside Police,-2.952714,53.397396,On or near EMBLEDON STREET,E01006679,Liverpool 039D,Unable to prosecute suspect
f4d564e587c7d5533eab0beb6d5d6857efccc326bbde822bb2ae73eda4990b42,2019-02,Merseyside Police,Merseyside Police,-3.062160,53.607989,On or near Parking Area,E01006922,Sefton 012B,Unable to prosecute suspect
ab9e2b6d0c942677aad8a2be4f47bfdd1ba7e0f2c5ee2734845c71a88b64ebb3,2019-02,Merseyside Police,Merseyside Police,-3.017487,53.411190,On or near DENMAN GROVE,E01007274,Wirral 008C,Investigation complete; no suspect identified
ec4a19dac14f8e414644a839c07eb5af65369768acf9a81419ad9ffc50c080c4,2019-02,Merseyside Police,Merseyside Police,-2.850755,53.449061,On or near BERRY HILL AVENUE,E01006439,Knowsley 005F,Investigation complete; no suspect identified
c40f8c52a03e0b67f6bb3d57dd248b3ea7cfe7082c16cec83c247c4b8bc502bf,2019-02,Merseyside Police,Merseyside Police,-2.801459,53.426769,On or near Shopping Area,E01006463,Knowsley 007C,Unable to prosecute suspect
c5fce3a87d6e4cdcd57fc35bd3d2b9b4dda7122d586d03166a4ba6703e389867,2019-02,Merseyside Police,Merseyside Police,-3.010591,53.362070,On or near TOWN LANE,E01007178,Wirral 029E,Suspect charged
704943a0bfb623f139c1a46ebb3ebba9e4dbb97019b4ced1d6d4265d6bead575,2019-02,Merseyside Police,Merseyside Police,-2.874611,53.480790,On or near BARN HEY ROAD,E01006446,Knowsley 005G,Investigation complete; no suspect identified
a84c596ce44dc15a2f698f874d971e23130d5e5592e41773b9058eb61de4dc8e,2019-02,Merseyside Police,Merseyside Police,-2.931039,53.433064,On or near HEDGES CRESCENT,E01006606,Liverpool 020A,Investigation complete; no suspect identified
4e3334f70c8d4de900a84eff8fda84d6dd993a835323dbd92ec07c806e45093c,2019-02,Merseyside Police,Merseyside Police,-2.889791,53.416965,On or near BROOKSIDE AVENUE,E01006571,Liverpool 026D,Unable to prosecute suspect
e1c566890b0197be8f371a53ab7e0d0b5d9bbc5ae7d9bbd2611dbd17cdcb6da8,2019-02,Merseyside Police,Merseyside Police,-3.128176,53.402348,On or near LINEAR PARK,E01007222,Wirral 013C,Unable to prosecute suspect
b4bfa87056902f260d85b755bfca99a7f09539ce8ce2074d22e543835b1549de,2019-02,Merseyside Police,Merseyside Police,-2.803384,53.427493,On or near WILLIAMS STREET,E01006463,Knowsley 007C,Investigation complete; no suspect identified
23aca6e0a99d00f2d0010311bcc83542c9c8ee3c41c88017063e46ae329b0624,2019-02,Merseyside Police,Merseyside Police,-2.940452,53.412856,On or near LILLY VALE,E01006690,Liverpool 028A,Investigation complete; no suspect identified
6506bd8a523d07e0966cf07d57a0ce354623257eef541b8c36e44653aa4040c0,2019-02,Merseyside Police,Merseyside Police,-2.979358,53.403024,On or near Nightclub,E01033756,Liverpool 061C,Offender given a drugs possession warning
f76f9f88b7a5a8217fad6572fac50013a439bf006c0d0b9611e4e2e1808cc589,2019-02,Merseyside Police,Merseyside Police,-2.930358,53.377069,On or near VICTORIA ROAD,E01006521,Liverpool 052A,Investigation complete; no suspect identified
7f7e33a17f0b71f67532157850bef9165097b105ae28438926076a15a0c25654,2019-02,Merseyside Police,Merseyside Police,-2.854628,53.447685,On or near WHITESTONE CLOSE,E01006439,Knowsley 005F,Investigation complete; no suspect identified
111e477709129bb37da09795b2c02029da5cd6b84aa95f3eef52505274913c67,2019-02,Merseyside Police,Merseyside Police,-2.965485,53.430705,On or near WALTON BRECK ROAD,E01006558,Liverpool 018B,Unable to prosecute suspect
f8b46afcd03ba112253e8683f33501c7c16b3636f1e638d81658e548229d7f14,2019-02,Merseyside Police,Merseyside Police,-2.970424,53.389856,On or near PARK ROAD,E01006518,Liverpool 044A,Unable to prosecute suspect
c51aaf772c6739b9b4c24489d5ff3e95f15c1e63afc3eb82450bf7c0e3bf8c50,2019-02,Merseyside Police,Merseyside Police,-2.911072,53.446765,On or near CARR LANE,E01006672,Liverpool 010E,Unable to prosecute suspect
a422f8cc41fb8d9903f9bc29a3e276e3fb057fbdbc73b126c7e17e639e6ceb72,2019-02,Merseyside Police,Merseyside Police,-2.982670,53.409037,On or near VICTORIA STREET,E01033760,Liverpool 060C,Investigation complete; no suspect identified
aded9787804f16e0970a7b35d68020c0bb8c5e5a59b2b6fefac7b26ab6e21064,2019-02,Merseyside Police,Merseyside Police,-2.982670,53.409037,On or near VICTORIA STREET,E01033760,Liverpool 060C,Unable to prosecute suspect
8af7f0bb5b0d3c9395a21a3b21911c9bacbee313a2e0424ccfcf029b69a4fcbb,2019-02,Merseyside Police,Merseyside Police,-2.840408,53.389431,On or near LINDEN ROAD,E01006708,Liverpool 045C,Unable to prosecute suspect
c8be143659cfb3f8455c823358959ee6fbb8ac95791686927732e2f222d37d6d,2019-02,Merseyside Police,Merseyside Police,-2.989645,53.476162,On or near KIRKSTONE ROAD NORTH,E01006984,Sefton 031E,Unable to prosecute suspect
6511bcdac20519bcd6568e49eee766ccf3924e0ee74d33d669ab3d3da62a543a,2019-02,Merseyside Police,Merseyside Police,-2.965485,53.430705,On or near WALTON BRECK ROAD,E01006558,Liverpool 018B,Unable to prosecute suspect
42caaf7d9974abf5e3cddc14c4e1367e3c76b74c4f848cd33c13d08cc72aa777,2019-02,Merseyside Police,Merseyside Police,-2.965526,53.450445,On or near NORTHCOTE ROAD,E01006791,Liverpool 006D,Investigation complete; no suspect identified
3be2c0ff0468f8ff34a6cf0adec29d5532a7d638042604e356b344f6d276c39e,2019-02,Merseyside Police,Merseyside Police,-2.968627,53.644702,On or near ROSEBERY STREET,E01007055,Sefton 005A,Investigation complete; no suspect identified
967f1201df7a8d81d00a92e71a83f4e69eb0765506218eecb35ee0d02509a50d,2019-02,Merseyside Police,Merseyside Police,-2.754683,53.451280,On or near SILKSTONE CLOSE,E01006834,St. Helens 012B,Investigation complete; no suspect identified
31864b4594dc780b2329b25a9fca240ea609e0a0a20ba7751c4dc4706ccef186,2019-02,Merseyside Police,Merseyside Police,-2.989645,53.476162,On or near KIRKSTONE ROAD NORTH,E01006984,Sefton 031E,Unable to prosecute suspect
a4c0a5356ef10b6d46dae4dbe359951c540d71937af04f000b4af3731f63d35b,2019-02,Merseyside Police,Merseyside Police,-2.981499,53.403914,On or near ROE ALLEY,E01033756,Liverpool 061C,Offender given a drugs possession warning
034bd3bf63ae84bc7e3048c6c749773a479d5267073d34588c714410813654ce,2019-02,Merseyside Police,Merseyside Police,-3.178149,53.393290,On or near EVANS ROAD,E01007193,Wirral 014A,Investigation complete; no suspect identified
b6fd4d64a952a51e2994e992838517dd6833efb109b191adfa66ba37ff3d636a,2019-02,Merseyside Police,Merseyside Police,-2.734852,53.459179,On or near SWIFT STREET,E01006881,St. Helens 012E,Unable to prosecute suspect
6090d4b57526f011245171d7ddd666404cd3668ddbcb3f9235428c754857f9bb,2019-02,Merseyside Police,Merseyside Police,-2.953342,53.412699,On or near BIRSTALL ROAD,E01006696,Liverpool 030C,Unable to prosecute suspect
3854637df4dfb3fe0dea0f08f1b76d56081221889cfe22dab5f3217be13fbf99,2019-02,Merseyside Police,Merseyside Police,-2.890729,53.463233,On or near A580,E01006415,Knowsley 003A,Offender given penalty notice
53a190c1354e42adc0ebf9db49656bc32c0ede89917a132165d14c6fa2a92ea1,2019-02,Merseyside Police,Merseyside Police,-2.932721,53.412970,On or near LORNE STREET,E01006692,Liverpool 028B,Unable to prosecute suspect
7628a8da10f98ed3d3c53c070040221ea1e9310aad773210772ad8016959e0f5,2019-02,Merseyside Police,Merseyside Police,-2.964305,53.384584,On or near PARK ROAD,E01006632,Liverpool 044C,Investigation complete; no suspect identified
1b929c67a7fa7d2e706566b84682a4bb8e88350fea189c98aae3d6b8e2896513,2019-02,Merseyside Police,Merseyside Police,-2.826350,53.416621,On or near HOMESTEAD CLOSE,E01006482,Knowsley 011B,Investigation complete; no suspect identified
859ba96a506c4c44fdf49d7cce52686068f37abe8bf351573a3305c92beadf64,2019-02,Merseyside Police,Merseyside Police,-2.927890,53.414293,On or near FROGMORE ROAD,E01006711,Liverpool 027A,Unable to prosecute suspect
d2d8dd60cb50995e18005fd19a857ff3a3068e66e34554944fae55503eb8a113,2019-02,Merseyside Police,Merseyside Police,-2.702420,53.454277,On or near NICHOLSON STREET,E01006821,St. Helens 011C,Offender given a caution
ba61f7b2332f28a824cf320545925b4bbf6e36a3566f3f8619e113c08eecbbdc,2019-02,Merseyside Police,Merseyside Police,-2.940643,53.390148,On or near LANCASTER AVENUE,E01006554,Liverpool 048F,Investigation complete; no suspect identified
4e70861fd11e9bfa2c6ebe3993d5c526f1c319319aec166a570fb7a5e577fb8d,2019-02,Merseyside Police,Merseyside Police,-2.972611,53.400031,On or near MOUNT STREET,E01006514,Liverpool 037A,Suspect charged
4e70861fd11e9bfa2c6ebe3993d5c526f1c319319aec166a570fb7a5e577fb8d,2019-02,Merseyside Police,Merseyside Police,-2.972611,53.400031,On or near MOUNT STREET,E01006514,Liverpool 037A,Suspect charged
4e70861fd11e9bfa2c6ebe3993d5c526f1c319319aec166a570fb7a5e577fb8d,2019-02,Merseyside Police,Merseyside Police,-2.972611,53.400031,On or near MOUNT STREET,E01006514,Liverpool 037A,Suspect charged
4e70861fd11e9bfa2c6ebe3993d5c526f1c319319aec166a570fb7a5e577fb8d,2019-02,Merseyside Police,Merseyside Police,-2.972611,53.400031,On or near MOUNT STREET,E01006514,Liverpool 037A,Suspect charged
4e70861fd11e9bfa2c6ebe3993d5c526f1c319319aec166a570fb7a5e577fb8d,2019-02,Merseyside Police,Merseyside Police,-2.972611,53.400031,On or near MOUNT STREET,E01006514,Liverpool 037A,Suspect charged
2410603956a7f61ea60927e955bd68bc083409e5c8c33e447ae914caed458f2f,2019-02,Merseyside Police,Merseyside Police,-2.742999,53.455704,On or near RANDON GROVE,E01006877,St. Helens 012C,Investigation complete; no suspect identified
f089e9e2c16d76bb08571d6830afcea05cf8681d2af195639f273c0f921d94e4,2019-02,Merseyside Police,Merseyside Police,-2.960596,53.460858,On or near ST JOHN'S AVENUE,E01006785,Liverpool 003D,Investigation complete; no suspect identified
4605a5256c47740a27a3e90e4f493250ba3467c6db13443ce58b039f30c8b6e2,2019-02,Merseyside Police,Merseyside Police,-2.977671,53.400970,On or near Further/Higher Educational Building,E01006513,Liverpool 060A,Offender given a caution
db26b5a1d2ffbb2f15d20ff7c66a89b740a199891a350529486282d8f3cc2c44,2019-02,Merseyside Police,Merseyside Police,-2.741186,53.455373,On or near RIGBY STREET,E01006877,St. Helens 012C,Investigation complete; no suspect identified
f8ab03fe3b4978eefac03e92415c339b4e9696961153c2f3d5c478486d4505db,2019-02,Merseyside Police,Merseyside Police,-2.927890,53.414293,On or near FROGMORE ROAD,E01006711,Liverpool 027A,Unable to prosecute suspect
ff6e4d10dad42e7b9ef5340b18a6437fa443acd173e1d40977bbe9e777430bd7,2019-02,Merseyside Police,Merseyside Police,-2.734145,53.456639,On or near BRYNN STREET,E01006870,St. Helens 014B,Unable to prosecute suspect
04a04f99546583aa665f0062d2621b7e7eec3251d4995ebe05bc5521e6bc81ad,2019-02,Merseyside Police,Merseyside Police,-2.760207,53.447784,On or near CEDAR STREET,E01006835,St. Helens 016C,Investigation complete; no suspect identified
06e6e027acc70c1ea6727a0beda6da3e7c28e4c1c96270cff1451135f961acab,2019-02,Merseyside Police,Merseyside Police,-2.981499,53.403914,On or near ROE ALLEY,E01033756,Liverpool 061C,Investigation complete; no suspect identified
6b08a1dd5a39b4bff32879857360a09aefa28fe903caa2f885c0c55468a6f7da,2019-02,Merseyside Police,Merseyside Police,-2.720504,53.454188,On or near BOLTON CLOSE,E01006873,St. Helens 014D,Investigation complete; no suspect identified
3b65e45caec03a1170d3db3c16752dc4ba5c970200e69d942f8f1b3152d992e8,2019-02,Merseyside Police,Merseyside Police,-2.921458,53.466110,On or near FORMOSA ROAD,E01006660,Liverpool 001E,Investigation complete; no suspect identified
fed5b389e74cbf8d8498a393705e85151eb897a5dc78536a92db21894e2884bd,2019-02,Merseyside Police,Merseyside Police,-3.039393,53.388412,On or near OSBORNE ROAD,E01007155,Wirral 020A,Unable to prosecute suspect
1c0611abaf258231318a1184b9a7cccc5b36014318c5e525700bdaa4b2e5052e,2019-02,Merseyside Police,Merseyside Police,-3.032334,53.470731,On or near Park/Open Space,E01006954,Sefton 028C,Offender given penalty notice
7c585e23b026771d1d96dd155c5991d110a6df3f31de71011557b868e5836dbc,2019-02,Merseyside Police,Merseyside Police,-3.032334,53.470731,On or near Park/Open Space,E01006954,Sefton 028C,Offender given penalty notice
a56d4873888463eecc0ca3cbd65ca9e30c7f1c25b32372c4bb9ebce8eeebe742,2019-02,Merseyside Police,Merseyside Police,-2.836249,53.344471,On or near PRENTON GREEN,E01006755,Liverpool 059C,Investigation complete; no suspect identified
7e535e969b6e976cf752a7c3fa1dff9caffa0f9cc1cf718dd35acf7750f171c8,2019-02,Merseyside Police,Merseyside Police,-3.007673,53.368953,On or near QUEENS ROAD,E01007295,Wirral 027D,Unable to prosecute suspect
d3a003359fa3ea11b4158165c85b0968263b5e752c6ad9998202163021d4bae4,2019-02,Merseyside Police,Merseyside Police,-2.964659,53.390927,On or near GERAINT STREET,E01006676,Liverpool 044D,Unable to prosecute suspect
6fad48d8b9f424aa45a8e1f1c7246670ee5caac1c27b3d0f3e46496c11a8df16,2019-02,Merseyside Police,Merseyside Police,-2.831351,53.344397,On or near HEATON CLOSE,E01006756,Liverpool 059D,Unable to prosecute suspect
ef1b8d4c989c11124d6ab30420fcc4a1c0e7b3d416cb5b1edb6de903011619a9,2019-02,Merseyside Police,Merseyside Police,-2.924475,53.456558,On or near FALCONHALL ROAD,E01006659,Liverpool 005B,Unable to prosecute suspect
3ae74b356152e910029ad04544a0262cd4b9d070dfc678731b01635402ddcfc6,2019-02,Merseyside Police,Merseyside Police,-2.980826,53.402122,On or near SLATER PLACE,E01033761,Liverpool 060D,Offender given a caution
9d6fbc3b80ed6a2c97bd4c5f3dae079f078d18303da8cd948229d956b21c2f71,2019-02,Merseyside Police,Merseyside Police,-3.031621,53.394700,On or near NEWTON STREET,E01007133,Wirral 016E,Unable to prosecute suspect
8d7d7b2b9fc55803b4c3a6df9fb87e31b22db6678379fd1366758ed51339f34d,2019-02,Merseyside Police,Merseyside Police,-2.991851,53.455101,On or near STANLEY ROAD,E01007007,Sefton 037B,Investigation complete; no suspect identified
f5a9d411b8e963a00c0a2be8fba59a71fd00eaf56e037b820a0e30565ce02082,2019-02,Merseyside Police,Merseyside Police,-2.981265,53.490443,On or near PATTEN'S CLOSE,E01007092,Sefton 023E,Investigation complete; no suspect identified
b79c070150834c37bbe9ce3f10fc65ae7159aa680903835ab5ea8fa13be43873,2019-02,Merseyside Police,Merseyside Police,-3.034668,53.409946,On or near Sports/Recreation Area,E01007269,Wirral 010C,Investigation complete; no suspect identified
2147c41c03ae5e871f96d6a5f549202df3dcf5231ad21ef744b638b92562d59a,2019-02,Merseyside Police,Merseyside Police,-2.924475,53.456558,On or near FALCONHALL ROAD,E01006659,Liverpool 005B,Suspect charged
d7b5d4ca42415a133d95a09a36fd564033224350dc1136cfb584ddd61db59a18,2019-02,Merseyside Police,Merseyside Police,-2.893747,53.474985,On or near ADDISON CLOSE,E01006415,Knowsley 003A,Unable to prosecute suspect
01b39cf597ee577b811b1d25ab6f44206e05ae02935f5456221cdce1c8f936ff,2019-02,Merseyside Police,Merseyside Police,-2.846570,53.359697,On or near BLACKBURNE DRIVE,E01006431,Knowsley 020D,Investigation complete; no suspect identified
394ab77efeb7c2287cc451ed7a382379cb79197a7d946f7e4370b7e97b5ad975,2019-02,Merseyside Police,Merseyside Police,-2.935477,53.397344,On or near Supermarket,E01006722,Liverpool 038D,Unable to prosecute suspect
a435e6e2e39a6964ab615222d4ceb85f36e2e176914e6ffdf9e01fb4505a7b9a,2019-02,Merseyside Police,Merseyside Police,-2.676606,53.465527,On or near COOPER LANE,E01006837,St. Helens 006A,Unable to prosecute suspect
a435e6e2e39a6964ab615222d4ceb85f36e2e176914e6ffdf9e01fb4505a7b9a,2019-02,Merseyside Police,Merseyside Police,-2.676606,53.465527,On or near COOPER LANE,E01006837,St. Helens 006A,Unable to prosecute suspect
a435e6e2e39a6964ab615222d4ceb85f36e2e176914e6ffdf9e01fb4505a7b9a,2019-02,Merseyside Police,Merseyside Police,-2.676606,53.465527,On or near COOPER LANE,E01006837,St. Helens 006A,Unable to prosecute suspect
a435e6e2e39a6964ab615222d4ceb85f36e2e176914e6ffdf9e01fb4505a7b9a,2019-02,Merseyside Police,Merseyside Police,-2.676606,53.465527,On or near COOPER LANE,E01006837,St. Helens 006A,Unable to prosecute suspect
04fbf89028a2ca50e8966eee661c06d2f616d4665b4b93b64e1dba1d4a697420,2019-02,Merseyside Police,Merseyside Police,-2.829467,53.360338,On or near CRAVENWOOD ROAD,E01006426,Knowsley 020A,Investigation complete; no suspect identified
8ada516f377ef2b3150504ef19de34bd876e29e45c356e489ebb17f24295000c,2019-02,Merseyside Police,Merseyside Police,-2.842279,53.359269,On or near KYLEMORE WAY,E01006431,Knowsley 020D,Investigation complete; no suspect identified
82e4035354c65e38387c30fcebef232c2c29d1983e3f22c6210d3d88d17cc4fe,2019-02,Merseyside Police,Merseyside Police,-3.005644,53.651048,On or near ALBERT PLACE,E01033094,Sefton 004F,Investigation complete; no suspect identified
cf8584ae07f81f0e4c88e66e28a71cd3655825919861ebade64876390d7688a3,2019-02,Merseyside Police,Merseyside Police,-2.982401,53.404563,On or near BROOKS ALLEY,E01033756,Liverpool 061C,Unable to prosecute suspect
7aa48fba3279c3404eb55ae0098c8b003c52304a55b51b70153408250c1cd134,2019-02,Merseyside Police,Merseyside Police,-2.947223,53.422393,On or near SUNLIGHT STREET,E01006540,Liverpool 024A,Unable to prosecute suspect
58e4f57f622c9745ab12d11c07b9b61e462baf985ef1efdcf60d62e2ef54bba6,2019-02,Merseyside Police,Merseyside Police,-3.011339,53.632996,On or near BOLTON ROAD,E01006934,Sefton 007A,Investigation complete; no suspect identified
b9f92fcfa27f6363e2b603c6f8523fd6b9fe566a2f45c0626b15149893aacf18,2019-02,Merseyside Police,Merseyside Police,-2.979720,53.405699,On or near GREAT CHARLOTTE STREET,E01033760,Liverpool 060C,Investigation complete; no suspect identified
82b8a9fc77f6168b071814f607c7adfcd6c9aa3fa7622faf616c56010a5d795f,2019-02,Merseyside Police,Merseyside Police,-2.993510,53.489389,On or near BOWLAND DRIVE,E01006979,Sefton 024A,Investigation complete; no suspect identified
19f25ce2bff21aa64dea5692a38d6263560fe124bd040539e955a6d4f681f238,2019-02,Merseyside Police,Merseyside Police,-2.911768,53.407568,On or near DOMVILLE ROAD,E01006585,Liverpool 032B,Investigation complete; no suspect identified
067c6fcf79112690236a1a756709d1710d774437497eefb8212592ab60da7744,2019-02,Merseyside Police,Merseyside Police,-2.961290,53.646675,On or near WAVELL AVENUE,E01007055,Sefton 005A,Investigation complete; no suspect identified
576d8c07dd2ef616b66e6e1f9baa5385bc7a2512af93364aac208882b11d318e,2019-02,Merseyside Police,Merseyside Police,-3.031345,53.415017,On or near RIVINGTON ROAD,E01007275,Wirral 005E,Investigation complete; no suspect identified
2f8994f4ba24bd1aaea8835362050aab8d3121989eeee512765dc701bda2d3f1,2019-02,Merseyside Police,Merseyside Police,-2.977573,53.420315,On or near ADELAIDE PLACE,E01006648,Liverpool 023D,Investigation complete; no suspect identified
72b207bc41edb275e76856f0cbda03df5a7b453e39c1ace067df90c206726f40,2019-02,Merseyside Police,Merseyside Police,-2.979600,53.406392,On or near ELLIOT STREET,E01033760,Liverpool 060C,Offender given penalty notice
09b05e37f37543994a09a3e3e3bd2b2abad9ea2193064cb68116f6bf226b6b81,2019-02,Merseyside Police,Merseyside Police,-2.872018,53.477061,On or near DELFBY CRESCENT,E01006436,Knowsley 003C,Investigation complete; no suspect identified
060f73c80b192b8f9a8b4144092f354600d3e2bb76ca74619ec1f54e3bf7abba,2019-02,Merseyside Police,Merseyside Police,-2.966207,53.422753,On or near SPURGEON CLOSE,E01006564,Liverpool 023B,Investigation complete; no suspect identified
7762ecccadcc71fe8bd1050d72f631eae2a42cdb38dfd43058ebb0f6caff3299,2019-02,Merseyside Police,Merseyside Police,-2.943052,53.423613,On or near HAMPSON STREET,E01006540,Liverpool 024A,Further investigation is not in the public interest
8c2176588e065d5d59887cf6a99173de0294706ac9823e7fe6fd01e2f423254a,2019-02,Merseyside Police,Merseyside Police,-2.784106,53.452079,On or near GILLARS GREEN DRIVE,E01006826,St. Helens 018A,Unable to prosecute suspect
0c16e6803766453408df11b3adaa158506b120a0e238f4ccff1e5c5d05bcdd7f,2019-02,Merseyside Police,Merseyside Police,-2.903076,53.416911,On or near CLAYFORD WAY,E01006569,Liverpool 029B,Investigation complete; no suspect identified
0267d11a0bb2e9fbaa567765238a90c2677a66279a4392b83110b4a8ac378729,2019-02,Merseyside Police,Merseyside Police,-2.692149,53.445942,On or near FLEET LANE,E01006899,St. Helens 017D,Investigation complete; no suspect identified
5d8e6c04aefec130aab376b1932e06270da824e880f100e956d250c62d4cdee0,2019-02,Merseyside Police,Merseyside Police,-2.943052,53.423613,On or near HAMPSON STREET,E01006540,Liverpool 024A,Unable to prosecute suspect
ed2673d8a2507255a17014ba6c794df8ea6288268c1d04ad2bd8586ffce3740c,2019-02,Merseyside Police,Merseyside Police,-2.784106,53.452079,On or near GILLARS GREEN DRIVE,E01006826,St. Helens 018A,Unable to prosecute suspect
78e8ff392809e17063a0f21009cd01b86c4d657cf01833adaef30a3c2fcae959,2019-02,Merseyside Police,Merseyside Police,-3.025894,53.414822,On or near BELL ROAD,E01007277,Wirral 008D,Unable to prosecute suspect
4694bdd91bdf9073430f9abc6f16fa8889d52dac1850c024d845e6d9d29f424d,2019-02,Merseyside Police,Merseyside Police,-3.090321,53.416624,On or near DRAKE ROAD,E01007204,Wirral 009A,Unable to prosecute suspect
60678a88ae818d3b0986dfbb948f1634738651b3d9d7c1cb392379465ddb1fb7,2019-02,Merseyside Police,Merseyside Police,-3.036500,53.377642,On or near GORSEFIELD ROAD,E01007244,Wirral 022E,Unable to prosecute suspect
291cd70ee215ab6f991f8b348290ca61b3a7a4cdd602201be3ac085af7b36ad8,2019-02,Merseyside Police,Merseyside Police,-2.918912,53.431226,On or near THREE BUTT LANE,E01006618,Liverpool 016C,Unable to prosecute suspect
d9e0ca0dbd12c9a489b47b5704c38e5454ad8deda0b286807634fe0a6b12dd0e,2019-02,Merseyside Police,Merseyside Police,-2.919386,53.444121,On or near DEANSCALES ROAD,E01006598,Liverpool 010A,Investigation complete; no suspect identified
b96487b715e850f2e28578811586026e5141f5223654a10ffb694fd29c37e849,2019-02,Merseyside Police,Merseyside Police,-2.920032,53.428700,On or near Petrol Station,E01006618,Liverpool 016C,Investigation complete; no suspect identified
57c343a0d6a6192d2177d67ba22264a708606e81a43a9961a34e475a727fe87d,2019-02,Merseyside Police,Merseyside Police,-2.971590,53.431798,On or near HARTLEY CLOSE,E01006703,Liverpool 014D,Investigation complete; no suspect identified
43ecf0eac5097efc2e6784024abe4203029aa76c50733ce716176f190a4ac2c4,2019-02,Merseyside Police,Merseyside Police,-3.026641,53.523832,On or near THE CROSS,E01007076,Sefton 016B,Unable to prosecute suspect
597dcbcec2d087b4d9f3f7d964eadea1c1db1aaf2814cd283068676139783453,2019-02,Merseyside Police,Merseyside Police,-2.902645,53.454101,On or near STANDARD ROAD,E01006662,Liverpool 004B,Investigation complete; no suspect identified
c8a62011efc15f2d8e8345c88b405c212cbd475272b3c6117a2a8a61ead4bb7c,2019-02,Merseyside Police,Merseyside Police,-2.714061,53.431880,On or near COLNE DRIVE,E01006847,St. Helens 020C,Unable to prosecute suspect
714e0e02b891d3a25628adfc1feed174b30e77ac3dd6832434ac894a29ed420c,2019-02,Merseyside Police,Merseyside Police,-2.722529,53.419101,On or near SPINNEY CLOSE,E01006909,St. Helens 022D,Unable to prosecute suspect
9a08e44a8e45e4b3d3e4c65fe85d8d003b545ff684568d684dcca931144d600c,2019-02,Merseyside Police,Merseyside Police,-2.953888,53.378627,On or near ERROL STREET,E01032507,Liverpool 050H,Investigation complete; no suspect identified
c4d03bc3ce6d36b2b0ffbf62f743b82060fa389ac23f078d92437447920fa9da,2019-02,Merseyside Police,Merseyside Police,-2.931880,53.450856,On or near FAVERSHAM ROAD,E01006735,Liverpool 005D,Suspect charged
8dc594c60454cec91c2ae2498becac2519a1ef3b0f9daa3098207bb6e5043eba,2019-02,Merseyside Police,Merseyside Police,-2.882173,53.432015,On or near ASPES ROAD,E01006644,Liverpool 017D,Investigation complete; no suspect identified
8a62fe7e23825c31725827cc14c615d4c5656b016e6d0bbc70a00dbba85ddab6,2019-02,Merseyside Police,Merseyside Police,-2.987595,53.406057,On or near Nightclub,E01033760,Liverpool 060C,Investigation complete; no suspect identified
b0f9117024435d2bb809401ad6e0381ea41d0cac34ce8ca58046af77a2348c9e,2019-02,Merseyside Police,Merseyside Police,-2.964892,53.411843,On or near ERSKINE STREET,E01006747,Liverpool 031B,Investigation complete; no suspect identified
97e8ad71889b86decb2607bbd9826103db67b4166ee3894d20b2f5ee98268bd6,2019-02,Merseyside Police,Merseyside Police,-3.045016,53.409883,On or near NORWOOD ROAD,E01007270,Wirral 010D,Unable to prosecute suspect
720b2bd51a403915d7ba1818c0e6d0bd3d8cc75e3b12d9943dae3754d3039782,2019-02,Merseyside Police,Merseyside Police,-3.049498,53.370723,On or near WATERPARK ROAD,E01007250,Wirral 030B,Unable to prosecute suspect
44858c3175c1a4fd0a16862bdaa1ae4f4e559420dbe5f0aa19f94a136f847ccf,2019-02,Merseyside Police,Merseyside Police,-2.896946,53.405873,On or near BOWRING PARK ROAD,E01006576,Liverpool 034B,Investigation complete; no suspect identified
6a1cdd3d7066136850dc02b3fa8353c30db0baa45aa86545b90cb1120e3e73c5,2019-02,Merseyside Police,Merseyside Police,-3.039424,53.387819,On or near OSBORNE ROAD,E01007155,Wirral 020A,Investigation complete; no suspect identified
0d3a0fbeec2e7555b10eae03f38ab7e9016d3f6f51273b55150e7615ca31f953,2019-02,Merseyside Police,Merseyside Police,-2.952248,53.470803,On or near GREENWICH COURT,E01006656,Liverpool 002B,Unable to prosecute suspect
4b024fb81c825d173b8244fe40ffe498bbcff3d3c6b94a9eeeabce3cd707af2d,2019-02,Merseyside Police,Merseyside Police,-2.953736,53.393343,On or near THAMES STREET,E01006674,Liverpool 039C,Investigation complete; no suspect identified
4c8347b9633174d519187aa1cda7f124b9c11886468f6a452cff8a308bfe0960,2019-02,Merseyside Police,Merseyside Police,-3.034007,53.388288,On or near WARWICK CLOSE,E01007128,Wirral 016C,Suspect charged
3a565f350b40e8c15000acd7a65ab535156adca5354083a28b6cadb2dfed9b6f,2019-02,Merseyside Police,Merseyside Police,-2.710068,53.464093,On or near BEACON GROVE,E01006811,St. Helens 008B,Investigation complete; no suspect identified
5d3d98a887e2beeca53fc8b1f61b373c878beae40a49f4f2da0662179aa80e13,2019-02,Merseyside Police,Merseyside Police,-2.929359,53.465761,On or near Parking Area,E01006659,Liverpool 005B,Unable to prosecute suspect
3bfa58e1136a06876544f10689712b94ca0ac3bac52a4745562fb2896d1db103,2019-02,Merseyside Police,Merseyside Police,-2.984539,53.427449,On or near HERIOT STREET,E01006779,Liverpool 022D,Unable to prosecute suspect
2859540ee1f46e9e1c7e8ad266b47e7d990db148ee93e95f997fbac14b38b92d,2019-02,Merseyside Police,Merseyside Police,-2.926634,53.505225,On or near SUMMERHILL DRIVE,E01007098,Sefton 019C,Unable to prosecute suspect
bb6ce036629664ff49a078e47fb58500f0c3933249ae116d729ed9853d89d252,2019-02,Merseyside Police,Merseyside Police,-2.894244,53.494299,On or near HAWESWATER CLOSE,E01006458,Knowsley 002D,Unable to prosecute suspect
b6532d6380149c0cfcefbf3c659df440a72018e6165d085f96b4230eaae508cd,2019-02,Merseyside Police,Merseyside Police,-2.975679,53.427638,On or near NETHERFIELD ROAD NORTH,E01006560,Liverpool 023A,Unable to prosecute suspect
9953f3979f96e6968de8f5cbb7e188df2df6e72f49486c61b5b373e00c52f703,2019-02,Merseyside Police,Merseyside Police,-2.953300,53.319304,On or near SEAVIEW AVENUE,E01007164,Wirral 042A,Unable to prosecute suspect
61712738fa106bd8567a0a5a112527aad2f52ec4aee50653f2bbdf6f640a2184,2019-02,Merseyside Police,Merseyside Police,-2.942317,53.414198,On or near ONSLOW ROAD,E01006695,Liverpool 028C,Unable to prosecute suspect
05b0ec6b1c79c194f3c17b7cfb35e141bc3572036452595b916fb5703729cc13,2019-02,Merseyside Police,Merseyside Police,-2.630164,53.451121,On or near SYCAMORE AVENUE,E01006858,St. Helens 015C,Suspect charged
2b117a1c333b4f5c4dcb20892c09932ca5555b4b0eeaf1538480c9c41e0a18b4,2019-02,Merseyside Police,Merseyside Police,-2.927287,53.399017,On or near NELSON STREET,E01006721,Liverpool 038C,Investigation complete; no suspect identified
325d631862a15d967e8d61788f00fcd8e8a5b5fbf0bcf15dd74a014f451decc3,2019-02,Merseyside Police,Merseyside Police,-2.831828,53.346524,On or near Pedestrian Subway,E01006756,Liverpool 059D,Investigation complete; no suspect identified
d421463346a3d79440511c470b12b016e060804b3e66cf6c5d21772de27f55bb,2019-02,Merseyside Police,Merseyside Police,-2.744951,53.454523,On or near Supermarket,E01006877,St. Helens 012C,Investigation complete; no suspect identified
eb7f602a5e25105f656daea12c5ecce1f4a65997fb1620f077b91f63dccbf0c4,2019-02,Merseyside Police,Merseyside Police,-2.976571,53.402192,On or near ROSCOE PLACE,E01033761,Liverpool 060D,Suspect charged
b138cb73f19b81adf7bb853ffee5848a7008df5686bf556bebcbbfd44d31d048,2019-02,Merseyside Police,Merseyside Police,-3.034668,53.409946,On or near Sports/Recreation Area,E01007269,Wirral 010C,Further investigation is not in the public interest
c14e85d4947c5629db02766fb34653c46f2a8d4fa002bbda9c4daaac2f6c4ad9,2019-02,Merseyside Police,Merseyside Police,-3.031793,53.414250,On or near WITHINGTON ROAD,E01007275,Wirral 005E,Investigation complete; no suspect identified
15ce2621b6fe2504c47f7d60684e5f3b23a2bc6672c923694b943de929a75626,2019-02,Merseyside Police,Merseyside Police,-2.787139,53.501218,On or near LEYLAND ROAD,E01006883,St. Helens 001B,Investigation complete; no suspect identified
5effb03d0b76ffc6419b10f9a34ae93f9dca9ed0cf37c665552ab82c8407dfbe,2019-02,Merseyside Police,Merseyside Police,-2.962642,53.659545,On or near BOTANIC ROAD,E01007035,Sefton 002E,Investigation complete; no suspect identified
27c5ac9c068b86d860606a656668fa2f455586d16529dd20f97ce440051856a4,2019-02,Merseyside Police,Merseyside Police,-2.990899,53.405796,On or near Supermarket,E01033752,Liverpool 062B,Investigation complete; no suspect identified
742cbef42ef8abbf16d3bbce05b406977e27de516f26b646765fc33fa39cda6a,2019-02,Merseyside Police,Merseyside Police,-2.980104,53.432213,On or near EASBY ROAD,E01033764,Liverpool 022E,Unable to prosecute suspect
8f965d94ccec7e09df6db59e989488c45c5519aef483324de020b22bd9082e30,2019-02,Merseyside Police,Merseyside Police,-2.630164,53.451121,On or near SYCAMORE AVENUE,E01006858,St. Helens 015C,Suspect charged
3bff1f0403fa9178465d11dee384da332b163fbea639c2401f7c99067c5cb81a,2019-02,Merseyside Police,Merseyside Police,-2.775150,53.450610,On or near THE AVENUE,E01006822,St. Helens 009A,Investigation complete; no suspect identified
dadd19457e4b0157e2d26bace30b7165711002706415b306ef50dc242a0ae029,2019-02,Merseyside Police,Merseyside Police,-3.004815,53.462642,On or near NEW FORT WAY,E01007011,Sefton 034C,Unable to prosecute suspect
a1cdfcdcf31ac739ad53bbe55feaabcc7b5a3bad7fd5098e5040af5da527fc9f,2019-02,Merseyside Police,Merseyside Police,-2.879131,53.488029,On or near BEETHAM WAY,E01006447,Knowsley 003E,Investigation complete; no suspect identified
43ad8323d5a12dfad8ca87ea1b70ffa2b6666214aebabb532a1c90e237105757,2019-02,Merseyside Police,Merseyside Police,-3.018107,53.471761,On or near SANDRINGHAM ROAD,E01006959,Sefton 032D,Investigation complete; no suspect identified
83cf0e51e52d9f226d3761337d6101eafc59762296cf79168a7975ee9ae86872,2019-02,Merseyside Police,Merseyside Police,-2.969200,53.440518,On or near DANE STREET,E01006611,Liverpool 012A,Investigation complete; no suspect identified
e5e326792a809d7be05e7a1af75acc5562e5e982f8d6fc4ffd9fca971c7d33f9,2019-02,Merseyside Police,Merseyside Police,-3.042590,53.422021,On or near QUEEN STREET,E01007217,Wirral 007D,Unable to prosecute suspect
edb176955fe1c54101e4ff71c3b73b68efac35ceec2573b4711ba917b9c51019,2019-02,Merseyside Police,Merseyside Police,-2.939270,53.398150,On or near CRANBORNE ROAD,E01006720,Liverpool 035A,Investigation complete; no suspect identified
d8ea7f205e5981788accea45156b539bdad3d3b9cd11db198ec51d0de6569181,2019-02,Merseyside Police,Merseyside Police,-3.003085,53.448688,On or near CHURCH STREET,E01007009,Sefton 037D,Action to be taken by another organisation
10c535ca03b23ceb755897ea3f7fd326d796bff36ed8dadc42ac57d976c58132,2019-02,Merseyside Police,Merseyside Police,-2.918155,53.415627,On or near SHAFTESBURY TERRACE,E01006711,Liverpool 027A,Unable to prosecute suspect
7654265c211abab92e1bf16727b8c7765f479238963c2154b1c634bd876770bb,2019-02,Merseyside Police,Merseyside Police,-2.676606,53.465527,On or near COOPER LANE,E01006837,St. Helens 006A,Unable to prosecute suspect
8d5cb1687a14baf7b9f3c8fcb39eb0674d942889bd0b203d39504c6f2b075012,2019-02,Merseyside Police,Merseyside Police,-3.084381,53.394304,On or near EVERLEIGH CLOSE,E01007124,Wirral 011E,Investigation complete; no suspect identified
747793efc4b88db3e98fcfaf159029402703e15e5478ce7ead37cb1bd4f9da85,2019-02,Merseyside Police,Merseyside Police,-2.962356,53.440106,On or near WALTON LANE,E01006615,Liverpool 012C,Offender given a drugs possession warning
577e21ad4d8cd158e4b6e7575fce4081d06baa8a1be319b6efa385404bfc88af,2019-02,Merseyside Police,Merseyside Police,-2.872858,53.429863,On or near GAINFORD ROAD,E01006637,Liverpool 017A,Investigation complete; no suspect identified
02290e764f0bdd8c258eef2f2e568c49394d4632e18c8abac5ad84dd39569c0d,2019-02,Merseyside Police,Merseyside Police,-3.033706,53.380848,On or near ADELAIDE ROAD,E01007244,Wirral 022E,Investigation complete; no suspect identified
59411c9e8af3bd0a7ee63061d61b36c2ef1d800f8ec485f04f1ce61f3d7e9cf1,2019-02,Merseyside Police,Merseyside Police,-2.948176,53.377962,On or near Supermarket,E01006628,Liverpool 052D,Investigation complete; no suspect identified
a18d25a5056fd205f77bc7fdcca590f92a7ff7c15c78ba1decdf708d7ce5cca2,2019-02,Merseyside Police,Merseyside Police,-2.965372,53.454293,On or near RAWCLIFFE ROAD,E01006787,Liverpool 006A,Unable to prosecute suspect
a084f4c57945ba17a8f478b3d1bf13479cbddc2992e0198053b2125f8a069d47,2019-02,Merseyside Police,Merseyside Police,-2.941832,53.411335,On or near LISTER ROAD,E01006690,Liverpool 028A,Investigation complete; no suspect identified
c411f98fa1f17c6c6455d56e05c1d124f0ffaf2f210550a1251fa9178c8cd048,2019-02,Merseyside Police,Merseyside Police,-2.893082,53.441184,On or near Theme/Adventure Park,E01006627,Liverpool 013C,Investigation complete; no suspect identified
712c1218df1e64ec0f35fdba1ae16eb5637a21b703c9299ce94cb4b4f1ecdb5f,2019-02,Merseyside Police,Merseyside Police,-2.976571,53.402192,On or near ROSCOE PLACE,E01033761,Liverpool 060D,Unable to prosecute suspect
a7c6f495c9f7e7ffbaa12ff1fb01651c38f3d7d42de4625feb95e00558a9df61,2019-02,Merseyside Police,Merseyside Police,-2.932230,53.447599,On or near HARTLAND ROAD,E01006730,Liverpool 011C,Unable to prosecute suspect
2749e419614a3a618f5da411ff6d6356996568724bdb766369dc21fe05a35ac8,2019-02,Merseyside Police,Merseyside Police,-2.630164,53.451121,On or near SYCAMORE AVENUE,E01006858,St. Helens 015C,Unable to prosecute suspect
dd8e5784e81763a75fd3eda94b0c6521de11d57fa892efcccf57b991aa6449d7,2019-02,Merseyside Police,Merseyside Police,-3.010591,53.362070,On or near TOWN LANE,E01007178,Wirral 029E,Suspect charged
142f03014e32ad0a134274223b1890a1f03856cd0abf08f85b2ee191189decff,2019-02,Merseyside Police,Merseyside Police,-2.978307,53.396569,On or near PRINCE ALBERT MEWS,E01006515,Liverpool 037B,Investigation complete; no suspect identified
41a20a28a74da2bda2e43841d776f018184a4b56ca9d27f97f2fd6b9a5219177,2019-02,Merseyside Police,Merseyside Police,-2.700120,53.451765,On or near PENNINE DRIVE,E01006821,St. Helens 011C,Unable to prosecute suspect
0b4bcc28e3b88d004a133989d0180b5ee1d6050c3b08aacb507a04de0ecc76de,2019-02,Merseyside Police,Merseyside Police,-2.932701,53.453294,On or near ELSTEAD ROAD,E01006735,Liverpool 005D,Investigation complete; no suspect identified
d89eb030c41b100ffaa57beb4db074340e682dd333367dc193e0598606b88e81,2019-02,Merseyside Police,Merseyside Police,-2.896320,53.481977,On or near JAMES HOLT AVENUE,E01006455,Knowsley 004A,Unable to prosecute suspect
6bd4f13dc037df6071d759e0c62533ec5b47c74d0f2fc885ca1602740247d310,2019-02,Merseyside Police,Merseyside Police,-2.733492,53.443205,On or near BURTONHEAD ROAD,E01006912,St. Helens 019G,Investigation complete; no suspect identified
da94f8cb00cf251bba12f3937d112f04cc76ad22a6ba25c8a2f4adbca4523dab,2019-02,Merseyside Police,Merseyside Police,-2.711935,53.442455,On or near Petrol Station,E01006845,St. Helens 014A,Unable to prosecute suspect
0956542364f3c5965d94205f9d85b9a753ddaeedf149a622ff7f13bc461f2bf6,2019-02,Merseyside Police,Merseyside Police,-2.712575,53.436590,On or near ROBINS LANE,E01006845,St. Helens 014A,Investigation complete; no suspect identified
3489ff07002455cebe7dcd0bd4f397b717e0ca2d95946a4515d44845a786fe08,2019-02,Merseyside Police,Merseyside Police,-2.980104,53.432213,On or near EASBY ROAD,E01033764,Liverpool 022E,Unable to prosecute suspect
e740e25813c830e99bbf1d10f9b58c98d9f4ec66c198a80fdfacb6c53465f0b9,2019-02,Merseyside Police,Merseyside Police,-3.003377,53.462996,On or near DANIEL CLOSE,E01007011,Sefton 034C,Suspect charged
8cd693dc74b66897fa4174809621050bf10c80137de4d7668c7a125ac37921f7,2019-02,Merseyside Police,Merseyside Police,-2.831828,53.346524,On or near Pedestrian Subway,E01006756,Liverpool 059D,Investigation complete; no suspect identified
65207529a103fde790bdb58ab750bf4131bfef005ecf913c6a72ec49cbeabba1,2019-02,Merseyside Police,Merseyside Police,-2.691863,53.467247,On or near SUMNER STREET,E01006813,St. Helens 008D,Unable to prosecute suspect
e935398f90e8a82eca1b90eed963a4ad47ac6a2da543522ef5da7ac7b00b85bd,2019-02,Merseyside Police,Merseyside Police,-2.981323,53.407376,On or near Theatre/Concert Hall,E01033760,Liverpool 060C,Investigation complete; no suspect identified
ae7b7f04e865acd12bef3152e130dd189d76966a818d42ba154d6d597f743f13,2019-02,Merseyside Police,Merseyside Police,-2.800942,53.411284,On or near Supermarket,E01006505,Knowsley 013E,Investigation complete; no suspect identified
4a50b87db5d1ba60a52d13e60aff6d9f3968fdb76ebc1f91eff9823cbe85778c,2019-02,Merseyside Police,Merseyside Police,-2.988220,53.401872,On or near CANNING PLACE,E01033756,Liverpool 061C,Unable to prosecute suspect
d02ee3b99fa2e9a25754343475d37b201967c12e6c682c5da8975d9a69312681,2019-02,Merseyside Police,Merseyside Police,-2.944718,53.412543,On or near SHEIL PLACE,E01006697,Liverpool 030D,Unable to prosecute suspect
7b4e4c528a409e82caa4ba2e7f2887089160bb6b43a11f7e9b72db179fc1c872,2019-02,Merseyside Police,Merseyside Police,-2.864829,53.419908,On or near WOOLFALL CLOSE,E01006450,Knowsley 012B,Unable to prosecute suspect
d89fbca4893816f32de78920b2a7a7fc09f3e9edb1db2085e62a035d4a3958fd,2019-02,Merseyside Police,Merseyside Police,-2.985119,53.403704,On or near Parking Area,E01033756,Liverpool 061C,Investigation complete; no suspect identified
baf90f7973a41734c8b9a6c896833af26d0f6882c6e572d42f42ce4136227aa2,2019-02,Merseyside Police,Merseyside Police,-3.023076,53.383933,On or near PEARSON ROAD,E01007291,Wirral 021D,Investigation complete; no suspect identified
0346baccbb43ee519489a1f91731f36da7eb88905146c1a65fcecea962cdb177,2019-02,Merseyside Police,Merseyside Police,-2.918155,53.415627,On or near SHAFTESBURY TERRACE,E01006711,Liverpool 027A,Unable to prosecute suspect
1dc63b3111b595fa31dfda8e241232a1bc48dea55b4f70ca733373e6ac51be41,2019-02,Merseyside Police,Merseyside Police,-3.030218,53.380806,On or near HARROWBY ROAD,E01007179,Wirral 021C,Investigation complete; no suspect identified
9eabb7ae312afff29ee030c6cb4d17e11297d0bc29fa1705c79f6990fa659937,2019-02,Merseyside Police,Merseyside Police,-2.944718,53.412543,On or near SHEIL PLACE,E01006697,Liverpool 030D,Unable to prosecute suspect
d366270733612afab125ea501953abb5a234d09343841265eac98137e4499cce,2019-02,Merseyside Police,Merseyside Police,-2.885455,53.475452,On or near BEWLEY DRIVE,E01006435,Knowsley 005D,Investigation complete; no suspect identified
fe582f052d5faf264c0bcb00ee3fb697493bbb04a2f2a5c3c82477dceae59065,2019-02,Merseyside Police,Merseyside Police,-2.999618,53.652788,On or near LEICESTER STREET,E01006950,Sefton 004B,Unable to prosecute suspect
a763f29cc9aed1874f48210d14d4bf6709c71a28604779d99c8057666800e9d9,2019-02,Merseyside Police,Merseyside Police,-2.967238,53.430386,On or near GOSCHEN STREET,E01006558,Liverpool 018B,Investigation complete; no suspect identified
9ce1e089157343af08267c7a94c9850d812725c40476f243f48cc5de48d6488d,2019-02,Merseyside Police,Merseyside Police,-2.979050,53.404689,On or near LAWTON STREET,E01033756,Liverpool 061C,Investigation complete; no suspect identified
3bbd8bcdbd4d6f7055bc17d7df6fdb40004d1efc72519294b662f9b92b2f157a,2019-02,Merseyside Police,Merseyside Police,-3.049210,53.409720,On or near LIMEKILN LANE,E01007270,Wirral 010D,Investigation complete; no suspect identified
0b93436df9cc650b389a933232640b939094e05f290b0ad31f22bf875aff089b,2019-02,Merseyside Police,Merseyside Police,-2.908749,53.431043,On or near MARFORD ROAD,E01006617,Liverpool 021A,Investigation complete; no suspect identified
006ea5e3d563d128ac86c0dcd46685085c9c4b107dc7f114d9cba96b42fc2d6e,2019-02,Merseyside Police,Merseyside Police,-2.979388,53.403023,On or near Shopping Area,E01033756,Liverpool 061C,Offender given penalty notice
fb1301fd950bdff049eafdd821ba525e1b7f8d8c4fa06b62d5586557de3ac0ba,2019-02,Merseyside Police,Merseyside Police,-2.981323,53.407376,On or near Theatre/Concert Hall,E01033760,Liverpool 060C,Investigation complete; no suspect identified
80ee0d5868ba9e32954e974a3eb43bea0bc8c3d1b016b98d9e685e64709acd72,2019-02,Merseyside Police,Merseyside Police,-2.957399,53.492146,On or near CORWEN DRIVE,E01007084,Sefton 027E,Investigation complete; no suspect identified
f5e65c7dec68b1e842720ed36109fc0e13a4abf218c38f6ae205f0d9401352fe,2019-02,Merseyside Police,Merseyside Police,-2.690702,53.447667,On or near SWAN AVENUE,E01006817,St. Helens 017B,Unable to prosecute suspect
675736bc6e78fe8bff04fa0a46766c046b91092e54a0b4568258e65ed159caa0,2019-02,Merseyside Police,Merseyside Police,-2.888557,53.419114,On or near EAST PRESCOT ROAD,E01006571,Liverpool 026D,Unable to prosecute suspect
2db82a872c74dadda3c5c20e199e501913d7aad8679f321322ba0b389f3f221b,2019-02,Merseyside Police,Merseyside Police,-2.912045,53.430326,On or near MILLHOUSE COURT,E01006617,Liverpool 021A,Unable to prosecute suspect
461f361c83bee37da5b99c75afa6f9bc44845a255c84321bba40e6bbbdb7f5f8,2019-02,Merseyside Police,Merseyside Police,-2.969368,53.422135,On or near COCHRANE STREET,E01006646,Liverpool 023C,Suspect charged
0ff881e4f9637a5c522815b0c30b44ebaa06a82a08691c3ff77bba44cc46f783,2019-02,Merseyside Police,Merseyside Police,-2.932787,53.430390,On or near GLENGARIFF STREET,E01006763,Liverpool 020C,Offender given a caution
4de6ade06989f5f00ddd3632711118371122585a06e340e44286c5d347a042da,2019-02,Merseyside Police,Merseyside Police,-2.921250,53.418902,On or near SARK ROAD,E01006718,Liverpool 027E,Unable to prosecute suspect
1f1382a1f5beeb5449f8631758b646522a724e923efeb87352fbc45e104f1327,2019-02,Merseyside Police,Merseyside Police,-3.050968,53.400482,On or near CARRINGTON STREET,E01032903,Wirral 010F,Investigation complete; no suspect identified
a30efa71755afd90223eede6fe56b2285897046cd0cc2958030ced1f3855d323,2019-02,Merseyside Police,Merseyside Police,-2.978216,53.406368,On or near BOLTON STREET,E01033760,Liverpool 060C,Local resolution
149e86a792ed76a1fdf11fe47815b193d00ec7aaf39a6da9a3ec156095fef388,2019-02,Merseyside Police,Merseyside Police,-2.986672,53.488933,On or near ST PATRICK'S DRIVE,E01007086,Sefton 023C,Unable to prosecute suspect
033bf126688d9b5eea7940e9081ac12ee0fc5242851fcd5f1b0d4499c0d55366,2019-02,Merseyside Police,Merseyside Police,-3.017647,53.391413,On or near HINSON STREET,E01007126,Wirral 016A,Offender given a drugs possession warning
4aae8f7e7bf48659d01d952e6272aafa5161cfc801e2134f4333ff83322b07dd,2019-02,Merseyside Police,Merseyside Police,-3.075543,53.381961,On or near BRAMBLEWOOD CLOSE,E01007162,Wirral 019C,Unable to prosecute suspect
93a29a5cb035d513449a8787bbff3bb8ea6dc450fb7779a800e0cc4f64cbe941,2019-02,Merseyside Police,Merseyside Police,-2.957696,53.409626,On or near SAXONY ROAD,E01006748,Liverpool 031C,Investigation complete; no suspect identified
a3cd078e9206066e5eedd3230ed286c5e0d467235acc41418ced91d6aeb51068,2019-02,Merseyside Police,Merseyside Police,-2.936961,53.388209,On or near CROXTETH DRIVE,E01006551,Liverpool 048E,Investigation complete; no suspect identified
186c8534c5dccf85194667eaa0cc7b1d64dff94daef6f1605ed8aede47894ea1,2019-02,Merseyside Police,Merseyside Police,-2.973603,53.428338,On or near JOSHUA CLOSE,E01006560,Liverpool 023A,Offender given a drugs possession warning
e45a51cdba2cfc5f0f258a7587e6c5181e334a12dc5e1615ddc6ae8cd541b323,2019-02,Merseyside Police,Merseyside Police,-2.997420,53.427998,On or near SANDON WAY,E01006778,Liverpool 014E,Investigation complete; no suspect identified
e80b4a58bd799d7c25fcb3077ba7c2386e308fbae73c37b2d1f77fac5d30a78f,2019-02,Merseyside Police,Merseyside Police,-2.669005,53.496509,On or near CEDAR GROVE,E01006805,St. Helens 003B,Unable to prosecute suspect
63620a1cad63961d6ca69fa29c78a0eda2b059da428ef08b10772c1d4e7787b3,2019-02,Merseyside Police,Merseyside Police,-3.067189,53.428402,On or near DEAN AVENUE,E01007308,Wirral 003B,Investigation complete; no suspect identified
63f3d2f802550229316147f8ea0f022d11cfb6a4bdea374d8bba276805d78a09,2019-02,Merseyside Police,Merseyside Police,-2.796905,53.422269,On or near LATHUM CLOSE,E01006460,Knowsley 007A,Investigation complete; no suspect identified
fa956fa1ba4779998696aa57b053ced7e027dee92271f0f66ab644512de8b335,2019-02,Merseyside Police,Merseyside Police,-2.725152,53.479490,On or near LINGMELL AVENUE,E01006850,St. Helens 004B,Investigation complete; no suspect identified
3ac82fa7963781500e70f09bf0101bd01a9b26c67631c72ddf382e2a97f278d7,2019-02,Merseyside Police,Merseyside Police,-3.097600,53.407730,On or near Parking Area,E01007206,Wirral 009B,Unable to prosecute suspect
9f4bfa403a717e1bb62655f5a91b2fe8aa23d147a08602957348740b3c1a0704,2019-02,Merseyside Police,Merseyside Police,-2.978599,53.409277,On or near LIME STREET,E01033760,Liverpool 060C,Unable to prosecute suspect
47cee11c46822b92a64b070c9341d77bc156be0eef27baffb685faa639806395,2019-02,Merseyside Police,Merseyside Police,-2.931270,53.469791,On or near ADLAM ROAD,E01006655,Liverpool 001C,Investigation complete; no suspect identified
29cbe244afb2f9ae5b75734ebfbcee3d065f07d7b418d7f6c7b4f40af1730192,2019-02,Merseyside Police,Merseyside Police,-2.943530,53.414647,On or near GENEVA ROAD,E01006695,Liverpool 028C,Unable to prosecute suspect
8520b310b818c1e095d3e559dc42ab43f8d835ebd7ac6cd4d19538b45e10dc58,2019-02,Merseyside Police,Merseyside Police,-3.106926,53.399581,On or near SANDBROOK LANE,E01007208,Wirral 012A,Investigation complete; no suspect identified
6c88e712cd29680401ab3d8fba7a3b3a6fc160a63e9430096ede8ddd42916e2a,2019-02,Merseyside Police,Merseyside Police,-2.896565,53.492888,On or near DICKENS CLOSE,E01006458,Knowsley 002D,Unable to prosecute suspect
93a2cd6db2a635721c43ec7eb425d822d9e7cd63633cf290520f5b2cd3f4cd11,2019-02,Merseyside Police,Merseyside Police,-2.877310,53.481615,On or near HARGATE WALK,E01006436,Knowsley 003C,Unable to prosecute suspect
25acccdae9ff4666c85d14aaf57cc32a7eaf1a7dac0051e40026f42d22fae191,2019-02,Merseyside Police,Merseyside Police,-2.842357,53.389911,On or near BRAMBLEWOOD CLOSE,E01006706,Liverpool 045A,Unable to prosecute suspect
3b5b3114958c56e740f440adf6bcdcad8eb7c7d44a80ffa20b588aefdff31634,2019-02,Merseyside Police,Merseyside Police,-2.806127,53.419780,On or near THOMAS DRIVE,E01006460,Knowsley 007A,Unable to prosecute suspect
2ae3bd0d9badcd8eac57db7ad710c0d5139732c8ab19e3959c529d3c381e5206,2019-02,Merseyside Police,Merseyside Police,-2.993814,53.488235,On or near PENDLE DRIVE,E01006979,Sefton 024A,Investigation complete; no suspect identified
73d095ea9c658d5af4e6681d67be0d35457c4fe81cf0a007ccd2745757a15f44,2019-02,Merseyside Police,Merseyside Police,-2.757265,53.450014,On or near CHAMBERLAIN STREET,E01006833,St. Helens 016B,Investigation complete; no suspect identified
7827ee6a8e7f1195338d0f24cd009ddcc3011a65a8e5513f7faa090783aa8a79,2019-02,Merseyside Police,Merseyside Police,-3.075543,53.381961,On or near BRAMBLEWOOD CLOSE,E01007162,Wirral 019C,Unable to prosecute suspect
bab63b79c3a5bdcdb8517413a96baae5300ce9bf19924d7ccce799e6abec13c8,2019-02,Merseyside Police,Merseyside Police,-3.012138,53.491273,On or near MOORSIDE CLOSE,E01007025,Sefton 025B,Investigation complete; no suspect identified
4eef36efa795e2c129340b368a41ebcd7d3234d0fb35385601e2364e9ebaed40,2019-02,Merseyside Police,Merseyside Police,-2.980826,53.402122,On or near SLATER PLACE,E01033761,Liverpool 060D,Unable to prosecute suspect
7bc1d40d5f21884d46847ca27bd898e3f312de86efca3d9aa3ab17963fe240e7,2019-02,Merseyside Police,Merseyside Police,-3.003435,53.460362,On or near COLLINS CLOSE,E01007003,Sefton 036B,Investigation complete; no suspect identified
fc39af06be48c95526ad2443602813a3e225cb0e22e8f96eb1bc81a3672ef29c,2019-02,Merseyside Police,Merseyside Police,-2.981499,53.403914,On or near ROE ALLEY,E01033756,Liverpool 061C,Unable to prosecute suspect
b9fb4c6e2cb4afb5419f61f2f94395c9c25fab04e6c5684f4c62d36164e25c8d,2019-02,Merseyside Police,Merseyside Police,-2.958385,53.660658,On or near Pedestrian Subway,E01007031,Sefton 002B,Unable to prosecute suspect
4009ed2013349b08f93ab383c50aff8eaa1091fdcd9767e9527d0492c9e4beea,2019-02,Merseyside Police,Merseyside Police,-2.925920,53.373454,On or near HILLVIEW,E01006527,Liverpool 053A,Unable to prosecute suspect
042f86dd9ccfb6ef91677d20392a51abaab8f76097812c35dad527a2f16955e8,2019-02,Merseyside Police,Merseyside Police,-2.981626,53.393773,On or near DWERRYHOUSE STREET,E01033750,Liverpool 061A,Offender given a caution
954dded2e532b397961f3c32b6d7fb06d74e39ceb98e8183ff33bfea81bbe3e0,2019-02,Merseyside Police,Merseyside Police,-2.894376,53.403124,On or near LYNSCOTT PLACE,E01006576,Liverpool 034B,Investigation complete; no suspect identified
c28f4af9213d9f28938c75016a8fa312eddd73889fb38c935b181c7cdff3c75a,2019-02,Merseyside Police,Merseyside Police,-3.038839,53.381109,On or near BENNETTS HILL,E01007243,Wirral 022D,Investigation complete; no suspect identified
f90076a20e779b8cbf4bf09afeea03f048f0a1c82c852621f3cd7de1ec3d38d7,2019-02,Merseyside Police,Merseyside Police,-2.982670,53.409037,On or near VICTORIA STREET,E01033760,Liverpool 060C,Suspect charged
2942ebea0b8e6b7dfaebdaee8c830e0f22ac568cae5a7932e4521c67372c2f8b,2019-02,Merseyside Police,Merseyside Police,-2.982670,53.409037,On or near VICTORIA STREET,E01033760,Liverpool 060C,Unable to prosecute suspect
7a56d0737034f7ec15962987589ca9f67b52ab262002bd00746436ea91da6e27,2019-02,Merseyside Police,Merseyside Police,-2.999269,53.651461,On or near COURT ROAD,E01033097,Sefton 004G,Unable to prosecute suspect
b08eafe8ba67f52b778c056fc9b283cfec2861582a708948cd8bdaaba35d1d2d,2019-02,Merseyside Police,Merseyside Police,-2.924853,53.442092,On or near SCARSDALE ROAD,E01033759,Liverpool 010F,Suspect charged
d7be59073dfc73e3cc291df6e8b9ea32e7e67d0d90d900d73628fd828efb3c8b,2019-02,Merseyside Police,Merseyside Police,-3.032065,53.420494,On or near LEA ROAD,E01007220,Wirral 005D,Unable to prosecute suspect
b36f06642ad449e7da885cbb8022a67188b60aa0b7b21c15b56406e4009ac8f0,2019-02,Merseyside Police,Merseyside Police,-2.952160,53.423765,On or near BELMONT ROAD,E01006563,Liverpool 024B,Unable to prosecute suspect
0bddea15cd3e16f102d4755b36b689db786ce937b8ee8dbaab3f6dfb1ca25f10,2019-02,Merseyside Police,Merseyside Police,-2.885577,53.489986,On or near APPLETON ROAD,E01006495,Knowsley 001E,Investigation complete; no suspect identified
8e14071ba15259314390e76270511a7684d3d0b660f7a5ec1e7b7d19b5213ad9,2019-02,Merseyside Police,Merseyside Police,-2.977367,53.403471,On or near HEATHFIELD STREET,E01033756,Liverpool 061C,Further investigation is not in the public interest
6c832a5b74e797946028cf24e98375bbfd8a9e585e92ebacd136d5bb7da74f30,2019-02,Merseyside Police,Merseyside Police,-2.869341,53.414626,On or near PAGE MOSS LANE,E01006574,Liverpool 025B,Unable to prosecute suspect
eaa0221859bf993455f3a609305e2e27a7b3ea88d1e46678117d16abb128c8f9,2019-02,Merseyside Police,Merseyside Police,-2.854842,53.378847,On or near DAVIDS WALK,E01006425,Knowsley 018B,Unable to prosecute suspect
ca8a9073b10931db5b3a9b054bd33be576afb9f04a92f775a48b310fda9b1700,2019-02,Merseyside Police,Merseyside Police,-3.036743,53.374017,On or near WOODCHURCH LANE,E01007181,Wirral 022B,Unable to prosecute suspect
e060d2f24225f59e93b3776f36b27fbdf302808741ca4b6a957d7a04b2c79bc9,2019-02,Merseyside Police,Merseyside Police,-2.916528,53.372142,On or near MENTMORE ROAD,E01006682,Liverpool 053C,Investigation complete; no suspect identified
1bfe1c1523f16f01ab4c24f10b3997dec0108966cd6c45ee6c66f01936a618c7,2019-02,Merseyside Police,Merseyside Police,-2.911352,53.404272,On or near DUNHAM ROAD,E01006585,Liverpool 032B,Investigation complete; no suspect identified
57d6b05165d4c0fa5c3c88eb3bff328ed3aefe56d5a492ddcbd3f226a3b9b0d7,2019-02,Merseyside Police,Merseyside Police,-3.037924,53.590395,On or near ROSE CRESCENT,E01006924,Sefton 011B,Unable to prosecute suspect
c98370f32429ababf2ac477a6986fd505d2ece4ef7d60149e1793aca7f885337,2019-02,Merseyside Police,Merseyside Police,-2.979358,53.403024,On or near Nightclub,E01033756,Liverpool 061C,Investigation complete; no suspect identified
7d9848dcee4260e999b31ce02c7dd7c978c21a2fd4b0e45ccc539bda0e512a68,2019-02,Merseyside Police,Merseyside Police,-3.003787,53.456745,On or near BIBBY'S LANE,E01007008,Sefton 037C,Investigation complete; no suspect identified
5daa899a6fce5bfb8d1e6cd7b1041be2255f156520f574b68bafc1dd11a918b4,2019-02,Merseyside Police,Merseyside Police,-2.958092,53.465399,On or near SYDNEY STREET,E01006783,Liverpool 002E,Investigation complete; no suspect identified
65355a993a78ccc4f37eee81367da6069678983af5c07fae0e056d303dcd41ec,2019-02,Merseyside Police,Merseyside Police,-3.005811,53.499686,On or near THE CRESCENT,E01007037,Sefton 021E,Investigation complete; no suspect identified
777fdc2ffd269ddb5699d3707af714c168c1f324003cd5a869c4a3a9259073eb,2019-02,Merseyside Police,Merseyside Police,-3.037924,53.590395,On or near ROSE CRESCENT,E01006924,Sefton 011B,Unable to prosecute suspect
3b9c56a01a3d88996fd9a9b19eb3e81dc5022d32501ba0c03ae900f63eafead4,2019-02,Merseyside Police,Merseyside Police,-2.746134,53.450704,On or near MANNING STREET,E01006834,St. Helens 012B,Unable to prosecute suspect
3f5c7b66eede49b66a9547de3001b36beabdf5a342c1572e3f4728ce21a0e7bc,2019-02,Merseyside Police,Merseyside Police,-2.921866,53.430691,On or near CLINTON ROAD,E01006618,Liverpool 016C,Investigation complete; no suspect identified
b73d3d5b6f200c29a62896792e2692799218c8db768bc1e4aa2e75db78fe1dad,2019-02,Merseyside Police,Merseyside Police,-2.909551,53.455927,On or near STONEDALE CRESCENT,E01006663,Liverpool 004C,Investigation complete; no suspect identified
a7d070eb320d61c67c24d650ec403c1c8f66bee5eb68014cce3629474e309d5f,2019-02,Merseyside Police,Merseyside Police,-2.746134,53.450704,On or near MANNING STREET,E01006834,St. Helens 012B,Unable to prosecute suspect
2f437231c695696a3eb3273a26893cb77054d5a280b0a958dd92d8cd501d354f,2019-02,Merseyside Police,Merseyside Police,-3.033255,53.390749,On or near GORDON STREET,E01007127,Wirral 016B,Investigation complete; no suspect identified
a405fcf270a8ac345c822158555773683effc7a8c0d28eaaf79664574f5d7c3a,2019-02,Merseyside Police,Merseyside Police,-2.712967,53.449199,On or near SANKEY STREET,E01006874,St. Helens 014E,Investigation complete; no suspect identified
59561f71d1cbdeef654258320e85b7cf101c00837d135375b9968aee0a8da9db,2019-02,Merseyside Police,Merseyside Police,-2.988635,53.410687,On or near Further/Higher Educational Building,E01033762,Liverpool 060E,Unable to prosecute suspect
bdb390b798b763cc31ef223a8dda56d1ba0050e5cf1d51b7f026dd31276c2861,2019-02,Merseyside Police,Merseyside Police,-2.972731,53.446827,On or near MILTON ROAD,E01006705,Liverpool 009E,Unable to prosecute suspect
2151b0d069ff4ac7bcf80af7b58c9591eab9f44ff426393352853e3bc506b352,2019-02,Merseyside Police,Merseyside Police,-2.995421,53.485391,On or near BRIDGE CROFT,E01006979,Sefton 024A,Investigation complete; no suspect identified
0c4ddec5794b32437846fd4f10a950e7a26c4b30de51f0a3ca0f8fbf5f497a7a,2019-02,Merseyside Police,Merseyside Police,-2.989898,53.408033,On or near Nightclub,E01033752,Liverpool 062B,Unable to prosecute suspect
f47af61bbb677ddf92b694268a7036cf379042b759740d7bcf9e378607341e3a,2019-02,Merseyside Police,Merseyside Police,-2.825644,53.339798,On or near CHURCHWAY ROAD,E01006754,Liverpool 059B,Unable to prosecute suspect
f3c606b80242250f787bce71dc69e508d92cebc14d56fe0b876a4e1e4598c788,2019-02,Merseyside Police,Merseyside Police,-2.971692,53.439572,On or near LUDLOW STREET,E01006700,Liverpool 012E,Unable to prosecute suspect
20e7fcd3484a2df6790b2f4551d4dd0c947ba72a13080fcc1821a3b9272afa99,2019-02,Merseyside Police,Merseyside Police,-2.981499,53.403914,On or near ROE ALLEY,E01033756,Liverpool 061C,Investigation complete; no suspect identified
6b2112de93949f20713a06910db66f2502524fc43ee45140d7e39a295ad35b2e,2019-02,Merseyside Police,Merseyside Police,-3.043573,53.432664,On or near CARDIGAN ROAD,E01007229,Wirral 001A,Further investigation is not in the public interest
0d477fd4ab88fe5358c506834dc9a2bfd5b8ea38a72610df96e2b961a1542b2b,2019-02,Merseyside Police,Merseyside Police,-3.109567,53.403412,On or near LYONS ROAD,E01007207,Wirral 009C,Investigation complete; no suspect identified
0475d2c9f65fd4263011ec35892352b3e1c8b63373d13a8078dee072f4e7b499,2019-02,Merseyside Police,Merseyside Police,-3.052759,53.388367,On or near Sports/Recreation Area,E01007160,Wirral 020B,Investigation complete; no suspect identified
8df18eddb1169183ce12d755460d8f8083c6bdaf0a9d98ceaf9a4ce839382cf5,2019-02,Merseyside Police,Merseyside Police,-2.897836,53.368167,On or near YORKASTER ROAD,E01006681,Liverpool 054D,Investigation complete; no suspect identified
5151c6a971069e73e706e94354b7d6b57b9c0d7c05638635e5e865de73f91cd0,2019-02,Merseyside Police,Merseyside Police,-3.011496,53.372993,On or near ASHLEY STREET,E01007295,Wirral 027D,Investigation complete; no suspect identified
f29497695bc8f0930877dac668c7c3bc6bfe62a0b5389ddc17ad7fc5e756cc1e,2019-02,Merseyside Police,Merseyside Police,-2.989462,53.483867,On or near CARR MEADOW HEY,E01007090,Sefton 029E,Investigation complete; no suspect identified
de1c70058ca6d1b6f1daaed3b798f80c72475d69640a4ea51d5d6dbf3809abeb,2019-02,Merseyside Police,Merseyside Police,-2.896125,53.399758,On or near REPTON ROAD,E01006579,Liverpool 034D,Investigation complete; no suspect identified
3d694b01c9b0335b39e96609c948964e07fff6488375137e3a637a779f2a584d,2019-02,Merseyside Police,Merseyside Police,-2.999841,53.483044,On or near CROSS HEY,E01006980,Sefton 024B,Investigation complete; no suspect identified
7561e16cc76121a68e5ad96649ddc4e141d1ccb931acf34be6ff2fd376075391,2019-02,Merseyside Police,Merseyside Police,-2.715368,53.493499,On or near HOLT AVENUE,E01006802,St. Helens 002A,Unable to prosecute suspect
8959989ed5b2420e10f4eb1e11d053823f0a290a392e42cf369d678eca99c80b,2019-02,Merseyside Police,Merseyside Police,-2.968052,53.644032,On or near COBDEN ROAD,E01007056,Sefton 005B,Unable to prosecute suspect
c299cedd42524e71a8b1697c428b017786f622550326e7697bfaf1194ca22c38,2019-02,Merseyside Police,Merseyside Police,-2.985126,53.420271,On or near VESCOCK STREET,E01033764,Liverpool 022E,Suspect charged
c299cedd42524e71a8b1697c428b017786f622550326e7697bfaf1194ca22c38,2019-02,Merseyside Police,Merseyside Police,-2.985126,53.420271,On or near VESCOCK STREET,E01033764,Liverpool 022E,Suspect charged
2a7d08beb7f3c5bacc555d17cae88099065f3a40541296bc710c1dcdbf997072,2019-02,Merseyside Police,Merseyside Police,-2.966573,53.420306,On or near NORTHCOTE CLOSE,E01006564,Liverpool 023B,Investigation complete; no suspect identified
d9bfaa716dd46159abff6dc893a669116c9077d23436f799179f3153311edd33,2019-02,Merseyside Police,Merseyside Police,-2.712967,53.449199,On or near SANKEY STREET,E01006874,St. Helens 014E,Investigation complete; no suspect identified
b7ec5d8bcfdb1914646d37379fb5d7ae4aba445f7b6b7291c8d54c0b301c273f,2019-02,Merseyside Police,Merseyside Police,-2.976003,53.401046,On or near BERRY STREET,E01006513,Liverpool 060A,Investigation complete; no suspect identified
4b5ed5b16413c3d0c2160710f3f70b4bd416fde0964094ff7c2754c2b847576e,2019-02,Merseyside Police,Merseyside Police,-2.674579,53.490617,On or near LANGHOLM ROAD,E01006809,St. Helens 003D,Investigation complete; no suspect identified
de65e0f1f272c94f6eccf5b419a3a911396ffae6e8a9f376750cdd4380e7702e,2019-02,Merseyside Police,Merseyside Police,-3.035470,53.383520,On or near FALCON ROAD,E01007239,Wirral 022C,Unable to prosecute suspect
92e266f1f800c89a7d458853299902ad3c60a36f4711d7c67f6c32c5d460a75e,2019-02,Merseyside Police,Merseyside Police,-2.972137,53.445861,On or near CROMWELL ROAD,E01006705,Liverpool 009E,Investigation complete; no suspect identified
b97e728e7e297d17ba9e144cb6da2eda9935568153bec4ac1abab367f1652b1f,2019-02,Merseyside Police,Merseyside Police,-2.968009,53.406002,On or near Further/Higher Educational Building,E01006747,Liverpool 031B,Investigation complete; no suspect identified
1a16609545f6a1d6f5b498010cc89b8898570d154a41c5eb5834ff87dc5a2f2c,2019-02,Merseyside Police,Merseyside Police,-2.712967,53.449199,On or near SANKEY STREET,E01006874,St. Helens 014E,Investigation complete; no suspect identified
b9ba8a58da83b49ca10915d084687417e42adb2cf64d07c38042fb67a029c593,2019-02,Merseyside Police,Merseyside Police,-2.921250,53.418902,On or near SARK ROAD,E01006718,Liverpool 027E,Investigation complete; no suspect identified
75dbdfc28eaa86196bbf49b9bb2aaa6d45179edc406089f3c4f00449eb371933,2019-02,Merseyside Police,Merseyside Police,-2.990521,53.399255,On or near Parking Area,E01033750,Liverpool 061A,Investigation complete; no suspect identified
f570bfbf975899a288c71f6cbaa4e82e6e203568bc0b8af2f523737e71e13fb3,2019-02,Merseyside Police,Merseyside Police,-2.896320,53.481977,On or near JAMES HOLT AVENUE,E01006455,Knowsley 004A,Unable to prosecute suspect
497f447e738d70ce39d8a26dc2968a476e87e192690764603ce36023a632eacd,2019-02,Merseyside Police,Merseyside Police,-2.941245,53.415402,On or near BALMORAL ROAD,E01006695,Liverpool 028C,Investigation complete; no suspect identified
3a17031e69f0c6e98f4a30e17eb09d1a7d06ccdd632e884731757e804c1fa360,2019-02,Merseyside Police,Merseyside Police,-2.999933,53.484373,On or near FORD VIEW,E01006980,Sefton 024B,Investigation complete; no suspect identified
13399d36646bebe9be517d3ed6bfc8a87d32bfa93d1e1bb97e2e75c7662dde08,2019-02,Merseyside Police,Merseyside Police,-2.734852,53.459179,On or near SWIFT STREET,E01006881,St. Helens 012E,Investigation complete; no suspect identified
e21313c00ee695502c8c6a985f229e427ec7104470011656fed155ee2ffe18ef,2019-02,Merseyside Police,Merseyside Police,-2.975287,53.493961,On or near WATERSIDE,E01007091,Sefton 023D,Investigation complete; no suspect identified
7432d514ea123f94c31efb5970f15ff159af672a2bfc03536d269c3a2855c373,2019-02,Merseyside Police,Merseyside Police,-3.003435,53.460362,On or near COLLINS CLOSE,E01007003,Sefton 036B,Investigation complete; no suspect identified
99278642428b48719da4257da23b4aad92967819e0d7f09f3b56adc1f00ff6e1,2019-02,Merseyside Police,Merseyside Police,-2.904155,53.359248,On or near LUMLEY STREET,E01006742,Liverpool 057B,Investigation complete; no suspect identified
57ae74913dd86f02ea3b323821ea117e63138fe72c725fddc4258c673c9f0eee,2019-02,Merseyside Police,Merseyside Police,-2.825096,53.362751,On or near BIRCHEN ROAD,E01006428,Knowsley 020B,Investigation complete; no suspect identified
9cd0b3c7f68168e54653a02eb8898d637050fee8ac2f3f508008e8154bab65b1,2019-02,Merseyside Police,Merseyside Police,-2.742880,53.433359,On or near PETERLEE CLOSE,E01006913,St. Helens 019H,Investigation complete; no suspect identified
3e21a3ed6464ddece3ef53b96dc294461c27921e4eb5857ff83d8be626849166,2019-02,Merseyside Police,Merseyside Police,-2.854941,53.337300,On or near Airport/Airfield,E01006741,Liverpool 058C,Local resolution
45427767ec9ec2e58df4e560917cfab5cb2fea8bf4c4f6eec5ebceef52493283,2019-02,Merseyside Police,Merseyside Police,-2.997845,53.366438,On or near THORBURN ROAD,E01007138,Wirral 031B,Unable to prosecute suspect
dd157187a917f80df01185bfa2de98f9a6af6c0ac0eb27fe9b2381d45098013b,2019-02,Merseyside Police,Merseyside Police,-2.908476,53.399908,On or near THINGWALL ROAD,E01006586,Liverpool 032C,Investigation complete; no suspect identified
601416251f314eb239565fb26bf61635056e75ab1f5972bdf2ef5cee7f2de0dd,2019-02,Merseyside Police,Merseyside Police,-2.944101,53.381977,On or near SEFTON GROVE,E01006522,Liverpool 048A,Investigation complete; no suspect identified
3701a7e68bd3c8b94dcca2efe6ef098b5f0a84771095ff9fa3363ffae5527f37,2019-02,Merseyside Police,Merseyside Police,-2.985464,53.402353,On or near DUKE STREET LANE,E01033754,Liverpool 061B,Investigation complete; no suspect identified
350a11d8fa20a6c51582e0591665f7c051e0389629303daa4fd767088348215c,2019-02,Merseyside Police,Merseyside Police,-2.969497,53.399347,On or near BLACKBURNE TERRACE,E01006514,Liverpool 037A,Investigation complete; no suspect identified
8fdcbb9c626a40efc14c59fef3103d715f655ae17e7949b1711e312a552e9911,2019-02,Merseyside Police,Merseyside Police,-2.923329,53.412108,On or near SELKIRK ROAD,E01032509,Liverpool 027H,Investigation complete; no suspect identified
cb2c855180ef008673c0a115d7102a593faa95707fb3f651f6b887055b8130bb,2019-02,Merseyside Police,Merseyside Police,-2.980571,53.403472,On or near Nightclub,E01033756,Liverpool 061C,Investigation complete; no suspect identified
c8eb12bc9df650639fd7b2f6ca0fe1eaa70577a29d0c565ca357e51afb65cc47,2019-02,Merseyside Police,Merseyside Police,-2.748947,53.431712,On or near DAWN CLOSE,E01006907,St. Helens 019F,Investigation complete; no suspect identified
c2f08ecbd392015fdbf68d701a4100d66b727f33e0942443c264b50b97e419c0,2019-02,Merseyside Police,Merseyside Police,-3.017290,53.409871,On or near SEACOMBE VIEW,E01007274,Wirral 008C,Investigation complete; no suspect identified
7b99cec44a5c30ee6f25ff66b4dc8112273b1a50cfea86a3c9b783155dae6195,2019-02,Merseyside Police,Merseyside Police,-2.946823,53.393533,On or near LAUREL GROVE,E01006552,Liverpool 039A,Investigation complete; no suspect identified
552a015ebaab08a5058d22f4cf64318089fb45fca16433ed2865e635f2d7787b,2019-02,Merseyside Police,Merseyside Police,-3.127921,53.403519,On or near ESKDALE AVENUE,E01007228,Wirral 012E,Investigation complete; no suspect identified
3718500388598b9f1bc67dc1b9ab4a2f46e98acab7b4aaeed83119d2b0b887e4,2019-02,Merseyside Police,Merseyside Police,-2.992588,53.423445,On or near SNOWDON LANE,E01006776,Liverpool 022B,Investigation complete; no suspect identified
40f41a821cd06d7374a6313f91734f7e88ffecde1f7ff04a35e5629481f90c1f,2019-02,Merseyside Police,Merseyside Police,-3.001644,53.641248,On or near ST JAMES STREET,E01006994,Sefton 007C,Further investigation is not in the public interest
c618702bf2b735f7863414f542a76aeab2047f351aa71c43fe56c44e7cf3daba,2019-02,Merseyside Police,Merseyside Police,-3.042465,53.387352,On or near DEVONSHIRE ROAD,E01007160,Wirral 020B,Investigation complete; no suspect identified
1b6e34f9fa3164315d0e672f2ac1e33738536e0c2595706883edece3f217809d,2019-02,Merseyside Police,Merseyside Police,-2.984697,53.388678,On or near SOUTH FERRY QUAY,E01033750,Liverpool 061A,Investigation complete; no suspect identified
e89b2b70e7ed618a1ccd338fc1ea0e1d460593996725cc4294cc0d7512fc9fd7,2019-02,Merseyside Police,Merseyside Police,-3.025500,53.412218,On or near Parking Area,E01007278,Wirral 008E,Unable to prosecute suspect
ab05898800fb9f1e537dc63b5bc56d65ad945773f03ad98ded9dec5af96c3eaf,2019-02,Merseyside Police,Merseyside Police,-2.849925,53.448186,On or near RIDING HILL ROAD,E01006439,Knowsley 005F,Investigation complete; no suspect identified
b065a0924e64a38002f7c395dde128de505f3affaeb873292584bc411f7dfa48,2019-02,Merseyside Police,Merseyside Police,-2.729893,53.450185,On or near Shopping Area,E01006912,St. Helens 019G,Investigation complete; no suspect identified
c78621a9f69b0c878912744ab2e62414849e9b91c67a27a9a66d7fa808d0a716,2019-02,Merseyside Police,Merseyside Police,-2.982890,53.344171,On or near FAIRWAY NORTH,E01007142,Wirral 036B,Investigation complete; no suspect identified
d8ce68a226d68faea153df32159cea74d28cfe545b01fb3d513716c6d5899c3e,2019-02,Merseyside Police,Merseyside Police,-3.030561,53.372003,On or near BOROUGH ROAD,E01007177,Wirral 029D,Investigation complete; no suspect identified
0ae9e54d23f83ab6ea13010734675de91ad2dadcf4134e4206ef6c25016e5d50,2019-02,Merseyside Police,Merseyside Police,-2.968328,53.490225,On or near LOUIS PASTEUR AVENUE,E01007083,Sefton 023A,Investigation complete; no suspect identified
a9b97bf4aef615fa90b12001a98e37676ea4bb91e88b90d4e2f1d0af0bf55134,2019-02,Merseyside Police,Merseyside Police,-2.854941,53.337300,On or near Airport/Airfield,E01006741,Liverpool 058C,Investigation complete; no suspect identified
626dedde09b219264aa5d112243798e07cc52b2ef211bd9c358910d0b28fddc6,2019-02,Merseyside Police,Merseyside Police,-2.818023,53.398243,On or near Petrol Station,E01006424,Knowsley 017B,Investigation complete; no suspect identified
40e8cc2a7509c0779d36d08439d975c15eeafd5baa5a3451377bc719cd0765c8,2019-02,Merseyside Police,Merseyside Police,-2.933352,53.384749,On or near GREENBANK DRIVE,E01006526,Liverpool 048C,Investigation complete; no suspect identified
46f0508f20f81328b293c9a9298987edaa813f7e4a49e41272a8dba595773574,2019-02,Merseyside Police,Merseyside Police,-2.947997,53.451745,On or near BLACKTHORNE ROAD,E01032511,Liverpool 008G,Suspect charged
485850d4e117d0c8837a2033d5b2110814ed111aa428a66b024750bd79b86c60,2019-02,Merseyside Police,Merseyside Police,-2.729515,53.449234,On or near LINKWAY EAST,E01006912,St. Helens 019G,Investigation complete; no suspect identified
c40250d51483fbffbe4c50bc8b5b56d50116872d994170472a9f280c9040fd80,2019-02,Merseyside Police,Merseyside Police,-2.867727,53.385604,On or near MEADOW OAK DRIVE,E01006801,Liverpool 046D,Investigation complete; no suspect identified
f1b76f47569943515ee7f219a64011416469530ab77ec895704d9f0db77e3acd,2019-02,Merseyside Police,Merseyside Police,-2.976473,53.408405,On or near LORD NELSON STREET,E01033760,Liverpool 060C,Investigation complete; no suspect identified
24a7d14250ddb74f557efd1ef9f2023dea27d72db1c47d8844b1255eb7961d05,2019-02,Merseyside Police,Merseyside Police,-2.827898,53.406489,On or near BYRON CLOSE,E01006478,Knowsley 015B,Unable to prosecute suspect
af506925480d83836c5a7a52e39e46da3f45ad32dea0226de12296e09ca9e106,2019-02,Merseyside Police,Merseyside Police,-2.970022,53.635594,On or near Shopping Area,E01007060,Sefton 006C,Investigation complete; no suspect identified
c8687490de7f1fea48b9de53def1c4e8a44b643366dd3830c70368729ad1e83a,2019-02,Merseyside Police,Merseyside Police,-2.895457,53.476788,On or near BEWLEY DRIVE,E01006455,Knowsley 004A,Investigation complete; no suspect identified
1308542e2bb1ff10556b40563346541db362f76b89d4f1471b1db4e54dd6d0b4,2019-02,Merseyside Police,Merseyside Police,-2.964821,53.457210,On or near PORTREE CLOSE,E01006787,Liverpool 006A,Investigation complete; no suspect identified
0c27a41bf8c649cf83c21aaaba614a08e14ca44f01d77545693e0af3fa7c7461,2019-02,Merseyside Police,Merseyside Police,-2.938254,53.418248,On or near GARDNER'S DRIVE,E01006759,Liverpool 028D,Investigation complete; no suspect identified
40b1b5984445051144d4c2bde977e3e4350abbbf52907ce7b828cb7ffd635092,2019-02,Merseyside Police,Merseyside Police,-2.683452,53.466918,On or near WHITE HOUSE CLOSE,E01006837,St. Helens 006A,Unable to prosecute suspect
2129139e61db0015046ece8be8a2b57fa5139da057972eaaa267689ec6e92798,2019-02,Merseyside Police,Merseyside Police,-3.017653,53.392950,On or near ARGYLE STREET,E01007126,Wirral 016A,Offender given a drugs possession warning
6478b362199b1420e85ea2fc8baa5ccb0b528ee5bb4ba276ecd84f0645411a41,2019-02,Merseyside Police,Merseyside Police,-2.969552,53.483069,On or near Petrol Station,E01007088,Sefton 029D,Investigation complete; no suspect identified
67c0cde6b42dccf2f7815b66f6f695764e1a335355f0462d0819258df1d48f35,2019-02,Merseyside Police,Merseyside Police,-2.972340,53.446183,On or near GROSVENOR ROAD,E01006705,Liverpool 009E,Unable to prosecute suspect
602616b2ed2f1669c10ffa95067963419d9827dea2c6cb7ba712f811b85b15f7,2019-02,Merseyside Police,Merseyside Police,-2.904881,53.393490,On or near DUNBABIN ROAD,E01006589,Liverpool 041B,Investigation complete; no suspect identified
1a1763a86311f8b46b11ba977a67cc328b0faadcc559b3c33c262b240421c1f2,2019-02,Merseyside Police,Merseyside Police,-2.949541,53.389296,On or near SEFTON PARK ROAD,E01006675,Liverpool 043C,Unable to prosecute suspect
cbd6bc3206e88a0b9d6bb56a5c20904e8e6a6478c228508360107f5fa75e59ae,2019-02,Merseyside Police,Merseyside Police,-2.969552,53.483069,On or near Petrol Station,E01007088,Sefton 029D,Investigation complete; no suspect identified
e3b97485cbf025d65a1b2a181a4856d12197aa4c00b956a9252a98e52fe3402b,2019-02,Merseyside Police,Merseyside Police,-2.646811,53.471463,On or near PLANE TREE GROVE,E01006836,St. Helens 005A,Investigation complete; no suspect identified
8fbe31f2b5f8f45dd0e9a001c51dac027a3776fae6ef4dfad288fa2f4e997acb,2019-02,Merseyside Police,Merseyside Police,-2.974618,53.461490,On or near STONE SQUARE,E01007052,Sefton 035E,Unable to prosecute suspect
238a2d86aefc216a6a6eef196c5e78523a56f00947d7abc65cfcdbf57de50269,2019-02,Merseyside Police,Merseyside Police,-2.995734,53.442799,On or near BRASENOSE ROAD,E01007010,Sefton 037E,Suspect charged
794331158e39eee908fe1ce6f3fe7548f2c60364e45786600a345726bd1b3df1,2019-02,Merseyside Police,Merseyside Police,-2.998701,53.444761,On or near WILLIAM HENRY STREET,E01007009,Sefton 037D,Unable to prosecute suspect
00c9386ddaadcf392ef1fd6c7170e7641f5c140117c2774cf4773b46696775b1,2019-02,Merseyside Police,Merseyside Police,-3.043978,53.394530,On or near ASHVILLE ROAD,E01007156,Wirral 015B,Suspect charged
857b59e6bddfe31ecc95aee3337d24cb0dc3000c05c1368861e8120b4e5cac19,2019-02,Merseyside Police,Merseyside Police,-2.979600,53.406392,On or near ELLIOT STREET,E01033760,Liverpool 060C,Further investigation is not in the public interest
5037c422bd1db92a11b20afb17ae1bbd3b325a4844d412355bae03d07fee3511,2019-02,Merseyside Police,Merseyside Police,-2.903073,53.415346,On or near LEXHAM ROAD,E01006569,Liverpool 029B,Investigation complete; no suspect identified
59d1b01ad1b329bc86856249007eb96540069dc0d11b8014943acaafedbcca9e,2019-02,Merseyside Police,Merseyside Police,-3.002177,53.650960,On or near Shopping Area,E01033097,Sefton 004G,Investigation complete; no suspect identified
697482a8fb721ab6953e21ad5c7b3cc51a093db5a52d9cebaaca00afffde5eca,2019-02,Merseyside Police,Merseyside Police,-2.927020,53.453815,On or near SPARROW HALL CLOSE,E01006735,Liverpool 005D,Formal action is not in the public interest
db6fd2801007554444ab7c5a1d0421228f5a157b54e8649a4e9db6694ab442d1,2019-02,Merseyside Police,Merseyside Police,-2.949065,53.480743,On or near AINTREE WAY,E01007041,Sefton 027A,Unable to prosecute suspect
2b07b7267df6e0954e85840e1cf55070272aed8863d8d5fd3620032abcbd9acf,2019-02,Merseyside Police,Merseyside Police,-3.020374,53.477090,On or near HAIGH ROAD,E01006959,Sefton 032D,Unable to prosecute suspect
1fa96edfb9261c75a83c3a0eae0a356d2732efd4ad91059566656fc040d79587,2019-02,Merseyside Police,Merseyside Police,-2.986888,53.329962,On or near PARK VIEW,E01007136,Wirral 039B,Investigation complete; no suspect identified
5122ec527f7b03c55cc90fcbdbef33c90102f0a246106cf74944c7807358961c,2019-02,Merseyside Police,Merseyside Police,-2.762123,53.442972,On or near PRESCOT ROAD,E01006835,St. Helens 016C,Investigation complete; no suspect identified
967ad37c3143e84656aab745ce6656629d6ac25d9963287f7344ea0e14a529fd,2019-02,Merseyside Police,Merseyside Police,-3.015925,53.479420,On or near KNIGHTSWAY,E01006955,Sefton 030A,Investigation complete; no suspect identified
833d13046ef019b3da21effced2bac090741a32214cd74a94761f80b747980df,2019-02,Merseyside Police,Merseyside Police,-2.918078,53.456059,On or near EAST LANCASHIRE ROAD,E01006660,Liverpool 001E,Unable to prosecute suspect
995e41723bc151730077c6d40687ea7d1c6034eae91ba489e50fafdcd7d2f3a7,2019-02,Merseyside Police,Merseyside Police,-2.964798,53.427637,On or near ADAM STREET,E01033747,Liverpool 018F,Unable to prosecute suspect
aeda1c57a7429183dc2ad893441101d47ca9518a293c3b0860c65a26964b1a60,2019-02,Merseyside Police,Merseyside Police,-2.965485,53.430705,On or near WALTON BRECK ROAD,E01006558,Liverpool 018B,Investigation complete; no suspect identified
3de0bae8f9366fbe1c953550210ef0bfbd2dc8eef8ec30a7f11f66e61c33f053,2019-02,Merseyside Police,Merseyside Police,-2.725152,53.479490,On or near LINGMELL AVENUE,E01006850,St. Helens 004B,Unable to prosecute suspect
8f40018f7cf226f011c4f53dd96ab9dc949a1562c2d3da2eedc1beb5d1d68b26,2019-02,Merseyside Police,Merseyside Police,-2.946440,53.423020,On or near DOMINION STREET,E01006540,Liverpool 024A,Investigation complete; no suspect identified
bca021c00668b0ecb989e2b6e0749a88aaa3cb612d76b561ca224aad9d0f67d1,2019-02,Merseyside Police,Merseyside Police,-2.734852,53.459179,On or near SWIFT STREET,E01006881,St. Helens 012E,Action to be taken by another organisation
aa3e5e132333cabf713c40288e9214f411b6c91d3260643ab6f62001eb4b9b87,2019-02,Merseyside Police,Merseyside Police,-2.983672,53.419222,On or near MILE END,E01033764,Liverpool 022E,Investigation complete; no suspect identified
3cb9b0c0cdc6c0db8d071a4cbe6174c05a5df1bbb69bbe596a0d36702082bf11,2019-02,Merseyside Police,Merseyside Police,-2.970909,53.448774,On or near BUCHANAN ROAD,E01006790,Liverpool 006C,Further investigation is not in the public interest
1f3fd8e32d0555d6eb54b1062de52dbea27bb079a9b9ca7b7d120d618e8200a6,2019-02,Merseyside Police,Merseyside Police,-2.753055,53.461403,On or near TENNIS STREET NORTH,E01006916,St. Helens 007C,Unable to prosecute suspect
e98739e89dc8290e1e8df381ed1f5702d768a68326599934953f939ffaaf6287,2019-02,Merseyside Police,Merseyside Police,-2.874809,53.488186,On or near BIGDALE COURT,E01006448,Knowsley 001A,Investigation complete; no suspect identified
d603addf603184e888cefa93b989495b3c13a7f27fde19208b9fa94ef5bf12ca,2019-02,Merseyside Police,Merseyside Police,-2.983878,53.406618,On or near Supermarket,E01033760,Liverpool 060C,Investigation complete; no suspect identified
7d726d00e9359a978b4196910adc37a2c6386a62174aca097dc6f3fffff29f4e,2019-02,Merseyside Police,Merseyside Police,-3.010684,53.375526,On or near FAIRHAVEN CLOSE,E01007293,Wirral 027C,Unable to prosecute suspect
d87b66a9cbf87d67f511c4be604a3ad741faa18a2862e20647eb138821fc1c31,2019-02,Merseyside Police,Merseyside Police,-2.730682,53.472436,On or near ULLSWATER AVENUE,E01006851,St. Helens 004C,Unable to prosecute suspect
305094c303a9fd4d18ecf3290d3c96c65ad3a42f2651a74a6f7109c236752aec,2019-02,Merseyside Police,Merseyside Police,-3.064957,53.421617,On or near RADSTOCK ROAD,E01007312,Wirral 003C,Unable to prosecute suspect
2484b4dd19db863a120b358a34d9a1774e7a6dec375f8f76b5e10bafd29fa070,2019-02,Merseyside Police,Merseyside Police,-2.894293,53.411377,On or near Parking Area,E01006567,Liverpool 026A,Further investigation is not in the public interest
afffb144b6bb7f703fc9788cd1860f34328b94db5277f5e0b40b8a25a7e42674,2019-02,Merseyside Police,Merseyside Police,-3.056486,53.403454,On or near ILCHESTER ROAD,E01007122,Wirral 011C,Investigation complete; no suspect identified
349986fb85894ec3d92e9ba0b9c5efd7ea93bbeed2f4cd95e804a6c37c90aa37,2019-02,Merseyside Police,Merseyside Police,-2.992588,53.423445,On or near SNOWDON LANE,E01006776,Liverpool 022B,Investigation complete; no suspect identified
2bc449ccea14635548f8a002cc7bf9bb639128bf0e9eb8c30cd5c6ef5b3666e0,2019-02,Merseyside Police,Merseyside Police,-2.761894,53.444448,On or near QUEENS ROAD,E01006835,St. Helens 016C,Investigation complete; no suspect identified
7414975a1ef62a0592797f3261bc0374eebad9234fa30d6ee0782f765dabf220,2019-02,Merseyside Police,Merseyside Police,-2.740275,53.457509,On or near CRAB STREET,E01006877,St. Helens 012C,Investigation complete; no suspect identified
7bd07fe3146b40e8efecd0c580252a794ea68395c9d5ef126f95b46e5165b5bf,2019-02,Merseyside Police,Merseyside Police,-3.027237,53.382513,On or near ROSE PLACE,E01007131,Wirral 021B,Investigation complete; no suspect identified
e29d1b4ca3e3297b123de639e9ab257f53e56c505024b88096c1ca7951fcff97,2019-02,Merseyside Police,Merseyside Police,-2.701858,53.451278,On or near PENNINE CLOSE,E01006821,St. Helens 011C,Investigation complete; no suspect identified
1b05e09d013e57645480851c361fcc4454c97526531f7ccbe5db7df86375c15c,2019-02,Merseyside Police,Merseyside Police,-2.997353,53.478444,On or near LOWDEN AVENUE,E01006982,Sefton 031C,Unable to prosecute suspect
5b4d915806b99b894c39dcffdad43f69b8781c4dc31e5450649a7ce5aa0660f0,2019-02,Merseyside Police,Merseyside Police,-2.723433,53.443105,On or near BOURNE GARDENS,E01006912,St. Helens 019G,Unable to prosecute suspect
23512adf1f0e5b501151e50916c4e8da0bb72f92c14b536d16dbc0d3fa7a0735,2019-02,Merseyside Police,Merseyside Police,-2.723433,53.443105,On or near BOURNE GARDENS,E01006912,St. Helens 019G,Unable to prosecute suspect
4536e1d15579cdf09795fd69ba2fe7dbe434139158eba2741ed3d8ec84a411f2,2019-02,Merseyside Police,Merseyside Police,-2.709877,53.451743,On or near SHERINGHAM CLOSE,E01006874,St. Helens 014E,Unable to prosecute suspect
4710f881a12d51f50ab7fec0e2556027df5b947a358d786bc1ecb607b448380b,2019-02,Merseyside Police,Merseyside Police,-2.968209,53.438675,On or near WINSLOW STREET,E01006611,Liverpool 012A,Investigation complete; no suspect identified
39af4cff0b9aa1af0fecfef7fcbfe1a8b209e8edb50954ab827c471030403e6e,2019-02,Merseyside Police,Merseyside Police,-2.938386,53.413321,On or near ELM VALE,E01006690,Liverpool 028A,Investigation complete; no suspect identified
223c2ac7ab522aaed5f5ce6c3f6cc1f2e7ab11346169c138280a9c3fa089dbc2,2019-02,Merseyside Police,Merseyside Police,-2.892759,53.374039,On or near ALLERTON ROAD,E01006535,Liverpool 054B,Investigation complete; no suspect identified
a826a0f61d3d4135f111356be9c7d52e270c7f1c95262573264e3122798facb6,2019-02,Merseyside Police,Merseyside Police,-2.879440,53.473114,On or near MIDDLEWOOD,E01006435,Knowsley 005D,Unable to prosecute suspect
8b9d3fceb1bc30119852a510541f597821a582ab7afd8c5c49fafda551f89047,2019-02,Merseyside Police,Merseyside Police,-2.985910,53.450233,On or near PARK STREET,E01006967,Sefton 037A,Unable to prosecute suspect
c801315a3edda157f28f5305675ebd2113396c51cc313042cd7dec156b1d49b4,2019-02,Merseyside Police,Merseyside Police,-2.982736,53.424938,On or near HANKIN STREET,E01006779,Liverpool 022D,Investigation complete; no suspect identified
559195f1874751fde640f776a45a9c19d96fca1140dfbec1aa2e1703b648d123,2019-02,Merseyside Police,Merseyside Police,-2.998351,53.450391,On or near WAVERLEY STREET,E01007007,Sefton 037B,Unable to prosecute suspect
0cd0f7772563b525d9b9a5b782d89f9eb292232f67050f343a280a7852588ab7,2019-02,Merseyside Police,Merseyside Police,-3.014373,53.464925,On or near Pedestrian Subway,E01007004,Sefton 034A,Unable to prosecute suspect
0cd0f7772563b525d9b9a5b782d89f9eb292232f67050f343a280a7852588ab7,2019-02,Merseyside Police,Merseyside Police,-3.014373,53.464925,On or near Pedestrian Subway,E01007004,Sefton 034A,Unable to prosecute suspect
0cd0f7772563b525d9b9a5b782d89f9eb292232f67050f343a280a7852588ab7,2019-02,Merseyside Police,Merseyside Police,-3.014373,53.464925,On or near Pedestrian Subway,E01007004,Sefton 034A,Unable to prosecute suspect
f1836c2f1bc3e79ce925c5ceff161933b88aebaf8fea3628bc361468d496cc6d,2019-02,Merseyside Police,Merseyside Police,-2.730833,53.475958,On or near ENNERDALE AVENUE,E01006855,St. Helens 004G,Investigation complete; no suspect identified
90142b24b95f19d73da7964ed0291238bf1668bb791dd7cb8f0d5fec29ec3f34,2019-02,Merseyside Police,Merseyside Police,-2.751741,53.448431,On or near ENFIELD STREET,E01006834,St. Helens 012B,Suspect charged
9034f74559032750748683ce42786b1736179bc80fc39e25a35b4771f277a702,2019-02,Merseyside Police,Merseyside Police,-2.981541,53.395949,On or near NORFOLK STREET,E01006515,Liverpool 037B,Unable to prosecute suspect
c6e26eb3cbfda752c947e2307b461d5a6c6d342fd6a434d36f4418140511e81b,2019-02,Merseyside Police,Merseyside Police,-2.930889,53.426881,On or near DEANSBURN ROAD,E01006765,Liverpool 020E,Unable to prosecute suspect
01af69401ee5cbedd814eb2f400015f1768fcd47070013e668262711d57f3ac5,2019-02,Merseyside Police,Merseyside Police,-2.870722,53.426284,On or near CROSSFORD ROAD,E01006637,Liverpool 017A,Investigation complete; no suspect identified
3ac53bed27ba154d7f1f81a4cfbd84268c65c56619011bb276b3175323ae7539,2019-02,Merseyside Police,Merseyside Police,-2.929153,53.366597,On or near SILVERTON ROAD,E01006519,Liverpool 056A,Investigation complete; no suspect identified
8f4f34c11c37acc348bc91af67be4b10c396c9e7ffb8754092ba57bd557659ab,2019-02,Merseyside Police,Merseyside Police,-2.970527,53.447249,On or near BREEZE HILL,E01006705,Liverpool 009E,Investigation complete; no suspect identified
4a1dfc5bd0053fe079acff307721404d5e0939ca613ec920279b9253d86ea941,2019-02,Merseyside Police,Merseyside Police,-2.941818,53.485520,On or near WINCHESTER AVENUE,E01007043,Sefton 027B,Unable to prosecute suspect
79c46d5b8f99264a9c6a8536542084ae0168b0842645c4959c76d8bcec5f323c,2019-02,Merseyside Police,Merseyside Police,-2.930889,53.426881,On or near DEANSBURN ROAD,E01006765,Liverpool 020E,Unable to prosecute suspect
8d1242a7ca333f36f653ea68455f0592912fc53e9f6434c4d2e4b4ef42aa3623,2019-02,Merseyside Police,Merseyside Police,-2.973034,53.436361,On or near FORDHAM STREET,E01006700,Liverpool 012E,Investigation complete; no suspect identified
ac6dfee2860d8bca7be5609c5b3b304690bf697851e93f9573972ed21b267488,2019-02,Merseyside Police,Merseyside Police,-2.930640,53.410658,On or near WEST BANK ROAD,E01006692,Liverpool 028B,Investigation complete; no suspect identified
f70d9fd66c2231efd40b71e6cb16e770027d85c5382d0a2806bf9060f0152ca3,2019-02,Merseyside Police,Merseyside Police,-2.948262,53.510251,On or near BUCKINGHAM ROAD,E01007072,Sefton 020D,Further investigation is not in the public interest
8178004fac9897cb61b58b1872653e5e6e8f7d51c41cca6d82c95a6a8feb3076,2019-02,Merseyside Police,Merseyside Police,-2.643022,53.453992,On or near HAYDOCK STREET,E01006863,St. Helens 013A,Investigation complete; no suspect identified
d9143e9a9e74ec53c990825f30b0a8bf57f20930249d6a76d3258a7c415ca30f,2019-02,Merseyside Police,Merseyside Police,-2.729402,53.411851,On or near SHELLEY STREET,E01006910,St. Helens 022E,Unable to prosecute suspect
d07fe13f6dcc2eadfa88481a9d35541f7076348cde64bc22453f8d4e12186804,2019-02,Merseyside Police,Merseyside Police,-3.058085,53.399394,On or near SUMNER ROAD,E01007125,Wirral 015A,Suspect charged
9682252642a6124070e974bc8d0ffd41d11594a075cb1aa3458203e1e2ba5a0d,2019-02,Merseyside Police,Merseyside Police,-3.039272,53.395173,On or near Sports/Recreation Area,E01007155,Wirral 020A,Unable to prosecute suspect
0037fe29bfad6d5859e0e3a1f5fb79ecbd5f3301a04e241b2b419f240e3a13d9,2019-02,Merseyside Police,Merseyside Police,-2.982736,53.424938,On or near HANKIN STREET,E01006779,Liverpool 022D,Unable to prosecute suspect
e3da72f8439308149f6de11f593d42694ff45440e053551857ade5a9c2d227f4,2019-02,Merseyside Police,Merseyside Police,-2.993433,53.451295,On or near WASHINGTON PARADE,E01007009,Sefton 037D,Unable to prosecute suspect
c23557b02171d60337dbc62b3e063fc86961bac36ac70ff017b66b00521c4ba0,2019-02,Merseyside Police,Merseyside Police,-2.921035,53.409663,On or near TAPLEY PLACE,E01032509,Liverpool 027H,Investigation complete; no suspect identified
7c32b854f2cccc9c2778384ebfbb27a67d039e44742f9d22236a1af51aef3e5b,2019-02,Merseyside Police,Merseyside Police,-3.175612,53.396740,On or near FERNDALE ROAD,E01007201,Wirral 014D,Investigation complete; no suspect identified
c3194d01ee82fc528eb3eb708c15cd3cb6fd586b25fb82c4a7ce29beea04dfda,2019-02,Merseyside Police,Merseyside Police,-2.976571,53.402192,On or near ROSCOE PLACE,E01033761,Liverpool 060D,Suspect charged
7404ac12b4094a5d4272078cc379c5f2ae6e49aac3e2ba364dcdb3ed46aa3e9a,2019-02,Merseyside Police,Merseyside Police,-3.032491,53.416365,On or near LISCARD ROAD,E01007275,Wirral 005E,Investigation complete; no suspect identified
8cbbee51bb262cfd69623e57df536ab350bac3e7e13dd6845693f9b6b97c5f35,2019-02,Merseyside Police,Merseyside Police,-2.751741,53.448431,On or near ENFIELD STREET,E01006834,St. Helens 012B,Suspect charged
e0f8b3a1edda058ab38de36b56759ea775990a5924521fd34a57d8ebbcc1ff5f,2019-02,Merseyside Police,Merseyside Police,-3.010245,53.485806,On or near NAZEBY AVENUE,E01007108,Sefton 025F,Unable to prosecute suspect
374d0af8fcbd251c5b185b0c636a7f310bf7f8ba77b45193a67c03b99369bb9e,2019-02,Merseyside Police,Merseyside Police,-2.907508,53.406728,On or near INSALL ROAD,E01006585,Liverpool 032B,Unable to prosecute suspect
04c1b30443d28f398498cba9d7f2da6384662d90825114304f653c28d60006f1,2019-02,Merseyside Police,Merseyside Police,-2.879526,53.467091,On or near ROUGHDALE CLOSE,E01006418,Knowsley 005B,Investigation complete; no suspect identified
0e5bb955ee8161b69e46236d06374dfdcedee10234699db46d13e3c8209a7f09,2019-02,Merseyside Police,Merseyside Police,-2.855913,53.408287,On or near WYNWOOD PARK,E01006473,Knowsley 016B,Unable to prosecute suspect
da93f8266ecdbb5c2485df75ae52f90951b12f7c83b818ca69f14b61114b14ab,2019-02,Merseyside Police,Merseyside Police,-2.857598,53.424725,On or near CALGARTH ROAD,E01006470,Knowsley 008E,Unable to prosecute suspect
e42bdc279417527121f3e85391521478ddb2b768bf3b45cda8109c201cef606e,2019-02,Merseyside Police,Merseyside Police,-3.008616,53.647517,On or near Nightclub,E01006968,Sefton 004C,Unable to prosecute suspect
25662b14d9841d71165733cca2d66e85b4653451a6ea9128ab1c97a0e307cebb,2019-02,Merseyside Police,Merseyside Police,-2.955435,53.445672,On or near WOOLHOPE ROAD,E01006608,Liverpool 009A,Investigation complete; no suspect identified
68d099d20464fdac0603752d185bdcb1425ec9f298550ebeacfa2d7cee5601df,2019-02,Merseyside Police,Merseyside Police,-2.983878,53.406618,On or near Supermarket,E01033760,Liverpool 060C,Investigation complete; no suspect identified
4a0116db509564019f0607a62fda9486cd9d84c6d26be3e4e6673c02c02d5eae,2019-02,Merseyside Police,Merseyside Police,-2.985267,53.649222,On or near HARTWOOD ROAD,E01007064,Sefton 006E,Unable to prosecute suspect
e9343fe6a14fbe0fccdefe0f074d882824ff60412b302b918e9cb49c0b9c4e4c,2019-02,Merseyside Police,Merseyside Police,-2.704831,53.453454,On or near BROAD OAK ROAD,E01006871,St. Helens 011D,Unable to prosecute suspect
9af0397941fc0c159249e12a362325875d1a9dbdd448cc05754386b260f79ea6,2019-02,Merseyside Police,Merseyside Police,-2.987381,53.407829,On or near DAVIES STREET,E01033762,Liverpool 060E,Unable to prosecute suspect
e9862f98cafe46f6338a56ebea75685eb216b29d99f0f33ce7e1492ec2b0f5cf,2019-02,Merseyside Police,Merseyside Police,-3.046436,53.412576,On or near ALDERLEY ROAD,E01007270,Wirral 010D,Investigation complete; no suspect identified
8961105fdd9508c82b51b32dcb0b17f41d9b0049d2ece0d640af54c7828ef248,2019-02,Merseyside Police,Merseyside Police,-2.960032,53.675188,On or near HARTLAND AVENUE,E01007036,Sefton 001E,Unable to prosecute suspect
4505de45c923979bf9c58e619cb65627acf73022f657766ed016bbddfa92cfc3,2019-02,Merseyside Police,Merseyside Police,-2.964825,53.442127,On or near KEITH AVENUE,E01006614,Liverpool 012B,Investigation complete; no suspect identified
f695fcfe60a05c51ceffe1db5be4eb4834525cdb5ee6c661caa8809588b65c98,2019-02,Merseyside Police,Merseyside Police,-2.987595,53.406057,On or near Nightclub,E01033760,Liverpool 060C,Unable to prosecute suspect
3739b4ed6ee5c40ea48da662ccad737133934100d3ae082c870dc58d183289f3,2019-02,Merseyside Police,Merseyside Police,-2.866011,53.408457,On or near Pedestrian Subway,E01006472,Knowsley 014A,Offender given a drugs possession warning
336effc45593ebc018d4fe1756a1f53ce280f4e7deb33a6137bff9eeb2d0be9c,2019-02,Merseyside Police,Merseyside Police,-2.928067,53.393375,On or near BROOKDALE ROAD,E01006724,Liverpool 038F,Investigation complete; no suspect identified
a44c3d8905da31f4c4f36a6ff0b7f26b08637e1efc1a163ad72841944b11df1b,2019-02,Merseyside Police,Merseyside Police,-3.023591,53.475508,On or near BACK SOUTH ROAD,E01006956,Sefton 030B,Unable to prosecute suspect
f0768d2634be571c8c2a34335a990decd49c6eaeb867218268f6335ec5b35e41,2019-02,Merseyside Police,Merseyside Police,-3.004786,53.630246,On or near COMPTON ROAD,E01007001,Sefton 008E,Investigation complete; no suspect identified
330154dde61de9228f47a5aef13c083d1ea95f7e27c49c5cfea1e62a9d06aa0e,2019-02,Merseyside Police,Merseyside Police,-2.930942,53.466486,On or near Hospital,E01006659,Liverpool 005B,Further investigation is not in the public interest
1bb34196430ccfc2a4303996fd84a6f51af80d87b5b30d3b83d8c32765bb6ec8,2019-02,Merseyside Police,Merseyside Police,-2.930669,53.479513,On or near BROOMSGROVE,E01007044,Sefton 026D,Investigation complete; no suspect identified
0c6e0cfab8a8501c43f69055a483c2b2940306efef1617fe32718c236cd50a3a,2019-02,Merseyside Police,Merseyside Police,-2.970582,53.387526,On or near FERNIE CRESCENT,E01006630,Liverpool 044B,Investigation complete; no suspect identified
670b0629c54ec98484b568cd18fa232ade5c704a596da4e1188950b22da9f28c,2019-02,Merseyside Police,Merseyside Police,-2.723821,53.453484,On or near ARDWICK STREET,E01006872,St. Helens 014C,Investigation complete; no suspect identified
04d10d1a4ec801db36a0a5075d22e69ab9e4263e77a3eba976c8994c1edd4cac,2019-02,Merseyside Police,Merseyside Police,-2.989201,53.405226,On or near LORD STREET,E01033756,Liverpool 061C,Investigation complete; no suspect identified
1916c684e50164f3913463a7bc5d33719e5692d8747dc9780e15977e7a492248,2019-02,Merseyside Police,Merseyside Police,-3.089807,53.358281,On or near THINGWALL ROAD EAST,E01007256,Wirral 034C,Investigation complete; no suspect identified
b147e37ba82a82a9f01c0e07c57e3d9e1699f42221099d205f9ca483c6440d60,2019-02,Merseyside Police,Merseyside Police,-2.966326,53.490996,On or near HOWARD FLOREY AVENUE,E01007083,Sefton 023A,Investigation complete; no suspect identified
14188ce179d2757e4aec27e79d1d5271a4434b7f5519fd427934a45fed0e4c62,2019-02,Merseyside Police,Merseyside Police,-2.949717,53.398562,On or near A5089,E01006752,Liverpool 035F,Suspect charged
482a764eb65c72b881f6f6769457aa96a0f0a0a2e30def97149b555620e8cc31,2019-02,Merseyside Police,Merseyside Police,-2.935249,53.394478,On or near Supermarket,E01006723,Liverpool 038E,Unable to prosecute suspect
91cc2a791645834cb42e98a75bf4bd6591e47b70e95cde37359dba2124fe059f,2019-02,Merseyside Police,Merseyside Police,-2.995398,53.464474,On or near OAKLAND CLOSE,E01007017,Sefton 034E,Investigation complete; no suspect identified
4a86266094f1ca01f32d4b6c45a8df2c1918660a9b213774c836b976b650ce47,2019-02,Merseyside Police,Merseyside Police,-3.059195,53.400481,On or near ARKLE ROAD,E01007122,Wirral 011C,Investigation complete; no suspect identified
694f84541df5d429f040c802f4ada4c868d0a32eaef5a90bf8144f0f17aae006,2019-02,Merseyside Police,Merseyside Police,-3.082662,53.402994,On or near ST OSWALD'S MEWS,E01007124,Wirral 011E,Investigation complete; no suspect identified
0534ce0414b1d9223d32fd294a12c6b379e081cef84f7619f1a690ce2a23b863,2019-02,Merseyside Police,Merseyside Police,-2.944233,53.437518,On or near WARNER DRIVE,E01006616,Liverpool 015D,Investigation complete; no suspect identified
0303f6162672c4c3aac101415b6881120aa2331448f86d16019c7b183f4f7c92,2019-02,Merseyside Police,Merseyside Police,-2.928241,53.389616,On or near Petrol Station,E01006551,Liverpool 048E,Investigation complete; no suspect identified
87ebb22def55ac54adb50eda6f8264847c74d55c0ce495d8a2c63d43d51fa5a4,2019-02,Merseyside Police,Merseyside Police,-2.872858,53.429863,On or near GAINFORD ROAD,E01006637,Liverpool 017A,Investigation complete; no suspect identified
b84a28c1772318d1b31744e1153724845da5783fc8c1e47cd6fe2d5b906b71df,2019-02,Merseyside Police,Merseyside Police,-3.013494,53.359663,On or near BRIARDALE ROAD,E01007112,Wirral 032B,Investigation complete; no suspect identified
f6c2ac406dced827ac203a33b4b09819c34f8920d3d527783a7919f5fd9e081e,2019-02,Merseyside Police,Merseyside Police,-3.017041,53.392479,On or near MARKET STREET,E01007126,Wirral 016A,Investigation complete; no suspect identified
62b3d1f9e510ef8e7642abcac26e0e1a15233bc86158fa833bc97b4c002654e0,2019-02,Merseyside Police,Merseyside Police,-2.911096,53.360615,On or near ESLINGTON STREET,E01006688,Liverpool 056E,Investigation complete; no suspect identified
fedfb842e330c68074af7d939b7e7e06d400d972a6c99dfd1e26e4798fc8ab47,2019-02,Merseyside Police,Merseyside Police,-2.930669,53.479513,On or near BROOMSGROVE,E01007044,Sefton 026D,Investigation complete; no suspect identified
dcdb43213656d332366307665e5bccac7273ba1fd51d8b9a29af48142f8f9b8a,2019-02,Merseyside Police,Merseyside Police,-2.752328,53.442441,On or near RAVENHEAD ROAD,E01006835,St. Helens 016C,Investigation complete; no suspect identified
d5c18df5b20e4b52a97c4c0e937fe2d128ea9b392d98a8aae3426981a1a68776,2019-02,Merseyside Police,Merseyside Police,-2.847152,53.365572,On or near BLAY CLOSE,E01006430,Knowsley 018C,Unable to prosecute suspect
9bc36da69e97486c4608e96c69059bd5ecb0fdb5991200bb7bfbef52246d62e8,2019-02,Merseyside Police,Merseyside Police,-2.908644,53.408509,On or near HASLINGDEN CLOSE,E01006566,Liverpool 032A,Investigation complete; no suspect identified
aad26e7c75c90c52d263c729e25aeee9b8f7dafba423e3581cdc034a39c32dcf,2019-02,Merseyside Police,Merseyside Police,-2.978382,53.422106,On or near GREAT HOMER STREET,E01006648,Liverpool 023D,Investigation complete; no suspect identified
0b870d34ae0cde41dbe1f4c6a83869be6c1c1ffbca9071f93f8a3c03938b1883,2019-02,Merseyside Police,Merseyside Police,-2.952136,53.436835,On or near INCE AVENUE,E01006541,Liverpool 015A,Investigation complete; no suspect identified
49c2a8923e722770d9323d6cbb03fb164fe6f367135d5b4c196a439274f36a47,2019-02,Merseyside Police,Merseyside Police,-2.964809,53.409497,On or near Hospital,E01006747,Liverpool 031B,Investigation complete; no suspect identified
ede03c911c9950cb340460e42f874c9da267cff68a4eb13a443e96d93158c92d,2019-02,Merseyside Police,Merseyside Police,-2.749643,53.453280,On or near BRUCE STREET,E01006880,St. Helens 012D,Investigation complete; no suspect identified
97e1187bd57fdeee6aada759af9fe74b5ec9d91284b125738b12544eaff12faf,2019-02,Merseyside Police,Merseyside Police,-3.043346,53.419677,On or near Supermarket,E01007214,Wirral 007C,Investigation complete; no suspect identified
b82400095d89f86a4e440e033279de6eec949d302a69629bdb6a409c9d29c8c8,2019-02,Merseyside Police,Merseyside Police,-2.943497,53.516365,On or near Parking Area,E01007095,Sefton 018C,Investigation complete; no suspect identified
a21edf5c4c58aeff0373a8f25ba4de7eb1413da8a7f43c6aba000545de0a4769,2019-02,Merseyside Police,Merseyside Police,-3.034580,53.377218,On or near PARKEND ROAD,E01007180,Wirral 022A,Unable to prosecute suspect
e2f63480e5b985a17bd5f62991c1009c0bf9a3aacbc470970daccbc45b0443fc,2019-02,Merseyside Police,Merseyside Police,-2.998750,53.626935,On or near Sports/Recreation Area,E01007001,Sefton 008E,Investigation complete; no suspect identified
591473922d96b4a3d92528534c824eab3d0a1472cdb9382684c3021c919d9368,2019-02,Merseyside Police,Merseyside Police,-2.865492,53.373260,On or near WOOLTON STREET,E01006533,Liverpool 055C,Investigation complete; no suspect identified
cfbecf540384f4e4d243ea9ab24cba964c1cdcbcbdfd549cd3ebea1bc9b83568,2019-02,Merseyside Police,Merseyside Police,-2.984697,53.388678,On or near SOUTH FERRY QUAY,E01033750,Liverpool 061A,Investigation complete; no suspect identified
6b819cb19b93ac2c0b1ba1090bcf98525352fddafedf482b07b82c1ddd85291f,2019-02,Merseyside Police,Merseyside Police,-2.821002,53.370213,On or near POPLAR CLOSE,E01006420,Knowsley 017A,Investigation complete; no suspect identified
365084c28d1828ebc8519c75e96af12e1b4f4ecbc0bdfacc53ba4610434834e7,2019-02,Merseyside Police,Merseyside Police,-2.946072,53.396290,On or near WHITTIER STREET,E01006556,Liverpool 039B,Investigation complete; no suspect identified
59a6f9fa307fc291ee95e11c6032723b8b449f633f9144dd995ad4ff5dfdf7b3,2019-02,Merseyside Police,Merseyside Police,-3.048341,53.568741,On or near Petrol Station,E01006987,Sefton 013C,Formal action is not in the public interest
647aeaaa940e3c9b3ad1da81866fd1cc6892de9475a49b5e873f73a955b9019b,2019-02,Merseyside Police,Merseyside Police,-2.986680,53.423710,On or near LYLE STREET,E01006779,Liverpool 022D,Suspect charged
cabc2b276506225f719d4fe00240e4526b1a0768eccbbff384816d534055d0c7,2019-02,Merseyside Police,Merseyside Police,-3.024127,53.353172,On or near TEEHEY GARDENS,E01007110,Wirral 035A,Investigation complete; no suspect identified
9c2aa565a6b5b8aafa2f0ec7a7f63cbe1cf401782fa6ad7bc1a7a10868e7e04c,2019-02,Merseyside Police,Merseyside Police,-2.797245,53.417943,On or near CEDAR CLOSE,E01006500,Knowsley 013B,Investigation complete; no suspect identified
e583faa7b3fa0f4e65924ab731f68e886a782927ce082c5b5e90527da4189713,2019-02,Merseyside Police,Merseyside Police,-2.878871,53.414934,On or near ADCOTE CLOSE,E01006485,Knowsley 014B,Investigation complete; no suspect identified
a8cd1c155c348e6eda4c16dc6f119c84cfb1dd0b49caf65cc803497d422785cd,2019-02,Merseyside Police,Merseyside Police,-3.033763,53.385683,On or near PENRITH STREET,E01007239,Wirral 022C,Investigation complete; no suspect identified
b70e78aabf2de2e0c702969100a2fb110aaec2db5b78c16ada75cf2cdeee67fd,2019-02,Merseyside Police,Merseyside Police,-2.992335,53.408705,On or near GEORGE STREET,E01033752,Liverpool 062B,Investigation complete; no suspect identified
e76ea07914b2d745d296189e7df948d8afc4c5ad2ee34ba58c0f278edaa56b22,2019-02,Merseyside Police,Merseyside Police,-2.762160,53.430729,On or near FOUNTAIN STREET,E01006906,St. Helens 019E,Investigation complete; no suspect identified
a82d13ea741110b0c1bfc64eaedce368d8764354fca49c2d4b3af1f8225a7f30,2019-02,Merseyside Police,Merseyside Police,-2.979358,53.403024,On or near Nightclub,E01033756,Liverpool 061C,Investigation complete; no suspect identified
49f90aa4105570cdf3438e50df278ae2a2097d33bfa587af459b7f9ccc78640c,2019-02,Merseyside Police,Merseyside Police,-2.877136,53.402281,On or near WOODBANK CLOSE,E01006774,Liverpool 036E,Investigation complete; no suspect identified
bb6657114443dfe807929b64135a719e50ec9d98afd005c96b76aa4ffff9d344,2019-02,Merseyside Police,Merseyside Police,-2.962357,53.384195,On or near ST LAWRENCE CLOSE,E01006678,Liverpool 044E,Unable to prosecute suspect
1d34fdd651a2600d0552b4d7b86653ea65c7a37178fd0340ae95650c27b8b013,2019-02,Merseyside Police,Merseyside Police,-2.749166,53.464663,On or near PRINCESS AVENUE,E01006915,St. Helens 007B,Investigation complete; no suspect identified
47d59f4d07c071a0cdda78389d89d1fbf568c3a8cb4e56693075e314fc57473d,2019-02,Merseyside Police,Merseyside Police,-2.733492,53.443205,On or near BURTONHEAD ROAD,E01006912,St. Helens 019G,Investigation complete; no suspect identified
15687f6cd205169c9371275e423d5148622d48eaa069be20ea0f6e6e6f40965b,2019-02,Merseyside Police,Merseyside Police,-3.011133,53.379234,On or near VANGUARD WAY,E01007293,Wirral 027C,Investigation complete; no suspect identified
f40c8373cd67a6fbcea98b1627d24f0bcd09987351c08a7123995fb317447d23,2019-02,Merseyside Police,Merseyside Police,-2.839058,53.411742,On or near Further/Higher Educational Building,E01006481,Knowsley 015E,Investigation complete; no suspect identified
f9cfb8871e18c96246376f2a9a3d1798ce5a2e4faee98942793b44e5f609013e,2019-02,Merseyside Police,Merseyside Police,-2.951514,53.424525,On or near NEWCOMBE STREET,E01006548,Liverpool 019D,Unable to prosecute suspect
23b6e1ab03ddb6c03b09713ca76d76c9a312f6dcfb27a7c108a0fa78573bf4ac,2019-02,Merseyside Police,Merseyside Police,-2.639494,53.455728,On or near BACK CROSS LANE,E01006867,St. Helens 010B,Investigation complete; no suspect identified
a69c8d014725c84a7f30d78bc35b725eef387a3b3d98561184d01f309038a678,2019-02,Merseyside Police,Merseyside Police,-2.977958,53.459386,On or near WILLIAM MORRIS AVENUE,E01007051,Sefton 035D,Unable to prosecute suspect
4ff62223f4e58284dbf0d0ac7a8b609cda2d93732a7f2aabb0d109c643ff3523,2019-02,Merseyside Police,Merseyside Police,-2.990764,53.395487,On or near Parking Area,E01033750,Liverpool 061A,Unable to prosecute suspect
ffc35aad754aea4b3fb443209456271cdf69a9b42dd0366c0e756b06df6825f3,2019-02,Merseyside Police,Merseyside Police,-2.967238,53.430386,On or near GOSCHEN STREET,E01006558,Liverpool 018B,Investigation complete; no suspect identified
314b2742132368d4127c7f50f14dc5f0c8e05425aa1043dc7e0c9f1267f35c2e,2019-02,Merseyside Police,Merseyside Police,-2.984211,53.476387,On or near HARRINGTON ROAD,E01006981,Sefton 031B,Investigation complete; no suspect identified
cc6494ea8828c5d7c968cf08b9dcfd0682dd177720438d73a5ca5309cc2cf1b0,2019-02,Merseyside Police,Merseyside Police,-2.895457,53.476788,On or near BEWLEY DRIVE,E01006455,Knowsley 004A,Offender given a caution
ed8e751b2d1da1482b2838cf964051f3ac750b7307ce9af80d4db1380d728df8,2019-02,Merseyside Police,Merseyside Police,-2.928329,53.392294,On or near GARMOYLE ROAD,E01006557,Liverpool 038B,Investigation complete; no suspect identified
1616840e7cef17d746625221d6bfa0915344ca661cd6dbabf3d4b6c550fbd980,2019-02,Merseyside Police,Merseyside Police,-2.788918,53.503687,On or near ARNIAN ROAD,E01006883,St. Helens 001B,Investigation complete; no suspect identified
0d43964c13d9fbf2854cf729f41b81ce9889da239b84ded548b6ad0c35e9dcbb,2019-02,Merseyside Police,Merseyside Police,-3.099611,53.327025,On or near MOUNT AVENUE,E01007182,Wirral 037A,Investigation complete; no suspect identified
c76c368a89f0da250e681382ef6ac924b698e3a6cc99f518c1d5fc19f6913dfb,2019-02,Merseyside Police,Merseyside Police,-2.979849,53.426346,On or near BOUNDARY STREET EAST,E01033764,Liverpool 022E,Investigation complete; no suspect identified
0aa872482a60d680d67df1fc650d6f31145611c2797c02f72a4911607ce89b95,2019-02,Merseyside Police,Merseyside Police,-2.722095,53.454744,On or near BOLTON STREET,E01006872,St. Helens 014C,Investigation complete; no suspect identified
b4cda916ca9bc7f7ae857a6026d7de116b35a0f2822c8900b414c97901e481fe,2019-02,Merseyside Police,Merseyside Police,-2.947011,53.396579,On or near CULLEN STREET,E01006556,Liverpool 039B,Investigation complete; no suspect identified
b36c853818522464ff9a43cd9432cdad6b5c09dfb4c9fad9ccc43bdb3c017f2c,2019-02,Merseyside Police,Merseyside Police,-2.847152,53.365572,On or near BLAY CLOSE,E01006430,Knowsley 018C,Unable to prosecute suspect
ba26e604553b5869e2207353c74055766a3d97dc570a5c88b9bd6dff1a12d404,2019-02,Merseyside Police,Merseyside Police,-2.752328,53.442441,On or near RAVENHEAD ROAD,E01006835,St. Helens 016C,Investigation complete; no suspect identified
fedd1786c8e293ad38f21cfb6c77adad7b492114e92d9ba7eccc27ce82bba350,2019-02,Merseyside Police,Merseyside Police,-2.976571,53.402192,On or near ROSCOE PLACE,E01033761,Liverpool 060D,Investigation complete; no suspect identified
9fe1673c84e01e2518f31806ffeabe2876b88c53805dd7cf26023959c878f9d7,2019-02,Merseyside Police,Merseyside Police,-2.910599,53.413375,On or near FERNLEIGH ROAD,E01006573,Liverpool 029C,Unable to prosecute suspect
2c0a6e1cadafa0f22957b4cf74a11bff97ed4aeb21ea00e41da41d9d9406f0b5,2019-02,Merseyside Police,Merseyside Police,-2.976571,53.402192,On or near ROSCOE PLACE,E01033761,Liverpool 060D,Investigation complete; no suspect identified
6a9d37d92a987e1db50fe9048926611f8d74a9876e8810dc643d8a61654ca37e,2019-02,Merseyside Police,Merseyside Police,-3.018155,53.475671,On or near ESHELBY CLOSE,E01006959,Sefton 032D,Investigation complete; no suspect identified
dbaf5467653c69e95b5b958a7656ea6445e163768033c410a3b9771690016f0f,2019-02,Merseyside Police,Merseyside Police,-2.975523,53.337966,On or near CALDBECK ROAD,E01007135,Wirral 039A,Investigation complete; no suspect identified
213a3da7480be37c8dc79b76de7fe1df0c735fc99a0a0de2f8f2e118c5977075,2019-02,Merseyside Police,Merseyside Police,-3.037621,53.388500,On or near RAVENSCROFT ROAD,E01007129,Wirral 016D,Suspect charged
ad35c61b27601e063e55b0a48846b749c64e786b6fbd5466ea8e6480c9bbbd1a,2019-02,Merseyside Police,Merseyside Police,-3.029300,53.390154,On or near Parking Area,E01007128,Wirral 016C,Investigation complete; no suspect identified
564144a07cf66ef50cd4a13c47e9d678064ddcf74a073de79d3af7ab34d9db3f,2019-02,Merseyside Police,Merseyside Police,-2.983322,53.418371,On or near LAIRDS PLACE,E01033764,Liverpool 022E,Investigation complete; no suspect identified
da122ec971c0c43243450ac8896d92bd3cc0eb49585defdb5a0892daf3c2e547,2019-02,Merseyside Police,Merseyside Police,-2.988819,53.356976,On or near ECCLESHALL ROAD,E01007140,Wirral 036A,Unable to prosecute suspect
5a15d3eb1e22b92be8890cea426f4454e0d567df103f1c3364aa3cdbaf2bf1e8,2019-02,Merseyside Police,Merseyside Police,-2.869379,53.380351,On or near THE RIDGEWAY,E01006794,Liverpool 046B,Investigation complete; no suspect identified
c2832594336be01af13026da213fe622e5c5aad509f39712eb06cea29125ce21,2019-02,Merseyside Police,Merseyside Police,-3.028920,53.413016,On or near HARTISMERE ROAD,E01007272,Wirral 008A,Unable to prosecute suspect
ef6ece76b069ad6d036d209ac13472e6e6ed1b08e1c1921b9d68e5b022b01940,2019-02,Merseyside Police,Merseyside Police,-3.027109,53.417778,On or near CHURCHMEADOW CLOSE,E01007275,Wirral 005E,Investigation complete; no suspect identified
60cdfa9659264c8432ec193c4fdde9e8a17e57ae1ec2d4e5daa344f9409c1385,2019-02,Merseyside Police,Merseyside Police,-2.887527,53.481612,On or near SOUTH PARADE,E01006437,Knowsley 003D,Investigation complete; no suspect identified
93d618dcc1dccef54dba18e9a28cf28879dcf05b740a382b20611758d12657ea,2019-02,Merseyside Police,Merseyside Police,-2.959059,53.424744,On or near RYDAL STREET,E01006563,Liverpool 024B,Investigation complete; no suspect identified
fa3f233e58de7ca17aab57bfc4de503c8161ef6d935e8d16460bcc11d205f3a7,2019-02,Merseyside Police,Merseyside Police,-3.033279,53.412843,On or near HALVILLE ROAD,E01007275,Wirral 005E,Investigation complete; no suspect identified
284f23b8df6190bf0c974e082b62d73b6d89dfdaa306700f60b58f3dc1b5c39d,2019-02,Merseyside Police,Merseyside Police,-2.786421,53.420064,On or near Hospital,E01006499,Knowsley 009E,Unable to prosecute suspect
c6cd5a19e2638e0e53c9083e3f035a4f9d899aa5157d1b464962ebcaa62269d4,2019-02,Merseyside Police,Merseyside Police,-2.902481,53.451333,On or near REGAL ROAD,E01006664,Liverpool 004D,Investigation complete; no suspect identified
55fa5723ddb19c34fcb928cb956a8569e1398b1ea7182c93dae840505d86789a,2019-02,Merseyside Police,Merseyside Police,-2.981930,53.406967,On or near Parking Area,E01033760,Liverpool 060C,Investigation complete; no suspect identified
99279085378e8b7417dce5b43f844f1016d7d14a0036d1147de5ba83a35c0cc9,2019-02,Merseyside Police,Merseyside Police,-2.943921,53.515103,On or near STAFFORD MORETON WAY,E01007072,Sefton 020D,Investigation complete; no suspect identified
e2c7ecb8368af01ad18da0e7f6fd5009db2e1d47bab740bb688987c97510a80d,2019-02,Merseyside Police,Merseyside Police,-2.797893,53.426028,On or near LAYTON WAY,E01006463,Knowsley 007C,Investigation complete; no suspect identified
a17a8b559aa246d1a8d42d5a2e25839f0b41e100d172bb4baf7ce0f22341b14c,2019-02,Merseyside Police,Merseyside Police,-2.949541,53.389296,On or near SEFTON PARK ROAD,E01006675,Liverpool 043C,Investigation complete; no suspect identified
e6c9ff4d96b93713c0da4134ff79fbff75b628937e503bb9708b2e6b58561f49,2019-02,Merseyside Police,Merseyside Police,-2.961963,53.446069,On or near DELF LANE,E01006608,Liverpool 009A,Investigation complete; no suspect identified
399900ab6a9fc94c464493dced473d3773c91fe1bce2f9af8b11444ef1352980,2019-02,Merseyside Police,Merseyside Police,-2.674306,53.465783,On or near IRELAND ROAD,E01006838,St. Helens 006B,Unable to prosecute suspect
cea1b7e4af67dd6b05157ce964050bba7adaf64928854dd9b58619ee13941796,2019-02,Merseyside Police,Merseyside Police,-2.751561,53.393871,On or near Parking Area,E01006503,Knowsley 017D,Investigation complete; no suspect identified
c3d2cac806208738556afa5099bb4e23f6ba7650740d9b9c8c2cb02ed10db59b,2019-02,Merseyside Police,Merseyside Police,-2.720903,53.434149,On or near Supermarket,E01006846,St. Helens 020B,Formal action is not in the public interest
4ef28c51b33381f862fb99e7dd4c6b288ab8f99c9e2abb90a5ed21fac1e41a62,2019-02,Merseyside Police,Merseyside Police,-3.054934,53.496314,On or near WARD ROAD,E01006938,Sefton 022C,Investigation complete; no suspect identified
8b8c6571493ca87422596ec8debb087fb2940db16dc2c8a91e405223f12bbdd1,2019-02,Merseyside Police,Merseyside Police,-2.936080,53.423425,On or near Police Station,E01006761,Liverpool 020B,Unable to prosecute suspect
4eb5c01ace4849bbfc83911aaf1a5c9a63be6dea323dee0e8f278910c7c65549,2019-02,Merseyside Police,Merseyside Police,-2.977301,53.410420,On or near ISLINGTON,E01033760,Liverpool 060C,Formal action is not in the public interest
3c10907b23f1fc3e8f279d980cee821f1d4d56076dd02d3efd9bedcc8af369df,2019-02,Merseyside Police,Merseyside Police,-2.855584,53.474276,On or near Petrol Station,E01006446,Knowsley 005G,Formal action is not in the public interest
ee1b4573976214922001d85dcd29b3ab542bbb2c119e062e56c3823161bfe592,2019-02,Merseyside Police,Merseyside Police,-2.965526,53.450445,On or near NORTHCOTE ROAD,E01006791,Liverpool 006D,Unable to prosecute suspect
3b39d9afd5385a7d70798d42fb68f1a1d345435fd2ec9b99e85a6b1a1cc0b034,2019-02,Merseyside Police,Merseyside Police,-2.749643,53.453280,On or near BRUCE STREET,E01006880,St. Helens 012D,Investigation complete; no suspect identified
acdc0857371aba918d64d4b0c03f6fe1e920bc98ad1832a89418dff886cb6e52,2019-02,Merseyside Police,Merseyside Police,-2.935477,53.397344,On or near Supermarket,E01006722,Liverpool 038D,Unable to prosecute suspect
8bacad7c8aa9af8c5ef17ea11c0f4489eaf8197116b80c9070c3bf5293c8b7be,2019-02,Merseyside Police,Merseyside Police,-2.980900,53.656619,On or near ALLERTON ROAD,E01006949,Sefton 003C,Investigation complete; no suspect identified
ce0a502baf526656c30a8f832d02f17f28d16db69c0416045e19618bf0045cc7,2019-02,Merseyside Police,Merseyside Police,-2.889791,53.416965,On or near BROOKSIDE AVENUE,E01006571,Liverpool 026D,Unable to prosecute suspect
ebba55a5e4e0c699e8453b95d14ca4eb519e60000d105d1e941db342e8c4eee6,2019-02,Merseyside Police,Merseyside Police,-2.889791,53.416965,On or near BROOKSIDE AVENUE,E01006571,Liverpool 026D,Unable to prosecute suspect
d4f6fcf8ea9ac687c75bd8e45fb6d23bd15e7874cb6ece09d32befc2f4cf543a,2019-02,Merseyside Police,Merseyside Police,-2.838739,53.412355,On or near CENTRE WAY,E01006481,Knowsley 015E,Investigation complete; no suspect identified
c8967dd13ec6de29e68c0efa597aea243b966431ab491309a6384415bd445e65,2019-02,Merseyside Police,Merseyside Police,-3.000162,53.458241,On or near SCOTT STREET,E01007006,Sefton 036C,Suspect charged
ac104c61e75fcbf0b2373a9f0abacea5bc4416c1c5359f0abb46292473ab40c8,2019-02,Merseyside Police,Merseyside Police,-2.766806,53.432974,On or near SWISSPINE GARDENS,E01006827,St. Helens 018B,Investigation complete; no suspect identified
e0f7ad13c143c6e05718e3b6856f4c62312bf3cbeaab777e34f16d5b492025ce,2019-02,Merseyside Police,Merseyside Police,-3.068558,53.406807,On or near Sports/Recreation Area,E01007121,Wirral 011B,Suspect charged
e0f7ad13c143c6e05718e3b6856f4c62312bf3cbeaab777e34f16d5b492025ce,2019-02,Merseyside Police,Merseyside Police,-3.068558,53.406807,On or near Sports/Recreation Area,E01007121,Wirral 011B,Suspect charged
e0f7ad13c143c6e05718e3b6856f4c62312bf3cbeaab777e34f16d5b492025ce,2019-02,Merseyside Police,Merseyside Police,-3.068558,53.406807,On or near Sports/Recreation Area,E01007121,Wirral 011B,Suspect charged
b6ea93c8d0e33d3892775338bb201e26feb9a3b4668b86c457f764b9eeba6321,2019-02,Merseyside Police,Merseyside Police,-2.726162,53.475987,On or near BECK GROVE,E01006855,St. Helens 004G,Investigation complete; no suspect identified
1310da36b19785f7628dfef18bf60d37139ee894da30f00d3a41688500564057,2019-02,Merseyside Police,Merseyside Police,-2.915536,53.423288,On or near Petrol Station,E01006717,Liverpool 027D,Investigation complete; no suspect identified
dc1067bf675bbf07d3c85291b5485419f76e762a4695939c25ce3f3739bf1006,2019-02,Merseyside Police,Merseyside Police,-2.969045,53.414542,On or near SHAW STREET,E01006646,Liverpool 023C,Formal action is not in the public interest
a2d18d4c7c781ed3799651b1558efd29c72977a3449c360afa038f06445a31d9,2019-02,Merseyside Police,Merseyside Police,-2.972851,53.491599,On or near WESTMINSTER AVENUE,E01007085,Sefton 023B,Investigation complete; no suspect identified
65dbd532283de7258cea69d31799908329712003885abc36653418793e2cae75,2019-02,Merseyside Police,Merseyside Police,-2.976568,53.430310,On or near KIRKDALE ROAD,E01006560,Liverpool 023A,Investigation complete; no suspect identified
a58c463c6706b2c9b9d949518cf1fe33ecea54fbf0f64760f3fabea0811e06d4,2019-02,Merseyside Police,Merseyside Police,-3.000343,53.652099,On or near GORDON STREET,E01033097,Sefton 004G,Unable to prosecute suspect
0248f989cb83bd7ea244d3fea96ab305ee36140fd32639f7be5345c5c09c1c87,2019-02,Merseyside Police,Merseyside Police,-3.015414,53.364564,On or near KING'S LANE,E01007178,Wirral 029E,Investigation complete; no suspect identified
abe2934612e398196f77248c7b2ce2a5a7799b7af01355762d56c5247df988f1,2019-02,Merseyside Police,Merseyside Police,-3.025659,53.391300,On or near ELM STREET,E01007128,Wirral 016C,Unable to prosecute suspect
e9af2548f342951056898dec95387c73fa497115fcf54459b018726326d458ca,2019-02,Merseyside Police,Merseyside Police,-2.966444,53.431201,On or near BALFOUR STREET,E01006558,Liverpool 018B,Investigation complete; no suspect identified
40fd6ec967a5a262c693d20905b42cb921db10beb298ec5ef38fa9426f2ef974,2019-02,Merseyside Police,Merseyside Police,-3.030260,53.389426,On or near RIVER STREET,E01007128,Wirral 016C,Investigation complete; no suspect identified
13999d53d11efb2dc74c685e41c3f6f408e0bc13c9e081bf4532857623ffb3b1,2019-02,Merseyside Police,Merseyside Police,-3.022149,53.478828,On or near HICKS ROAD,E01006956,Sefton 030B,Investigation complete; no suspect identified
196af13aa80a28082a0cdfa68040d09737d36755fee30783d11568616ba400ae,2019-02,Merseyside Police,Merseyside Police,-2.674306,53.465783,On or near IRELAND ROAD,E01006838,St. Helens 006B,Offender given a caution
ebdb4bab7c63c46eccc111994f9c4adb093cbccbba262ca2e77874a9c9a1f4a1,2019-02,Merseyside Police,Merseyside Police,-2.902481,53.451333,On or near REGAL ROAD,E01006664,Liverpool 004D,Investigation complete; no suspect identified
05def7594845c9f4194f65c1533b1ec93fac1032cc633bf07936f51536f4c899,2019-02,Merseyside Police,Merseyside Police,-2.936649,53.416463,On or near FAIRFIELD CRESCENT,E01006759,Liverpool 028D,Investigation complete; no suspect identified
51a3ed3a450263b0ec6de2e076efe3b9948d9fa52002b19a225497b0b588793d,2019-02,Merseyside Police,Merseyside Police,-2.849860,53.370991,On or near MARKFIELD CRESCENT,E01006433,Knowsley 018D,Unable to prosecute suspect
71ec4e2e0d183880ba99c7ddd4867c3693404821619516d69bbe16046a0de0b2,2019-02,Merseyside Police,Merseyside Police,-2.733815,53.453208,On or near BICKERSTAFFE STREET,E01006872,St. Helens 014C,Suspect charged
25482e7878dea2e0344e0736aef11f83cea63b3705efe3348032f5360dfab71f,2019-02,Merseyside Police,Merseyside Police,-2.974206,53.436909,On or near BARLOW STREET,E01006701,Liverpool 014B,Investigation complete; no suspect identified
af640c13a70fa77de5e7f2891486bb848f74fa5548cd1ef11060b9d878f4be36,2019-02,Merseyside Police,Merseyside Police,-2.964305,53.384584,On or near PARK ROAD,E01006632,Liverpool 044C,Local resolution
b0b5c00f6bb90b089074d2e0db3bd711cdf4be88f8bb7474100c698cde649366,2019-02,Merseyside Police,Merseyside Police,-3.032563,53.397577,On or near LIVINGSTONE STREET,E01007133,Wirral 016E,Investigation complete; no suspect identified
434fec36084336a28874cd846098daaf65d2c349612c1aa249866efecc9e850d,2019-02,Merseyside Police,Merseyside Police,-2.974646,53.431152,On or near ALVINA LANE,E01006703,Liverpool 014D,Investigation complete; no suspect identified
6ebe069f3ef0759d7536e0eb4a94c4589a7f29bbe3f81d365b3d8004beffe8ba,2019-02,Merseyside Police,Merseyside Police,-3.026004,53.386892,On or near CIRCULAR ROAD,E01007128,Wirral 016C,Investigation complete; no suspect identified
8336947cc1159c44f1ce3961015fe1d6d399d6167c618135a1153f33e3a1271b,2019-02,Merseyside Police,Merseyside Police,-2.911768,53.407568,On or near DOMVILLE ROAD,E01006585,Liverpool 032B,Investigation complete; no suspect identified
afcf9985eb2610c4df37c9d4570572ceb7a877e9b67f4f2945e35acaae607422,2019-02,Merseyside Police,Merseyside Police,-2.961963,53.446069,On or near DELF LANE,E01006608,Liverpool 009A,Unable to prosecute suspect
83848ff69b9d28c7cb5ceec062ddac44593248ab891accea11980e06bc8631e3,2019-02,Merseyside Police,Merseyside Police,-2.781279,53.502326,On or near HEYES GROVE,E01006885,St. Helens 001D,Investigation complete; no suspect identified
39dab76a995b8ec6917bd835599cb1085d23eca51c10d53e8c9aded7182615cb,2019-02,Merseyside Police,Merseyside Police,-2.740640,53.453372,On or near WESTFIELD STREET,E01006832,St. Helens 012A,Investigation complete; no suspect identified
2c21a7c122a51d0d544805d608068336eefd81b444247391cc64f8ebad0a8d93,2019-02,Merseyside Police,Merseyside Police,-2.972364,53.415593,On or near FIELD STREET,E01006646,Liverpool 023C,Unable to prosecute suspect
9d7b62847eca0d7038b2375d672215ffa128bf207c29cc7e6996badbf8e91c48,2019-02,Merseyside Police,Merseyside Police,-3.051020,53.376966,On or near HOLM VIEW CLOSE,E01007242,Wirral 020E,Investigation complete; no suspect identified
eb639bb3ef0927e57b6d9bc44c953e324a59641230dd9966853e80d0f4fe51ca,2019-02,Merseyside Police,Merseyside Police,-2.940063,53.423205,On or near RADNOR PLACE,E01006760,Liverpool 028E,Investigation complete; no suspect identified
9da872d753e08494190bd5aac29a909888819db266e50612b93482c3e2aad13e,2019-02,Merseyside Police,Merseyside Police,-2.759875,53.435975,On or near STEVENS STREET,E01006903,St. Helens 019C,Investigation complete; no suspect identified
f9c4b61330bfd3503cd92f6f4c058028344ed9c06273b6ce579e3b8b0a06c9a6,2019-02,Merseyside Police,Merseyside Police,-2.965465,53.447767,On or near Parking Area,E01006608,Liverpool 009A,Offender given penalty notice
30e5b40245be5765c3fb439681540a95fa488a752d2de631f983af6a60ea45f8,2019-02,Merseyside Police,Merseyside Police,-2.734840,53.452401,On or near Shopping Area,E01006872,St. Helens 014C,Suspect charged
47130254044da745b120c18d90473e05d69ac545b19ffa9601c1d8b73eabe08c,2019-02,Merseyside Police,Merseyside Police,-2.959273,53.424886,On or near THIRLMERE ROAD,E01006562,Liverpool 018E,Unable to prosecute suspect
85539bacec8e7b2b301aa50cee471614f7023e6a05c51a76c37564aebbdd115d,2019-02,Merseyside Police,Merseyside Police,-3.026419,53.474692,On or near SOUTH ROAD,E01006956,Sefton 030B,Offender given a drugs possession warning
7f6f878a97e21005d6e528ac3f453b1297c4542e2ee7ba773a5becfbf72c54c0,2019-02,Merseyside Police,Merseyside Police,-3.006985,53.475442,On or near TENBY AVENUE,E01006983,Sefton 031D,Unable to prosecute suspect
a669506fad63ea29ecefe0adf36a8bd05d6ceec63a26fba66e882be1496c4788,2019-02,Merseyside Police,Merseyside Police,-2.945871,53.413694,On or near BIGHAM ROAD,E01006697,Liverpool 030D,Investigation complete; no suspect identified
f9933a4068399a2bc69b4c23b511a03b7ad924dd60b28c43ed34b25295945fc6,2019-02,Merseyside Police,Merseyside Police,-2.751974,53.453940,On or near RODNEY STREET,E01006880,St. Helens 012D,Investigation complete; no suspect identified
c0dba86de9d94abab84cb15d2a4f9fdf75fb42e830805988ffbfe732337e72ca,2019-02,Merseyside Police,Merseyside Police,-2.983348,53.422119,On or near WOODSTOCK STREET,E01033764,Liverpool 022E,Investigation complete; no suspect identified
3fb66edf1f74c3c6d0353d6fd753971fc42398e54e5e9b5a1598b8d74433bb58,2019-02,Merseyside Police,Merseyside Police,-2.951324,53.432176,On or near DENEBANK ROAD,E01006545,Liverpool 019A,Unable to prosecute suspect
3142bd37971373219e7b4d17255643cc79ca46b4c24c909429abef4add108134,2019-02,Merseyside Police,Merseyside Police,-3.089807,53.358281,On or near THINGWALL ROAD EAST,E01007256,Wirral 034C,Unable to prosecute suspect
4ddd183d1613a6532eaa6c07e0aee521d3ad36934e3e84b144ea70fb2f982125,2019-02,Merseyside Police,Merseyside Police,-2.959273,53.424886,On or near THIRLMERE ROAD,E01006562,Liverpool 018E,Unable to prosecute suspect
45da7efa1d3f16e85b495c95ea940c49b0cb376a322a7af01dc5b89a114be37d,2019-02,Merseyside Police,Merseyside Police,-2.922701,53.415754,On or near ST IVES GROVE,E01006711,Liverpool 027A,Investigation complete; no suspect identified
5e9a0797f1cb51ba99ed587457633b45731783173e14ad85c23c29c530f7cf47,2019-02,Merseyside Police,Merseyside Police,-2.936412,53.442623,On or near EVESHAM ROAD,E01006732,Liverpool 011E,Investigation complete; no suspect identified
6ac4e513ced717f3afee843295a09e61c049bb9f2c7470b83b995c8ae4b41d09,2019-02,Merseyside Police,Merseyside Police,-2.918591,53.472819,On or near AINTREE LANE,E01006508,Knowsley 004D,Investigation complete; no suspect identified
2cb2bce466c9e94225ab9df7c925da079d8a229a82dfb5643bc01da81ebe78b6,2019-02,Merseyside Police,Merseyside Police,-2.708768,53.428559,On or near CLOVELLY AVENUE,E01006901,St. Helens 020G,Investigation complete; no suspect identified
82d1b54b4f00730e819dabda02c0459196b2a06d003e5735d385f6f4a59efc57,2019-02,Merseyside Police,Merseyside Police,-2.724921,53.473891,On or near KENDAL DRIVE,E01006850,St. Helens 004B,Investigation complete; no suspect identified
1733e01d99a64da1140040ee7668f9af65f75b4d8f7eaf3438d7fdc76b9cbdef,2019-02,Merseyside Police,Merseyside Police,-3.099034,53.381675,On or near Petrol Station,E01007302,Wirral 018D,Investigation complete; no suspect identified
adb911a1988b27eba65ee3159fceb73fa82d1e0a6cd385922df7243800875718,2019-02,Merseyside Police,Merseyside Police,-2.946241,53.422230,On or near ELLEL GROVE,E01006540,Liverpool 024A,Investigation complete; no suspect identified
75f1c794479e0cc5ff5fd0c5f0eefe7decf6e5a45072b5730661540a4fc0e33d,2019-02,Merseyside Police,Merseyside Police,-2.880461,53.467830,On or near SHIRDLEY AVENUE,E01006418,Knowsley 005B,Suspect charged
aa4c711f09c93da79eaef2813d271e0e3f68cebcfdd5c35f4d00281b95257b60,2019-02,Merseyside Police,Merseyside Police,-2.946414,53.398148,On or near DURDEN STREET,E01006752,Liverpool 035F,Offender given penalty notice
4fdad287165eead96044940b575a14af869ac8f44f4ceb9f5714ad43ca868034,2019-02,Merseyside Police,Merseyside Police,-2.894854,53.347785,On or near LYON STREET,E01006740,Liverpool 057A,Unable to prosecute suspect
9f488cfe9795f02071d8deee35f73c197fd87649fe274e8ee5050a9a21c51190,2019-02,Merseyside Police,Merseyside Police,-2.978559,53.402949,On or near Nightclub,E01033761,Liverpool 060D,Investigation complete; no suspect identified
51a7806d2e3ff7142511d4c3ad00015c9296a3094b85023704328ce216f0dca8,2019-02,Merseyside Police,Merseyside Police,-2.941456,53.425612,On or near SEPTEMBER ROAD,E01006767,Liverpool 019F,Unable to prosecute suspect
51980c203ca0c2bdfaf10bfd03cc93b5d7d28c4864a0ff30fd7dc77456ec16c7,2019-02,Merseyside Police,Merseyside Police,-2.998937,53.647032,On or near VULCAN STREET,E01006969,Sefton 004D,Unable to prosecute suspect
1912f96140ce8aa2ec9ca3b7dc84b15894e0655e22146acafe51b9cc033b60e0,2019-02,Merseyside Police,Merseyside Police,-2.876697,53.475966,On or near THURSBY DRIVE,E01006436,Knowsley 003C,Suspect charged
b3926d0a0646f25315f01d20b8c7658e05ddd78c390a926fc7862f0c187744c6,2019-02,Merseyside Police,Merseyside Police,-2.951356,53.395852,On or near MAITLAND CLOSE,E01006679,Liverpool 039D,Unable to prosecute suspect
cf57c374409b581a2aa4b33b0aa66adff426f1a1127ef1833faea3e76e04a15f,2019-02,Merseyside Police,Merseyside Police,-2.965271,53.400702,On or near MYRTLE PARADE,E01006512,Liverpool 031A,Investigation complete; no suspect identified
54ceafdc5eddb1753063569d14da5ea5fdedf8c55c6a038056878c1920f9249a,2019-02,Merseyside Police,Merseyside Police,-2.992824,53.424531,On or near ST ALBANS COURT,E01006778,Liverpool 014E,Investigation complete; no suspect identified
e33cd031519d1f07648e5b1f518f72e99be8dc9f33f19dc7eae83e4e1371638e,2019-02,Merseyside Police,Merseyside Police,-3.043477,53.385725,On or near CHARLESVILLE,E01007160,Wirral 020B,Investigation complete; no suspect identified
0213e352dca3d7fc55fcdb97a0502620595c6af7483ae7514e270ec0cd40c914,2019-02,Merseyside Police,Merseyside Police,-2.988220,53.401872,On or near CANNING PLACE,E01033756,Liverpool 061C,Investigation complete; no suspect identified
e9947e6ea5f68d46db776b87d07fb1b2aa9171d53eb8d700b5d133a894a26062,2019-02,Merseyside Police,Merseyside Police,-2.968011,53.658082,On or near CHURCHGATE MEWS,E01007034,Sefton 003E,Further investigation is not in the public interest
3d756740851e73cb21836c2ad073d4dd959c2c3e860544f22de4b20f0b4e1755,2019-02,Merseyside Police,Merseyside Police,-2.993396,53.485156,On or near ST MICHAEL'S GROVE,E01007089,Sefton 024E,Investigation complete; no suspect identified
feaeb7fe9bb866d6341203bf4e42adb888f4690936d3a7fbd1abf00853ad928f,2019-02,Merseyside Police,Merseyside Police,-2.949793,53.384431,On or near WEST ALBERT ROAD,E01006520,Liverpool 043A,Investigation complete; no suspect identified
bf640e4c9d7446983487f34b4700c0112769c43769be2454943854e003d1adb7,2019-02,Merseyside Police,Merseyside Police,-2.909299,53.387712,On or near ENSWORTH ROAD,E01006592,Liverpool 041D,Investigation complete; no suspect identified
46ff543cccd70753178f65918490951543747c3b62a7754cdc090ecb83d12d00,2019-02,Merseyside Police,Merseyside Police,-2.708775,53.414501,On or near OAKS CLOSE,E01006898,St. Helens 022A,Investigation complete; no suspect identified
56d4718f321709c2eb92626c865f64b01c1bc0e7217a31a98b52f443b2d769ce,2019-02,Merseyside Police,Merseyside Police,-2.987595,53.406057,On or near Nightclub,E01033760,Liverpool 060C,Investigation complete; no suspect identified
2910a8922860c053a33482af4ffb716b71b72e217bb1a9c5238f8da2f7034316,2019-02,Merseyside Police,Merseyside Police,-2.981626,53.393773,On or near DWERRYHOUSE STREET,E01033750,Liverpool 061A,Investigation complete; no suspect identified
16b901917c27d263d43441b25b8a8fcbd600eeaedebae64e242545481e95f9e2,2019-02,Merseyside Police,Merseyside Police,-2.974941,53.642987,On or near NORWOOD ROAD,E01007061,Sefton 006D,Unable to prosecute suspect
5b2263a16b38c83cc2e596b57ce251fefc88e6c3c90f7910f8121aac08a1d17d,2019-02,Merseyside Police,Merseyside Police,-2.733492,53.443205,On or near BURTONHEAD ROAD,E01006912,St. Helens 019G,Investigation complete; no suspect identified
a3aa32ac6c1d0dc7b6b32e2315140659a6979bdc69fca13bdbd8e5e2485031b1,2019-02,Merseyside Police,Merseyside Police,-2.981626,53.393773,On or near DWERRYHOUSE STREET,E01033750,Liverpool 061A,Investigation complete; no suspect identified
eab1feb30567dd9cd108c161f9f3170937eb05ca64a9bcc49193cc2710d21447,2019-02,Merseyside Police,Merseyside Police,-2.921670,53.357612,On or near STANLOW VIEW,E01006687,Liverpool 056D,Investigation complete; no suspect identified
a372fa2b0b45856e06aa8bb731599c17d8dee2f2e6ef265363640ce3ccf5b710,2019-02,Merseyside Police,Merseyside Police,-2.884728,53.493363,On or near OAKWORTH CLOSE,E01006493,Knowsley 001C,Investigation complete; no suspect identified
f12b525441fe876f7563d9bf5aec0664f562e4650933b1ee914a28b701297123,2019-02,Merseyside Police,Merseyside Police,-3.029977,53.481646,On or near PARK VIEW,E01007103,Sefton 030E,Investigation complete; no suspect identified
070c09de4a358c26387ff5bd852fee24cb0a383cb94a85d84fbbcce95105066d,2019-02,Merseyside Police,Merseyside Police,-2.696267,53.464803,On or near PHYTHIAN STREET,E01006813,St. Helens 008D,Investigation complete; no suspect identified
25d04db12899aed3ca31f1298aa3d6495e876fd55c7b807e2f1539a40371a363,2019-02,Merseyside Police,Merseyside Police,-3.057319,53.400048,On or near VULCAN CLOSE,E01007122,Wirral 011C,Investigation complete; no suspect identified
524e66c9c21d206a6509adeb9846c7de8674355d7c83b864c475a0e312197167,2019-02,Merseyside Police,Merseyside Police,-2.949724,53.398211,On or near LODGE LANE,E01006556,Liverpool 039B,Investigation complete; no suspect identified
99bc8b22733269db4a36f4f64e858652395a5652343e91b13368e30cfd4937fe,2019-02,Merseyside Police,Merseyside Police,-3.020329,53.478331,On or near THE CRESCENT,E01006956,Sefton 030B,Investigation complete; no suspect identified
6e3d3a51b2840cdfdecd90a45d58c58625e35693f14f5fed806a1c91672e6cf4,2019-02,Merseyside Police,Merseyside Police,-2.941211,53.381137,On or near AIGBURTH DRIVE,E01006522,Liverpool 048A,Investigation complete; no suspect identified
9ae4fa04f8b0a39fd572b355e67cb5f205d6d2420959f1439b69e1a933303b84,2019-02,Merseyside Police,Merseyside Police,-2.859513,53.381618,On or near ELM HOUSE MEWS,E01006793,Liverpool 051A,Investigation complete; no suspect identified
64797e3e33475b62858a835339efb8462781b0f9de039c7bdab67bc63ad56ed1,2019-02,Merseyside Police,Merseyside Police,-3.003109,53.365342,On or near COURTNEY ROAD,E01007289,Wirral 031E,Investigation complete; no suspect identified
e318197c5b4bf7734b8d11c0e1b219342215fdf1d3e9e16c866b505a5d8a0b14,2019-02,Merseyside Police,Merseyside Police,-2.976626,53.384232,On or near CARYL STREET,E01033748,Liverpool 050I,Investigation complete; no suspect identified
87c36a8b336abdb307d4590ec2dd3033eade905861d4476a2d5a0c35ccd035a5,2019-02,Merseyside Police,Merseyside Police,-2.909213,53.386482,On or near ALLERTON ROAD,E01006596,Liverpool 049C,Investigation complete; no suspect identified
e884ffac0c0a305fda5c14b27e4623249a6af37155ed5a73dc5cc948f1c9b8a9,2019-02,Merseyside Police,Merseyside Police,-2.984587,53.326583,On or near Parking Area,E01007136,Wirral 039B,Investigation complete; no suspect identified
eea4392d2efd8a1bf38e4cc191bd17a3772faca9fc3280743476b5a6bdc59202,2019-02,Merseyside Police,Merseyside Police,-2.859522,53.390274,On or near Supermarket,E01006771,Liverpool 040D,Investigation complete; no suspect identified
370cfb6424dc6cc6abd244d1f904db063da21728d3adb54a2ee1e13e97219bcc,2019-02,Merseyside Police,Merseyside Police,-2.970778,53.462187,On or near DOVE ROAD,E01006784,Liverpool 003C,Investigation complete; no suspect identified
9ab5370c351639af40f12790f208842d85895a82e827ef81f66e234f236138ad,2019-02,Merseyside Police,Merseyside Police,-2.941211,53.381137,On or near AIGBURTH DRIVE,E01006522,Liverpool 048A,Investigation complete; no suspect identified
9d22fa11f4e90777ecfe444451c9c22299ba62fb139429e94abe55b56960c899,2019-02,Merseyside Police,Merseyside Police,-3.165923,53.398237,On or near BERTRAM DRIVE,E01007200,Wirral 014C,Formal action is not in the public interest
0ae5649fd00f2de4768f968360e47f3809b2e3b87e82f4ce5d804cf85098aaef,2019-02,Merseyside Police,Merseyside Police,-2.978559,53.402949,On or near Nightclub,E01033761,Liverpool 060D,Investigation complete; no suspect identified
7640ee3ce174e2cb78a7a54d067afaff08473be1ae402498fc1d30d417305d4c,2019-02,Merseyside Police,Merseyside Police,-2.708768,53.428559,On or near CLOVELLY AVENUE,E01006901,St. Helens 020G,Investigation complete; no suspect identified
2722f4791754aa11f74bd9574cce9c9129ebd3262b66987d38be166a1f3521da,2019-02,Merseyside Police,Merseyside Police,-2.733492,53.443205,On or near BURTONHEAD ROAD,E01006912,St. Helens 019G,Investigation complete; no suspect identified
f9c53e05eaa611a59ed9780bbe5d62a42460e795f40bff5bfb91c89a8539719b,2019-02,Merseyside Police,Merseyside Police,-2.987117,53.404218,On or near Bus/Coach Station,E01033756,Liverpool 061C,Investigation complete; no suspect identified
ac603028c5e30ca8702569a0443af664761c77ed0015d8bd667f83144b52bcd4,2019-02,Merseyside Police,Merseyside Police,-2.896026,53.367138,On or near ISLEHAM CLOSE,E01006534,Liverpool 054A,Unable to prosecute suspect
bfb50215c95181fe0be706a7cb7896ad9fad43d9a3bba1cf4f5908c4e596d2aa,2019-02,Merseyside Police,Merseyside Police,-2.682543,53.451534,On or near WINTER GROVE,E01006816,St. Helens 017A,Unable to prosecute suspect
a0a4adca6035922c132e70d9c2d45b48a589dc0b1db81e324b7447960e311c27,2019-02,Merseyside Police,Merseyside Police,-2.647337,53.454517,On or near BERTRAM STREET,E01006863,St. Helens 013A,Investigation complete; no suspect identified
3eab05199b35bab251d78e0aa60bc159d7ede5f8d26c08ee8e15b2a6db18ab33,2019-02,Merseyside Police,Merseyside Police,-2.729515,53.449234,On or near LINKWAY EAST,E01006912,St. Helens 019G,Investigation complete; no suspect identified
9d03d34ffdd79df3387911e81b6459bd9c90b4c24644e362e798afcdc3bb2d14,2019-02,Merseyside Police,Merseyside Police,-2.928181,53.452485,On or near EAST LANCASHIRE ROAD,E01006735,Liverpool 005D,Investigation complete; no suspect identified
4d569831048b700107c8fb8293863b2a4437ee718f6a16afc9ab407c6aab6aba,2019-02,Merseyside Police,Merseyside Police,-2.943961,53.415075,On or near SWISS ROAD,E01006695,Liverpool 028C,Suspect charged
bfecc92b74d91022b792c3f3c6b7a0b26dcdf00313d15430dfd956adc6c752f1,2019-02,Merseyside Police,Merseyside Police,-2.914287,53.408555,On or near MILL LANE,E01006716,Liverpool 032E,Investigation complete; no suspect identified
9478c5b82bcf685441d2d6f9de17ed27fd19888f57995c5b4c4a61cc9d464a86,2019-02,Merseyside Police,Merseyside Police,-2.948176,53.377962,On or near Supermarket,E01006628,Liverpool 052D,Investigation complete; no suspect identified
dcbb6f06c2cc4164de9595a9481e8ee513cbabaadcc571105b01c20348d47f12,2019-02,Merseyside Police,Merseyside Police,-2.875938,53.429625,On or near ROTHBURY ROAD,E01006638,Liverpool 017B,Investigation complete; no suspect identified
7eb012eae9750288f7f57651da0d6e45a47299e1af5afb64152f46a00b130e27,2019-02,Merseyside Police,Merseyside Police,-2.949351,53.428749,On or near ABBEY ROAD,E01006766,Liverpool 019E,Investigation complete; no suspect identified
10b5047df6c2eae2a5d471bce45ca346562b7dd729d9acf77eb57268b37cd7c9,2019-02,Merseyside Police,Merseyside Police,-3.040095,53.383912,On or near SLATEY ROAD,E01007239,Wirral 022C,Investigation complete; no suspect identified
dd604200c89d7e8da405cea55bc2d28033cb3eb1f51a14a3d04c3bae05046e30,2019-02,Merseyside Police,Merseyside Police,-2.932701,53.453294,On or near ELSTEAD ROAD,E01006735,Liverpool 005D,Investigation complete; no suspect identified
4f2bedc1badd49f46007a7643c01d531b100fb183ef6a7f412f147a8b8f735fd,2019-02,Merseyside Police,Merseyside Police,-2.997989,53.462556,On or near BEECHWOOD ROAD,E01007013,Sefton 036E,Investigation complete; no suspect identified
d8749c008f6e941d19d56a7edb7d1842cc3d26c6943135843b69131c3206037f,2019-02,Merseyside Police,Merseyside Police,-2.999269,53.651461,On or near COURT ROAD,E01033097,Sefton 004G,Investigation complete; no suspect identified
7afd9efe5cea1251aa12932576b6d375c2c74fd2b9925fcb3944e0f78d4eceec,2019-02,Merseyside Police,Merseyside Police,-2.932701,53.453294,On or near ELSTEAD ROAD,E01006735,Liverpool 005D,Investigation complete; no suspect identified
3ee5fca6ba5682a19e0bd10aa5b68a1762c585dce33548493f15f19a1e2d7966,2019-02,Merseyside Police,Merseyside Police,-2.682543,53.451534,On or near WINTER GROVE,E01006816,St. Helens 017A,Investigation complete; no suspect identified
c67b8f1a22f5d4216a2e40674261008584be4dc09cc6aec4ca6b33d1246af026,2019-02,Merseyside Police,Merseyside Police,-2.762449,53.435923,On or near ROCK STREET,E01006903,St. Helens 019C,Unable to prosecute suspect
2c23222eb37b1dd443066bdc38daf245112ad78f8a6f13a9abea812cb89ec099,2019-02,Merseyside Police,Merseyside Police,-2.959881,53.463884,On or near WEIGHTMAN GROVE,E01006782,Liverpool 003B,Investigation complete; no suspect identified
41a95197959dfc0004154b134c8c70101e6f60a9d36a2d2e7e3cfd57cbf2e2a0,2019-02,Merseyside Police,Merseyside Police,-3.025530,53.475931,On or near NEVILLE ROAD,E01006956,Sefton 030B,Investigation complete; no suspect identified
54c63fb56683fdaf1b64586ae09083381f229d894b8bd90da7d84f77b8f8174e,2019-02,Merseyside Police,Merseyside Police,-3.050059,53.557633,On or near BULL COP,E01007082,Sefton 016D,Further investigation is not in the public interest
42de773b999b9bdf11b18d85f6d22491f94dd36e8d39b0f2d7c320030a565631,2019-02,Merseyside Police,Merseyside Police,-2.771353,53.455497,On or near LONG MEADOW,E01006822,St. Helens 009A,Investigation complete; no suspect identified
c6c8ef3594f1d3030d7145c810f5655d9848bf0729ee9ba450c6341d4807fc7d,2019-02,Merseyside Police,Merseyside Police,-2.968473,53.442340,On or near ARNOT STREET,E01006610,Liverpool 009C,Investigation complete; no suspect identified
f9cf134a9e075c8dee37117d7f3be13fe7ff0415af4a70785221f1a3c4724b74,2019-02,Merseyside Police,Merseyside Police,-3.023591,53.475508,On or near BACK SOUTH ROAD,E01006956,Sefton 030B,Formal action is not in the public interest
871691fc0d64721e6f31289853850410ff5b95f86d32bffe043c42dd88567b83,2019-02,Merseyside Police,Merseyside Police,-2.987595,53.406057,On or near Nightclub,E01033760,Liverpool 060C,Investigation complete; no suspect identified
1a6fe43c2984b12e0550d4bd47bd47f7141f6db22f26fd0deb5de158b7d56634,2019-02,Merseyside Police,Merseyside Police,-2.928241,53.389616,On or near Petrol Station,E01006551,Liverpool 048E,Investigation complete; no suspect identified
2c37b27e3767d9b66fb5ff5a1f304161518b78292266685907b84f97b70a3ce2,2019-02,Merseyside Police,Merseyside Police,-2.901450,53.406918,On or near BROAD GREEN ROAD,E01006575,Liverpool 034A,Offender given a caution
10306cc0752147078b896ac5dee96f63980613122853f656ff9ad984422c9681,2019-02,Merseyside Police,Merseyside Police,-2.999439,53.648421,On or near WRIGHT STREET,E01006968,Sefton 004C,Investigation complete; no suspect identified
93aeb3931c1daca1c45196d807bc3c56b183b17d1fdde44ab3f35c296a520120,2019-02,Merseyside Police,Merseyside Police,-2.901450,53.406918,On or near BROAD GREEN ROAD,E01006575,Liverpool 034A,Offender given a caution
9b4a5d47ba0268dc1d5987e1d54b91c01e363c4ce9416cb43b3329c5eba1ddc9,2019-02,Merseyside Police,Merseyside Police,-2.840031,53.416085,On or near ALT ROAD,E01006482,Knowsley 011B,Investigation complete; no suspect identified
b82ed03ede766c1eef76eb77ab96e4f994943663533a26f33d9a268f8d391aba,2019-02,Merseyside Police,Merseyside Police,-3.001045,53.492562,On or near EDGEMOOR CLOSE,E01007020,Sefton 021A,Investigation complete; no suspect identified
4c3f5317b5da8578474d86124770510902ac62399de8f5104efeafa0620ef50a,2019-02,Merseyside Police,Merseyside Police,-2.689784,53.467232,On or near ST MARK'S STREET,E01006813,St. Helens 008D,Investigation complete; no suspect identified
879e5db496e68fc8e912ff1cddfdd2d1d391814af0d4724d2d8d8c474f44c4e9,2019-02,Merseyside Police,Merseyside Police,-2.853919,53.487430,On or near HAMMOND ROAD,E01006446,Knowsley 005G,Investigation complete; no suspect identified
6ff9ee3aa5f8cb3c70d3ad77b90509f6bfbfb5789df3c65c2cf803ea8043a47b,2019-02,Merseyside Police,Merseyside Police,-2.912903,53.406454,On or near CHARLTON ROAD,E01006585,Liverpool 032B,Investigation complete; no suspect identified
291aa926e3501d926639a5772e9d28c3250799851f6972038d23d7e965de7b9c,2019-02,Merseyside Police,Merseyside Police,-2.960340,53.450873,On or near CAVENDISH DRIVE,E01006791,Liverpool 006D,Further investigation is not in the public interest
783847584bbc89e1490a31615e1abfd6b4fdf2618f4eee72021e274b7d57cd75,2019-02,Merseyside Police,Merseyside Police,-2.909085,53.447481,On or near GOOD SHEPHERD CLOSE,E01006672,Liverpool 010E,Investigation complete; no suspect identified
72411542c30f2c56cc522b3364c9db9611fd133c255f7c21e0d7b7c823640df9,2019-02,Merseyside Police,Merseyside Police,-3.045620,53.400781,On or near MERRITT AVENUE,E01032903,Wirral 010F,Investigation complete; no suspect identified
31e32e9e10786255a6e31bbb4a4df1f72d3c524fc163e5a888c7849a329a6250,2019-02,Merseyside Police,Merseyside Police,-3.016341,53.642886,On or near BEECHFIELD GARDENS,E01006971,Sefton 009C,Investigation complete; no suspect identified
d0511f825f66b18a1f2f1c88a049fb0dddc677c602916d73311baf2399ce9b30,2019-02,Merseyside Police,Merseyside Police,-3.000774,53.459925,On or near ELIOT STREET,E01007003,Sefton 036B,Offender given a drugs possession warning
d85fd560acd1ca4357e15e8647fddefe45743df7fcd4ef88d2b239b72f7c12cc,2019-02,Merseyside Police,Merseyside Police,-3.146295,53.356241,On or near Sports/Recreation Area,E01007284,Wirral 033B,Investigation complete; no suspect identified
519bd31f9760c8a24b657b345dfa81e2dce753dc901b205f21e48d5474ad4777,2019-02,Merseyside Police,Merseyside Police,-3.021054,53.413128,On or near SHIRLEY STREET,E01007274,Wirral 008C,Investigation complete; no suspect identified
a065200864b214a3fa36bc97f88b98595a5b9893d63115ec78c2be92af16a857,2019-02,Merseyside Police,Merseyside Police,-2.990899,53.405796,On or near Supermarket,E01033752,Liverpool 062B,Investigation complete; no suspect identified
a5efd27a2d6a95f370a891c873fad30e1390f38a657e89901282362c023772c6,2019-02,Merseyside Police,Merseyside Police,-3.091490,53.417054,On or near RALEIGH ROAD,E01007210,Wirral 006C,Unable to prosecute suspect
67aec0adaf6022a8dae0919c4993d9b3fbee796678a25f995569b1b630253f77,2019-02,Merseyside Police,Merseyside Police,-2.717822,53.419247,On or near ASHDOWN CRESCENT,E01006909,St. Helens 022D,Unable to prosecute suspect
90ecd02fb921c1b1ab6778a4deb716b2780dd057951dbe0ae35e4a4f22bf5f0f,2019-02,Merseyside Police,Merseyside Police,-2.946126,53.470555,On or near SEEDS LANE,E01006652,Liverpool 002A,Further investigation is not in the public interest
eb09a42ac633f0a1920112e8a4ef4983a2c8a30711267e30ac520e1828bd1910,2019-02,Merseyside Police,Merseyside Police,-2.882643,53.365323,On or near WOOLTON ROAD,E01006535,Liverpool 054B,Investigation complete; no suspect identified
fc2bc0bfa5ff44bae4b6732ed59a87a27f338fb0d65a314b02b151d19581f986,2019-02,Merseyside Police,Merseyside Police,-2.924920,53.410532,On or near Petrol Station,E01032509,Liverpool 027H,Offender given penalty notice
1576a7ce856868c0997e6da7dda4d4da60910553ac1d63701bb0b6c84de3fcdc,2019-02,Merseyside Police,Merseyside Police,-2.946126,53.470555,On or near SEEDS LANE,E01006652,Liverpool 002A,Further investigation is not in the public interest
2bdb39e20d904a6308d96fe5d9d3d4fbcc2743b978f40afd5213c39196063ca3,2019-02,Merseyside Police,Merseyside Police,-2.745892,53.460045,On or near BRIARS GREEN,E01006915,St. Helens 007B,Unable to prosecute suspect
17cb6c6456c6f48f4891cb01f2870fbb322802882ec42e2499d21442e04ad4d9,2019-02,Merseyside Police,Merseyside Police,-2.966609,53.674839,On or near TALATON CLOSE,E01006946,Sefton 001A,Investigation complete; no suspect identified
a8e8dbae708b59598d4c0648894b5ca926905de6e84653b0571a5794a82604d1,2019-02,Merseyside Police,Merseyside Police,-2.941011,53.504241,On or near BOYER AVENUE,E01007074,Sefton 019A,Offender given penalty notice
28a0d61b88506790fd057ca8fdc9a798953e7a3733035965ee6ccef980016596,2019-02,Merseyside Police,Merseyside Police,-2.973193,53.405789,On or near RUSSELL STREET,E01006513,Liverpool 060A,Investigation complete; no suspect identified
7a4fee9606e3fb338b103aae392f96a4e44cceeeacbc47b8b05653160ea0d207,2019-02,Merseyside Police,Merseyside Police,-3.018151,53.469819,On or near HEREFORD ROAD,E01006959,Sefton 032D,Unable to prosecute suspect
d2be707978f3952550ff39defc954c3ac13d7fe57b4883fb895ff5255553f763,2019-02,Merseyside Police,Merseyside Police,-2.943063,53.416655,On or near HAMPSTEAD ROAD,E01006695,Liverpool 028C,Investigation complete; no suspect identified
46ea71351c325532f7a963f28a339ea8c8529a0b884a85fd700c35795a7c7ebd,2019-02,Merseyside Police,Merseyside Police,-2.974579,53.409786,On or near Parking Area,E01033758,Liverpool 060B,Investigation complete; no suspect identified
4f298a23eca61061be41e2dd06a4e4cb4356762d5bb94fe9d4bcdf42339cd96f,2019-02,Merseyside Police,Merseyside Police,-2.974206,53.436909,On or near BARLOW STREET,E01006701,Liverpool 014B,Investigation complete; no suspect identified
6564551f22b84f7296f8102a089ad7917e28829851e47d792da2225036063649,2019-02,Merseyside Police,Merseyside Police,-2.913124,53.387989,On or near ELMSDALE ROAD,E01006593,Liverpool 042E,Investigation complete; no suspect identified
d2a7051ecc745d2e8cd403cabee8337c7eb535c6233e647234b47f0273b77a5b,2019-02,Merseyside Police,Merseyside Police,-3.029300,53.390154,On or near Parking Area,E01007128,Wirral 016C,Investigation complete; no suspect identified
7d83b22013bd9a08e53cc3f251fe79ca8add741856f082b0a3d26eba8a00471d,2019-02,Merseyside Police,Merseyside Police,-2.692289,53.451757,On or near COTSWOLD GROVE,E01006820,St. Helens 011B,Investigation complete; no suspect identified
eced6cbe98f31287c73a842ce670aeac26a1070270b9831c32420b37fe110b61,2019-02,Merseyside Police,Merseyside Police,-2.947134,53.392650,On or near LIME GROVE,E01006552,Liverpool 039A,Investigation complete; no suspect identified
accd112f8152dec99d76f12d7dfcceb5e6f496941359662528a37e83919ffadf,2019-02,Merseyside Police,Merseyside Police,-2.949054,53.397830,On or near YANWATH STREET,E01006556,Liverpool 039B,Offender given a drugs possession warning
c927178c45ca3039954f460d2efc6638c6ddcb737b81b73c1b81b3b10adf5c34,2019-02,Merseyside Police,Merseyside Police,-2.936080,53.423425,On or near Police Station,E01006761,Liverpool 020B,Investigation complete; no suspect identified
288a795d84551a248abd56f617653015aa610dc4c22b8eb06b24406dfd4b91f4,2019-02,Merseyside Police,Merseyside Police,-2.690720,53.450633,On or near BRUNSWICK STREET,E01006820,St. Helens 011B,Investigation complete; no suspect identified
3f7ab71ba0c9c31ae5973a570241d21262daa25e131e3bcd2fef4cf70126d890,2019-02,Merseyside Police,Merseyside Police,-2.998514,53.448978,On or near MERTON ROAD,E01007007,Sefton 037B,Unable to prosecute suspect
2249c8e2ed45d5f273bf6be9737fd59f2792cdfa62986f9a081e2c6a9dc189d2,2019-02,Merseyside Police,Merseyside Police,-2.984089,53.462015,On or near GROGAN SQUARE,E01007019,Sefton 035A,Investigation complete; no suspect identified
5bbab13117a93149ff2e70ed7ba0a76bdd7078fe407a9710b1d419607370f2e2,2019-02,Merseyside Police,Merseyside Police,-2.987867,53.407403,On or near PROGRESS LANE,E01033760,Liverpool 060C,Investigation complete; no suspect identified
cc152b48f421e6c5ec36e1d0af7fdb01ddcc16fb4f4a423593ceb3bdc1cda037,2019-02,Merseyside Police,Merseyside Police,-3.028236,53.473220,On or near DEACON CLOSE,E01006957,Sefton 032C,Unable to prosecute suspect
3f4375af8d32e3986c7d1115e42feb0d844121ef2cf884d322562246864d8c63,2019-02,Merseyside Police,Merseyside Police,-2.931999,53.426729,On or near VICTORIA ROAD,E01006765,Liverpool 020E,Unable to prosecute suspect
16541a425dcd790b419f7d391bedb2202c9579e42c07f9ce24984c79266377e0,2019-02,Merseyside Police,Merseyside Police,-3.007943,53.644053,On or near PRINCES STREET,E01006968,Sefton 004C,Unable to prosecute suspect
eff13361489fb2643bbdfa280b451fac4e66b4a7741a8d6deaa3aa0901c2ce0c,2019-02,Merseyside Police,Merseyside Police,-2.976279,53.441341,On or near CAIRO STREET,E01006699,Liverpool 014A,Unable to prosecute suspect
4f379f558a80f27ec208b616d8e434e5e2b532ead29fea4c977f4846f6c13918,2019-02,Merseyside Police,Merseyside Police,-2.912981,53.447316,On or near SANDWAY CRESCENT,E01006672,Liverpool 010E,Unable to prosecute suspect
b7460aaa1a8cc469156b6501ead94b4f7817b3323914b47e01c6dbf252b31c65,2019-02,Merseyside Police,Merseyside Police,-2.971483,53.388166,On or near PROPHET WALK,E01006630,Liverpool 044B,Investigation complete; no suspect identified
58da4691fe0bfd31afc7dec57c025e0d950684292301522c130aad2e65783f5c,2019-02,Merseyside Police,Merseyside Police,-2.973157,53.387712,On or near RUTTER STREET,E01006630,Liverpool 044B,Investigation complete; no suspect identified
4e86ca86b162c0d1414db305d734d856adcbfc8157c0960c1701fae9af21e6b9,2019-02,Merseyside Police,Merseyside Police,-2.980281,53.476527,On or near BOUNDARY ROAD,E01006981,Sefton 031B,Unable to prosecute suspect
a2548f883fb67c521a0df24ff741d3accb9925ec3fdae83275551053d04b2dcd,2019-02,Merseyside Police,Merseyside Police,-2.859709,53.346587,On or near BELSFORD WAY,E01006739,Liverpool 058B,Unable to prosecute suspect
fac056f3e753213f298e5571ee04b488004816132a0e2679142f440da9882789,2019-02,Merseyside Police,Merseyside Police,-2.956387,53.427722,On or near ROBARTS ROAD,E01006547,Liverpool 019C,Suspect charged
548264bfb805ea65929c496f953038fd2a163636d6b2e5fd4aa1b2620f53d9f9,2019-02,Merseyside Police,Merseyside Police,-2.959660,53.386608,On or near DEVONSHIRE ROAD WEST,E01006678,Liverpool 044E,Offender given a drugs possession warning
c09ec30dacf37b725afac04d69ed3cad8a27b40a0aa4bac233c7a3b7d399b368,2019-02,Merseyside Police,Merseyside Police,-2.799326,53.431008,On or near CARLTON STREET,E01006466,Knowsley 007E,Unable to prosecute suspect
d3d1f13bec1b1f86aeeccfbeef7fd95d7322140dc03126acb62f2ee39200aa43,2019-02,Merseyside Police,Merseyside Police,-3.015461,53.466327,On or near BOWER GROVE,E01006953,Sefton 032B,Unable to prosecute suspect
10531c46cf4dce833d4044c3245444a3ff482d29ea54c20c56dcf128582cb238,2019-02,Merseyside Police,Merseyside Police,-2.965271,53.400702,On or near MYRTLE PARADE,E01006512,Liverpool 031A,Investigation complete; no suspect identified
fddebeb8d28b9b24c5e057569f5d67519308b127da99f99fb0df7a17e77aab84,2019-02,Merseyside Police,Merseyside Police,-2.933151,53.428464,On or near SANDRINGHAM ROAD,E01006763,Liverpool 020C,Investigation complete; no suspect identified
d1cc295bcd50473506a86c60b2f7a0abff1903a35f7e93ccf3ae8314b0cb92bb,2019-02,Merseyside Police,Merseyside Police,-2.738422,53.454878,On or near COLLEGE STREET,E01006872,St. Helens 014C,Unable to prosecute suspect
f00006b7b78b51be87d8c51114cf565210d1336284eccf4d506fee0c891d5a38,2019-02,Merseyside Police,Merseyside Police,-3.069035,53.380240,On or near ROSSENDALE CLOSE,E01007163,Wirral 024A,Investigation complete; no suspect identified
8e1587536152076373c56782c5f4b973b9a09425a35e01a864ae496f692912e6,2019-02,Merseyside Police,Merseyside Police,-2.827795,53.344628,On or near HARLAND GREEN,E01006756,Liverpool 059D,Investigation complete; no suspect identified
bb038e1bc2ef07a8040c6737bfcd2333dad6948d2631a6d5601b71573ec02579,2019-02,Merseyside Police,Merseyside Police,-3.042015,53.383706,On or near NORMANSTON CLOSE,E01007239,Wirral 022C,Unable to prosecute suspect
bd1286ad8204afd3316667ab689313b65d4a5650e2fec9d32a78f53ba73332ff,2019-02,Merseyside Police,Merseyside Police,-2.981626,53.393773,On or near DWERRYHOUSE STREET,E01033750,Liverpool 061A,Investigation complete; no suspect identified
7ae36a94191c29c1ac11effa1c465217cc7076d247d54dd12d6d875b3fb09825,2019-02,Merseyside Police,Merseyside Police,-3.065752,53.380602,On or near PLEASINGTON DRIVE,E01007163,Wirral 024A,Investigation complete; no suspect identified
6e9713df84bccd9aa071e09f09acaf770a36f6807181c004e064d1e017b4d0c5,2019-02,Merseyside Police,Merseyside Police,-2.949541,53.389296,On or near SEFTON PARK ROAD,E01006675,Liverpool 043C,Unable to prosecute suspect
57ba9e9258f52911107f1c427fa7b87cf45d6f849c85523da01a98b48b881df9,2019-02,Merseyside Police,Merseyside Police,-2.842197,53.424421,On or near PRIMROSE DRIVE,E01006444,Knowsley 010D,Investigation complete; no suspect identified
f932f79bb8fd8c3f35f9e4e04b9672a26dbf10fb56306d304582c932aa11b981,2019-02,Merseyside Police,Merseyside Police,-2.903601,53.428170,On or near HARTINGTON ROAD,E01006619,Liverpool 021B,Investigation complete; no suspect identified
509d15adcfb510e0df1b09267bf0a479ba2adfcbfd86bae1e7da80d9161d7538,2019-02,Merseyside Police,Merseyside Police,-3.042015,53.383706,On or near NORMANSTON CLOSE,E01007239,Wirral 022C,Unable to prosecute suspect
fa5f526a7cf8521a8ccea8ea061472d7b07f52a52e7a13292b35fa7430bdddb2,2019-02,Merseyside Police,Merseyside Police,-2.949541,53.389296,On or near SEFTON PARK ROAD,E01006675,Liverpool 043C,Unable to prosecute suspect
a7f2d7c98b598591b0da267334b3a49090418d43718d8c70fcbe9a83154192d6,2019-02,Merseyside Police,Merseyside Police,-2.997422,53.464718,On or near LAWLER STREET,E01007017,Sefton 034E,Unable to prosecute suspect
b0563d38600cc6375b2a44abea2168f4653c8780dc5e0384e01b5bd81da0413f,2019-02,Merseyside Police,Merseyside Police,-2.996613,53.453335,On or near CAPRICORN WAY,E01007007,Sefton 037B,Unable to prosecute suspect
118ce2d5a789eb3738291131f7086892953215eaef82cae3867e14b0e4120403,2019-02,Merseyside Police,Merseyside Police,-2.927441,53.402629,On or near EDINGTON STREET,E01006725,Liverpool 035B,Investigation complete; no suspect identified
9783ffac6be670d9de5c647e13d8b37636db21a3ff65c48958f8a7b9da059e66,2019-02,Merseyside Police,Merseyside Police,-2.999209,53.348305,On or near BROMBOROUGH ROAD,E01007152,Wirral 036D,Investigation complete; no suspect identified
a050dc0f8fa448f7596c52ac8bd1aa6c1c6a4ff3fd91d2f3c9a8e9b4ee8bd7ef,2019-02,Merseyside Police,Merseyside Police,-3.014896,53.641289,On or near SOUTHERN ROAD,E01006971,Sefton 009C,Investigation complete; no suspect identified
dafbf388afddda0e9ca3177c901a742efb0fb1f3acfed7479c1898b9d6336284,2019-02,Merseyside Police,Merseyside Police,-2.986976,53.407878,On or near CUMBERLAND STREET,E01033762,Liverpool 060E,Investigation complete; no suspect identified
0b73aa5de5fae1e9b001ce5903e3d288e0a5ba0c42bbc4dff17f5d0831d84e82,2019-02,Merseyside Police,Merseyside Police,-2.734840,53.452401,On or near Shopping Area,E01006872,St. Helens 014C,Investigation complete; no suspect identified
c1feb94a459d4ce0cae7661243669b7c79dc0465a257418396f3d2bafd7b69dc,2019-02,Merseyside Police,Merseyside Police,-2.979600,53.406392,On or near ELLIOT STREET,E01033760,Liverpool 060C,Unable to prosecute suspect
d5335c2ef2b74abf344aa66bdb44b190b480dce7744f340827c32103003732f5,2019-02,Merseyside Police,Merseyside Police,-2.926136,53.414568,On or near CHUDLEIGH ROAD,E01006711,Liverpool 027A,Investigation complete; no suspect identified
00d0461ad1182ceda472533c3e93048a29292ad94a15ac37ced1e5ae4ee519e1,2019-02,Merseyside Police,Merseyside Police,-2.719235,53.429863,On or near HOLBROOK CLOSE,E01006848,St. Helens 020D,Unable to prosecute suspect
58da1d46ad56183248e05a0081c6fe4eae37ad825fe5c06e23ef52f8496fb5c9,2019-02,Merseyside Police,Merseyside Police,-2.907877,53.483346,On or near MELVERLEY ROAD,E01006508,Knowsley 004D,Unable to prosecute suspect
963ee5d2b5675f37fb99f2c16bb66e5cbc3fbc32d47ba7830ff3d8cfc0718598,2019-02,Merseyside Police,Merseyside Police,-2.721758,53.437542,On or near MARSHALLS CROSS ROAD,E01006845,St. Helens 014A,Suspect charged
99431c7fe7cdda7b71d32231cfa0a7e9950ccd0caaf6303c67fe6f9a0e870b62,2019-02,Merseyside Police,Merseyside Police,-2.967992,53.647349,On or near NEWTON STREET,E01007057,Sefton 005C,Unable to prosecute suspect
84f7b5bf391cbfe4c957048eb708f4e8a2c7a0a9670e68791f9f93ea32c9c0a2,2019-02,Merseyside Police,Merseyside Police,-2.725152,53.479490,On or near LINGMELL AVENUE,E01006850,St. Helens 004B,Unable to prosecute suspect
c30188cabcb7366cb20ae54b4e141f0db29f97e271df17eae8f42aa25a095470,2019-02,Merseyside Police,Merseyside Police,-2.955090,53.409503,On or near LEOPOLD ROAD,E01006748,Liverpool 031C,Investigation complete; no suspect identified
f90ac48fd4a4e53f2e8ceed98892584e70cefce3d840e58ae8a2ec6558ab9e02,2019-02,Merseyside Police,Merseyside Police,-2.839670,53.410758,On or near Supermarket,E01006474,Knowsley 016C,Investigation complete; no suspect identified
03e3c04a39724f198e138b8edfb6c5fc72ea7ea2026028a184d6ba4dc5329a05,2019-02,Merseyside Police,Merseyside Police,-2.749643,53.453280,On or near BRUCE STREET,E01006880,St. Helens 012D,Unable to prosecute suspect
d8eac72f3ec0a14e8b2af93011c888a32dbf6c2d5f82693e6704cbbf391bdcf1,2019-02,Merseyside Police,Merseyside Police,-2.980033,53.407521,On or near ST GEORGE'S PLACE,E01033760,Liverpool 060C,Investigation complete; no suspect identified
c64df21cd4c33738c758cafe6453c831a1cedb56fe0607ee03931d6ad104d901,2019-02,Merseyside Police,Merseyside Police,-2.786421,53.420064,On or near Hospital,E01006499,Knowsley 009E,Investigation complete; no suspect identified
d9b39512da4498d1f3cff74d3738d0bb1e676d623b7f0754e4ba1e0f71fbb18a,2019-02,Merseyside Police,Merseyside Police,-2.936434,53.371709,On or near ACER LEIGH,E01006521,Liverpool 052A,Investigation complete; no suspect identified
9f2d3bef922e4a2b9078601f9c5c8a5970b54ab2ac04899cb45932ad3a4647cd,2019-02,Merseyside Police,Merseyside Police,-2.902808,53.483780,On or near ALVANLEY ROAD,E01006507,Knowsley 004C,Unable to prosecute suspect
38d2e82e0ff6deee11a15e85da23c7cd7511ccd34b261747ca2474d78464972f,2019-02,Merseyside Police,Merseyside Police,-2.981541,53.395949,On or near NORFOLK STREET,E01006515,Liverpool 037B,Investigation complete; no suspect identified
3d035b6e6786160112b46e0eaba989baa2c4eeff081a93579e3f411b827b53bb,2019-02,Merseyside Police,Merseyside Police,-3.040950,53.431267,On or near SANDFIELD ROAD,E01007233,Wirral 002C,Investigation complete; no suspect identified
233472ff59f1077b18231e7ca7574a6df7d9ac3634a588f36a78b4572e074662,2019-02,Merseyside Police,Merseyside Police,-3.157693,53.398704,On or near MANNINGTON CLOSE,E01007200,Wirral 014C,Investigation complete; no suspect identified
1e30f512383c3bb82a5c53bc6d812aeadccda66c097923fb04b916525a31f013,2019-02,Merseyside Police,Merseyside Police,-2.972185,53.445312,On or near STUART ROAD,E01006698,Liverpool 012D,Action to be taken by another organisation
8e300dfc73b5e5aabd9e9fd0b54bff0732334263e46be26f0804b6fb42d8076b,2019-02,Merseyside Police,Merseyside Police,-2.710165,53.450043,On or near GRANVILLE STREET,E01006875,St. Helens 017C,Investigation complete; no suspect identified
89d25f7d731fbd03a3f44806fbcee10369ef9dd84fab91d1021dc9a4e7ea025c,2019-02,Merseyside Police,Merseyside Police,-3.000447,53.650085,On or near CASTLE STREET,E01033097,Sefton 004G,Unable to prosecute suspect
7a1cbc04fbfaa9394aa4b8b2836f1471b8e7bce12d9b103cc9b9c3ea33552718,2019-02,Merseyside Police,Merseyside Police,-2.769736,53.419346,On or near RATCLIFF PLACE,E01006892,St. Helens 021B,Unable to prosecute suspect
193f5929748e9e0353038723571f77b8dd449498fc4cbce3556d1cbc676b877c,2019-02,Merseyside Police,Merseyside Police,-2.889791,53.416965,On or near BROOKSIDE AVENUE,E01006571,Liverpool 026D,Investigation complete; no suspect identified
a886284d52ec0c14bc85a9259b3cc164fd7bcf4958c498b63039219e50142502,2019-02,Merseyside Police,Merseyside Police,-2.970424,53.389856,On or near PARK ROAD,E01006518,Liverpool 044A,Unable to prosecute suspect
a95dffc99abc067d060929da445845b48f63165baa80cad59a8f4a998b38f7ad,2019-02,Merseyside Police,Merseyside Police,-2.961798,53.475401,On or near LINGFIELD CLOSE,E01007048,Sefton 029A,Investigation complete; no suspect identified
c537e7cae44e4b9d13df4a1c25380fd04d6c87cf380181955253af4f007ef7f2,2019-02,Merseyside Police,Merseyside Police,-2.887660,53.366634,On or near REDINGTON ROAD,E01006535,Liverpool 054B,Unable to prosecute suspect
f8825225b853add89bc748175f40cb4fa4480edeb5f1fbf0f743a3c76ac35325,2019-02,Merseyside Police,Merseyside Police,-3.099034,53.381675,On or near Petrol Station,E01007302,Wirral 018D,Investigation complete; no suspect identified
817f1552bc803a093f45cd8e466a915254799ca3d2adb78caa8e31b330bfba31,2019-02,Merseyside Police,Merseyside Police,-3.099034,53.381675,On or near Petrol Station,E01007302,Wirral 018D,Investigation complete; no suspect identified
5047052e4db37c759beece74b0846d8f10acfe724e226036b5d84c9de66df40f,2019-02,Merseyside Police,Merseyside Police,-3.057849,53.394129,On or near BROOM HILL,E01007158,Wirral 015D,Investigation complete; no suspect identified
18fb88fe6bdc08d99b59abe1e009f7165ce6448efe7f6f6b2cb306cfe3f15313,2019-02,Merseyside Police,Merseyside Police,-3.002758,53.357453,On or near Pedestrian Subway,E01007141,Wirral 031D,Investigation complete; no suspect identified
69bec09936368dec44872b5fc60bf81d25e88102739bd4a4f4b20ffe47753333,2019-02,Merseyside Police,Merseyside Police,-2.881002,53.469975,On or near BLOSSOM GROVE,E01006417,Knowsley 003B,Investigation complete; no suspect identified
44f258bbca97aced9795d28e1dce7e8a735c011893a65f52b5e6d943b7ebeae1,2019-02,Merseyside Police,Merseyside Police,-2.969805,53.477673,On or near CHESTER AVENUE,E01007048,Sefton 029A,Investigation complete; no suspect identified
53a2d1d3ccc668f4f1e79ad4ddcbb26dfcb7e8ef54a263e241b50d69ea7b001e,2019-02,Merseyside Police,Merseyside Police,-2.743879,53.450862,On or near SANDFIELD CRESCENT,E01006832,St. Helens 012A,Investigation complete; no suspect identified
c7dbc1d9e36acdb5fc463dbedb05af58d6fc5d3b4d86565691cc8bdb52555c33,2019-02,Merseyside Police,Merseyside Police,-2.907877,53.483346,On or near MELVERLEY ROAD,E01006508,Knowsley 004D,Unable to prosecute suspect
45f5e2b6663ffc6ee38d58d8f25947df68a448978c586fc9d5d6414a85dd58fe,2019-02,Merseyside Police,Merseyside Police,-2.731362,53.473465,On or near THIRLMERE AVENUE,E01006849,St. Helens 004A,Investigation complete; no suspect identified
a566a13d0350454c8e7a392c4ee67168b7ed4c55308f74e69c085f4e925567b4,2019-02,Merseyside Police,Merseyside Police,-3.115721,53.400047,On or near Supermarket,E01007221,Wirral 012B,Investigation complete; no suspect identified
bb7c7191c61677c6270c7734ef1f4c475c33563bf1ab3ad8787ce42e3f751ea3,2019-02,Merseyside Police,Merseyside Police,-2.850856,53.365914,On or near ESCORT CLOSE,E01006430,Knowsley 018C,Investigation complete; no suspect identified
c33fe4938fbaa0997b181451bfdc2a6f99c28c77c8eb304b4db097176744ae44,2019-02,Merseyside Police,Merseyside Police,-2.927515,53.479285,On or near RUGBY DRIVE,E01007045,Sefton 026E,Investigation complete; no suspect identified
3877e1bab75af4c36b17e9f221ca2dde2cebc164c94f21180c2afec88c9c96d2,2019-02,Merseyside Police,Merseyside Police,-2.993105,53.452043,On or near Shopping Area,E01007009,Sefton 037D,Investigation complete; no suspect identified
f2932bdee3cdd6ba2998bbae21d2f6ff098bd578343278f39ddd370e1bdcf2a6,2019-02,Merseyside Police,Merseyside Police,-2.712575,53.436590,On or near ROBINS LANE,E01006845,St. Helens 014A,Unable to prosecute suspect
7091affc5eeba7fd481ccf8231aaf1bb0410091ccbe04181435bb7db93207e44,2019-02,Merseyside Police,Merseyside Police,-2.984659,53.431331,On or near ELSTOW STREET,E01006778,Liverpool 014E,Investigation complete; no suspect identified
8c0f87dd15c11b044a6e86ab5eae3f26d30d1b70bd0380c03fb31fab38695e51,2019-02,Merseyside Police,Merseyside Police,-2.878685,53.430711,On or near LEAMORE LANE,E01006637,Liverpool 017A,Investigation complete; no suspect identified
2b9e7a0478fc0456a07f7fcfef3596b620d520132c30609d07a2497270faa325,2019-02,Merseyside Police,Merseyside Police,-2.949449,53.432479,On or near PINEHURST ROAD,E01006544,Liverpool 015C,Unable to prosecute suspect
bfeb29a9ad6eb2eaf577642db78bcf77514ddb69fa99b301ae80faaf2b4878d2,2019-02,Merseyside Police,Merseyside Police,-3.047112,53.375140,On or near Sports/Recreation Area,E01007242,Wirral 020E,Investigation complete; no suspect identified
43593b9d11cf0a4e56c092c3fd77d4c9538b9362a0d90ea48345469c066daa2b,2019-02,Merseyside Police,Merseyside Police,-3.055581,53.427633,On or near OLDFIELD ROAD,E01007311,Wirral 004D,Investigation complete; no suspect identified
c0b494cd3cd78625bf6be1806087c2b2435994d4385840587515fbaef642f89e,2019-02,Merseyside Police,Merseyside Police,-2.745491,53.459508,On or near COWLEY HILL LANE,E01006915,St. Helens 007B,Suspect charged
912aa104bb9ebad38f9eafc81f2e33e10456a367f8bb7ed6e306572995a9b654,2019-02,Merseyside Police,Merseyside Police,-2.959856,53.476819,On or near ABBEYSTEAD AVENUE,E01007046,Sefton 027C,Investigation complete; no suspect identified
b15128849e518de52d2b664817991107c2cfcf5692b12a15046a4b7ebb6913b4,2019-02,Merseyside Police,Merseyside Police,-2.628146,53.462322,On or near ASHTON ROAD,E01006856,St. Helens 015A,Investigation complete; no suspect identified
eb2b619b139d25978fd4e071ba302caf407c4c6fe5d54ff8103aae2c294aadf4,2019-02,Merseyside Police,Merseyside Police,-3.054219,53.550091,On or near ROYAL CLOSE,E01007077,Sefton 016C,Investigation complete; no suspect identified
f4e6c97e54f49b01b65257782e4217e86b69a463aee3d54ec28f86aa2788c440,2019-02,Merseyside Police,Merseyside Police,-2.878649,53.415133,On or near ADCOTE CLOSE,E01006572,Liverpool 025A,Unable to prosecute suspect
7c0b08672c463c3894897051d72d867c0c5f37cd2400660ac694fdd9c4c49572,2019-02,Merseyside Police,Merseyside Police,-2.687872,53.445886,On or near FLEET LANE,E01006899,St. Helens 017D,Investigation complete; no suspect identified
1d29193d6ca2ef055249d8f0dd9fbf2979d909b4adc36ba7a8cadf862da27215,2019-02,Merseyside Police,Merseyside Police,-2.959499,53.408884,On or near HALL LANE,E01006748,Liverpool 031C,Investigation complete; no suspect identified
08cd3ece13ee804a767907b2b3d560b8cb4ec3acecd4d26a3ba255026c9e0036,2019-02,Merseyside Police,Merseyside Police,-3.018457,53.410238,On or near BOROUGH ROAD EAST,E01007274,Wirral 008C,Suspect charged
13b8902de8ed29c7092b8f8f8d2fe6daae2eb36524a2c60f95730bc7262a35b0,2019-02,Merseyside Police,Merseyside Police,-2.745491,53.459508,On or near COWLEY HILL LANE,E01006915,St. Helens 007B,Suspect charged
4de58dd7ec45644dd6d715338572407c2583a908ac8924f60c05cb6df14c9661,2019-02,Merseyside Police,Merseyside Police,-3.043368,53.401537,On or near CORPORATION ROAD,E01032903,Wirral 010F,Suspect charged
a934f2729ec4cf3bd062bc8f3cf000f6493e516f0b0a2f4231e9e1b52cbdb391,2019-02,Merseyside Police,Merseyside Police,-2.772474,53.464946,On or near FISTRAL DRIVE,E01006914,St. Helens 007A,Investigation complete; no suspect identified
e4f47eff377148969525b367f9915eb0e7f90c6ab418ea0608f4f985599b5b6e,2019-02,Merseyside Police,Merseyside Police,-3.037223,53.480307,On or near BROOKE ROAD WEST,E01006942,Sefton 028B,Investigation complete; no suspect identified
f6ef35ff23c3df2a59c1c8ebcf9b8d2687f050d122766060a10b5c22c7ce5bee,2019-02,Merseyside Police,Merseyside Police,-2.855965,53.423568,On or near BARKBETH ROAD,E01006470,Knowsley 008E,Investigation complete; no suspect identified
7c4ae7574de350bd688dcd76f501cf8791c761424b4e83f99ff1eca9abf48f39,2019-02,Merseyside Police,Merseyside Police,-2.947288,53.670571,On or near DREWITT CRESCENT,E01007030,Sefton 001D,Unable to prosecute suspect
ec31d7c1e882dcc3b1e60b59de41b2adba683486e39c29a5b6050b6297dc390c,2019-02,Merseyside Police,Merseyside Police,-2.831828,53.346524,On or near Pedestrian Subway,E01006756,Liverpool 059D,Investigation complete; no suspect identified
710cf01ba1507ae4ce0e9a630055140e87cd829382cd8cc1af8415af92dbc5f9,2019-02,Merseyside Police,Merseyside Police,-2.946639,53.444861,On or near INGRAVE ROAD,E01006607,Liverpool 008A,Investigation complete; no suspect identified
734298db110fcfd1031b5dffc56f04b90035f9c5b1fba46f8ae0fd9606cdf91f,2019-02,Merseyside Police,Merseyside Police,-2.945964,53.419212,On or near DENMAN DRIVE,E01006760,Liverpool 028E,Unable to prosecute suspect
a843409e776c06b5333449c72a4f03d00037d4d15a4584179fb86b555f38bf5e,2019-02,Merseyside Police,Merseyside Police,-2.945610,53.378837,On or near LIVINGSTON DRIVE,E01006523,Liverpool 052B,Unable to prosecute suspect
763e14d7816bd58455525f69d9a3c34220ad456a06ce7376b22b00b9bff8014e,2019-02,Merseyside Police,Merseyside Police,-2.899963,53.489617,On or near CHILTERN DRIVE,E01006454,Knowsley 002A,Unable to prosecute suspect
cfb83c6b64d182bef507ef914a5cee75f1ad2516ad255f60ff1a096ddb2e2944,2019-02,Merseyside Police,Merseyside Police,-2.980608,53.314130,On or near GORSEFIELD AVENUE,E01007165,Wirral 041C,Unable to prosecute suspect
ef35f08de373c5f73ef27964c8c05663caeffd1a90b48eaace4c816ab2e0996f,2019-02,Merseyside Police,Merseyside Police,-2.759875,53.435975,On or near STEVENS STREET,E01006903,St. Helens 019C,Investigation complete; no suspect identified
09afd23ed5338726d2dd325a45f9eb4f4038d412e240bd2aa320eec457d0636c,2019-02,Merseyside Police,Merseyside Police,-2.937720,53.423403,On or near WEST DERBY ROAD,E01006760,Liverpool 028E,Unable to prosecute suspect
c6922c40d13edf9c6cbebab6e4965d0e7fd954946f9376ff3e28a253694af09c,2019-02,Merseyside Police,Merseyside Police,-2.985867,53.461380,On or near HACKETT AVENUE,E01007019,Sefton 035A,Unable to prosecute suspect
c56594f830fd6e81e84cf5decaf8be3d827eabb1e3069ce81a35a0c571ab2a89,2019-02,Merseyside Police,Merseyside Police,-3.028934,53.414211,On or near Petrol Station,E01007272,Wirral 008A,Offender given penalty notice
a4393929aa3a59ad1a9ee9b8199f07d21ea27794d9c025ac186bd56150da79fa,2019-02,Merseyside Police,Merseyside Police,-2.971277,53.438542,On or near COUNTY ROAD,E01006700,Liverpool 012E,Investigation complete; no suspect identified
c61875527669f6a0141efb5c750818fda9da41382dfdd9d5c5408d55d83f49c2,2019-02,Merseyside Police,Merseyside Police,-2.985126,53.420271,On or near VESCOCK STREET,E01033764,Liverpool 022E,Suspect charged
2920ebcf542e7863ea90e4ba21e5a80a411409e3b8c4fbc180d8740576ae1517,2019-02,Merseyside Police,Merseyside Police,-2.971277,53.438542,On or near COUNTY ROAD,E01006700,Liverpool 012E,Investigation complete; no suspect identified
47b7f82895cc9c47a5e1c28707b9aa0a2b1a6cb36eb1feb4506dfcc65adaecae,2019-02,Merseyside Police,Merseyside Police,-2.955972,53.663005,On or near BANKFIELD LANE,E01007031,Sefton 002B,Unable to prosecute suspect
19f77aa74cb5b8736e0c2962b086f0a92259fdbc4dc83f8f7f5fdaab2d0eb525,2019-02,Merseyside Police,Merseyside Police,-3.030260,53.389426,On or near RIVER STREET,E01007128,Wirral 016C,Investigation complete; no suspect identified
fa217dbfd827fe2fc5767ddce9e0d18d9ef4ddb3b81f0589ee37a4ba2e9aefdc,2019-02,Merseyside Police,Merseyside Police,-2.944343,53.511693,On or near ALEXANDER WHARF,E01007072,Sefton 020D,Investigation complete; no suspect identified
7b3cb67d1fe26f1b735375d5f68149f13af77dcbd611e029fe0b29f792d08250,2019-02,Merseyside Police,Merseyside Police,-2.984676,53.407294,On or near Nightclub,E01033760,Liverpool 060C,Unable to prosecute suspect
e4157877af8ef46097d078289f5800ad22ac480b7f97c8947e1108d254511527,2019-02,Merseyside Police,Merseyside Police,-2.979050,53.404689,On or near LAWTON STREET,E01033756,Liverpool 061C,Unable to prosecute suspect
fac742afc46242f16e3e56d1a1df41f999b5942c421a79b68fc03615b8fbd0d3,2019-02,Merseyside Police,Merseyside Police,-2.931087,53.400830,On or near PICTON ROAD,E01006728,Liverpool 035E,Unable to prosecute suspect
e248696b4287f649037485170e857d5081661652b0812796dd5d23b73505e80f,2019-02,Merseyside Police,Merseyside Police,-2.996609,53.461497,On or near EMPIRE ROAD,E01007013,Sefton 036E,Unable to prosecute suspect
6132f844174c675d717d4f8916cf8c57f76ddb36bdf1cd8cc950b473bbcd2e7b,2019-02,Merseyside Police,Merseyside Police,-2.979685,53.432999,On or near CHANCEL STREET,E01006702,Liverpool 014C,Unable to prosecute suspect
6c8f3c18ab93d0e2315d0f64305fea8a4118da07a4a6247de0a006b195307d58,2019-02,Merseyside Police,Merseyside Police,-2.979685,53.432999,On or near CHANCEL STREET,E01006702,Liverpool 014C,Unable to prosecute suspect
7a87455662c2c510f9f34fa1b777558aa97a83fc698a9f961670c8c356b79620,2019-02,Merseyside Police,Merseyside Police,-2.979685,53.432999,On or near CHANCEL STREET,E01006702,Liverpool 014C,Unable to prosecute suspect
a3f439a3205f8cf7443ef927ff4c43d793ca5cc312f64f555b78dbd74a69ff56,2019-02,Merseyside Police,Merseyside Police,-2.964271,53.424962,On or near FRIAR STREET,E01006560,Liverpool 023A,Investigation complete; no suspect identified
31294a0eeaef79ddd3dd866761599968f57f84eb38b76553399d954309ae0c2e,2019-02,Merseyside Police,Merseyside Police,-2.928982,53.506411,On or near HURST ROAD,E01007099,Sefton 019D,Investigation complete; no suspect identified
c8f1b81243a19f53971ede644217b03f4c26c90639a1c69f6d78d8dfbc614154,2019-02,Merseyside Police,Merseyside Police,-2.853226,53.453610,On or near Sports/Recreation Area,E01006439,Knowsley 005F,Investigation complete; no suspect identified
ab76cb4c88d91cf42f4979e2840f5a13e56818cac455796095634074a3391306,2019-02,Merseyside Police,Merseyside Police,-2.962918,53.417692,On or near RESERVOIR STREET,E01006647,Liverpool 024C,Investigation complete; no suspect identified
0a31475ca3db9b07880db1eb5b4742bd28f11f4b131431bf0b8a40c6a1f320f0,2019-02,Merseyside Police,Merseyside Police,-2.965271,53.400702,On or near MYRTLE PARADE,E01006512,Liverpool 031A,Investigation complete; no suspect identified
fe0757adc86c27840dc96bb53caf9272a50f74f22d3c639456f0777f055120bb,2019-02,Merseyside Police,Merseyside Police,-2.981840,53.431120,On or near LAMBETH WALK,E01033764,Liverpool 022E,Investigation complete; no suspect identified
f1efbbbda08611911b201ff7d4cb885f7b24d3a6b172ff301b4381747f984b4e,2019-02,Merseyside Police,Merseyside Police,-2.989737,53.349274,On or near Park/Open Space,E01007142,Wirral 036B,Investigation complete; no suspect identified
c3734ce9f9a3a9b9948257caa79e4ff4ef41eb38a88f6942c2446d129eea58fe,2019-02,Merseyside Police,Merseyside Police,-3.025927,53.478670,On or near ST JOHN'S ROAD,E01007102,Sefton 030D,Investigation complete; no suspect identified
454e58a39af5074c592c4f0c12b5cdf577f8f4078d0c17b7c4bdb4d2180b5c22,2019-02,Merseyside Police,Merseyside Police,-3.026275,53.477462,On or near LYRA ROAD,E01006956,Sefton 030B,Investigation complete; no suspect identified
990a067a1f64fb9fdab91a584196553d0dc1ae71ce3f89cbfb71d2c3d68cd11a,2019-02,Merseyside Police,Merseyside Police,-3.033493,53.600133,On or near LIVERPOOL ROAD,E01006920,Sefton 011A,Investigation complete; no suspect identified
0c6da41d43ef72d8d81fb963271a72346b1807f128a7f4c07a459ad87ca4868f,2019-02,Merseyside Police,Merseyside Police,-2.985139,53.398724,On or near TABLEY STREET,E01033754,Liverpool 061B,Investigation complete; no suspect identified
632bb779dce84b9af5d63f037d1eb8c5994e830154cb8f7e2b7e6b227170da01,2019-02,Merseyside Police,Merseyside Police,-2.974579,53.409786,On or near Parking Area,E01033758,Liverpool 060B,Investigation complete; no suspect identified
a1ee2e652feeb512a91f12f509629e6765819e012b91b2a0b40c3798687ad556,2019-02,Merseyside Police,Merseyside Police,-2.743481,53.467737,On or near SEDDON STREET,E01006919,St. Helens 007F,Investigation complete; no suspect identified
1648fec30dc7cfda329d0e85497a1553db48d1343150baaf27c8f1e285f7d7ed,2019-02,Merseyside Police,Merseyside Police,-3.026442,53.413226,On or near LISCARD ROAD,E01007278,Wirral 008E,Investigation complete; no suspect identified
f8aef273a1c67d926be4c55b01bd3ee3631388d051a0572e294f39af2716964b,2019-02,Merseyside Police,Merseyside Police,-2.934478,53.397702,On or near TALTON ROAD,E01006726,Liverpool 035C,Investigation complete; no suspect identified
09921f8abff4a010932a3fb8ba98743ebcaf26e5c23926a8b1c121b48886dcdd,2019-02,Merseyside Police,Merseyside Police,-2.981930,53.406967,On or near Parking Area,E01033760,Liverpool 060C,Investigation complete; no suspect identified
c9ae9be708d00bd142d31a70a32915f24ed4fd626eb831b00f37ade19a42a902,2019-02,Merseyside Police,Merseyside Police,-2.957150,53.388012,On or near DEVONSHIRE ROAD,E01006675,Liverpool 043C,Unable to prosecute suspect
74ed6acb36314c050b30821cc8671bbb988e5c932e1effce1ef9a166191dc170,2019-02,Merseyside Police,Merseyside Police,-2.967156,53.428732,On or near ROBSON STREET,E01006560,Liverpool 023A,Unable to prosecute suspect
dcc530bd51f09acec47e1504a7cdac7fbf2ecb582b0a3050614479bbeba51c4d,2019-02,Merseyside Police,Merseyside Police,-2.949541,53.389296,On or near SEFTON PARK ROAD,E01006675,Liverpool 043C,Investigation complete; no suspect identified
1fc464b59beaa276a7708a569d07f41771d7916aa4d9d338e123b39b5275854f,2019-02,Merseyside Police,Merseyside Police,-2.753509,53.407935,On or near PORTER CLOSE,E01006889,St. Helens 023B,Investigation complete; no suspect identified
1460dfbbdf3feac7c5ba0b782d9fddf87e6315fa35ffd6dc6958fe723c3b8bdd,2019-02,Merseyside Police,Merseyside Police,-2.946409,53.381671,On or near IVANHOE ROAD,E01006522,Liverpool 048A,Investigation complete; no suspect identified
b95a1a1af0ef32a6ea5b024871a6d28e7db4765df66ea0821749781e74a113e5,2019-02,Merseyside Police,Merseyside Police,-2.979600,53.406392,On or near ELLIOT STREET,E01033760,Liverpool 060C,Investigation complete; no suspect identified
a46f365582234ea43a13c22165e3dea201c92391b5af185687c9c4bf46bf1988,2019-02,Merseyside Police,Merseyside Police,-2.805238,53.426078,On or near YATES' COURT,E01006463,Knowsley 007C,Investigation complete; no suspect identified
bcffa0e2da70b649ce7cc57e475378d8102216d8b9583ddfe22923bd1cfeefb5,2019-02,Merseyside Police,Merseyside Police,-2.936309,53.393454,On or near Supermarket,E01006557,Liverpool 038B,Investigation complete; no suspect identified
828ed4793b40607b696006bd4c18f4bbec25b2acd19e9c35fcece46aafadfa08,2019-02,Merseyside Police,Merseyside Police,-3.119010,53.409581,On or near TARRAN WAY WEST,E01007223,Wirral 013D,Further investigation is not in the public interest
c8e39f8b66055a01f40a52bd1a9ef072e7b7804f640ff5aa20fd11589199c186,2019-02,Merseyside Police,Merseyside Police,-2.967643,53.432971,On or near ANFIELD ROAD,E01006558,Liverpool 018B,Investigation complete; no suspect identified
e61fae6db07b638a2fe528cf4cc885604eb3ee4bdf39ebd4214e35f1bc496070,2019-02,Merseyside Police,Merseyside Police,-3.113891,53.401386,On or near NETHERTON ROAD,E01007221,Wirral 012B,Investigation complete; no suspect identified
d1d58fed7d3240de5294c464018f67db6559f6317127f96b70e2bf38a1e3d89b,2019-02,Merseyside Police,Merseyside Police,-2.991140,53.407753,On or near EXCHANGE STREET EAST,E01033752,Liverpool 062B,Investigation complete; no suspect identified
20703bb3e9056254e512814ad9e7a5b1775c96c427715e3941078709a918646e,2019-02,Merseyside Police,Merseyside Police,-2.977513,53.401304,On or near COLQUITT STREET,E01033761,Liverpool 060D,Investigation complete; no suspect identified
c35db2057b5c6bd348d4f709946683a2453ef013f18964996c0fa2f9b4f16930,2019-02,Merseyside Police,Merseyside Police,-3.028576,53.386933,On or near CEDAR STREET,E01007130,Wirral 021A,Suspect charged
e9c613143f9ce6784fa16fe1f9f28191925961811e98c4377e1b57dcdc7db7d5,2019-02,Merseyside Police,Merseyside Police,-3.028576,53.386933,On or near CEDAR STREET,E01007130,Wirral 021A,Suspect charged
540f452857aae1dcdb2198ffbd25c4b07ed5c70aae4cdf84412ab63c60398832,2019-02,Merseyside Police,Merseyside Police,-2.981873,53.452163,On or near WORCESTER ROAD,E01006960,Sefton 038A,Investigation complete; no suspect identified
3e3eacf1ff3517038783f692e186e0a1e144c4ee305efbc5366d276917cb6c8a,2019-02,Merseyside Police,Merseyside Police,-2.949922,53.430731,On or near ARMLEY ROAD,E01006545,Liverpool 019A,Investigation complete; no suspect identified
183f4a6854a8d65e3ceaf180bd3b1f5a82966c859e9366b06f74eea6572104bd,2019-02,Merseyside Police,Merseyside Police,-3.045957,53.382611,On or near KENT STREET,E01007242,Wirral 020E,Investigation complete; no suspect identified
40c2f87d8313cf2d2c901d0f406082b35fa82e1dc1d88c1f11100071a7a82d89,2019-02,Merseyside Police,Merseyside Police,-3.051147,53.385810,On or near BERESFORD ROAD,E01007240,Wirral 020C,Investigation complete; no suspect identified
38ecce772a3f24364b5f762ec0b0682d43cd59217c724194178bde2e0acc8a4b,2019-02,Merseyside Police,Merseyside Police,-3.042779,53.411889,On or near DALE HEY,E01007276,Wirral 007E,Investigation complete; no suspect identified
e5ce2ea0c67a2c423bce609b7d430f80602e6566b652451b73dd05705e2d1db2,2019-02,Merseyside Police,Merseyside Police,-3.030218,53.380806,On or near HARROWBY ROAD,E01007179,Wirral 021C,Investigation complete; no suspect identified
2aefbeb293d2b8ea0797ab808038e74cc4ad0c4596d35fab94583fdd6317aece,2019-02,Merseyside Police,Merseyside Police,-3.018090,53.367157,On or near DEVERILL ROAD,E01007175,Wirral 027A,Unable to prosecute suspect
4b94dd17159687b8e6f091ec2f3c912f09e3696ad5baac5d64b929a43bbcb1d7,2019-02,Merseyside Police,Merseyside Police,-3.024691,53.381060,On or near CHURCH ROAD,E01007292,Wirral 021E,Investigation complete; no suspect identified
190d4c6e76668dd0f6a492244400a301a33b3a4a0094ac638b0c690ff0c7b438,2019-02,Merseyside Police,Merseyside Police,-2.700366,53.453903,On or near BROAD OAK ROAD,E01006821,St. Helens 011C,Investigation complete; no suspect identified
7a98dcab584a27011958c0714294acfcf74d269da71e204d19c6e84a37caf3b4,2019-02,Merseyside Police,Merseyside Police,-2.966573,53.420306,On or near NORTHCOTE CLOSE,E01006564,Liverpool 023B,Investigation complete; no suspect identified
4d7ae6cb65c2fde3223e6e4a855715e3edc5c49e9637f3f28047b7a1e28fd049,2019-02,Merseyside Police,Merseyside Police,-2.986620,53.410047,On or near HATTON GARDEN,E01033762,Liverpool 060E,Investigation complete; no suspect identified
a283bbe54e13778939a94684cbcd6b36ea5acbd4bee83247ed229f096dc4d49d,2019-02,Merseyside Police,Merseyside Police,-2.932534,53.399623,On or near BISHOPGATE STREET,E01006728,Liverpool 035E,Offender given a drugs possession warning
a7793503398916c27bad17fb209adc059944216b2b85e8f98382de8377175ec8,2019-02,Merseyside Police,Merseyside Police,-2.943063,53.416655,On or near HAMPSTEAD ROAD,E01006695,Liverpool 028C,Unable to prosecute suspect
5bddfd60750b3518342d95f5d71f34652414f967d0580aa66c4388f488f44e26,2019-02,Merseyside Police,Merseyside Police,-2.833554,53.427268,On or near LYME CROSS ROAD,E01006440,Knowsley 010A,Investigation complete; no suspect identified
a1f365ccf48f279f9e3292cf7cf4ca218609a9205212fc6418bccf69f33fd941,2019-02,Merseyside Police,Merseyside Police,-2.972329,53.311133,On or near BERWICK AVENUE,E01007166,Wirral 042B,Investigation complete; no suspect identified
e57bf6a18824808b9ba9d38b5c55f6fa2804a14dffa00f2214e6a134ac787c73,2019-02,Merseyside Police,Merseyside Police,-2.903265,53.414455,On or near ASHCOMBE ROAD,E01006569,Liverpool 029B,Unable to prosecute suspect
fd598f9c3989851938459db0dffbd4f5f39e83b66d836a413d8f0cc6cd5d2fcf,2019-02,Merseyside Police,Merseyside Police,-3.024076,53.391745,On or near Shopping Area,E01007128,Wirral 016C,Investigation complete; no suspect identified
fece9e5bd26485c7d6229e9945c879e66eab9b64d176dacc0ce30c1f12bbb8cc,2019-02,Merseyside Police,Merseyside Police,-3.152904,53.393455,On or near BISPHAM DRIVE,E01007195,Wirral 013A,Investigation complete; no suspect identified
ce9b2eb13fb6b3b6a4504d773c440de21d335f5fad1208ed42a29415ca8d3709,2019-02,Merseyside Police,Merseyside Police,-2.813250,53.427147,On or near WOOD LANE,E01006464,Knowsley 007D,Investigation complete; no suspect identified
57b14f3793cfb36b914f5866eed499049726e28b80e067c3d3dd826de26af646,2019-02,Merseyside Police,Merseyside Police,-2.887660,53.366634,On or near REDINGTON ROAD,E01006535,Liverpool 054B,Further investigation is not in the public interest
ac4383d2542b6e14974565e54b4c18d24a24e3f47d6cb870d0de00b741517c89,2019-02,Merseyside Police,Merseyside Police,-2.979600,53.406392,On or near ELLIOT STREET,E01033760,Liverpool 060C,Investigation complete; no suspect identified
51e5fd7acbec79b9207aa1ba14210d1fb5536dd52bd33cd4d137461c905e7f24,2019-02,Merseyside Police,Merseyside Police,-2.945176,53.471866,On or near KILMORE CLOSE,E01006651,Liverpool 001A,Investigation complete; no suspect identified
3912088fd3a9a4973de7131de981e2a2702bd788f1284f920b28bd3d75b7bc8f,2019-02,Merseyside Police,Merseyside Police,-3.024076,53.391745,On or near Shopping Area,E01007128,Wirral 016C,Investigation complete; no suspect identified
2f756de0e128f2c8d23875526ba738f4c8fb27b652e5ab68e328073106277718,2019-02,Merseyside Police,Merseyside Police,-2.977115,53.406242,On or near HILBRE STREET,E01006513,Liverpool 060A,Investigation complete; no suspect identified
5418e127a393c126f84300989918918c406e86bef19f7b08e9648b40641681c7,2019-02,Merseyside Police,Merseyside Police,-2.874047,53.406394,On or near COURT HEY DRIVE,E01006472,Knowsley 014A,Suspect charged
d5de84884d12f69b4a17a5f430d5f12ca977a4c05fdb325931ac213ecec9dc6f,2019-02,Merseyside Police,Merseyside Police,-2.987117,53.404218,On or near Bus/Coach Station,E01033756,Liverpool 061C,Investigation complete; no suspect identified
8ff05016ea16841c500ceaf19a3975b9057b1c01ade2cba8ce45d630f3659048,2019-02,Merseyside Police,Merseyside Police,-2.874047,53.406394,On or near COURT HEY DRIVE,E01006472,Knowsley 014A,Suspect charged
e8c031c63f42aeb7874cd16ea83cc4892d96ce58b921936733894f2a975de809,2019-02,Merseyside Police,Merseyside Police,-3.110016,53.343217,On or near COPELAND CLOSE,E01007288,Wirral 037E,Investigation complete; no suspect identified
b75c2618282df7043cf643d86bd546198ec0653bc85f08f4285d6d1f7603f525,2019-02,Merseyside Police,Merseyside Police,-2.967647,53.425834,On or near MONK STREET,E01006560,Liverpool 023A,Investigation complete; no suspect identified
f2b4b78692624bdd0e4b79077d95debd786a77121a602754d5862936291ccfdc,2019-02,Merseyside Police,Merseyside Police,-2.984037,53.407012,On or near DAWSON STREET,E01033760,Liverpool 060C,Investigation complete; no suspect identified
c40a1807805ee4d4bac59d82a73371296008abd085b87ea462fcbeccaf9b6957,2019-02,Merseyside Police,Merseyside Police,-2.948427,53.458869,On or near LONG LANE,E01032511,Liverpool 008G,Investigation complete; no suspect identified
f8fe055d9c1b306aba43d58bae5760a4807290c70950373b89afc0f8ea8543a1,2019-02,Merseyside Police,Merseyside Police,-2.960028,53.418327,On or near AUBREY COURT,E01006647,Liverpool 024C,Investigation complete; no suspect identified
a4a8a08597976d74aea7fa9a15e2d41364f694243ba444571fe7193a58be9157,2019-02,Merseyside Police,Merseyside Police,-3.039161,53.375182,On or near TEMPLE ROAD,E01007243,Wirral 022D,Investigation complete; no suspect identified
211a51e81eeb4434ea054371f06c1ed49afa2ce0447a06562e44382a1e388dbb,2019-02,Merseyside Police,Merseyside Police,-2.712575,53.436590,On or near ROBINS LANE,E01006845,St. Helens 014A,Suspect charged
e1ff89e66e7baf050652629d5f4b54bda629451f798ed79c99786acbb94a36ba,2019-02,Merseyside Police,Merseyside Police,-2.938068,53.398906,On or near SALISBURY ROAD,E01006726,Liverpool 035C,Investigation complete; no suspect identified
09269ce72f49ee4f4b189e57130ce98fad42c83e0c7180827caa5ca9208a27e1,2019-02,Merseyside Police,Merseyside Police,-2.983878,53.406618,On or near Supermarket,E01033760,Liverpool 060C,Suspect charged
019843e42ef37ad5bd55e6e7ee088bc3fba8b85ca833f72d80498014b818fce2,2019-02,Merseyside Police,Merseyside Police,-3.006127,53.458901,On or near BOSWELL STREET,E01007005,Sefton 034B,Unable to prosecute suspect
7d9ba5800c1ce3f8882e32d74f8de993122af4f288c8c8b93e1ec678f6676741,2019-02,Merseyside Police,Merseyside Police,-2.955759,53.403089,On or near BACK CHATHAM PLACE,E01006751,Liverpool 031F,Investigation complete; no suspect identified
4e98c40b265acfc69c532014320e04cc1f164da2b382b61612bfc610f5736c35,2019-02,Merseyside Police,Merseyside Police,-2.998566,53.656311,On or near KNOWSLEY ROAD,E01006950,Sefton 004B,Unable to prosecute suspect
b0fe8b38617af588869ad19bf8a5a0d92aab126e904150b94fd8f333b0dadf21,2019-02,Merseyside Police,Merseyside Police,-3.017647,53.391413,On or near HINSON STREET,E01007126,Wirral 016A,Unable to prosecute suspect
f1fcb7885700f46de8aaf2a28474bdbf670987854a600bcb494dc093febad014,2019-02,Merseyside Police,Merseyside Police,-3.019248,53.361502,On or near OUEENSWOOD AVENUE,E01007114,Wirral 032D,Unable to prosecute suspect
8fc61a6bb3b655800ceda8539db7dae8c2e6c2b07b186e3889bf79f097ff97ea,2019-02,Merseyside Police,Merseyside Police,-2.976306,53.309122,On or near SUTHERLAND DRIVE,E01007165,Wirral 041C,Investigation complete; no suspect identified
d4e1ecbb879fcb907c4f058309d9bec77b28b6c7b8fc01e527da2777c8460102,2019-02,Merseyside Police,Merseyside Police,-2.935893,53.426537,On or near WINDSOR ROAD,E01006767,Liverpool 019F,Offender given a caution
8c0241b05f8952cfe7f7b2fa146aabb79215c879d07a8e0eb7e3a5c4df32f023,2019-02,Merseyside Police,Merseyside Police,-2.974799,53.631555,On or near CATTERICK FOLD,E01006999,Sefton 008C,Unable to prosecute suspect
a68746ec0fa65f1328a54ff045033c706de6c2e53694718df8da85a629b12796,2019-02,Merseyside Police,Merseyside Police,-2.859037,53.389370,On or near Supermarket,E01006771,Liverpool 040D,Investigation complete; no suspect identified
870a0194330dc0fe65bde3370a775b2401f72bf5df20b93265a6ed06286593ee,2019-02,Merseyside Police,Merseyside Police,-3.028236,53.473220,On or near DEACON CLOSE,E01006957,Sefton 032C,Unable to prosecute suspect
41ccda7aa689b4845456e7bafc2937a28eab66e5ca73b4d6cf841ae892877ddf,2019-02,Merseyside Police,Merseyside Police,-2.946103,53.380756,On or near FORGE COTTAGES,E01006523,Liverpool 052B,Investigation complete; no suspect identified
e850a9a4386b0f20a38a436c69936749bab2d30e45568d00ec522ceb4ef06578,2019-02,Merseyside Police,Merseyside Police,-2.710170,53.463858,On or near BILLINGE CRESCENT,E01006811,St. Helens 008B,Unable to prosecute suspect
f22760f1a42032be5e3cf127e6414ed38bf91e468940091301db8ea7f9a65aba,2019-02,Merseyside Police,Merseyside Police,-3.040950,53.431267,On or near SANDFIELD ROAD,E01007233,Wirral 002C,Investigation complete; no suspect identified
b9b2081e4bc4176a78a9f94ebd3febd395504a9fb399d0211e636c994ce4083d,2019-02,Merseyside Police,Merseyside Police,-2.987162,53.407472,On or near Nightclub,E01033762,Liverpool 060E,Suspect charged
0947dbf8d63f3deb91883d1b13ce151c5e4e85a80da945f1f54b7ced8dabee12,2019-02,Merseyside Police,Merseyside Police,-2.988487,53.406885,On or near Nightclub,E01033760,Liverpool 060C,Suspect charged
8cebfc347ed0cf0e02215a4f610c93541716c28644ed4e76fc7edb1b93bf6b59,2019-02,Merseyside Police,Merseyside Police,-3.087158,53.412985,On or near MACKENZIE ROAD,E01007204,Wirral 009A,Unable to prosecute suspect
3a32547522ef33069338196612dd0f686827295047b2342a37576a3b71adc631,2019-02,Merseyside Police,Merseyside Police,-2.859737,53.433051,On or near LITTLE MOSS HEY,E01006414,Knowsley 006C,Suspect charged
e09c3c28ec9becd48c81a9029b64f34c4158a97bdbf60d5a19a529ad8ab70ec3,2019-02,Merseyside Police,Merseyside Police,-3.026419,53.474692,On or near SOUTH ROAD,E01006956,Sefton 030B,Unable to prosecute suspect
459fc3690b283ba9a3a52121deb95e2e233987fc77a1d366f7ae5912c0f29b83,2019-02,Merseyside Police,Merseyside Police,-3.180507,53.390453,On or near A540,E01007193,Wirral 014A,Unable to prosecute suspect
8e2430954f0e250ed6a69cb6f3c49afa8110129dbb243ac3e30e5a5f16a63865,2019-02,Merseyside Police,Merseyside Police,-3.192234,53.388763,On or near CORONATION ROAD,E01007193,Wirral 014A,Suspect charged
59789a1c2e9a531b3b93c9d853f50d1da678939fa99a7ced2a4cb184ed0fb96a,2019-02,Merseyside Police,Merseyside Police,-3.157841,53.375312,On or near LARTON ROAD,E01007260,Wirral 028B,Unable to prosecute suspect
c83b9af47d549360e6ace19102fa7f5100e93763c56802bdccebe21c8c1988ca,2019-02,Merseyside Police,Merseyside Police,-2.949182,53.456266,On or near Sports/Recreation Area,E01032511,Liverpool 008G,Investigation complete; no suspect identified
f8560ae810c19db99ed9308078a83d6f52b0859819b6dd78b56391b4eb3da27e,2019-02,Merseyside Police,Merseyside Police,-2.964992,53.439501,On or near GWLADYS STREET,E01006615,Liverpool 012C,Local resolution
49f113ea685c721523a551d1a11c0fef7152ffbd2c8ba03e4396804750739476,2019-02,Merseyside Police,Merseyside Police,-2.737890,53.451987,On or near Supermarket,E01006832,St. Helens 012A,Investigation complete; no suspect identified
e13108162c312830b51b826671e428f762d81943799c6ab204353136c06fa5c2,2019-02,Merseyside Police,Merseyside Police,-2.935893,53.426537,On or near WINDSOR ROAD,E01006767,Liverpool 019F,Unable to prosecute suspect
e8442c3fd9cde728586bd6eae6df066e138b719b4a6653df37467a254f37be72,2019-02,Merseyside Police,Merseyside Police,-2.738275,53.452461,On or near Shopping Area,E01006832,St. Helens 012A,Unable to prosecute suspect
d646a171e3752132a2d6f66cdd4264f1e8e31322a9b0ddcd0247bce8cf99db8d,2019-02,Merseyside Police,Merseyside Police,-2.959059,53.424744,On or near RYDAL STREET,E01006563,Liverpool 024B,Investigation complete; no suspect identified
6b503be2230695774b0888c86737bf8ba234ba5f848b3701b72817b403383ea7,2019-02,Merseyside Police,Merseyside Police,-2.954369,53.409536,On or near JUBILEE DRIVE,E01006691,Liverpool 030A,Unable to prosecute suspect
f826f9f8c3ab16ef95a6ac9b3f9c6f7582157014cc7e19ce83318068bbae7f00,2019-02,Merseyside Police,Merseyside Police,-2.839058,53.411742,On or near Further/Higher Educational Building,E01006481,Knowsley 015E,Investigation complete; no suspect identified
4a2a664b2026fd4f0aade0d7e1d49888eb68cf8515687b8898c6b86692d7193c,2019-02,Merseyside Police,Merseyside Police,-3.020928,53.410406,On or near Supermarket,E01007274,Wirral 008C,Unable to prosecute suspect
877a6b412f41d8cd2feb11d124b778635ac8914772649adb710306e2dcba6f9c,2019-02,Merseyside Police,Merseyside Police,-3.090126,53.371357,On or near ELTHAM CLOSE,E01007251,Wirral 025B,Unable to prosecute suspect
c127afc81b8ef1fcd46468844f57d7bf6f0320d3990b2e6bbb6a3dfb21780612,2019-02,Merseyside Police,Merseyside Police,-2.869584,53.419182,On or near SHELLINGFORD ROAD,E01006643,Liverpool 025E,Investigation complete; no suspect identified
25d76df4c789756726225175f6f82ebb7a1ab1fd116f0dbaa87a37e0ebe7899c,2019-02,Merseyside Police,Merseyside Police,-2.985464,53.402353,On or near DUKE STREET LANE,E01033754,Liverpool 061B,Unable to prosecute suspect
ceccfdabee166a76593482014204264f28629706f45d5576c0bd509664d581ea,2019-02,Merseyside Police,Merseyside Police,-3.044459,53.422113,On or near EGERTON GROVE,E01007217,Wirral 007D,Investigation complete; no suspect identified
595f6a43cde0ba74f3ed8e57e7a9db489b6f5ff349aef73a5d7711f026278b84,2019-02,Merseyside Police,Merseyside Police,-2.733815,53.453208,On or near BICKERSTAFFE STREET,E01006872,St. Helens 014C,Investigation complete; no suspect identified
7103828f88a67eb876a1ee93aab7b713eca8819ac3dc323e4ba1a171b6b1cb3d,2019-02,Merseyside Police,Merseyside Police,-2.614046,53.453839,On or near Petrol Station,E01006859,St. Helens 015D,Investigation complete; no suspect identified
83203be4e2580a9ff24e44c31a7f3e51e6968ca77b0d2828f7872bdfadb5fd41,2019-02,Merseyside Police,Merseyside Police,-2.974799,53.631555,On or near CATTERICK FOLD,E01006999,Sefton 008C,Unable to prosecute suspect
ad7f499840552d0156d4fddd3691f71258b62e20d0b989e05b352643694c62b5,2019-02,Merseyside Police,Merseyside Police,-3.047934,53.441040,On or near KING'S PARADE,E01007230,Wirral 001B,Suspect charged
a1b90bc9eec84c33f8868abf9f33babf80c13f1bc9efc22c67bba9b2af1d7f57,2019-02,Merseyside Police,Merseyside Police,-2.950084,53.466982,On or near MOFFAT ROAD,E01006657,Liverpool 002C,Unable to prosecute suspect
fc2b6d7831559d9abd09be7822a56c6c2b041b7fcd3d0a977d8bad8b611528a6,2019-02,Merseyside Police,Merseyside Police,-2.921866,53.430691,On or near CLINTON ROAD,E01006618,Liverpool 016C,Offender given a caution
c1fd117c4a7cc6ec611ff3dcfb71fed739a5069d1368205d3c512cff7ef8d7df,2019-02,Merseyside Police,Merseyside Police,-2.959805,53.381699,On or near SOUTH GROVE,E01032506,Liverpool 050G,Investigation complete; no suspect identified
790f96fbc2e3f182f7ef26abac9a405f0435b9a9ae574e4dee1f8f2e193c49de,2019-02,Merseyside Police,Merseyside Police,-3.005882,53.649608,On or near NEVILL STREET,E01033094,Sefton 004F,Unable to prosecute suspect
661b528436998945cb29c523aca2180ace5a62f1110e662349be5c4c63222555,2019-02,Merseyside Police,Merseyside Police,-2.941965,53.422084,On or near BELMONT DRIVE,E01006760,Liverpool 028E,Unable to prosecute suspect
f59d18cce0e506b063dffedc32b74b8898f52b1f2b9f1f93e8cb8a7a41f09d25,2019-02,Merseyside Police,Merseyside Police,-2.838251,53.346200,On or near Petrol Station,E01006755,Liverpool 059C,Investigation complete; no suspect identified
5d588da56c3e4d33e751403ef929f915c4e1bdfe7bea819cc5f9b2eea256985c,2019-02,Merseyside Police,Merseyside Police,-2.977460,53.454716,On or near WEBSTER AVENUE,E01006965,Sefton 038E,Unable to prosecute suspect
5218910fbb6e467f4926cdc29ef7db756b9950f88c0a2ca28203700e061712bf,2019-02,Merseyside Police,Merseyside Police,-2.992004,53.459100,On or near THORNTON ROAD,E01007012,Sefton 036D,Investigation complete; no suspect identified
9d8dcd4cebc46a86e8650b6b6ce42fc615dfac35da7f51b09ea140f08f8d1878,2019-02,Merseyside Police,Merseyside Police,-2.967238,53.430386,On or near GOSCHEN STREET,E01006558,Liverpool 018B,Unable to prosecute suspect
6f83f66008ed079f2bacfbf587f6445fb14a5ba6b16ef6f84f12d936ad964200,2019-02,Merseyside Police,Merseyside Police,-2.942173,53.423332,On or near MORECAMBE STREET,E01006540,Liverpool 024A,Suspect charged
7327b510c125e8f67eb1bea0c761cba3b0faa228e1735eaa323665127fadab60,2019-02,Merseyside Police,Merseyside Police,-2.976446,53.323144,On or near OSBOURNE CLOSE,E01007171,Wirral 041D,Unable to prosecute suspect
cf755dd31bf07f3d24661d7b4489ad19d659a5138b63e21896537cdcd87d8463,2019-02,Merseyside Police,Merseyside Police,-3.082662,53.402994,On or near ST OSWALD'S MEWS,E01007124,Wirral 011E,Unable to prosecute suspect
bc4b897ebe936b520232efb0f17684a6173f12b1f0857956f345197e859cc1b5,2019-02,Merseyside Police,Merseyside Police,-2.805299,53.429295,On or near MILL STREET,E01006463,Knowsley 007C,Investigation complete; no suspect identified
b49e2c137e835194c69c6cd473234352729f5b9a48df5f50c55f4aaea9ab1782,2019-02,Merseyside Police,Merseyside Police,-2.840447,53.405898,On or near THE PARK,E01006479,Knowsley 015C,Unable to prosecute suspect
262d8875ee4391b874a531db8acf7e83645cfe8e0a52b71b9432797e562e998b,2019-02,Merseyside Police,Merseyside Police,-2.969223,53.397884,On or near LITTLE CATHARINE STREET,E01006514,Liverpool 037A,Unable to prosecute suspect
f171e1a8d45daa43d0a9f7f2da40c52cc5fe60252bf8e4497c309c3ae805d83d,2019-02,Merseyside Police,Merseyside Police,-2.897402,53.456828,On or near MOSS WAY,E01006667,Liverpool 007C,Investigation complete; no suspect identified
c360bc03449960659da3acece04600bcc4bdcc53643f29dd710cbefe561f4b3f,2019-02,Merseyside Police,Merseyside Police,-3.000744,53.466955,On or near SCARISBRICK AVENUE,E01007016,Sefton 034D,Unable to prosecute suspect
8762b66f1f324de69cefd163e566ce8e75de5c8a146debc6cb0b50a5627f7db1,2019-02,Merseyside Police,Merseyside Police,-2.845862,53.421806,On or near CARTMEL ROAD,E01006442,Knowsley 010B,Offender given a caution
3fa4298c3158b1ad89c9d4af916c7e8c4dd904da9544b45e27498e0d5d56dd47,2019-02,Merseyside Police,Merseyside Police,-2.967630,53.401240,On or near Further/Higher Educational Building,E01006513,Liverpool 060A,Unable to prosecute suspect
e98536faa99252ba2daf7042d0dbd5df8d821f5b6c20032dff8af47c61ec3daf,2019-02,Merseyside Police,Merseyside Police,-2.898004,53.428257,On or near MAYFIELD CLOSE,E01006640,Liverpool 021F,Unable to prosecute suspect
2398896ecdea103888939fd9d72ed241c561bee6beaca5688bbea7ccae54d442,2019-02,Merseyside Police,Merseyside Police,-2.949643,53.430356,On or near DEWSBURY ROAD,E01006544,Liverpool 015C,Unable to prosecute suspect
1b64d21a7bff68529bee75fb373e415593b3c49bde4361e8eff4218a7c22e8d0,2019-02,Merseyside Police,Merseyside Police,-2.979198,53.403924,On or near BACK BOLD STREET,E01033756,Liverpool 061C,Offender given a caution
80fb1d0984597ae73427fe5c0576a885af4d9cf0cab93c30a94698cffd872cd3,2019-02,Merseyside Police,Merseyside Police,-2.907432,53.484374,On or near PENLEY CRESCENT,E01006507,Knowsley 004C,Unable to prosecute suspect
4a4b13d5fbfef6cceddb7a0ad2719bf5d13ebf15f1c887324dddee151b7d155e,2019-02,Merseyside Police,Merseyside Police,-2.711305,53.460616,On or near FRODSHAM DRIVE,E01006812,St. Helens 008C,Unable to prosecute suspect
010abdc0f0c2132592496b610a3d4a795db8b89aa023e2a22d0c37eaf37af806,2019-02,Merseyside Police,Merseyside Police,-2.827462,53.357674,On or near RUSHOLME CLOSE,E01006429,Knowsley 020C,Unable to prosecute suspect
16895f050d795d414c3e18a6c918b8a4d84c54349d845c1ce61cfd853e16d1f7,2019-02,Merseyside Police,Merseyside Police,-2.934331,53.452059,On or near Sports/Recreation Area,E01032510,Liverpool 008F,Unable to prosecute suspect
f7aa36eb6b57525116b06eda6bf863b2d22baa7914b3fb13900b1d2f76058652,2019-02,Merseyside Police,Merseyside Police,-2.764446,53.451595,On or near Sports/Recreation Area,E01006833,St. Helens 016B,Unable to prosecute suspect
bb91db48e34f97ae9e39348a5d267d3bcd4cd5e48df204ed0375bf19bfbe7cf9,2019-02,Merseyside Police,Merseyside Police,-2.797501,53.432386,On or near CANTERBURY CLOSE,E01006466,Knowsley 007E,Unable to prosecute suspect
98e4d29c2ec2d77a710bfcfdab6e845db107bf20411e5f8184cd1769b9f964fe,2019-02,Merseyside Police,Merseyside Police,-2.802043,53.429821,On or near ECCLESTON STREET,E01006463,Knowsley 007C,Unable to prosecute suspect
b6935e5f19a5c3fdfee4e8fe1e680d00479adf05a7d4035504dd62498cd21b83,2019-02,Merseyside Police,Merseyside Police,-3.036995,53.388118,On or near GRANGE MOUNT,E01007129,Wirral 016D,Unable to prosecute suspect
b2735fd12a41b6bc020e89e74a78d164c1ebc21ff9ac0f6f36b2777914a668cf,2019-02,Merseyside Police,Merseyside Police,-2.954644,53.425166,On or near SPRING BANK ROAD,E01006547,Liverpool 019C,Unable to prosecute suspect
0ec213f4adecc80c408e30f60bac2b523f97d0bbe17eb4575f3de4a0cb5b74c0,2019-02,Merseyside Police,Merseyside Police,-2.949515,53.382051,On or near PARKFIELD ROAD,E01006520,Liverpool 043A,Unable to prosecute suspect
d670da86be133d54683137fa042d31d94134dfed3e5563ddc11e87da31331897,2019-02,Merseyside Police,Merseyside Police,-2.993354,53.417578,On or near JACK MCBAIN COURT,E01006776,Liverpool 022B,Investigation complete; no suspect identified
80eea859f1d816dff6365a9f48a2b18193cb42929ed9e02be9d2f806ea3479c1,2019-02,Merseyside Police,Merseyside Police,-3.040782,53.437911,On or near MASON STREET,E01007238,Wirral 001E,Investigation complete; no suspect identified
fc67539d005a310040248156a75d358fb8fdaf5ef1c9d71c66b6beba3ce26103,2019-02,Merseyside Police,Merseyside Police,-3.157841,53.375312,On or near LARTON ROAD,E01007260,Wirral 028B,Unable to prosecute suspect
737a1302a20bfdb82a0c39f020e2f428b2d8fd86728b00c129ebbe6c70b8312d,2019-02,Merseyside Police,Merseyside Police,-2.949515,53.382051,On or near PARKFIELD ROAD,E01006520,Liverpool 043A,Unable to prosecute suspect
e1dc01adcd39519620ab56478860d822ddb15aba09267624306eca43a64eca4f,2019-02,Merseyside Police,Merseyside Police,-3.107722,53.394333,On or near UPTON ROAD,E01007297,Wirral 018A,Investigation complete; no suspect identified
f11d0ef44b14fd7875b7c3929fccc858c222fa4b1474c1213f69d9d44ff8e56e,2019-02,Merseyside Police,Merseyside Police,-2.682184,53.446970,On or near SEXTON AVENUE,E01006816,St. Helens 017A,Unable to prosecute suspect
6630c38e17902faa6f0f6ff942917749aa0dd9c51346d52238c2af3e49b0b584,2019-02,Merseyside Police,Merseyside Police,-3.107722,53.394333,On or near UPTON ROAD,E01007297,Wirral 018A,Investigation complete; no suspect identified
36b4e0d969597bb104c0220fb1601e3908e1a65bedce7189d2206cc8faaa1570,2019-02,Merseyside Police,Merseyside Police,-3.107722,53.394333,On or near UPTON ROAD,E01007297,Wirral 018A,Investigation complete; no suspect identified
476596bfecc38fbe791e36718439cd31c0a0ce2108032fb85f6b49658ee33821,2019-02,Merseyside Police,Merseyside Police,-3.107722,53.394333,On or near UPTON ROAD,E01007297,Wirral 018A,Investigation complete; no suspect identified
690abcfd1b98501f0215efa53ea93ce9d3c6b80fa4c9d84e3b0b1ab43ee23019,2019-02,Merseyside Police,Merseyside Police,-3.028416,53.382170,On or near ASPENDALE ROAD,E01007131,Wirral 021B,Unable to prosecute suspect
63c3ee1bb007169e0e8566ea0d8efacd749a8b5224cfb6f0de6fafc2e0c0b666,2019-02,Merseyside Police,Merseyside Police,-3.024076,53.391745,On or near Shopping Area,E01007128,Wirral 016C,Investigation complete; no suspect identified
86b6e70414ec2b155411dfbc8959961435a5539848c4103b42157ce6a32a1859,2019-02,Merseyside Police,Merseyside Police,-2.739208,53.454208,On or near ORMSKIRK STREET,E01006877,St. Helens 012C,Unable to prosecute suspect
7aebb0e0034b882e9c95953aee139c039f321953f9d5313601b9c15f032e5d2f,2019-02,Merseyside Police,Merseyside Police,-2.909303,53.436540,On or near GLENTREES ROAD,E01006625,Liverpool 016D,Unable to prosecute suspect
a521a0718236df33795c108c73ce18891bfe6fa9f5363f2bec758318cd6fa759,2019-02,Merseyside Police,Merseyside Police,-3.005205,53.651061,On or near VICTORIA STREET,E01033094,Sefton 004F,Unable to prosecute suspect
3f4410e1d5b5ea3f5c61a6c40c20f4109a0b70cf3ff2ce4a2554f0d8c33d185f,2019-02,Merseyside Police,Merseyside Police,-2.983077,53.404521,On or near OLD POST OFFICE PLACE,E01033756,Liverpool 061C,Local resolution
e3161b96ac70c322a50121b118fe1d867d9bbfaa33c147adbbe84967010099e5,2019-02,Merseyside Police,Merseyside Police,-2.847318,53.414038,On or near WHITE LODGE AVENUE,E01006452,Knowsley 012D,Offender given penalty notice
478945f12cc5b03e2649c7cceec29f5b7ace79b8d42b113b4340009c4753a432,2019-02,Merseyside Police,Merseyside Police,-3.067230,53.426469,On or near Parking Area,E01007313,Wirral 003D,Unable to prosecute suspect
846047f8f767bd7cf431081e189561851bf9a67f5da5f96af1910969601b8cd1,2019-02,Merseyside Police,Merseyside Police,-2.936347,53.516295,On or near CONISTON ROAD,E01007096,Sefton 018D,Unable to prosecute suspect
a1fe03f4c4d8ad0b91ec2aee859ebad7fa68e7d906da9b4f62d977c535a2e39e,2019-02,Merseyside Police,Merseyside Police,-3.079724,53.382031,On or near NEVILLE CLOSE,E01007162,Wirral 019C,Unable to prosecute suspect
0b4d4739d9657e0d7aa5fa642b5853e41072d9f955e72101a81390dcc54038be,2019-02,Merseyside Police,Merseyside Police,-2.859037,53.389370,On or near Supermarket,E01006771,Liverpool 040D,Unable to prosecute suspect
b98c36b6df144a474dcb3b535871d0c97516bb0bc784aaec910cde2113e11e58,2019-02,Merseyside Police,Merseyside Police,-2.910696,53.393284,On or near FINGALL ROAD,E01006588,Liverpool 042C,Unable to prosecute suspect
3eee834d87b0c194949a2bc4af060026b888943fe6f79d268c0b5465cdc449ea,2019-02,Merseyside Police,Merseyside Police,-2.695340,53.465222,On or near SCHOOL STREET,E01006813,St. Helens 008D,Investigation complete; no suspect identified
7b2bcedfb8c002407ebc83fe91be4fe271f87cdb42b5ee2ba98e6af32fc65b4e,2019-02,Merseyside Police,Merseyside Police,-2.998566,53.656311,On or near KNOWSLEY ROAD,E01006950,Sefton 004B,Unable to prosecute suspect
2acbbf99ec596d02a52ba7e922d84491e63a11b89ea59e5864702d2f23e9652d,2019-02,Merseyside Police,Merseyside Police,-2.992998,53.442300,On or near KING'S ROAD,E01007010,Sefton 037E,Investigation complete; no suspect identified
8c4b9b44e1eeedcf05938a50afaf3afb66e404ee02f864ed777ac2be3c97d379,2019-02,Merseyside Police,Merseyside Police,-2.932000,53.413039,On or near FAIRFIELD STREET,E01006692,Liverpool 028B,Investigation complete; no suspect identified
263dde86a70f8b2fad2405f050625f27e63f6e7120c984d2205538d0469905f8,2019-02,Merseyside Police,Merseyside Police,-2.730813,53.411689,On or near MILTON STREET,E01006910,St. Helens 022E,Suspect charged
72843f25ad18afa0026f227c2650f7d743d4aeb1e57f63ea029e2a77c0ce6358,2019-02,Merseyside Police,Merseyside Police,-2.896721,53.385183,On or near BEECH LANE,E01006597,Liverpool 041E,Unable to prosecute suspect
37c52fa25be1f98825b915c40ea714cc4eed9f86b931990cb35b944c0f759f49,2019-02,Merseyside Police,Merseyside Police,-2.924475,53.456558,On or near FALCONHALL ROAD,E01006659,Liverpool 005B,Suspect charged
e92448b61b9fc1a5803a22817387f748581a02590c0b90ee415d7d0f2dc74f67,2019-02,Merseyside Police,Merseyside Police,-3.030260,53.389426,On or near RIVER STREET,E01007128,Wirral 016C,Suspect charged
06768e977835d3c8c81d52bb74bc596ad9467553051e60176026ef4b1d811275,2019-02,Merseyside Police,Merseyside Police,-2.996877,53.495446,On or near HUMPHREYS HEY,E01007038,Sefton 021F,Unable to prosecute suspect
b06f2aac10206204f90ddcf878813bc1a9ff066cf1565158711c4c92250123ec,2019-02,Merseyside Police,Merseyside Police,-2.797501,53.432386,On or near CANTERBURY CLOSE,E01006466,Knowsley 007E,Unable to prosecute suspect
a90981b568060990de0f5f57b6b7e856204088eb08a561e0fdf9f0972e9dbb46,2019-02,Merseyside Police,Merseyside Police,-3.042015,53.383706,On or near NORMANSTON CLOSE,E01007239,Wirral 022C,Unable to prosecute suspect
f675359b61bf99e280c2011be9cd4dd76e2c88d3fa1a122457e844f6d9bddea1,2019-02,Merseyside Police,Merseyside Police,-2.979333,53.407213,On or near Pedestrian Subway,E01033760,Liverpool 060C,Unable to prosecute suspect
ebb5faf8938fecb285d60bf2aae34f890eb2d07c2fdede8985f9066b10475353,2019-02,Merseyside Police,Merseyside Police,-2.684819,53.446047,On or near Supermarket,E01006899,St. Helens 017D,Unable to prosecute suspect
0d9802387533c40659f20e4601e21087d5c511a70f0e56cded2ef1c5520e582c,2019-02,Merseyside Police,Merseyside Police,-3.103075,53.345484,On or near FISHERS LANE,E01007288,Wirral 037E,Suspect charged
e0d284846221b01bf155686eed902a596112002d0f6b419bf4412a1dcdde1bce,2019-02,Merseyside Police,Merseyside Police,-2.972137,53.445861,On or near CROMWELL ROAD,E01006705,Liverpool 009E,Unable to prosecute suspect
2aa1af8bb995a6cc40e8890d3fdad799cfc180ce57ab0de67a1b3343b78822cb,2019-02,Merseyside Police,Merseyside Police,-2.984058,53.313347,On or near PORTREE AVENUE,E01007149,Wirral 041A,Investigation complete; no suspect identified
3cab39001828fa8b724cd94a515cbe7af4ae9c2e1877a93ad4f99d6a0faef1dc,2019-02,Merseyside Police,Merseyside Police,-3.036995,53.388118,On or near GRANGE MOUNT,E01007129,Wirral 016D,Unable to prosecute suspect
58f078d90d58dbfcf42e0106be5edf221e3725ea511f596659ae7b1fac6ec1cc,2019-02,Merseyside Police,Merseyside Police,-3.026428,53.378870,On or near ELM ROAD,E01007179,Wirral 021C,Suspect charged
2cc32ecfa5b07fc538c0b89bd1a8978c0a2b389b2ce4202307f2be728c9ce426,2019-02,Merseyside Police,Merseyside Police,-2.959881,53.463884,On or near WEIGHTMAN GROVE,E01006782,Liverpool 003B,Unable to prosecute suspect
27acd572dd09f45860c82c333777cdb55ef953d70ac0190bc35e1d7531f5a75f,2019-02,Merseyside Police,Merseyside Police,-2.860378,53.390996,On or near HEDGEFIELD ROAD,E01006771,Liverpool 040D,Suspect charged
1d1cf55d9fb9c285d4e775c78d687ccc59d5a874f4d9c3cd65990fd39b645937,2019-02,Merseyside Police,Merseyside Police,-2.945136,53.404288,On or near LEMON CLOSE,E01033763,Liverpool 031G,Unable to prosecute suspect
62993828ac52039b44537cdd11a7e6ba618e8cb59cda5611b16fea91231ac637,2019-02,Merseyside Police,Merseyside Police,-2.952379,53.395871,On or near DOVE STREET,E01006679,Liverpool 039D,Suspect charged
62993828ac52039b44537cdd11a7e6ba618e8cb59cda5611b16fea91231ac637,2019-02,Merseyside Police,Merseyside Police,-2.952379,53.395871,On or near DOVE STREET,E01006679,Liverpool 039D,Suspect charged
ee957bfaa0ddd06661d0229872b8ca5c66387340b548de1646ba4b94ea7226d6,2019-02,Merseyside Police,Merseyside Police,-2.859356,53.390995,On or near Shopping Area,E01006771,Liverpool 040D,Suspect charged
2168120188050f9e0c0e9b9be9b77268cad746ce3bde5f904ac160dcd0c690e3,2019-02,Merseyside Police,Merseyside Police,-3.009668,53.458961,On or near KNOWSLEY ROAD,E01007005,Sefton 034B,Investigation complete; no suspect identified
38f1aec37f5cf2929a64b0453b4308431d2a277735aaf1ca1f9c79cf27a0bdc3,2019-02,Merseyside Police,Merseyside Police,-2.913320,53.389408,On or near AUKLAND ROAD,E01006590,Liverpool 042D,Investigation complete; no suspect identified
037b47d0f488e066b54a09efd5a1fb3a74afc273af260354933776f5a6f2dfbd,2019-02,Merseyside Police,Merseyside Police,-2.832390,53.409253,On or near HUYTON HEY ROAD,E01006478,Knowsley 015B,Action to be taken by another organisation
bd2283e4cb28ade6724631779ecebdba324615dacc01a090137e0c5fff75e132,2019-02,Merseyside Police,Merseyside Police,-3.029600,53.416255,On or near REDFIELD CLOSE,E01007275,Wirral 005E,Unable to prosecute suspect
150c023c9aa38ab9bcecb2e55778b095b0725d99915b49c0876a56ed507abdc6,2019-02,Merseyside Police,Merseyside Police,-3.004792,53.647037,On or near Shopping Area,E01006968,Sefton 004C,Suspect charged
f1301985e899a2b8303fe04e1e176807782e7ca714dd38b50000eaf3662a9b4e,2019-02,Merseyside Police,Merseyside Police,-3.021363,53.409719,On or near WILLIAM STREET,E01007273,Wirral 008B,Unable to prosecute suspect
30d6a5c687aed2d6639069dc65ee0801d88e6863cf395d04cdd6cadf00fe1fc1,2019-02,Merseyside Police,Merseyside Police,-3.004836,53.466085,On or near WELLINGTON ROAD,E01007016,Sefton 034D,Unable to prosecute suspect
f171bdeada85f496cd026a1d4ea6d429c58dceda3685ecac2e695e3f5799891a,2019-02,Merseyside Police,Merseyside Police,-3.004836,53.466085,On or near WELLINGTON ROAD,E01007016,Sefton 034D,Investigation complete; no suspect identified
944ebd06c1020b6da33abb5abcb382dd73a3879247dc1cb153e66fc28d06e4bb,2019-02,Merseyside Police,Merseyside Police,-3.004836,53.466085,On or near WELLINGTON ROAD,E01007016,Sefton 034D,Investigation complete; no suspect identified
476809600bafdc0bd043e4181009c4d7010105a447000585390741b6fe785c62,2019-02,Merseyside Police,Merseyside Police,-2.911045,53.470828,On or near MOOR LANE,E01006508,Knowsley 004D,Investigation complete; no suspect identified
7ab7b6a2d99952518f50465adb1808f15769c035a3f17de7450c3cbbac106c0c,2019-02,Merseyside Police,Merseyside Police,-3.002265,53.459275,On or near MOORE STREET,E01007006,Sefton 036C,Unable to prosecute suspect
f6c8b576f5e9be561c22b5ecb189c34453b15480ad8a5b33beae079c057271dd,2019-02,Merseyside Police,Merseyside Police,-3.043169,53.433351,On or near ROWSON STREET,E01007229,Wirral 001A,Investigation complete; no suspect identified
f719b02561f00201990a0d40e55d39e4e7e21adcb4e033c7ec08412cfabb3d2d,2019-02,Merseyside Police,Merseyside Police,-3.058558,53.373025,On or near REDWOOD CLOSE,E01007245,Wirral 024B,Unable to prosecute suspect
f719b02561f00201990a0d40e55d39e4e7e21adcb4e033c7ec08412cfabb3d2d,2019-02,Merseyside Police,Merseyside Police,-3.058558,53.373025,On or near REDWOOD CLOSE,E01007245,Wirral 024B,Unable to prosecute suspect
2f8c4f1a3187e5a93d89002241cfc4abde2b33bebd7df01d8163f8b36da8e0c7,2019-02,Merseyside Police,Merseyside Police,-2.926086,53.453795,On or near SPARROW HALL ROAD,E01006735,Liverpool 005D,Suspect charged
2b7ec6795cc9d7c8d5092595bc67adc328e638c4c1165b063e1d069cc031f844,2019-02,Merseyside Police,Merseyside Police,-2.959881,53.463884,On or near WEIGHTMAN GROVE,E01006782,Liverpool 003B,Investigation complete; no suspect identified
41f185b2ab6e37fb1b9665b35c36f239723a6f9d562f26237bbc2ff0b7d88f04,2019-02,Merseyside Police,Merseyside Police,-2.695012,53.435948,On or near TELFORD DRIVE,E01006900,St. Helens 022B,Unable to prosecute suspect
27eea1b23c3227d22fc975fd496801b971e57df80f753fcbb68240dc4d74cd0c,2019-02,Merseyside Police,Merseyside Police,-2.996613,53.453335,On or near CAPRICORN WAY,E01007007,Sefton 037B,Offender given a caution
00eab834732ee5550e7ccd5a53374786f6a99dec37046a29e45c360a5fccc6cb,2019-02,Merseyside Police,Merseyside Police,-2.996613,53.453335,On or near CAPRICORN WAY,E01007007,Sefton 037B,Local resolution
14e5ad45d534ad8eded741b86f4d5dd134d0bc33ac46c35ce153e0782afb4362,2019-02,Merseyside Police,Merseyside Police,-3.024865,53.396412,On or near WATSON STREET,E01007126,Wirral 016A,Unable to prosecute suspect
e07757e5b067900b4e64fd89ba5ecd85717d45145fc91595466c97223575d4d6,2019-02,Merseyside Police,Merseyside Police,-3.106887,53.413145,On or near NEWBURY WAY,E01007203,Wirral 006A,Unable to prosecute suspect
af362703c0611ee04f84708760d209323429940b9f2152910624f15c7a1a2fae,2019-02,Merseyside Police,Merseyside Police,-3.097295,53.342697,On or near ASHLEA ROAD,E01007279,Wirral 034D,Unable to prosecute suspect
24ff95f3e89f40631a37caebe8ef4f48fd579dda8cdf3745fe25b39a8cfd1df6,2019-02,Merseyside Police,Merseyside Police,-3.049646,53.398723,On or near MALLABY STREET,E01032903,Wirral 010F,Investigation complete; no suspect identified
3b5b2a0404bf2603e6e6beb10c0d083711849ba4ff55255c2fc75d603fdb5f33,2019-02,Merseyside Police,Merseyside Police,-2.882848,53.479795,On or near RUSHEY HEY ROAD,E01006436,Knowsley 003C,Unable to prosecute suspect
6b552dca6b35b9f90761ccd71a4c1d0aac713e2a708475e3cd9f9012fee84bcc,2019-02,Merseyside Police,Merseyside Police,-3.080399,53.374816,On or near GANNEY'S MEADOW ROAD,E01007304,Wirral 025E,Unable to prosecute suspect
fb901732ce8616c649176ceb429f6bfc100eddbc64470777ca2f162ca2ce232d,2019-02,Merseyside Police,Merseyside Police,-2.903073,53.415346,On or near LEXHAM ROAD,E01006569,Liverpool 029B,Investigation complete; no suspect identified
02f47fd64d926bf030997706db122d63bd8758467650ff9d4f5f0c643b11116e,2019-02,Merseyside Police,Merseyside Police,-2.964288,53.431686,On or near BACK ROCKFIELD ROAD,E01006558,Liverpool 018B,Unable to prosecute suspect
74b4bea7fd506a81451e1ff8961b4c42b0ac51143e3de1f5a5c5f6a5af9977da,2019-02,Merseyside Police,Merseyside Police,-3.009455,53.640229,On or near THE MEWS,E01006970,Sefton 007B,Unable to prosecute suspect
272c465ab2fa4c1e9050470f7d1785e3a19da93b5dd663f093a55e49b6aec8f4,2019-02,Merseyside Police,Merseyside Police,-2.925999,53.401355,On or near STEVENSON STREET,E01006725,Liverpool 035B,Unable to prosecute suspect
b58b02c3b18502169bb79e382465b69f51c87f09ed88e7a7bcd92f3f5736d881,2019-02,Merseyside Police,Merseyside Police,-3.010658,53.651940,On or near MARINE PARADE,E01006950,Sefton 004B,Local resolution
7b7e58b59a7e32fab554bb1a809cbf42220be3ef76ff64b08e030244d16b30d1,2019-02,Merseyside Police,Merseyside Police,-2.911559,53.362571,On or near RIVERBANK ROAD,E01006685,Liverpool 056C,Unable to prosecute suspect
f1228cbdfdb98535928b9f4a799664e862ed2705b871bf1016af7dcf4ee4f5e8,2019-02,Merseyside Police,Merseyside Police,-2.958092,53.417201,On or near HUGHES STREET,E01006647,Liverpool 024C,Unable to prosecute suspect
cf45b835f4358ebde0f3ab87c1b452cc8038bd9832184d2318406ffaf041b4ce,2019-02,Merseyside Police,Merseyside Police,-2.859037,53.389370,On or near Supermarket,E01006771,Liverpool 040D,Unable to prosecute suspect
bffcca5687d81884401bf433e0919d7adc48137ef50a3173f6f1de0beb07f6f4,2019-02,Merseyside Police,Merseyside Police,-2.729861,53.414086,On or near WAYMARK GARDENS,E01006910,St. Helens 022E,Investigation complete; no suspect identified
ccf7c77ea547c50db573e085fe4d03eaae46ba2e8c56e7f9b297ea43c086e273,2019-02,Merseyside Police,Merseyside Police,-3.030905,53.375667,On or near SOUTH ROAD,E01007180,Wirral 022A,Investigation complete; no suspect identified
2b6b574734eb4a8c3e321f9669921c23fe9e54d4e9b62beff257b84fd26f994f,2019-02,Merseyside Police,Merseyside Police,-2.967013,53.384661,On or near HAWKHURST CLOSE,E01006632,Liverpool 044C,Unable to prosecute suspect
b6af150b18571ae468350e83e5299c9987a27ba24e7c88585a622296706d2b1f,2019-02,Merseyside Police,Merseyside Police,-2.979950,53.404583,On or near Shopping Area,E01033756,Liverpool 061C,Unable to prosecute suspect
f7a81ec81cca665ebec6952ba2dff2aabe671dc88eb6b5ab5be23680ef186de0,2019-02,Merseyside Police,Merseyside Police,-2.930114,53.441719,On or near BROADWAY,E01006603,Liverpool 011B,Unable to prosecute suspect
d8d9376d144a6f0dbea7c634ed190664b519ecfa6b6868bb4602f54d8af1c2d4,2019-02,Merseyside Police,Merseyside Police,-3.035412,53.431899,On or near FORT STREET,E01007234,Wirral 002D,Unable to prosecute suspect
2bb9ecbff357565c091a4b46ffc3544819b26844755057b4e019889c05c50364,2019-02,Merseyside Police,Merseyside Police,-2.951871,53.441170,On or near CHERRY AVENUE,E01006613,Liverpool 009D,Investigation complete; no suspect identified
51febad9755dffa52f0ebdaffd9c68e9846116aff7e9ca544c5a5584e18ff3c0,2019-02,Merseyside Police,Merseyside Police,-2.951871,53.441170,On or near CHERRY AVENUE,E01006613,Liverpool 009D,Investigation complete; no suspect identified
ed9819800ed6a34a2b99fa4c097304f16053da55298b79ba914b00b56ca3de4b,2019-02,Merseyside Police,Merseyside Police,-3.009539,53.366511,On or near WARD GROVE,E01007176,Wirral 029C,Unable to prosecute suspect
a13bf1ea40e28c1b8796be4a9554da80758792b695bf0edf8df1ea1ff684dc61,2019-02,Merseyside Police,Merseyside Police,-2.930114,53.441719,On or near BROADWAY,E01006603,Liverpool 011B,Investigation complete; no suspect identified
c7a38f07f50d16d43d464e640f7ef211c3b5a0d37b3c83acb6ad0104d233031c,2019-02,Merseyside Police,Merseyside Police,-2.930114,53.441719,On or near BROADWAY,E01006603,Liverpool 011B,Investigation complete; no suspect identified
7417d97544fe8d6117a3b3b53856a34ea57954e6aab5e02901d5aa1a56a4610a,2019-02,Merseyside Police,Merseyside Police,-2.930114,53.441719,On or near BROADWAY,E01006603,Liverpool 011B,Unable to prosecute suspect
c7176839f412c5004e65732899e9ff350cf9ed4cc9c60074fc762d1bf9dac861,2019-02,Merseyside Police,Merseyside Police,-3.019610,53.641689,On or near BEACH ROAD,E01006971,Sefton 009C,Suspect charged
ca64d7285faa0d19b8ed2b7e2d06c26bde40d507bb4e3fc291cb23f5fd2372bc,2019-02,Merseyside Police,Merseyside Police,-2.999702,53.500195,On or near MOORLANDS ROAD,E01007037,Sefton 021E,Unable to prosecute suspect
c5f89c527474d7e13fda69f36fe0212f73b0c368589122f73766f44ae63ece05,2019-02,Merseyside Police,Merseyside Police,-2.926086,53.453795,On or near SPARROW HALL ROAD,E01006735,Liverpool 005D,Suspect charged
7913a8eeade03072b85db06d6459b667f2fec30b0c802e6b08778e398a0afa9d,2019-02,Merseyside Police,Merseyside Police,-2.971306,53.639484,On or near MELLORS CLOSE,E01007060,Sefton 006C,Unable to prosecute suspect
1cc8e6e0a7d3b1c41d45d253197bf6354fed6fc393f93555211ad9c1331de47c,2019-02,Merseyside Police,Merseyside Police,-2.962501,53.424554,On or near HANDFIELD PLACE,E01006562,Liverpool 018E,Suspect charged
b234f3bccd3a4c863fde858c01c0ee51c3260fbb087be012131ea3da56e9ae4f,2019-02,Merseyside Police,Merseyside Police,-2.964288,53.431686,On or near BACK ROCKFIELD ROAD,E01006558,Liverpool 018B,Unable to prosecute suspect
855f5d587eb14eac9807090792f774e7139a34768a4210db02c0362bb8b7d2e8,2019-02,Merseyside Police,Merseyside Police,-2.740640,53.453372,On or near WESTFIELD STREET,E01006832,St. Helens 012A,Unable to prosecute suspect
26bbfb604bf2162b4a7551eccf24e7c1d7a616cfa80d0e12a6d3808160abd5cd,2019-02,Merseyside Police,Merseyside Police,-2.708930,53.415686,On or near JAMES STREET,E01006898,St. Helens 022A,Investigation complete; no suspect identified
289bbd4b218c733e024b5f62059b1b711325477ec964f496aacc78b38cea41fc,2019-02,Merseyside Police,Merseyside Police,-3.103075,53.345484,On or near FISHERS LANE,E01007288,Wirral 037E,Unable to prosecute suspect
6a3d31b261400b521cfc5ecc53acf733ec918a68d0158aeae7b0c8cfac9c91e9,2019-02,Merseyside Police,Merseyside Police,-3.032980,53.427192,On or near LINCOLN DRIVE,E01007232,Wirral 002B,Unable to prosecute suspect
df85b453ae5d175338bdea1b80e85e205a611d5839b9b2f80f88fde6ee43622e,2019-02,Merseyside Police,Merseyside Police,-2.906959,53.395038,On or near MOSS PITS LANE,E01006589,Liverpool 041B,Unable to prosecute suspect
0979c3e55c32adef8d79ffc08e4262b549540fa1f501234c00cab663c9cf2ad8,2019-02,Merseyside Police,Merseyside Police,-2.981930,53.406967,On or near Parking Area,E01033760,Liverpool 060C,Suspect charged
23392305ad0cd76ea744a0b32ad2e1ef2e7863ca57dba2b9e468044a38c88621,2019-02,Merseyside Police,Merseyside Police,-3.052759,53.388367,On or near Sports/Recreation Area,E01007160,Wirral 020B,Unable to prosecute suspect
d465b6c24719ba946261449f312932cb42e0c49d0ee38349b256944d0315b1f8,2019-02,Merseyside Police,Merseyside Police,-2.999702,53.500195,On or near MOORLANDS ROAD,E01007037,Sefton 021E,Unable to prosecute suspect
3133e29a650c40356fbc9d6eac26f29eb40bb1850ad47cd7bfbd75ebe25ef9c6,2019-02,Merseyside Police,Merseyside Police,-2.930114,53.441719,On or near BROADWAY,E01006603,Liverpool 011B,Local resolution
9c3f296f9868b3bf55bf43b327625e85e2e5558baded61dd0de8fd84d46082c8,2019-02,Merseyside Police,Merseyside Police,-2.983878,53.406618,On or near Supermarket,E01033760,Liverpool 060C,Investigation complete; no suspect identified
3afe78b4575345e41779b6c2c2102e96f31b65ed19dad5fe2c0c077bce5fa278,2019-02,Merseyside Police,Merseyside Police,-2.914422,53.468114,On or near Supermarket,E01006510,Knowsley 004F,Unable to prosecute suspect
75e06a0e980d470c3de9db37a22a3b42f1c9b636f4fed3f1c7cbfd4b33ed1d51,2019-02,Merseyside Police,Merseyside Police,-2.993207,53.652958,On or near ALEXANDRA ROAD,E01006944,Sefton 003A,Unable to prosecute suspect
9f5195eda7bd20d3d72358557a0bf535f2e509bceea26921727a8eea18c4258e,2019-02,Merseyside Police,Merseyside Police,-2.947680,53.398263,On or near DARREL DRIVE,E01006752,Liverpool 035F,Unable to prosecute suspect
03ae24d1b90cbee4985622348251fdc36a209f63985927eefc57632296f00467,2019-02,Merseyside Police,Merseyside Police,-2.966723,53.442165,On or near RIPON STREET,E01006614,Liverpool 012B,Unable to prosecute suspect
2ca51b505c973869b70cd4f11e7b03086a5cf76c41aaeee139dccff35add433a,2019-02,Merseyside Police,Merseyside Police,-3.039393,53.388412,On or near OSBORNE ROAD,E01007155,Wirral 020A,Unable to prosecute suspect
fc34ed7ce153680b52f297b027fd39659dcd7af4f1d3d57cf4ad48ec7bbf9769,2019-02,Merseyside Police,Merseyside Police,-2.954208,53.423821,On or near SPRUCEWOOD CLOSE,E01006563,Liverpool 024B,Unable to prosecute suspect
55c040939342165e739a3c1960385cc5e42cdf0aff852f8da46ee8f7ab98247b,2019-02,Merseyside Police,Merseyside Police,-2.779607,53.459659,On or near PIKE HOUSE ROAD,E01006823,St. Helens 009B,Investigation complete; no suspect identified
913f5ebc5482c6ea1d1a3be5ab4cd6921d7b0d01934950ea0d18d45a4f510d64,2019-02,Merseyside Police,Merseyside Police,-3.168771,53.378145,On or near GREENBANK ROAD,E01007263,Wirral 026D,Unable to prosecute suspect
f67298ae9117797e68e00ffa7bab16d421f907d85dfe8ae0413cd8c648e9e94a,2019-02,Merseyside Police,Merseyside Police,-2.978683,53.447012,On or near BERGEN CLOSE,E01006962,Sefton 038C,Investigation complete; no suspect identified
d13bc6f2e27a121a32ffd0749c945adfa9f2fb64e558c44a1d6c478d80120216,2019-02,Merseyside Police,Merseyside Police,-2.982401,53.404563,On or near BROOKS ALLEY,E01033756,Liverpool 061C,Unable to prosecute suspect
646ee0e4ba13e53cb118a8e003f347450580ec954f5c46273a9bd42c42231534,2019-02,Merseyside Police,Merseyside Police,-2.957497,53.428253,On or near DINORWIC ROAD,E01006546,Liverpool 019B,Suspect charged
492221f0f4d5da300bc2cbd584652a3b83e064d342e16ec9ed36d1193bb6a5e7,2019-02,Merseyside Police,Merseyside Police,-2.866910,53.413484,On or near HOWDEN DRIVE,E01006489,Knowsley 014F,Unable to prosecute suspect
89342d38c6b8b5553c66dd7c3ce0f24ef6fbf61d061ca6ae671a1f2860b05cfb,2019-02,Merseyside Police,Merseyside Police,-2.892419,53.392999,On or near TAGGART AVENUE,E01006581,Liverpool 036C,Offender given a drugs possession warning
e096bc5c74a83356ce573e91cf6393d699421289a5abca1c8cb43cfaa1def088,2019-02,Merseyside Police,Merseyside Police,-2.963129,53.476298,On or near LICHFIELD CLOSE,E01007048,Sefton 029A,Unable to prosecute suspect
7243a6cc469c0b45a4b103176b7cc0dbdb5a411ae7e134b50ab30da31ece66de,2019-02,Merseyside Police,Merseyside Police,-2.958302,53.464669,On or near ERL STREET,E01006783,Liverpool 002E,Suspect charged
54521a5dfae0b5a27d63fc4e9b29402e672d4a2d26b87932fa32f6c485be0cb6,2019-02,Merseyside Police,Merseyside Police,-3.005205,53.651061,On or near VICTORIA STREET,E01033094,Sefton 004F,Unable to prosecute suspect
aac0e1af400252cf03b0c3dabe5dec05b261009435b69a684701ee0b5b9e1665,2019-02,Merseyside Police,Merseyside Police,-2.947680,53.398263,On or near DARREL DRIVE,E01006752,Liverpool 035F,Unable to prosecute suspect
c68159764ffb377f1014f2a68e70a332c565c4070b55c4a0bf2cb5ecc1505c6b,2019-02,Merseyside Police,Merseyside Police,-2.983029,53.433735,On or near NEWMAN STREET,E01006702,Liverpool 014C,Unable to prosecute suspect
b88288df6d9406fb986c3320f8e68900d490fc9ae8dd7075e13648a2dd6f47c3,2019-02,Merseyside Police,Merseyside Police,-2.977556,53.399883,On or near CUMMINGS STREET,E01033761,Liverpool 060D,Unable to prosecute suspect
7bb6f400081e5e9078a18c6716f98fb3e17ed37e7989939d9e48d6e131f45b57,2019-02,Merseyside Police,Merseyside Police,-2.977367,53.403471,On or near HEATHFIELD STREET,E01033756,Liverpool 061C,Investigation complete; no suspect identified
d871f3a934372f10844c9314da7ab160f389b5e3f056c10f35e9b1236f1d79cc,2019-02,Merseyside Police,Merseyside Police,-2.977367,53.403471,On or near HEATHFIELD STREET,E01033756,Liverpool 061C,Investigation complete; no suspect identified
1f7c170e8314c74d1c60d0c51ec9ca85ce7c401520ae15ea7340e1858957834e,2019-02,Merseyside Police,Merseyside Police,-2.747593,53.459172,On or near WYNNE ROAD,E01006915,St. Helens 007B,Unable to prosecute suspect
2a3e08b66a796a81187c30bfd442b5760e7bfaf8eceeedcfed3100a3adb72b1c,2019-02,Merseyside Police,Merseyside Police,-3.017116,53.383049,On or near Parking Area,E01007291,Wirral 021D,Unable to prosecute suspect
a1c5fdb9a749f1b8ab3ac5b79230426d01f5b0633fc96a979833ac9c9a88370a,2019-02,Merseyside Police,Merseyside Police,-3.013412,53.469455,On or near SANDOWN ROAD,E01006952,Sefton 032A,Unable to prosecute suspect
78bf63e470c8e3abbc9f6f5121049ac686408e1998ef7fc383bc74e60961e4f4,2019-02,Merseyside Police,Merseyside Police,-2.985445,53.442534,On or near MIRANDA ROAD,E01006963,Sefton 038D,Unable to prosecute suspect
2bea0412c1338fbff1ef64efde67168f456291c5c196f9fafbcf9db5415efcf2,2019-02,Merseyside Police,Merseyside Police,-2.821313,53.343424,On or near LEVERET ROAD,E01006754,Liverpool 059B,Investigation complete; no suspect identified
3129e466728cc12f337a075a9ecbcc7a25672ff0bb84802203508045b73881c8,2019-02,Merseyside Police,Merseyside Police,-3.033798,53.484454,On or near JUBILEE ROAD,E01007109,Sefton 028E,Suspect charged
89d406ed95f2bda4cb1189176328ac444009181dda9b9d62e96db784662948ea,2019-02,Merseyside Police,Merseyside Police,-3.034065,53.428513,On or near HERTFORD DRIVE,E01007232,Wirral 002B,Unable to prosecute suspect
d3e6dee43d2da17e022ee26259f889faff0301b1ba39b266c3c7fe71cc776f6e,2019-02,Merseyside Police,Merseyside Police,-2.901404,53.456645,On or near GILLMOSS CLOSE,E01006662,Liverpool 004B,Unable to prosecute suspect
01c4f4417aba9f842731a51ddc44c4b496a5e9d881ffb3a6c35015b16896c9be,2019-02,Merseyside Police,Merseyside Police,-2.927780,53.468632,On or near GREYSTONE ROAD,E01006655,Liverpool 001C,Suspect charged
b8a4b4b037e290728993dfe9b30b17b8b7463b1723b9df4ad3f53153399ff699,2019-02,Merseyside Police,Merseyside Police,-2.970778,53.462187,On or near DOVE ROAD,E01006784,Liverpool 003C,Unable to prosecute suspect
e1d35c1d2872a5361ed2e520265fc4591c4fb6695bfd6fd1e346669f341f3dc8,2019-02,Merseyside Police,Merseyside Police,-3.092777,53.333974,On or near OAKLANDS DRIVE,E01007185,Wirral 037C,Unable to prosecute suspect
3cdbf4aa963a9c7c38c6ceaedacde3d1625d206afbcb7b7d97ee03a36bd8d391,2019-02,Merseyside Police,Merseyside Police,-2.746135,53.423262,On or near ELLINGTON WAY,E01032905,St. Helens 019J,Investigation complete; no suspect identified
c6993f0d0e3b03e6b9bc84af7bbf2d22eb2c3376a1a16cb37670bf07614408f4,2019-02,Merseyside Police,Merseyside Police,-2.874824,53.424465,On or near MURCOTE ROAD,E01006638,Liverpool 017B,Unable to prosecute suspect
49d2b08170792a80020c821d72f3b13b890e70e0b852e06eb245abb36d39f007,2019-02,Merseyside Police,Merseyside Police,-3.099861,53.379933,On or near Petrol Station,E01007302,Wirral 018D,Unable to prosecute suspect
b9755a9277393999dbe9337bc49ffeaa07be00c85351888afd985bd3c9aea211,2019-02,Merseyside Police,Merseyside Police,-2.970778,53.462187,On or near DOVE ROAD,E01006784,Liverpool 003C,Unable to prosecute suspect
57787fc8141c4f361e326b2f0e4d2dc63696eaa5e1da2a3c54e960b9407d8865,2019-02,Merseyside Police,Merseyside Police,-2.773115,53.415710,On or near DEE ROAD,E01006893,St. Helens 021C,Suspect charged
56e87159dc388fd5ea1aa52b4d2dffa1da11145eadb9923e9b030653f660e703,2019-02,Merseyside Police,Merseyside Police,-3.020236,53.613109,On or near LIVERPOOL ROAD,E01006933,Sefton 010E,Investigation complete; no suspect identified
86428350fb997bd0a57327d04588b6614546feadf1a87273b404a34612823ecf,2019-02,Merseyside Police,Merseyside Police,-2.874824,53.424465,On or near MURCOTE ROAD,E01006638,Liverpool 017B,Unable to prosecute suspect
7d6cc55026769ac0ce46259fb6206cc6eb510b5b547c037bf120501bebff1318,2019-02,Merseyside Police,Merseyside Police,-2.773115,53.415710,On or near DEE ROAD,E01006893,St. Helens 021C,Suspect charged
c04ea097b710f6a9654b98b7ba878ad7c0396d3493135bd0fc78a10ce0ca9ea8,2019-02,Merseyside Police,Merseyside Police,-2.971824,53.631750,On or near Supermarket,E01006999,Sefton 008C,Unable to prosecute suspect
004db3d982e347675b57ec87298f01ba7615730c0096bd51973b45d60df42cc3,2019-02,Merseyside Police,Merseyside Police,-2.983424,53.396743,On or near Theatre/Concert Hall,E01033754,Liverpool 061B,Suspect charged
6527550bc27c94aa5e98913e246df71185a743103ee6da09499aa7e9e9013bea,2019-02,Merseyside Police,Merseyside Police,-2.869584,53.419182,On or near SHELLINGFORD ROAD,E01006643,Liverpool 025E,Unable to prosecute suspect
efabd29673d22a067c4778a5b9cc3f3fd5a603344a0792e1cb0e501793d4febc,2019-02,Merseyside Police,Merseyside Police,-3.031349,53.396518,On or near ST ANNE STREET,E01007133,Wirral 016E,Unable to prosecute suspect
5d8789d2b02b537e5d6a47cb6e1ebe50f95a21518146b5fbc07fdf00dd0d0040,2019-02,Merseyside Police,Merseyside Police,-2.729515,53.449234,On or near LINKWAY EAST,E01006912,St. Helens 019G,Suspect charged
dbe997d17958544b9714f3502bffc1ceb11b14ea635ebe2ae3ee9fc6b0d4d6cc,2019-02,Merseyside Police,Merseyside Police,-2.741916,53.460070,On or near ARGYLE STREET,E01006881,St. Helens 012E,Investigation complete; no suspect identified
608ed3c74cce45d3b32d039322fc30e835ce68bfae58a6d74c2e19c572511665,2019-02,Merseyside Police,Merseyside Police,-3.039848,53.429281,On or near OSBORNE GROVE,E01007233,Wirral 002C,Investigation complete; no suspect identified
5df540b50022dc2204dec575e0eb5441e4037d91c12e2c76db32c3c9c01dfccf,2019-02,Merseyside Police,Merseyside Police,-3.022611,53.335019,On or near MOUNT ROAD,E01007144,Wirral 038A,Unable to prosecute suspect
e8b6ee6d79b2788c700f72078fc0f9231743b3f3c0b2722118dbdac8f74c8e5d,2019-02,Merseyside Police,Merseyside Police,-3.005290,53.369234,On or near SEFTON ROAD,E01007289,Wirral 031E,Suspect charged
e6d4f12d2de1e625e50b7c67cf1f0e95d3cb6ea0eaf904fa312a1af54c5db92c,2019-02,Merseyside Police,Merseyside Police,-3.052759,53.388367,On or near Sports/Recreation Area,E01007160,Wirral 020B,Unable to prosecute suspect
ce54aac93846ef6ee6f93fcd9d514857918007bbad920b021fc062eec2fba590,2019-02,Merseyside Police,Merseyside Police,-2.994905,53.356377,On or near KNOX CLOSE,E01007141,Wirral 031D,Unable to prosecute suspect
f29af44d979431e085724d4feb77744c0598fd6ff671ca85300426396062ffb6,2019-02,Merseyside Police,Merseyside Police,-2.734796,53.458586,On or near GLEAVE STREET,E01006881,St. Helens 012E,Unable to prosecute suspect
8a438d1a892cd0f4ba7c4bcd29e392e614242f5d3a443abb56188a0f58d99050,2019-02,Merseyside Police,Merseyside Police,-2.892583,53.435291,On or near DEYSBROOK WAY,E01006624,Liverpool 013B,Unable to prosecute suspect
2a7f597230d90e6630756916a208b18dd492096b1e4d6e666cb13cb5700ffa06,2019-02,Merseyside Police,Merseyside Police,-2.907432,53.484374,On or near PENLEY CRESCENT,E01006507,Knowsley 004C,Unable to prosecute suspect
8d9e1fa951d6fba55728c173c8a45d97f08173700f6e6a6a5f2e56ed0d804150,2019-02,Merseyside Police,Merseyside Police,-2.954073,53.489674,On or near OLLERY GREEN,E01007053,Sefton 027D,Suspect charged
eced2a8206e1ab264b0a2c85b9a2a9af27850ebeb45d2782def81aa8fd63e439,2019-02,Merseyside Police,Merseyside Police,-2.957971,53.402451,On or near SMITHDOWN LANE,E01006751,Liverpool 031F,Unable to prosecute suspect
9010f7cffa995b1d126158e522e2d5eb85c25b7297e44fd0d1bbd426c361283c,2019-02,Merseyside Police,Merseyside Police,-2.954613,53.381444,On or near Petrol Station,E01006520,Liverpool 043A,Investigation complete; no suspect identified
8ed2003f0aa26bf1eac9e7f0e978548359fdfdffdb494e8928fdacaab3841dc0,2019-02,Merseyside Police,Merseyside Police,-3.097075,53.318914,On or near GAYTON ROAD,E01007190,Wirral 040E,Suspect charged
3888f0b9888ea1cd41f5a2a88d97559efc3fa81f0715fc4d14eec0352caf3194,2019-02,Merseyside Police,Merseyside Police,-2.954073,53.489674,On or near OLLERY GREEN,E01007053,Sefton 027D,Unable to prosecute suspect
3360bd9de2fdd2894d46296202cc746741175be303594b9565dd1c442239a699,2019-02,Merseyside Police,Merseyside Police,-2.868976,53.418125,On or near PEASEFIELD ROAD,E01006643,Liverpool 025E,Investigation complete; no suspect identified
a6ca3eb94380438d4f92808646e12d9d90a93765e16160d3927460952c399349,2019-02,Merseyside Police,Merseyside Police,-2.937560,53.442793,On or near HILCREST ROAD,E01006732,Liverpool 011E,Investigation complete; no suspect identified
270bc1ad33f3d1c245a4a368bb946538b47e5b2c6fdaaf24b36664e17a223e8e,2019-02,Merseyside Police,Merseyside Police,-2.806452,53.418654,On or near HOLDEN ROAD,E01006461,Knowsley 007B,Unable to prosecute suspect
9e05190abb32249a98e3479cf8217de97a1dd1a5635b2b17160d7dbcca9588d3,2019-02,Merseyside Police,Merseyside Police,-2.974799,53.631555,On or near CATTERICK FOLD,E01006999,Sefton 008C,Unable to prosecute suspect
ec32a4177c60d52f60dac71a7483bd9f1e5bd2181f675edb1e7629dfd6007b83,2019-02,Merseyside Police,Merseyside Police,-2.632080,53.461502,On or near DIXON AVENUE,E01006868,St. Helens 010C,Unable to prosecute suspect
411157b999f98d9a34aa968929bb6cc72a274ff36e33e92eccd59e18ecc7e0aa,2019-02,Merseyside Police,Merseyside Police,-3.007069,53.648654,On or near Shopping Area,E01006968,Sefton 004C,Investigation complete; no suspect identified
03744a937a2fdb3eab07a49c7df417841e6ff5e7c968a6f49c20bff7adce4c38,2019-02,Merseyside Police,Merseyside Police,-2.969923,53.398921,On or near BACK CANNING STREET,E01006514,Liverpool 037A,Unable to prosecute suspect
fe5f642b9fc0333688c1e7f0d35f2be83b65c86ec85a11c304275041f9f0363c,2019-02,Merseyside Police,Merseyside Police,-3.022285,53.411122,On or near STANLEY STREET,E01007274,Wirral 008C,Unable to prosecute suspect
99738f395a939d2a92fe4e64dde24ce3fc2edd9d4d5aabaf02b491af98ee7574,2019-02,Merseyside Police,Merseyside Police,-3.024588,53.416828,On or near SANDON ROAD,E01007277,Wirral 008D,Offender given a caution
b64a00b253f5e0a76a45c5bc904e67872caf8dfbe145aedc839e83967a44a34d,2019-02,Merseyside Police,Merseyside Police,-2.979666,53.453736,On or near EARL ROAD,E01006960,Sefton 038A,Unable to prosecute suspect
010da473799a09a00d8725efb5b731b626a186952f83e8ff85decd3b4bc82da8,2019-02,Merseyside Police,Merseyside Police,-2.991732,53.410562,On or near Parking Area,E01033753,Liverpool 062C,Investigation complete; no suspect identified
67afa0f35e0468035a3ccdcb79779310d1402adc4c61413df3ef3a7f80301538,2019-02,Merseyside Police,Merseyside Police,-2.953890,53.492264,On or near DUNNINGS BRIDGE ROAD,E01007038,Sefton 021F,Suspect charged
f90aa04bf6363f32ade4ebeb21b7f45b8dbe4a99d3420e38cc9022abbc42a869,2019-02,Merseyside Police,Merseyside Police,-3.025058,53.496349,On or near OAKLANDS AVENUE,E01007022,Sefton 021B,Offender given a drugs possession warning
93ccc02d49073bdb0000a6115c79f3672e5b5dbb9356967adda583412cda859f,2019-02,Merseyside Police,Merseyside Police,-3.011811,53.617307,On or near SHAFTESBURY AVENUE,E01006930,Sefton 010B,Unable to prosecute suspect
d7bcabecb97c27664eb11c74d720d5def6526baf868b12530db0e68371bdd71d,2019-02,Merseyside Police,Merseyside Police,-2.831351,53.344397,On or near HEATON CLOSE,E01006756,Liverpool 059D,Unable to prosecute suspect
7a8cf7b5b1a31128a42553850a2e0dd6c81d5849918efd36f1601b50b34b1114,2019-02,Merseyside Police,Merseyside Police,-2.968879,53.396637,On or near BACK HUSKISSON STREET,E01006514,Liverpool 037A,Further investigation is not in the public interest
b9dd2a38fd1b078b068d36a5f17dd06f7e7b6a175797b52288c414b0343bbf92,2019-02,Merseyside Police,Merseyside Police,-2.986005,53.433540,On or near CROCUS STREET,E01006778,Liverpool 014E,Unable to prosecute suspect
f9fa88d20804426440c90337f6426a8bec29c52a41dd24e8f18fe92c245780b5,2019-02,Merseyside Police,Merseyside Police,-3.024588,53.416828,On or near SANDON ROAD,E01007277,Wirral 008D,Unable to prosecute suspect
3baaa4c9f1b4d378fd012096dc2c9611b34536f154ded8d2483f7d0b65ea74e2,2019-02,Merseyside Police,Merseyside Police,-2.944718,53.412543,On or near SHEIL PLACE,E01006697,Liverpool 030D,Suspect charged
7368038a797121cabf9454dbdb6511a5ae8d41735ced58a393df703d495eca94,2019-02,Merseyside Police,Merseyside Police,-3.046871,53.432698,On or near GRAFTON ROAD,E01007229,Wirral 001A,Unable to prosecute suspect
e16f2b13f471cfae20d5f68b40950d4edfc4902c2762e9402f63cc2cb34b4f90,2019-02,Merseyside Police,Merseyside Police,-2.974579,53.409786,On or near Parking Area,E01033758,Liverpool 060B,Local resolution
058f848cd6e0ce2c992be7527b221038638e63992497c00f2c590b3525fc68c5,2019-02,Merseyside Police,Merseyside Police,-2.859737,53.433051,On or near LITTLE MOSS HEY,E01006414,Knowsley 006C,Suspect charged
fa89e88b498c2c6aa03ea894cd5773850154e6938fcb554a8871ed6a588e0ae4,2019-02,Merseyside Police,Merseyside Police,-2.991360,53.445658,On or near Parking Area,E01007009,Sefton 037D,Unable to prosecute suspect
93aa9014110245f076c8c93834726bb9c5a1b1a9d163609dbd34c6191b86175f,2019-02,Merseyside Police,Merseyside Police,-3.181101,53.371723,On or near WESTBOURNE GROVE,E01007198,Wirral 026C,Local resolution
2f0684a9eaae8a94c55af084c8a112d92f59c584bb0694302d99eeccc95a2b1f,2019-02,Merseyside Police,Merseyside Police,-2.951106,53.416322,On or near BOALER STREET,E01006694,Liverpool 030B,Unable to prosecute suspect
57e649bab6dd3c5c52de48f55730a6e323a65b9c06ec54c567f65dc642457ef1,2019-02,Merseyside Police,Merseyside Police,-2.963129,53.476298,On or near LICHFIELD CLOSE,E01007048,Sefton 029A,Unable to prosecute suspect
7093d9ff6dec437a9eec43eb4f54ff329a25a231aa608e0a2514b7cf53ffb31f,2019-02,Merseyside Police,Merseyside Police,-2.987781,53.444573,On or near Sports/Recreation Area,E01006961,Sefton 038B,Investigation complete; no suspect identified
a9451858c56437d124cf45684b3f2b89df2b472c54991099221985796e7a61cf,2019-02,Merseyside Police,Merseyside Police,-2.845387,53.375085,On or near BLACKBERRY GROVE,E01006425,Knowsley 018B,Unable to prosecute suspect
5648500df6b0be3fe9c047f2be4e7daa0671136b450a4bce1a716bb407d6c594,2019-02,Merseyside Police,Merseyside Police,-2.704324,53.461978,On or near WHITESIDE AVENUE,E01006815,St. Helens 008F,Unable to prosecute suspect
8c2d05c361a8e1b4543fdcc55ca08760a4ecf4b07cabb9547de52cb5ee83d891,2019-02,Merseyside Police,Merseyside Police,-2.997154,53.646472,On or near DERBY ROAD,E01006969,Sefton 004D,Unable to prosecute suspect
735167ae6dd2337ddd70598a36ea3e986855e679b6844bec0e556b71a84ae634,2019-02,Merseyside Police,Merseyside Police,-2.628105,53.440166,On or near KIRKACRE AVENUE,E01006862,St. Helens 015G,Investigation complete; no suspect identified
3f4ad7d3b15c142c0cf739bbdf074b662204ef9e9d230ee99f91dd23e54fa2db,2019-02,Merseyside Police,Merseyside Police,-3.107446,53.415567,On or near GARSWOOD CLOSE,E01007203,Wirral 006A,Investigation complete; no suspect identified
df0c128ecae2a2ddc4c3b76f7b18a1600b1aa703ce19495c685dcf76b6295cfa,2019-02,Merseyside Police,Merseyside Police,-2.993375,53.409434,On or near EDMUND STREET,E01033752,Liverpool 062B,Unable to prosecute suspect
ceed84e607d953a8b1007f6aee4ee98ac27011ebc1309337b969cb5a5f37896b,2019-02,Merseyside Police,Merseyside Police,-2.947496,53.377123,On or near BURDETT STREET,E01006628,Liverpool 052D,Unable to prosecute suspect
8cab7bc63befe0d5923ecf1999360e013e05fd2a4262e6299213d34110e107e6,2019-02,Merseyside Police,Merseyside Police,-2.967719,53.437609,On or near GOODISON ROAD,E01006703,Liverpool 014D,Investigation complete; no suspect identified
668a974970be40c32b0ead8a4b1271efc5ff112e2268de00ac9ac06b75ccc7c7,2019-02,Merseyside Police,Merseyside Police,-3.030362,53.410433,On or near GORSEDALE PARK,E01007269,Wirral 010C,Unable to prosecute suspect
d95666728b025a54e4ff0c5783ae8200d211c0f712d7953cdafedec024014347,2019-02,Merseyside Police,Merseyside Police,-2.859737,53.433051,On or near LITTLE MOSS HEY,E01006414,Knowsley 006C,Suspect charged
a819692ca7a2c0805a28e995690232771a1105511a202b4a1ac9013c167c95f8,2019-02,Merseyside Police,Merseyside Police,-2.947429,53.404576,On or near BEAMES CLOSE,E01033763,Liverpool 031G,Suspect charged
0106f7e912515252b35d74ea93c6b8cc6d109ad3373ef38c6270cc7e8e1ab3bb,2019-02,Merseyside Police,Merseyside Police,-2.759934,53.440928,On or near BEWSEY STREET,E01006831,St. Helens 016A,Unable to prosecute suspect
16e93b92db446ed0e62dc4b1e0f01be2723866ce0b682cbc466c9dd6302fe56b,2019-02,Merseyside Police,Merseyside Police,-2.947815,53.422604,On or near CELEBRATION DRIVE,E01006540,Liverpool 024A,Action to be taken by another organisation
a7dd46ed26e69ffdd20568804cf0f1fdbdd42532467676c5e383b03238b55b65,2019-02,Merseyside Police,Merseyside Police,-2.962247,53.397329,On or near LOWTHER STREET,E01033768,Liverpool 037F,Offender given a drugs possession warning
f3c966b5823eb85fb8e68746b8dd00ea8027219f0ffc35bec44bf578d0fbf146,2019-02,Merseyside Police,Merseyside Police,-2.990579,53.488442,On or near GORSEY LANE,E01007089,Sefton 024E,Further investigation is not in the public interest
c7f83f1f4898e3018fbab2acc4429d6bb321dd79e67c39648eb114b7914d1cfe,2019-02,Merseyside Police,Merseyside Police,-2.947815,53.422604,On or near CELEBRATION DRIVE,E01006540,Liverpool 024A,Action to be taken by another organisation
29982dd6496d764066b137e85a5fc10055628a2de64bfc3fd1910d91a1e0be77,2019-02,Merseyside Police,Merseyside Police,-2.853020,53.414798,On or near FRESHFIELD CLOSE,E01006451,Knowsley 012C,Unable to prosecute suspect
d03618d4b4ddbb7a97e986ce6c17f405281b7426b1aee745acec17bb85064f0c,2019-02,Merseyside Police,Merseyside Police,-3.010887,53.467193,On or near EWART ROAD,E01006952,Sefton 032A,Local resolution
d5da089eccbca6b2e9db45b20baa7ff3f7f94308a34255420dd4a301550f8ba5,2019-02,Merseyside Police,Merseyside Police,-2.906797,53.382482,On or near THE QUADRANGLE,E01006539,Liverpool 047B,Investigation complete; no suspect identified
d82627ef84fa2b3c183c1307606dccc739736c023ecb7bf3ed2234597f505cbf,2019-02,Merseyside Police,Merseyside Police,-2.978599,53.409277,On or near LIME STREET,E01033760,Liverpool 060C,Offender given a drugs possession warning
f0f0353be3799d006534042b770f6b8a9d1e8efeb8307a5680899175b067da59,2019-02,Merseyside Police,Merseyside Police,-2.984605,53.403601,On or near Parking Area,E01033756,Liverpool 061C,Suspect charged
295fd3e7128e57adb0c0dfb956fd0735b5f8b2620b945790aa4a786334a0eb3f,2019-02,Merseyside Police,Merseyside Police,-3.033346,53.382721,On or near BOROUGH ROAD,E01007131,Wirral 021B,Unable to prosecute suspect
43fcf47fc170ece135ff424859095f157428841552e1d998910b5c1ca2a3a0d1,2019-02,Merseyside Police,Merseyside Police,-3.001348,53.642149,On or near BRIDGE GROVE,E01006994,Sefton 007C,Suspect charged
a18de8049d0dae5aee1821812907c9171149463e0fc14255a660d2421bfbd35e,2019-02,Merseyside Police,Merseyside Police,-3.011811,53.617307,On or near SHAFTESBURY AVENUE,E01006930,Sefton 010B,Unable to prosecute suspect
bdb6ce226c0f88ed0e97ab271b3dc52d2154621af0c6e37306b968af63b7f8d5,2019-02,Merseyside Police,Merseyside Police,-3.047666,53.412421,On or near ROSTHERNE AVENUE,E01007270,Wirral 010D,Unable to prosecute suspect
e78aced79c3caf29d7f5c3f11da2c6cacb6b730256e2bfc6c71f05db6e728c74,2019-02,Merseyside Police,Merseyside Police,-2.700427,53.437534,On or near HOGHTON ROAD,E01006844,St. Helens 020A,Unable to prosecute suspect
de5b4ccd76afd3dc8d6a93c3595e7d09a78167567229013a5babbe49ec059162,2019-02,Merseyside Police,Merseyside Police,-2.936627,53.445578,On or near SCARISBRICK ROAD,E01006729,Liverpool 008C,Unable to prosecute suspect
012e2981d1b2464ee00195d3f34fd5b8aed733b90e278b8af49cd6a85fe7c6ee,2019-02,Merseyside Police,Merseyside Police,-3.044874,53.595333,On or near ULDALE CLOSE,E01006921,Sefton 012A,Unable to prosecute suspect
67cf5e7f0d1a76569e83fd5df57efbe8e5b895d0b87bdc88119f979c1f1c9ad5,2019-02,Merseyside Police,Merseyside Police,-2.956659,53.464638,On or near LONGMOOR LANE,E01006783,Liverpool 002E,Unable to prosecute suspect
68b4262279bd7ddef5ba3349b56717fd3768c354f6adcecf2c26783fed1e979d,2019-02,Merseyside Police,Merseyside Police,-3.018566,53.382659,On or near HOLBORN HILL,E01007291,Wirral 021D,Further investigation is not in the public interest
3ac2615ea81da70a5dcf9bf63c586fe37d7335f84a7cf163a03979ea2e013c50,2019-02,Merseyside Police,Merseyside Police,-2.936627,53.445578,On or near SCARISBRICK ROAD,E01006729,Liverpool 008C,Unable to prosecute suspect
47ec5bf13b781921b779143a7b3437ae403990e0146c68156699a71abfd5d0cb,2019-02,Merseyside Police,Merseyside Police,-2.911616,53.413106,On or near AYLESFORD ROAD,E01006573,Liverpool 029C,Further investigation is not in the public interest
7e945c2910fe0219f9d03a8b024164f45d0eeb992d0823bdc40eb1278354b95b,2019-02,Merseyside Police,Merseyside Police,-2.936129,53.442067,On or near LAMBOURNE ROAD,E01006732,Liverpool 011E,Suspect charged
e09861bcfc78db89c73d99bd33c3ba66b0ed96e47096eb8c5471adac0885b1b9,2019-02,Merseyside Police,Merseyside Police,-2.829467,53.360338,On or near CRAVENWOOD ROAD,E01006426,Knowsley 020A,Investigation complete; no suspect identified
507b99606907ed4cf04c971596d986438493a05d8c93bc6ba94e82f1ffa30389,2019-02,Merseyside Police,Merseyside Police,-3.002885,53.461921,On or near WALLER STREET,E01007003,Sefton 036B,Unable to prosecute suspect
fb5d06ba35b4e8598a3b47d98390dbd33a37c38bbf2ec44fd6a179ebabd68b44,2019-02,Merseyside Police,Merseyside Police,-2.921035,53.409663,On or near TAPLEY PLACE,E01032509,Liverpool 027H,Unable to prosecute suspect
8981a7e3c6dbb7a04f492788bf03d7047635109ceb9e1bce3107ed06c93b90f3,2019-02,Merseyside Police,Merseyside Police,-2.759351,53.440347,On or near BATES CRESCENT,E01006831,St. Helens 016A,Unable to prosecute suspect
dfce89ec91e20cd93c00f13ec92beafdfb4f0fac3a2c261d20d3d76a20b3fc8d,2019-02,Merseyside Police,Merseyside Police,-2.918155,53.415627,On or near SHAFTESBURY TERRACE,E01006711,Liverpool 027A,Investigation complete; no suspect identified
8737f79cafc63d66a3088c00080a74aa5c2549bd6ab73d5f2f6d111e3dda06db,2019-02,Merseyside Police,Merseyside Police,-2.995362,53.364391,On or near BEVERLEY ROAD,E01007138,Wirral 031B,Suspect charged
262f94caf6df16d484f10ee60fb5fc973f193cbd7c14db192de5913adbb4415e,2019-02,Merseyside Police,Merseyside Police,-2.877310,53.481615,On or near HARGATE WALK,E01006436,Knowsley 003C,Unable to prosecute suspect
6d8b1f18f3128dff6d72bc9230fa7bfeb9ee046288bd43cf5e7b7cd9bca0a965,2019-02,Merseyside Police,Merseyside Police,-2.894996,53.431956,On or near THORNBROOK CLOSE,E01006640,Liverpool 021F,Investigation complete; no suspect identified
bec8277a13a1115524095f8a5c368cb233623e4d64383077852d1567cfd96930,2019-02,Merseyside Police,Merseyside Police,-3.107227,53.411749,On or near GOODWOOD DRIVE,E01007203,Wirral 006A,Unable to prosecute suspect
aafc990375728635965c26267fecbae07dd5644e234eac20d8bd940eb676b8ec,2019-02,Merseyside Police,Merseyside Police,-3.027700,53.379884,On or near DERBY ROAD,E01007292,Wirral 021E,Unable to prosecute suspect
808e387385a7ad3b490d8d9ccff2d90c99579fadeb20226573167bda25156ef1,2019-02,Merseyside Police,Merseyside Police,-2.939962,53.450001,On or near TORRISHOLME ROAD,E01032510,Liverpool 008F,Unable to prosecute suspect
98462b956b41ec09ae7d3a40bd6119131f5d57cd442a7fd8fef4beac70e1b23d,2019-02,Merseyside Police,Merseyside Police,-2.938951,53.427384,On or near OCTOBER DRIVE,E01006767,Liverpool 019F,Suspect charged
04dd3d8ff7054ef019d015864727eac70a9030c1c7d4aa289689481d08500124,2019-02,Merseyside Police,Merseyside Police,-2.996822,53.447473,On or near BERRY STREET,E01007009,Sefton 037D,Investigation complete; no suspect identified
a7864795c2c9e7ee6a8374c14832eacabc1a346ede5e456a6d7c895d35dcac84,2019-02,Merseyside Police,Merseyside Police,-2.865906,53.365527,On or near SCHOOL LANE,E01006533,Liverpool 055C,Investigation complete; no suspect identified
42539b5974a905efc1ace4fe52bdec8b8bc0eec1c2f5e99310d9d5958e6d84b4,2019-02,Merseyside Police,Merseyside Police,-2.842155,53.413149,On or near STANLEY ROAD,E01006474,Knowsley 016C,Investigation complete; no suspect identified
8b543b6edd7f654c8924c912fdb3fa39c6515d6d3573f0d40a68c683d0440eaf,2019-02,Merseyside Police,Merseyside Police,-3.107227,53.411749,On or near GOODWOOD DRIVE,E01007203,Wirral 006A,Unable to prosecute suspect
9e03ed67c146c5c5b2c0c906825e0758dbf622f146bfe8a2d7eda9aa7fae1ae5,2019-02,Merseyside Police,Merseyside Police,-2.859522,53.390274,On or near Supermarket,E01006771,Liverpool 040D,Suspect charged
d32984a16426969e5eab164a4496fc2e7d4fdca39db8233f54698e4c025f7260,2019-02,Merseyside Police,Merseyside Police,-3.074925,53.408754,On or near Petrol Station,E01007121,Wirral 011B,Investigation complete; no suspect identified
084ed08a761f598de6d58f981dfdcf77ad7a6fd88937eee809631253834e773c,2019-02,Merseyside Police,Merseyside Police,-2.879139,53.425026,On or near ELGAR ROAD,E01006639,Liverpool 017C,Investigation complete; no suspect identified
5e2c39bcabd2994b995dd21a8f717afdca6733f7b492dd409242cd4cf1e47307,2019-02,Merseyside Police,Merseyside Police,-2.966341,53.399453,On or near BEDFORD STREET SOUTH,E01033757,Liverpool 037E,Investigation complete; no suspect identified
f205e8287377b133a909e026aa82864985552bf23ae182fa7da6df51d9061021,2019-02,Merseyside Police,Merseyside Police,-2.974595,53.647008,On or near ATHOLE GROVE,E01007063,Sefton 005E,Unable to prosecute suspect
49898f2173bedf21fcd9e08688d57cf0b5a001c74b67d1db679eec253128b2f5,2019-02,Merseyside Police,Merseyside Police,-2.940639,53.424045,On or near MARCH ROAD,E01006760,Liverpool 028E,Unable to prosecute suspect
2aea6d3ece689c920d12829bcc7672c2603d0ac56f728dbefab578ede0ba13e9,2019-02,Merseyside Police,Merseyside Police,-2.981675,53.433783,On or near RICKMAN STREET,E01006702,Liverpool 014C,Investigation complete; no suspect identified
ae6f2da4666693d7810c8ab4a88566f16b85fea0a85a65e5ea3add736f727370,2019-02,Merseyside Police,Merseyside Police,-2.632080,53.461502,On or near DIXON AVENUE,E01006868,St. Helens 010C,Unable to prosecute suspect
de18b159ef2f46d999a874808d81afec03db890ab2ca766ff043eb54974d15a5,2019-02,Merseyside Police,Merseyside Police,-2.715368,53.493499,On or near HOLT AVENUE,E01006802,St. Helens 002A,Unable to prosecute suspect
615b0cfee12a1ad620b5d5c1fd3bd8b85023458130c2762a8246ed6214c341ff,2019-02,Merseyside Police,Merseyside Police,-2.632080,53.461502,On or near DIXON AVENUE,E01006868,St. Helens 010C,Unable to prosecute suspect
9f6efbf4eb7000225e8b4440b483185bf6bfb7973b917b81cc58075b7078b4a9,2019-02,Merseyside Police,Merseyside Police,-2.781439,53.494640,On or near ROSE DRIVE,E01006884,St. Helens 001C,Unable to prosecute suspect
c120a93a9306cf1f85ede9b907bcc1229b1f26dca84876a4f0d3f09af8e8bcf4,2019-02,Merseyside Police,Merseyside Police,-2.987481,53.408898,On or near HOCKENHALL ALLEY,E01033762,Liverpool 060E,Unable to prosecute suspect
0b4b9bbec31679befe07bae7e395e1c6aef3b51c409d916886d59070ec7c2961,2019-02,Merseyside Police,Merseyside Police,-2.941245,53.415402,On or near BALMORAL ROAD,E01006695,Liverpool 028C,Offender given a caution
8c34c4786ece47b5057ec1032731d22ef4d3ebfa9e27073763f7d608379dc618,2019-02,Merseyside Police,Merseyside Police,-2.961682,53.404947,On or near GROVE STREET,E01006751,Liverpool 031F,Suspect charged
6193e00a15a703e289b529d793aea25b231e65ea7f79fc4a3b8730b033a5a285,2019-02,Merseyside Police,Merseyside Police,-2.983495,53.405686,On or near Shopping Area,E01033760,Liverpool 060C,Unable to prosecute suspect
03ad5d311484448fb1a67ae995b052fc19b103548798624b7f6943dc32aa7db7,2019-02,Merseyside Police,Merseyside Police,-2.647811,53.451063,On or near PAVILION COURT,E01006863,St. Helens 013A,Unable to prosecute suspect
32007e25a438c94121bfd41a7a2c7a53f5b7b1e6677e64d715b6256de7f93d08,2019-02,Merseyside Police,Merseyside Police,-2.652281,53.457744,On or near CLARENCE STREET,E01006839,St. Helens 005B,Offender sent to prison
4c8347b9633174d519187aa1cda7f124b9c11886468f6a452cff8a308bfe0960,2019-02,Merseyside Police,Merseyside Police,-3.034007,53.388288,On or near WARWICK CLOSE,E01007128,Wirral 016C,Offender given suspended prison sentence
e84a80120bb5b2d420effcf9975b9ae4d95f23abfb05362d795d0d315ed07221,2019-02,Merseyside Police,Merseyside Police,-2.979192,53.401721,On or near BACK SEEL STREET,E01033761,Liverpool 060D,Defendant found not guilty
9416419e5b8e932c0966aa920a58e364f552cd61e8aa9c672fa4cec4d3c11977,2019-02,Merseyside Police,Merseyside Police,-2.873367,53.373958,On or near DERRBOURNE CLOSE,E01006799,Liverpool 051E,Defendant found not guilty
043ced37ce1745d526c5847f80c7920005fb9f00c72a5026b51f83b2aad542c1,2019-02,Merseyside Police,Merseyside Police,-3.013357,53.645266,On or near Supermarket,E01006968,Sefton 004C,Offender fined
2b6920e7e2bcb7825e47a19ede64766849c946fe082c62c06ab4635a3f4ab5de,2019-02,Merseyside Police,Merseyside Police,-3.017647,53.391413,On or near HINSON STREET,E01007126,Wirral 016A,Offender deprived of property
716fe146c21b88eb44286f4077640dac08c6e869bf78376a85c0daabe2027c0f,2019-02,Merseyside Police,Merseyside Police,-2.983878,53.406618,On or near Supermarket,E01033760,Liverpool 060C,Offender fined
688e07dd58752f299b44e9e1f9a3915dd7f828f759a495475756034862cd510d,2019-02,Merseyside Police,Merseyside Police,-3.022637,53.398238,On or near A554,E01007126,Wirral 016A,Offender fined
39f0add7ad544cf875817e95e532f0e836400a2960943a2a87a823602091c02b,2019-02,Merseyside Police,Merseyside Police,-2.936948,53.435508,On or near RICHARD KELLY CLOSE,E01006606,Liverpool 020A,Offender given suspended prison sentence
5b95080c28edd3ef7f573dd7c8da6eb01422aa00dec8e64a37f2a6535c9ac397,2019-02,Merseyside Police,Merseyside Police,-3.043981,53.417380,On or near HARTINGTON ROAD,E01007214,Wirral 007C,Defendant found not guilty
2f209163b3c1dd8278b86eab7782a83b48415227949cdf5f68a99503a4b78667,2019-02,Merseyside Police,Merseyside Police,-2.943293,53.413417,On or near PARTON STREET,E01006697,Liverpool 030D,Defendant found not guilty
6dc51d96c202a6dd088e37c0f3d3515a722fefb73626206f0c53af47aadc6720,2019-02,Merseyside Police,Merseyside Police,-2.925361,53.452327,On or near BREMHILL ROAD,E01006736,Liverpool 005E,Offender fined
c3194d01ee82fc528eb3eb708c15cd3cb6fd586b25fb82c4a7ce29beea04dfda,2019-02,Merseyside Police,Merseyside Police,-2.976571,53.402192,On or near ROSCOE PLACE,E01033761,Liverpool 060D,Offender sent to prison
e5979ef65e85533571cc00915f59e848f78b0ff5d6609c1f8a7ae4be1e7453ba,2019-02,Merseyside Police,Merseyside Police,-3.033735,53.422359,On or near GREENWOOD LANE,E01007218,Wirral 002A,Offender given suspended prison sentence
fee6bf5ff1d850ca0fa09c8e4931a43235a1c265500cff2cd8b98c862cae5fc8,2019-02,Merseyside Police,Merseyside Police,-2.702351,53.448300,On or near FLEET LANE,E01006875,St. Helens 017C,Offender sent to prison
992a0b7a15e82a643da546a92d3211564d2e0d4d79134c6b73dae178bf62e226,2019-02,Merseyside Police,Merseyside Police,-2.715766,53.432086,On or near MARYWELL CLOSE,E01006847,St. Helens 020C,Offender given community sentence
f3dcf2103460dacf9122296d8190c4c3ffce537d4363803279189cbb012fdc82,2019-02,Merseyside Police,Merseyside Police,-3.071781,53.414715,On or near M53,E01007309,Wirral 006D,Offender given conditional discharge
cd9cea652b31619892ff4b7eafe653d85d87bf4b14ddf5054d5f56470754af21,2019-02,Merseyside Police,Merseyside Police,-3.032214,53.391234,On or near FOX STREET,E01007127,Wirral 016B,Offender sent to prison
eae8ee069f478801b4bdc0c3366a6db2177ff3b3b231a8b894a0240a15a5002e,2019-02,Merseyside Police,Merseyside Police,-2.993646,53.405584,On or near Further/Higher Educational Building,E01033752,Liverpool 062B,Offender sent to prison
747fc83a09e14694dbd6e509eba162ad219d86fa6a231a7bd249c780c634052b,2019-02,Merseyside Police,Merseyside Police,-3.006127,53.458901,On or near BOSWELL STREET,E01007005,Sefton 034B,Offender deprived of property
f2c0ec1a88b169785ac88ba74b8c7af369c43643a949af8e0b2dbf7fdabcda1c,2019-02,Merseyside Police,Merseyside Police,-2.979198,53.403924,On or near BACK BOLD STREET,E01033756,Liverpool 061C,Offender given conditional discharge
bb63d26b379f75c0c03be44d48bfdbce46868e10c3778b1902e0f4d9ac25feb4,2019-02,Merseyside Police,Merseyside Police,-2.987014,53.405648,On or near Shopping Area,E01033760,Liverpool 060C,Offender given community sentence
3c8e49d4db1ccb4d681577531fbdabdc3d93fd5606daab0b442e69433bf370a2,2019-02,Merseyside Police,Merseyside Police,-2.961588,53.418782,On or near COWAN DRIVE,E01006647,Liverpool 024C,Offender fined
bb05f2e4f3ab3641f9f3e73ab61a6fc7ab5df067ac1b9305525f44aaa669d0b7,2019-02,Merseyside Police,Merseyside Police,-2.773487,53.469308,On or near Petrol Station,E01006914,St. Helens 007A,Offender deprived of property
a33a0010da597b3d426f67883161a9b09aeaed094f7202b8eef6061452a508b5,2019-02,Merseyside Police,Merseyside Police,-2.827592,53.358949,On or near ROSEHEATH DRIVE,E01006426,Knowsley 020A,Offender sent to prison
c64006075681f8e70a2dbc8ca9a889cd82dc9cda20b6ba4b3f9846a28ecfa228,2019-02,Merseyside Police,Merseyside Police,-2.927093,53.441248,On or near Supermarket,E01033759,Liverpool 010F,Offender given suspended prison sentence
538bd4584648d2171db371c542808a789534468ba9ab920dd9375bbf59a6d159,2019-02,Merseyside Police,Merseyside Police,-3.083491,53.372298,On or near HOME FARM ROAD,E01007249,Wirral 025A,Offender given community sentence
2deb0017024a21e63dadaff3a9e48f3536855759b2a17d3b48b03c001af661d6,2019-02,Merseyside Police,Merseyside Police,-3.005909,53.645652,On or near QUEEN ANNE STREET,E01006968,Sefton 004C,Offender sent to prison
75f76764d1bb9d56bdeb95f23b8ca38b234fc5483b5cb8b01742794d41556145,2019-02,Merseyside Police,Merseyside Police,-3.044881,53.438702,On or near BURLINGTON ROAD,E01007238,Wirral 001E,Offender given community sentence
5c2bc520820e51b342bbb952368d0bba85d1bd0fb519ee95bc709e4b1a986a5e,2019-02,Merseyside Police,Merseyside Police,-2.854697,53.461653,On or near KITLING ROAD,E01006438,Knowsley 005E,Offender sent to prison
0db9fe3fbc52d4b98bff9742a01fc48a7ab94cbb7045ed8c0c0f5c73b18d8b2e,2019-02,Merseyside Police,Merseyside Police,-2.982656,53.461262,On or near AINSDALE ROAD,E01007019,Sefton 035A,Offender given suspended prison sentence
ab63fde537e13f32ed1cb605e9b5a0f22dc9687ffe9ea9ba403852af097a10c8,2019-02,Merseyside Police,Merseyside Police,-3.035054,53.592919,On or near THE BROOKDALE,E01006924,Sefton 011B,Offender given community sentence
86928ec11ab01a988d4963dd0a9e711e71cb387e87a64f9fd239cda2c1839ca3,2019-02,Merseyside Police,Merseyside Police,-2.991291,53.644831,On or near KENSINGTON ROAD,E01007058,Sefton 006A,Offender given conditional discharge
e8b4dfd45eea2059e499ee6e504c6d1bdc80ce9b014ebed747e95ee387c01f3f,2019-02,Merseyside Police,Merseyside Police,-2.998078,53.652918,On or near Petrol Station,E01006945,Sefton 004A,Offender sent to prison
311c9f2f30749b59a4fe689a1f360a4b099d08a28d7053de6787092999fe5653,2019-02,Merseyside Police,Merseyside Police,-2.981892,53.414455,On or near SCOTLAND ROAD,E01006648,Liverpool 023D,Offender given suspended prison sentence
9398c591643a4a3bb1b728368aad5e9aeb2d9260a835c285b6cebf5d9a032291,2019-02,Merseyside Police,Merseyside Police,-2.971824,53.631750,On or near Supermarket,E01006999,Sefton 008C,Offender ordered to pay compensation
89c32415ce47dad0aafcc38473c0c434f826a6c9f0f6d2977feab2cad9e38b73,2019-02,Merseyside Police,Merseyside Police,-3.159069,53.403391,On or near BEACHCROFT ROAD,E01007199,Wirral 013B,Offender given suspended prison sentence
8949b48f589232f614506e4f68633e8f99136514c3759bece136d893b677f3c0,2019-02,Merseyside Police,Merseyside Police,-2.900041,53.363692,On or near GREENHILL ROAD,E01006742,Liverpool 057B,Offender given community sentence
d7f85a6d40651e3e3d186bef17d79c1c5728954c3057c1fd15641e2702e6ad0b,2019-02,Merseyside Police,Merseyside Police,-3.027906,53.474500,On or near CROSS STREET,E01006958,Sefton 030C,Offender given suspended prison sentence
9e9f6c9f825a408117f5e61645087b2c1f7559ff8ddd13c30caf56d83a1acaf8,2019-02,Merseyside Police,Merseyside Police,-3.018159,53.636111,On or near PRINCE CHARLES GARDENS,E01006972,Sefton 009D,Offender given community sentence
f4473df07577c96a0bc0e5299545dc2e907edd391d140c02c9d043c0ed502e2e,2019-02,Merseyside Police,Merseyside Police,-2.938319,53.374750,On or near AIGBURTH ROAD,E01006521,Liverpool 052A,Offender given suspended prison sentence
9a4cea453141ccf7dc78639275dbf9e24d3b7b1806316777709b9096a668baad,2019-02,Merseyside Police,Merseyside Police,-2.978061,53.401569,On or near BACK COLQUITT STREET,E01033761,Liverpool 060D,Offender given suspended prison sentence
1ca337880bce48513770faceeaff389b525d2c60bbb18cc27bf344e852a8094a,2019-02,Merseyside Police,Merseyside Police,-2.727267,53.416331,On or near Sports/Recreation Area,E01006910,St. Helens 022E,Offender fined
c299cedd42524e71a8b1697c428b017786f622550326e7697bfaf1194ca22c38,2019-02,Merseyside Police,Merseyside Police,-2.985126,53.420271,On or near VESCOCK STREET,E01033764,Liverpool 022E,Offender fined
a49f318c8e0c7e8455753b1142c99bedb81a3f9e16809f6734294392832c6add,2019-02,Merseyside Police,Merseyside Police,-3.019090,53.376911,On or near JESSAMINE ROAD,E01007296,Wirral 027E,Offender given suspended prison sentence
f3dcf2103460dacf9122296d8190c4c3ffce537d4363803279189cbb012fdc82,2019-02,Merseyside Police,Merseyside Police,-3.071781,53.414715,On or near M53,E01007309,Wirral 006D,Offender given conditional discharge
1efcfde4bc76916895b37b1364b7bff826452e15f97bdc008e9dd1e7f190098e,2019-02,Merseyside Police,Merseyside Police,-2.962755,53.430476,On or near LAKE STREET,E01033747,Liverpool 018F,Defendant found not guilty
5bfeff94b88502d20a04b1da4d0b9ddfec514c9891edec00a4de975e24533bdc,2019-02,Merseyside Police,Merseyside Police,-3.025158,53.493022,On or near ALLENGATE,E01007021,Sefton 025A,Offender sent to prison
5b95080c28edd3ef7f573dd7c8da6eb01422aa00dec8e64a37f2a6535c9ac397,2019-02,Merseyside Police,Merseyside Police,-3.043981,53.417380,On or near HARTINGTON ROAD,E01007214,Wirral 007C,Defendant found not guilty
e57a4b4ee6c1bf82d998369eb54e24d57135212132dca57c3d1ff16e18ea7c8c,2019-02,Merseyside Police,Merseyside Police,-2.837132,53.427027,On or near MARTON ROAD,E01006440,Knowsley 010A,Offender given community sentence
8d87c5bbcaf8975f7e47ad8228dee4fa5407157bda72e17f1e3f27eca5dab615,2019-02,Merseyside Police,Merseyside Police,-2.987117,53.404218,On or near Bus/Coach Station,E01033756,Liverpool 061C,Offender sent to prison
a910da37b23869a2703af895a14f60a2f8bf2fc3d5e8faeab44bcb058cf465c0,2019-02,Merseyside Police,Merseyside Police,-2.955641,53.382406,On or near GROSVENOR TERRACE,E01006678,Liverpool 044E,Offender fined
5b95080c28edd3ef7f573dd7c8da6eb01422aa00dec8e64a37f2a6535c9ac397,2019-02,Merseyside Police,Merseyside Police,-3.043981,53.417380,On or near HARTINGTON ROAD,E01007214,Wirral 007C,Offender sent to prison
c42ccf6b2cb5b8b4a80f054dee309a44e5756fd8e28686fe1758f1ea57e63327,2019-02,Merseyside Police,Merseyside Police,-2.932204,53.397567,On or near BARTLETT STREET,E01006721,Liverpool 038C,Defendant found not guilty
9371d3fa03526f52b643e0eba2c6782e0e042f0423b5499dac84422714161f1a,2019-02,Merseyside Police,Merseyside Police,-2.996558,53.652643,On or near NORTH STREET,E01006945,Sefton 004A,Offender sent to prison
745e76b3e740127117fd45e0f12a9f4c480943cc44365e6789b9d9fd6bd19293,2019-02,Merseyside Police,Merseyside Police,-3.028750,53.389143,On or near Supermarket,E01007128,Wirral 016C,Offender given conditional discharge
2d2d32a6173b45070011a2f5732c31a104be8b32dc1fbc3d84232acafdff4116,2019-02,Merseyside Police,Merseyside Police,-2.938149,53.396415,On or near LANGTON ROAD,E01006722,Liverpool 038D,Offender given community sentence
b40c5fe6d3351e887685029cde552c020ae1bc928a5bdb910613a446015ef733,2019-02,Merseyside Police,Merseyside Police,-2.964892,53.411843,On or near ERSKINE STREET,E01006747,Liverpool 031B,Offender fined
c940dc8b6cde26b6655da702a2d7dfda96129a7bdbbae4189465412d61584a46,2019-02,Merseyside Police,Merseyside Police,-2.908843,53.406512,On or near GOURLEY ROAD,E01006585,Liverpool 032B,Offender given conditional discharge
846a5168a9ae2056f7e3e60fe5cdd7258f87a45e1e3951f567789794daf41a3d,2019-02,Merseyside Police,Merseyside Police,-2.965271,53.400702,On or near MYRTLE PARADE,E01006512,Liverpool 031A,Offender sent to prison
e908bd9d427d82ba1688ace05c0414979b90bc3b512e818a3bd6f971b251309e,2019-02,Merseyside Police,Merseyside Police,-3.022310,53.414070,On or near BRIGHTON STREET,E01007277,Wirral 008D,Offender given community sentence
fa9886064f398bc8302d809718fe40be984ce9f63044c671706b8835236ecd74,2019-02,Merseyside Police,Merseyside Police,-2.963615,53.437876,On or near PRIORY ROAD,E01006615,Liverpool 012C,Defendant found not guilty
18f93b2cc25b0b169ff6c11345c24b42d667cd503d5f5b713003e187dc52a1a5,2019-02,Merseyside Police,Merseyside Police,-2.915936,53.413190,On or near Supermarket,E01032508,Liverpool 027G,Offender sent to prison
a3dc6f584a630e19c6d970222be8d7a36fc9fb7ca7cbc1df7c9d8f789ac82c85,2019-02,Merseyside Police,Merseyside Police,-2.966284,53.396263,On or near UPPER PARLIAMENT STREET,E01033768,Liverpool 037F,Offender given suspended prison sentence
46c33892eb46413e2e4476543d69dbde98a706ccee3d90fab68978a3fb800a2d,2019-02,Merseyside Police,Merseyside Police,-3.004246,53.641244,On or near RIMMER'S AVENUE,E01006970,Sefton 007B,Offender given community sentence
686cf89b22b56156787bd2784314991e6f2458ef6acbf7cd91da5744de36aafc,2019-02,Merseyside Police,Merseyside Police,-2.990742,53.452099,On or near STANLEY ROAD,E01006967,Sefton 037A,Offender fined
89dd22301d41b419f3390c76bac5bdbb74c268fd319095a4d12d3a5f3f0383ab,2019-02,Merseyside Police,Merseyside Police,-2.889294,53.482524,On or near NORWICH WAY,E01006437,Knowsley 003D,Offender sent to prison
f4812b6acc937465749648ffd0bc69bee5f3133734eef7ab7367e3892e127eee,2019-02,Merseyside Police,Merseyside Police,-2.957321,53.530160,On or near AVELON CLOSE,E01007067,Sefton 017A,Offender given community sentence
51345612cd51f09152397348a2e7854a6c1187ebb54b0a66b5acb503e0e9ff9b,2019-02,Merseyside Police,Merseyside Police,-2.924055,53.399069,On or near GLYNN STREET,E01006721,Liverpool 038C,Offender fined
2fa47eac5cd2a900341093f885babb6d09eb8c3ed7f9c6a48e13497f32874037,2019-02,Merseyside Police,Merseyside Police,-3.005704,53.467147,On or near PRINCESS WAY,E01006977,Sefton 032E,Offender sent to prison
092ff792b0f5c2baedd3c718522b752a1d896f318b00e6cb92c7230da29e4e1f,2019-02,Merseyside Police,Merseyside Police,-2.861539,53.347958,On or near PETWORTH CLOSE,E01006739,Liverpool 058B,Offender sent to prison
49b50a5dba5985a7733df860184c61175e96c6c2b8979230a63f3b95de3d9a10,2019-02,Merseyside Police,Merseyside Police,-3.001191,53.649593,On or near HILL STREET,E01006968,Sefton 004C,Offender given community sentence
4cd280a1e67c3bb1ebe2ae0bbf4a7336b1cfd720595d99024765b686499bc38f,2019-02,Merseyside Police,Merseyside Police,-2.985464,53.402353,On or near DUKE STREET LANE,E01033754,Liverpool 061B,Offender given suspended prison sentence
bdb038be71bb58701a106758367e41a144495244e2166d108e93aaf3be2c8d52,2019-02,Merseyside Police,Merseyside Police,-2.915477,53.487729,On or near DAPPLE HEATH AVENUE,E01007040,Sefton 026B,Offender given community sentence
3da5ed5d0bff729aa935619d57e848bea256ff9173011822666e29e49f12c639,2019-02,Merseyside Police,Merseyside Police,-2.928234,53.441095,On or near Supermarket,E01033759,Liverpool 010F,Defendant found not guilty
e013d299d03b75c6a39ffee858e53ac98ad64546779deab6f437471b66b33d6d,2019-02,Merseyside Police,Merseyside Police,-2.979600,53.406392,On or near ELLIOT STREET,E01033760,Liverpool 060C,Offender given community sentence
386cf541d2413471a3e27d8afdfc731ebcb3bbc5c8e2ea88b0703a78b82a37e5,2019-02,Merseyside Police,Merseyside Police,-3.047934,53.441040,On or near KING'S PARADE,E01007230,Wirral 001B,Offender given conditional discharge
dffab34a40fc9c6d1f22db26f1015da71c3a67d766d5aafa70cea582ac43076f,2019-02,Merseyside Police,Merseyside Police,-2.910246,53.403885,On or near DEVERELL GROVE,E01006585,Liverpool 032B,Court case unable to proceed
46cef424ea7ff9edf8bc0d83015b272dcc530b95ad4644a86f9c31945afd082c,2019-02,Merseyside Police,Merseyside Police,-2.981930,53.406967,On or near Parking Area,E01033760,Liverpool 060C,Offender given community sentence
9815252e246e101914f132b990512e2b98c3d9429d28add31df18efc5589ce3f,2019-02,Merseyside Police,Merseyside Police,-2.933033,53.374297,On or near ASHFIELD ROAD,E01006521,Liverpool 052A,Offender given community sentence
213a3da7480be37c8dc79b76de7fe1df0c735fc99a0a0de2f8f2e118c5977075,2019-02,Merseyside Police,Merseyside Police,-3.037621,53.388500,On or near RAVENSCROFT ROAD,E01007129,Wirral 016D,Offender given community sentence
3b7bc14f7493cf7716bbd574fd513b858a06d02a7608d43c6628b92359e0ad5a,2019-02,Merseyside Police,Merseyside Police,-2.978888,53.343224,On or near TERMINUS ROAD,E01007143,Wirral 036C,Offender otherwise dealt with
c42ccf6b2cb5b8b4a80f054dee309a44e5756fd8e28686fe1758f1ea57e63327,2019-02,Merseyside Police,Merseyside Police,-2.932204,53.397567,On or near BARTLETT STREET,E01006721,Liverpool 038C,Defendant found not guilty
5bf23fb9ff31d63c9e6cf0d861eb77bdd8e1a1b10a6486e92ea9f615436eaddc,2019-02,Merseyside Police,Merseyside Police,-3.033346,53.382721,On or near BOROUGH ROAD,E01007131,Wirral 021B,Offender sent to prison
831cd7cd3602f8942f3d78a210ff19d16bf6418074f65495c714302d2265ea0d,2019-02,Merseyside Police,Merseyside Police,-2.924092,53.420903,On or near TYNWALD PLACE,E01006717,Liverpool 027D,Offender given community sentence
f1ef8c6667dddf27005f357eeb60304fef865e432416c082cc9498c631315f80,2019-02,Merseyside Police,Merseyside Police,-2.991185,53.486666,On or near HARP'S CROFT,E01007089,Sefton 024E,Defendant found not guilty
36588385fa4f5c69adb131949e2c86890205e0a7ded69eddc96c5e7fdc2f4520,2019-02,Merseyside Police,Merseyside Police,-2.860761,53.347344,On or near LENHAM WAY,E01006739,Liverpool 058B,Offender given suspended prison sentence
b9121e1010674b4d4a6abaab3337f242ef49bde94f0246430f6a93d0db512dba,2019-02,Merseyside Police,Merseyside Police,-2.966319,53.476767,On or near ROCHESTER AVENUE,E01007048,Sefton 029A,Court case unable to proceed
146bd13610fb4d72e0f78c75d31100c29eaaf995aea226ba09ada370c2d8a1cf,2019-02,Merseyside Police,Merseyside Police,-2.996045,53.458635,On or near KNOWSLEY ROAD,E01007013,Sefton 036E,Defendant found not guilty
3fc2eebc57ab57a9063e5dc6ec026112c8eeb6ddc61c3e5f570bb1defd962a06,2019-02,Merseyside Police,Merseyside Police,-2.835828,53.342163,On or near LITTLE HEATH ROAD,E01006756,Liverpool 059D,Defendant found not guilty
8034b7bb10df6f423b89e93ada10459f2369270985a1e165846b68f2616ca5e5,2019-02,Merseyside Police,Merseyside Police,-3.109084,53.389457,On or near ROYDEN ROAD,E01007297,Wirral 018A,Offender given suspended prison sentence
8b1f644b13346daeecadf114e16d24b40a14940ebd748520e8af6dfea5bed6a0,2019-02,Merseyside Police,Merseyside Police,-3.028576,53.386933,On or near CEDAR STREET,E01007130,Wirral 021A,Court case unable to proceed
f032388f5f56e3adf7257306db50d992b01d0bdf8dfa063af835539c7c24deee,2019-02,Merseyside Police,Merseyside Police,-3.006949,53.621392,On or near SHAW'S AVENUE,E01006930,Sefton 010B,Offender fined
0c9e4120ea6608aaa1d386382ec2cca9b7275195abf9d65f36d9e8eec22f1aea,2019-02,Merseyside Police,Merseyside Police,-2.961975,53.425269,On or near HEYES STREET,E01006562,Liverpool 018E,Offender given conditional discharge
e7b2b8d7149361b7c8413685025a65cfde5c5d48e0f3ae19ccd96d7f40dc532e,2019-02,Merseyside Police,Merseyside Police,-2.710003,53.489953,On or near Parking Area,E01006807,St. Helens 002D,Offender sent to prison
5c8daa3a1fd38c89468cc1ab4c3ab6c0a015d8d0cce5da28876b5618b3912ff3,2019-02,Merseyside Police,Merseyside Police,-3.021875,53.409112,On or near JAMES STREET,E01007273,Wirral 008B,Offender given suspended prison sentence
66729243be06ac6ac69d04e498edad0f4d21bf22240716a011b706d6209be009,2019-02,Merseyside Police,Merseyside Police,-3.005146,53.652391,On or near PROMENADE,E01006950,Sefton 004B,Defendant found not guilty
06982d340f8df9a5034a6bd86b1d2e5977e284ae6a2fcc9987da6692984dc77d,2019-02,Merseyside Police,Merseyside Police,-2.798028,53.422000,On or near KINGSWAY,E01006460,Knowsley 007A,Offender sent to prison
8b65fdc83d22782cc09592194e07ac7d44660364daea4349731b0dba6abb4329,2019-02,Merseyside Police,Merseyside Police,-2.728257,53.443426,On or near DELPHWOOD DRIVE,E01006912,St. Helens 019G,Offender given community sentence
6d7f3e27321c27b5bbd5415c1f6ec46bbff8adc46fb6878520df8535452311df,2019-02,Merseyside Police,Merseyside Police,-2.970209,53.410137,On or near BAYHORSE LANE,E01033758,Liverpool 060B,Offender given conditional discharge
3fe391892a9ba0e791c23cf6ef6c7a73723b0c0d325f8fa452ca1de84a34d405,2019-02,Merseyside Police,Merseyside Police,-2.817424,53.428188,On or near LIVERPOOL ROAD,E01006464,Knowsley 007D,Offender given community sentence
03e998953c4abe1cd9a10f76b6bedc2a560b0e78d276080ef4dd956513d5ed77,2019-02,Merseyside Police,Merseyside Police,-2.985509,53.410802,On or near Parking Area,E01033762,Liverpool 060E,Defendant sent to Crown Court
143dc2b3c806bb948159a2b2329d0ba3278141e2c63633c59967e15a0fdb875e,2019-02,Merseyside Police,Merseyside Police,-2.906393,53.429281,On or near BARN HEY GREEN,E01006619,Liverpool 021B,Court case unable to proceed
26935b71487458a6405e13a9ef2b2d080a23541c3ed93b7a4cbd541f194fecfc,2019-02,Merseyside Police,Merseyside Police,-2.737102,53.451731,On or near Shopping Area,E01006832,St. Helens 012A,Offender fined
ed095c27c5907c31c385fb30f766b69a4a16ab7a2d3b4abdd46073de5e07a9b7,2019-02,Merseyside Police,Merseyside Police,-2.631197,53.459826,On or near DUNCAN AVENUE,E01006868,St. Helens 010C,Offender given community sentence
f7063831d40ffd956a459807d2a58554da679595dfdd742cde4717f360fb03f0,2019-02,Merseyside Police,Merseyside Police,-2.877969,53.424469,On or near KINGSHEATH AVENUE,E01006638,Liverpool 017B,Offender given conditional discharge
14499abe99ccda47b8288ebb394f95cd61e6cf565284f8df7ef4a3a8c9d96dae,2019-02,Merseyside Police,Merseyside Police,-2.990939,53.436654,On or near BANKHALL STREET,E01006778,Liverpool 014E,Court case unable to proceed
46f0508f20f81328b293c9a9298987edaa813f7e4a49e41272a8dba595773574,2019-02,Merseyside Police,Merseyside Police,-2.947997,53.451745,On or near BLACKTHORNE ROAD,E01032511,Liverpool 008G,Offender given community sentence
a2b78d53eaaf6f0a8a87bf2326a5aa74b9292c050039488e8ea2c12561963f7d,2019-02,Merseyside Police,Merseyside Police,-2.936129,53.442067,On or near LAMBOURNE ROAD,E01006732,Liverpool 011E,Offender sent to prison
1d04752016556324c4a5ad8ed28d021bd450515c7a0f5222f2aeb625f9640018,2019-02,Merseyside Police,Merseyside Police,-2.961349,53.456204,On or near BROOK ROAD,E01006787,Liverpool 006A,Offender given suspended prison sentence
6d14004598dac4cc7c6cbc89b68cb6c5641ecd51a9d4cf8a7a8be6e50f7fdd3e,2019-02,Merseyside Police,Merseyside Police,-3.103028,53.328531,On or near Supermarket,E01007182,Wirral 037A,Offender given conditional discharge
41d9dc6c5d7b18606fe5f5db854872f437509811d395944aa0d878b56b742758,2019-02,Merseyside Police,Merseyside Police,-2.998013,53.461629,On or near KILBURN STREET,E01007013,Sefton 036E,Offender given community sentence
019c6277fb9fbf7a0761d979217b77c811c3cd0246e2017999ab6885e7a6d739,2019-02,Merseyside Police,Merseyside Police,-3.040779,53.440275,On or near Theme/Adventure Park,E01007238,Wirral 001E,Offender sent to prison
e028572f9cc267b4baaaac907dfa5165220febeef0afcdeea18557e2c03e9a12,2019-02,Merseyside Police,Merseyside Police,-2.962057,53.376899,On or near THORNTREE CLOSE,E01032505,Liverpool 050F,Offender sent to prison
16edc444d3cc594150de44d93fe7ffc88633cff6ff2e2bda5de9a71f1f27a000,2019-02,Merseyside Police,Merseyside Police,-3.011694,53.619384,On or near GRANTHAM CLOSE,E01006930,Sefton 010B,Court case unable to proceed
bf311e5039c8624e2ee033902042d772ecacdd2ab91e80a633ffb866fefe6a09,2019-02,Merseyside Police,Merseyside Police,-3.027617,53.394564,On or near DOVER CLOSE,E01007128,Wirral 016C,Defendant found not guilty
4dbd66ee13df39e014143f9b66d2ddbac0e1408a3a94106119f083fa6337f26a,2019-02,Merseyside Police,Merseyside Police,-2.978384,53.413710,On or near Police Station,E01006648,Liverpool 023D,Offender sent to prison
1ab0b2f5b0f382c44aeb3f19217b58dc3a8451c7caf44dae9e5ab67278efb21f,2019-02,Merseyside Police,Merseyside Police,-2.956641,53.417599,On or near HYGEIA STREET,E01006647,Liverpool 024C,Offender given suspended prison sentence
275743b704697d1cc7995b95cd09e50ed2998aae75430b2a1b2e690652299341,2019-02,Merseyside Police,Merseyside Police,-3.000867,53.646126,On or near Parking Area,E01006968,Sefton 004C,Offender given community sentence
5b05fda4d1c4cdb6b6f7cb1d33f25a82f5266bf7fc206804eb1e2f45330b2ca6,2019-02,Merseyside Police,Merseyside Police,-2.983186,53.404026,On or near Conference/Exhibition Centre,E01033756,Liverpool 061C,Offender sent to prison
9ba2b7be75d6d6c26865e9e4acb5540d0c5140a2bffda0f7880b8ec9dd728c51,2019-02,Merseyside Police,Merseyside Police,-2.795929,53.411093,On or near SKEFFINGTON,E01006505,Knowsley 013E,Offender given community sentence
8e788975875e22dc0b353d0f8877b33ccb180dfa1c916bbe953c579d0568fa9b,2019-02,Merseyside Police,Merseyside Police,-2.709274,53.428206,On or near HAWTHORNE ROAD,E01006901,St. Helens 020G,Offender sent to prison
60f5c8adb1db6919757d02c67004ada17e432ab07c0581459250dca37d3b0a16,2019-02,Merseyside Police,Merseyside Police,-2.970248,53.443584,On or near COUNTY ROAD,E01006610,Liverpool 009C,Offender given community sentence
afa34084a818431f076c956c38a7c50d8642a753a960be67bb261a17f3f248c7,2019-02,Merseyside Police,Merseyside Police,-2.981075,53.405122,On or near Shopping Area,E01033760,Liverpool 060C,Offender fined
0d57326d42c1fb3834551106011dd0221de4949bd879969eba29b91f348a2249,2019-02,Merseyside Police,Merseyside Police,-2.931345,53.411291,On or near BIRCHFIELD CLOSE,E01006692,Liverpool 028B,Offender given conditional discharge
73c48325f6e276b54aad534a3522012e548405c768d6e7cebe51fd28738f66de,2019-02,Merseyside Police,Merseyside Police,-2.905633,53.479867,On or near WHITEFIELD DRIVE,E01006508,Knowsley 004D,Court case unable to proceed
57d9b02b2051facca1b0c29bdc719ee7b1cc4ffad138ca78a008611848686538,2019-02,Merseyside Police,Merseyside Police,-2.753000,53.469394,On or near FURNESS AVENUE,E01006919,St. Helens 007F,Offender given community sentence
06ec8bf5a949c1354764c3a10c73bb567a2f5425c1dff870088a49c4f84c42cd,2019-02,Merseyside Police,Merseyside Police,-2.717977,53.422185,On or near CROYDE PLACE,E01006896,St. Helens 020E,Offender given conditional discharge
203ed5f95824ecd0f5a4885f5474ff978601931bf3a3160112c9cdb5904c6974,2019-02,Merseyside Police,Merseyside Police,-2.980504,53.443060,On or near URSULA STREET,E01006961,Sefton 038B,Offender given suspended prison sentence
29723eab865e2faa4dfc79bac3e091ca3717b27001c975221e01f5b7496616a6,2019-02,Merseyside Police,Merseyside Police,-3.025876,53.390947,On or near CLAUGHTON ROAD,E01007128,Wirral 016C,Offender given community sentence
97056c361437d27bdbff6bb2f258178b81038b58208ee3a121dc0549e4aef2d6,2019-02,Merseyside Police,Merseyside Police,-2.924920,53.410532,On or near Petrol Station,E01032509,Liverpool 027H,Offender fined
7be78a6070dc664287f7cc547d31af173ba9aacc3fd3243b7826cc9ab753fd7b,2019-02,Merseyside Police,Merseyside Police,-2.987117,53.404218,On or near Bus/Coach Station,E01033756,Liverpool 061C,Offender given suspended prison sentence
955617824df6249e893f24a4189ca3461d68bf7ec7cc5855cf762eeb523a7232,2019-02,Merseyside Police,Merseyside Police,-2.999664,53.357470,On or near PRIMROSE HILL,E01007141,Wirral 031D,Defendant found not guilty
db49edd9e872912c474759e88d37624445ba51e4a0587f8967f38e32a6064cd6,2019-02,Merseyside Police,Merseyside Police,-2.979600,53.406392,On or near ELLIOT STREET,E01033760,Liverpool 060C,Offender sent to prison
72b2b2d505f839eb07ddd5b06738557b51e57a8bf86a9ce92245ed5862e6e583,2019-02,Merseyside Police,Merseyside Police,-2.824990,53.413979,On or near HARDIE ROAD,E01006481,Knowsley 015E,Offender fined
075418eee034db43962a6a11cbabd0e1a8233c8f34488b78011c8d522caedfdd,2019-02,Merseyside Police,Merseyside Police,-2.739180,53.460348,On or near WELLINGTON TERRACE,E01006881,St. Helens 012E,Offender sent to prison
a2a4e770f402ab3503ffae6bfa67ef10fd91753919a030bb4047694ef9ee2ae5,2019-02,Merseyside Police,Merseyside Police,-2.825369,53.411064,On or near SEEL ROAD,E01006477,Knowsley 015A,Offender given suspended prison sentence
bc5a7b5527bbc2d8c4028ed3afc26682fc396e598ced254a4dda48e3b9db2954,2019-02,Merseyside Police,Merseyside Police,-2.914995,53.440865,On or near MONKSDOWN ROAD,E01033759,Liverpool 010F,Offender sent to prison
edfbee71fef3a07ea2aa66e094e97b46d42d3b6a2a366ec6e5e3f1282520f361,2019-02,Merseyside Police,Merseyside Police,-2.979306,53.394224,On or near PARLIAMENT STREET,E01006515,Liverpool 037B,Offender given community sentence
0c2643dca087f531e47b3b29bb6b5c2dc63a603fe2e9a0bb6cb3a963af24b4b4,2019-02,Merseyside Police,Merseyside Police,-2.982401,53.404563,On or near BROOKS ALLEY,E01033756,Liverpool 061C,Offender sent to prison
b991c17770d14f0277987f70621be60052c423c1912f81de29fb0b092e874ae6,2019-02,Merseyside Police,Merseyside Police,-3.020880,53.384509,On or near HINDERTON ROAD,E01007291,Wirral 021D,Offender fined
2fd2b2d96bf87d5a53f8d5c956f884dba8754144477f57cbcd96f604de13fb7c,2019-02,Merseyside Police,Merseyside Police,-3.061594,53.437018,On or near COASTAL DRIVE,E01007237,Wirral 001D,Offender given conditional discharge
1de0868932dde26c291eb178a9e1de9fda63e56f1cc21678282de4d0b4627c5f,2019-02,Merseyside Police,Merseyside Police,-3.008961,53.644881,On or near KING STREET,E01006968,Sefton 004C,Offender fined
e90c723f4248e9241f297695853525bf1d77988a4e304b97494fe80399ff1756,2019-02,Merseyside Police,Merseyside Police,-2.985484,53.320553,On or near ROSECROFT,E01007172,Wirral 041E,Defendant found not guilty
d4410aa9a206eb1dab6b748acea2efb2ae5cd5352e3878c0cfbbd926f54f027a,2019-02,Merseyside Police,Merseyside Police,-2.973247,53.462121,On or near WESTFIELD ROAD,E01006786,Liverpool 003E,Offender fined
2c0a3dd9cf8fa9c4d758707ab79c6ed0820218c5f4c8ce0a926a81efe46ebf2e,2019-02,Merseyside Police,Merseyside Police,-2.877048,53.492269,On or near BRAMCOTE WALK,E01006494,Knowsley 001D,Offender fined
777c2be114061a94c96e8ca511bdb03c406fede766e80e4f8c2ddf928a7267b1,2019-02,Merseyside Police,Merseyside Police,-2.933160,53.465956,On or near SECOND AVENUE,E01006659,Liverpool 005B,Offender fined
453b544ccb856af8f21d0273bbf9bd3ab19b99886eb129756caaa179411f3e5b,2019-02,Merseyside Police,Merseyside Police,-2.979725,53.407218,On or near Pedestrian Subway,E01033760,Liverpool 060C,Offender fined
d568a85db8bab24ea0ba55f902910277dab44e213a47e54c827a289a31f22425,2019-02,Merseyside Police,Merseyside Police,-3.077488,53.382789,On or near NETHERFIELD CLOSE,E01007162,Wirral 019C,Offender given community sentence
4dc53f6dfa9a653fb6ea5b9f939300489692ca4bfc1fe2f028b1420293ce2abb,2019-02,Merseyside Police,Merseyside Police,-2.945618,53.396158,On or near WENDELL STREET,E01006556,Liverpool 039B,Offender sent to prison
46cef424ea7ff9edf8bc0d83015b272dcc530b95ad4644a86f9c31945afd082c,2019-02,Merseyside Police,Merseyside Police,-2.981930,53.406967,On or near Parking Area,E01033760,Liverpool 060C,Offender given community sentence
acdfbf0d37622328cc0b25569af72c5bf95afdb761b1513b8fb339fbe144b28f,2019-02,Merseyside Police,Merseyside Police,-2.988395,53.476199,On or near VINCENT ROAD,E01006981,Sefton 031B,Offender given suspended prison sentence
ad9ea01b237a95a5831d81e8a8ce00bf1b963c1f1c1e3bba5f678f61ee024bcd,2019-02,Merseyside Police,Merseyside Police,-2.712324,53.471072,On or near BODMIN GROVE,E01006852,St. Helens 004D,Defendant found not guilty
3387fbf43115912c1c72607a3a7a251f1d18f0e567a9d5a1ebf3870b553d31ec,2019-02,Merseyside Police,Merseyside Police,-2.773948,53.454932,On or near LINDEN WAY,E01006822,St. Helens 009A,Offender given community sentence
502ab5721b057903e7f68803ba9baad47e50b31292594d9212daa671d9947754,2019-02,Merseyside Police,Merseyside Police,-2.976906,53.410262,On or near Parking Area,E01033758,Liverpool 060B,Offender otherwise dealt with
2e371bf5ff04cc88778a6989596fe98e2c0a65de57d32d33d961e27838810ccc,2019-02,Merseyside Police,Merseyside Police,-2.873631,53.436725,On or near MARLED HEY,E01006671,Liverpool 013D,Offender given community sentence
126539ed92478fae73fe8d4fdf6d80263445d3ba78ac062fda592a057f4b583d,2019-02,Merseyside Police,Merseyside Police,-2.964172,53.308125,On or near DUNHAM CLOSE,E01007169,Wirral 042E,Offender given suspended prison sentence
9acf781688b7e5247a95b83f0a226743d84c900d783b0b2f4c80d4de8cb918a0,2019-02,Merseyside Police,Merseyside Police,-2.990245,53.450188,On or near STANLEY ROAD,E01007009,Sefton 037D,Offender given suspended prison sentence
eb14edcf58921547489c2502a4477a373008b6ba6d2881fa1a68cd970fefcff4,2019-02,Merseyside Police,Merseyside Police,-2.844604,53.428170,On or near NEWARK CLOSE,E01006441,Knowsley 006D,Offender given suspended prison sentence
67d6ec371e8f88d6222ddf104f62fa6e86752657e74268b5335fa67a0b570f64,2019-02,Merseyside Police,Merseyside Police,-3.020214,53.389351,On or near WILBRAHAM STREET,E01007126,Wirral 016A,Offender given suspended prison sentence
b938b7e050a0a338329e8bd49aa43747041ff3d8e739b1654aae929f6f20930d,2019-02,Merseyside Police,Merseyside Police,-2.946890,53.416221,On or near MARLSFORD STREET,E01006694,Liverpool 030B,Offender given community sentence
a3bc215e3158e841658d66dfac27c85835d73742c9c94ef1ee761c67784936bd,2019-02,Merseyside Police,Merseyside Police,-2.979192,53.401721,On or near BACK SEEL STREET,E01033761,Liverpool 060D,Defendant found not guilty
dd8e5784e81763a75fd3eda94b0c6521de11d57fa892efcccf57b991aa6449d7,2019-02,Merseyside Police,Merseyside Police,-3.010591,53.362070,On or near TOWN LANE,E01007178,Wirral 029E,Offender sent to prison
ef2fba24429a77b57f818bc6613e38ebf0fb9460995215d4789f1c6c688bffe8,2019-02,Merseyside Police,Merseyside Police,-3.070660,53.381484,On or near WERNBROOK CLOSE,E01007163,Wirral 024A,Offender given conditional discharge
bb42d03756cdf0c14f347e461cb6ed5e19727314a14dade35e345f5276fa0233,2019-02,Merseyside Police,Merseyside Police,-3.006039,53.368491,On or near ROCK LANE WEST,E01007289,Wirral 031E,Offender given suspended prison sentence
2cfff2722022567337559679cfa1f3b42fb619e1f2ea978b54e72286a5482c22,2019-02,Merseyside Police,Merseyside Police,-2.988145,53.445963,On or near BALLIOL ROAD,E01006961,Sefton 038B,Offender sent to prison
701ec28da596c6d74094d47bfd4eeae319028d3dd0402d9d06b73330aee7d4c7,2019-02,Merseyside Police,Merseyside Police,-2.860349,53.383599,On or near BELLE VALE ROAD,E01006794,Liverpool 046B,Offender given community sentence
73af79b3b10b017cf8ab7413910caa48ca1b7881143fd2449ffd6e872f4cb247,2019-02,Merseyside Police,Merseyside Police,-3.006854,53.646597,On or near HODGE STREET,E01006968,Sefton 004C,Offender given community sentence
4f5d356f3d1e0a504107b5a5320ae289438eb2a99980c0fa0268be898aa96257,2019-02,Merseyside Police,Merseyside Police,-2.972164,53.401545,On or near Nightclub,E01006513,Liverpool 060A,Offender sent to prison
f53cbc8343865b0a00efacd7975be1566b5c233242b6437cfc66061da3192c45,2019-02,Merseyside Police,Merseyside Police,-2.991993,53.484475,On or near MUSKER DRIVE,E01007089,Sefton 024E,Defendant found not guilty
e38b85e1d64d38f6ac82dd4c615b9629c9ac513a7be1401808511b8bb83b7e38,2019-02,Merseyside Police,Merseyside Police,-2.898224,53.368749,On or near YORKASTER ROAD,E01006681,Liverpool 054D,Offender sent to prison
c7740be98b4b6820d7073c53b03468f1f4687cf86a2821d699ac495c2b197f63,2019-02,Merseyside Police,Merseyside Police,-2.706960,53.458331,On or near BOARDMANS LANE,E01006812,St. Helens 008C,Defendant found not guilty
59c6f38ddd45261ffc67e5f408e128fd9cef7ab0e31a16f075e156174d2030b7,2019-02,Merseyside Police,Merseyside Police,-2.875938,53.429625,On or near ROTHBURY ROAD,E01006638,Liverpool 017B,Offender fined
5e99941c716129ee5d11df3247f88e2278a03816ce0ab3f3f9a73a3e966e0d0c,2019-02,Merseyside Police,Merseyside Police,-2.899837,53.350408,On or near ADAM CLOSE,E01006740,Liverpool 057A,Offender fined
9a7d540c8b25fcd16d23b032f5458ccabd4d7a0b597aec141eab5f594a5b476d,2019-02,Merseyside Police,Merseyside Police,-2.931010,53.437919,On or near LOWERSON ROAD,E01006600,Liverpool 011A,Offender sent to prison
fa9886064f398bc8302d809718fe40be984ce9f63044c671706b8835236ecd74,2019-02,Merseyside Police,Merseyside Police,-2.963615,53.437876,On or near PRIORY ROAD,E01006615,Liverpool 012C,Offender given suspended prison sentence
bdb038be71bb58701a106758367e41a144495244e2166d108e93aaf3be2c8d52,2019-02,Merseyside Police,Merseyside Police,-2.915477,53.487729,On or near DAPPLE HEATH AVENUE,E01007040,Sefton 026B,Offender given suspended prison sentence
1495c047f01d5aab45c004d67a69d253be17c719f3a001893206c36bb86a18b7,2019-02,Merseyside Police,Merseyside Police,-2.943293,53.413417,On or near PARTON STREET,E01006697,Liverpool 030D,Offender sent to prison
f33fb36cf806441edcf9d10d1f742f273173d8a51ee5d9611bea32d556ae5d93,2019-02,Merseyside Police,Merseyside Police,-2.958791,53.392781,On or near ARUNDEL CLOSE,E01006679,Liverpool 039D,Offender given community sentence
b6de5890fa710aefafdeb0ae721538a63c9403b1cbff9279cd10cf9851007f70,2019-02,Merseyside Police,Merseyside Police,-2.654893,53.467033,On or near MOORE DRIVE,E01006840,St. Helens 005C,Offender given absolute discharge
0b0040afed20ed4b73769b55db674d3b88acf7ac4835cbab110d2dbb3e9ada73,2019-02,Merseyside Police,Merseyside Police,-3.029654,53.476390,On or near ST JOHN'S PLACE,E01006958,Sefton 030C,Offender given community sentence
05f04980bbf962508b0080cae8c8d7b388de8e318b1a2c0fbbc4468570633043,2019-02,Merseyside Police,Merseyside Police,-2.979198,53.403924,On or near BACK BOLD STREET,E01033756,Liverpool 061C,Offender given community sentence
3fe391892a9ba0e791c23cf6ef6c7a73723b0c0d325f8fa452ca1de84a34d405,2019-02,Merseyside Police,Merseyside Police,-2.817424,53.428188,On or near LIVERPOOL ROAD,E01006464,Knowsley 007D,Offender given community sentence
41d4d20958baf8f0cf1e839f7d3420c42ebdf76d31c70d7290f19bb78784fc5d,2019-02,Merseyside Police,Merseyside Police,-2.954644,53.425166,On or near SPRING BANK ROAD,E01006547,Liverpool 019C,Offender given community sentence
f333ab8398c1c09809bdda32ba5f59f1a5b0b4dfffb1879d07d185102b6f0e96,2019-02,Merseyside Police,Merseyside Police,-3.030218,53.380806,On or near HARROWBY ROAD,E01007179,Wirral 021C,Offender fined
fe9be4880eb266f7122e8617fe0e8a5a374023d069054dba5d799d102cc8d91a,2019-02,Merseyside Police,Merseyside Police,-3.004478,53.640181,On or near BENTHAM STREET,E01006998,Sefton 007E,Defendant found not guilty
6c307461e40e2d6f8b299f582c2cfc897639f5e31e66728d7523696cc1a45a36,2019-02,Merseyside Police,Merseyside Police,-2.965781,53.403287,On or near OXFORD STREET,E01006512,Liverpool 031A,Offender given conditional discharge
00c4ef5153b019a603e004227fd2a96efb5c703d5cdac2c45309837389760f87,2019-02,Merseyside Police,Merseyside Police,-2.740560,53.453139,On or near CLOCKTOWER STREET,E01006832,St. Helens 012A,Offender otherwise dealt with
0af62695abfb8d60797c904f1960426a9350efd29d4d186c6d9c6e801063563b,2019-02,Merseyside Police,Merseyside Police,-2.930942,53.466486,On or near Hospital,E01006659,Liverpool 005B,Offender sent to prison
f93f5fec0e283ae04a6523ce718a7c7fe0e173c35cb592dd42e48a5007204b44,2019-02,Merseyside Police,Merseyside Police,-2.987472,53.411775,On or near PICKOP STREET,E01033762,Liverpool 060E,Offender given conditional discharge
1212aee6712f458ccf248802743ab5aa1d029c49907a7e400752c359d8e67ad4,2019-02,Merseyside Police,Merseyside Police,-2.930641,53.396950,On or near LIBERTY STREET,E01006721,Liverpool 038C,Offender fined
f4d5b500da80f00c8f65b602a2a1629eaf8a1de00374ccfcdbf3a453b350613e,2019-02,Merseyside Police,Merseyside Police,-3.029300,53.390154,On or near Parking Area,E01007128,Wirral 016C,Offender given community sentence
9f319da616a1b96675ac8ba965082420cd8b8653cbb31abd4b2e69a13f5c0a99,2019-02,Merseyside Police,Merseyside Police,-2.983495,53.405686,On or near Shopping Area,E01033760,Liverpool 060C,Offender given community sentence
56b346ec88cb2b11ce3e0521f5074f3f2109e663d6887ac445b4ddeea0f6279c,2019-02,Merseyside Police,Merseyside Police,-3.043368,53.401537,On or near CORPORATION ROAD,E01032903,Wirral 010F,Offender fined
e9e72cbd544d0d603fcc1ff1030bc5fa7a6f00640ee52be07d6d1eede626a78a,2019-02,Merseyside Police,Merseyside Police,-2.979959,53.404996,On or near RANELAGH STREET,E01033756,Liverpool 061C,Offender sent to prison
31656589afee175a496bff30e674e57922a93ee6746e74422af28e45c24fd032,2019-02,Merseyside Police,Merseyside Police,-2.939270,53.398150,On or near CRANBORNE ROAD,E01006720,Liverpool 035A,Offender deprived of property
437595ba44e3e34338d64c4c5dc903dca4f3a018a2cf3cc78f03a2406f587968,2019-02,Merseyside Police,Merseyside Police,-2.841396,53.355653,On or near HARLYN CLOSE,E01006432,Knowsley 020E,Offender given community sentence
99066273deff6998d7ee8786e5da6422acb83189e1e103a91d99286e7421b561,2019-02,Merseyside Police,Merseyside Police,-3.115011,53.326828,On or near CROFTSWAY,E01007187,Wirral 040B,Defendant found not guilty
d3aecfd9a4f1c23149761abfa81542957ef43555cb07c7a1de2172a9e5b3b8a1,2019-02,Merseyside Police,Merseyside Police,-2.990657,53.442652,On or near WADHAM ROAD,E01007010,Sefton 037E,Offender given conditional discharge
8b1d915f05249a82dde9ac089db9bc1b739bc0d5969d74e6a46124a3be749ad7,2019-02,Merseyside Police,Merseyside Police,-2.947173,53.409324,On or near WRENBURY STREET,E01006691,Liverpool 030A,Offender given conditional discharge
ae35a7558cabdd29de1ee2cc35fcc1786707ede3edde07ccff9dd9f9868e6d43,2019-02,Merseyside Police,Merseyside Police,-2.977301,53.410420,On or near ISLINGTON,E01033760,Liverpool 060C,Offender given suspended prison sentence
29f3bc36aae23a30287adeab99bb875908d57dddbade8759c4b6f91a77192365,2019-02,Merseyside Police,Merseyside Police,-2.978842,53.422498,On or near Parking Area,E01033764,Liverpool 022E,Offender fined
6f41ec0253a3680a427301a644cd0b4b468ed5bfab416c0262955bbe858a39d8,2019-02,Merseyside Police,Merseyside Police,-2.968771,53.390579,On or near PICKWICK STREET,E01006518,Liverpool 044A,Offender given community sentence
2b97d77e42643fd955f89c07ae6a7a09b9086e0a0058e57bea317ea473e79f95,2019-02,Merseyside Police,Merseyside Police,-2.976450,53.400836,On or near Nightclub,E01006513,Liverpool 060A,Offender sent to prison
c4c0326926d0490791e997d30e9453e82c4e4b7c8445a19e410538e6320c3fb9,2019-02,Merseyside Police,Merseyside Police,-2.968308,53.443681,On or near MANDEVILLE STREET,E01006610,Liverpool 009C,Offender given suspended prison sentence
e2a1ba4182246c2fcbfbc8d8db754bcaf12d710abae275b7fab311d7057e2c05,2019-02,Merseyside Police,Merseyside Police,-2.978382,53.422106,On or near GREAT HOMER STREET,E01006648,Liverpool 023D,Offender sent to prison
bf02d4ba49665a9e331e895fa163e84a98c96b5c203dbabe0779c13d98232f1c,2019-02,Merseyside Police,Merseyside Police,-2.982670,53.409037,On or near VICTORIA STREET,E01033760,Liverpool 060C,Offender given community sentence
70b75da50db6fbe50ce2cd131130928936723ff8429902e39777576708605717,2019-02,Merseyside Police,Merseyside Police,-3.019985,53.394881,On or near ATHOL STREET,E01007126,Wirral 016A,Offender sent to prison
2eb76610d616eac171e5c7a404c6a6e75f3cd07b48583a8fb25cbee66d23f8d6,2019-02,Merseyside Police,Merseyside Police,-2.975672,53.409562,On or near WILDE STREET,E01033758,Liverpool 060B,Offender sent to prison
c42ccf6b2cb5b8b4a80f054dee309a44e5756fd8e28686fe1758f1ea57e63327,2019-02,Merseyside Police,Merseyside Police,-2.932204,53.397567,On or near BARTLETT STREET,E01006721,Liverpool 038C,Court case unable to proceed
e234fa74744a7c434e8b4fdaed7266d30f866416735778fb9e0b5fb0fd396f46,2019-02,Merseyside Police,Merseyside Police,-3.008369,53.647951,On or near WEST STREET,E01006968,Sefton 004C,Offender fined
56e210953fc0ffbf75803a2d39e16b89d4148683a80f296d89bb8bd1b212a2c5,2019-02,Merseyside Police,Merseyside Police,-2.733210,53.451279,On or near Parking Area,E01006832,St. Helens 012A,Offender sent to prison
46397548e90d821b23ee69f945ae15061dba9ad4a0e30b4baa24a0a14f693998,2019-02,Merseyside Police,Merseyside Police,-3.061052,53.556539,On or near Supermarket,E01007081,Sefton 014D,Defendant found not guilty
231c0822ea6f4b2e947560da6e8e0bbe9a1dfc7729ee8059ea05fe6736b9d030,2019-02,Merseyside Police,Merseyside Police,-2.932467,53.397242,On or near BANNER STREET,E01006721,Liverpool 038C,Offender fined
7177b06e9ed8f33dcb67996367b32fad6d02c41cb229b1f96c955206d3546976,2019-02,Merseyside Police,Merseyside Police,-3.030198,53.381247,On or near ELMSWOOD ROAD,E01007179,Wirral 021C,Offender given community sentence
056749197f388cbca0d0ea7844ff60e9abf834f952468b90e348e39d62fb8b9a,2019-02,Merseyside Police,Merseyside Police,-3.021054,53.413128,On or near SHIRLEY STREET,E01007274,Wirral 008C,Court case unable to proceed
043ced37ce1745d526c5847f80c7920005fb9f00c72a5026b51f83b2aad542c1,2019-02,Merseyside Police,Merseyside Police,-3.013357,53.645266,On or near Supermarket,E01006968,Sefton 004C,Offender fined
0e6c88f5ca9e199d274fcd9cf2e3ac0ed07b2b917957ec4164252dabeefae40a,2019-02,Merseyside Police,Merseyside Police,-2.952714,53.397396,On or near EMBLEDON STREET,E01006679,Liverpool 039D,Offender given suspended prison sentence
2507e35e6a0a3ee49c3d7c87a5562dde34c720dd9bb2f80c22d33d5d201c356c,2019-02,Merseyside Police,Merseyside Police,-2.964442,53.389320,On or near MODRED STREET,E01006676,Liverpool 044D,Offender fined
59952d7df94010f67865b7a3af39b68a8beae7dc5f665394afc0f42379c72898,2019-02,Merseyside Police,Merseyside Police,-2.948738,53.416098,On or near MILLVALE STREET,E01006694,Liverpool 030B,Offender given community sentence
96b987ad76916a7fc002a934431f875219871636048546102c2484ed57ff6002,2019-02,Merseyside Police,Merseyside Police,-2.987117,53.404218,On or near Bus/Coach Station,E01033756,Liverpool 061C,Offender given community sentence
79a6fd6002bcfb15215efaa78744ab5075bc762307bc218e5fb5338c241dfc90,2019-02,Merseyside Police,Merseyside Police,-2.825160,53.398697,On or near HAWKE GREEN,E01006424,Knowsley 017B,Defendant found not guilty
ac8331d6212e6bac96127c895806a8627766f8529040c5cfb04d8936d70e9d57,2019-02,Merseyside Police,Merseyside Police,-3.044867,53.420365,On or near LISCARD VILLAGE,E01007217,Wirral 007D,Offender sent to prison
5129b31b2f16023017ff176e5b777bd810d0db46b9170633b4b6d9cea32bc2be,2019-02,Merseyside Police,Merseyside Police,-2.990985,53.447665,On or near ST ALBAN'S ROAD,E01007009,Sefton 037D,Offender fined
f38a0e81c425dc3a6c2b9cdfedb98bce2b54ae7aba10856b0e40c9c81f46cbe6,2019-02,Merseyside Police,Merseyside Police,-3.015414,53.364564,On or near KING'S LANE,E01007178,Wirral 029E,Offender given suspended prison sentence
661454a5b3455c266f519e5415b0d1054d1176ce846355c0dd54ee3fd815eddd,2019-02,Merseyside Police,Merseyside Police,-2.935364,53.440159,On or near BRAYFIELD ROAD,E01006603,Liverpool 011B,Offender given community sentence
3fe391892a9ba0e791c23cf6ef6c7a73723b0c0d325f8fa452ca1de84a34d405,2019-02,Merseyside Police,Merseyside Police,-2.817424,53.428188,On or near LIVERPOOL ROAD,E01006464,Knowsley 007D,Offender given community sentence
74f040283cbe29675bcae7f776e59e4516b2ba51c2de36a5458bb56e1cbbbd14,2019-02,Merseyside Police,Merseyside Police,-3.180507,53.390453,On or near A540,E01007193,Wirral 014A,Offender fined
577bc873542e5a774f8284c63a1d0672d2902d1406b4881db8aae0576102e876,2019-02,Merseyside Police,Merseyside Police,-3.014660,53.374602,On or near Supermarket,E01007293,Wirral 027C,Offender fined
493a8cdae4997a3a92d75263995573e53d608c7bb084212ecbd5f80bddc77676,2019-02,Merseyside Police,Merseyside Police,-2.773828,53.438366,On or near SEASCALE AVENUE,E01006829,St. Helens 018D,Offender fined
ac361b1dffec81f61465144124084a1309868bc13f979f6a2abe6b0849046897,2019-02,Merseyside Police,Merseyside Police,-3.015565,53.387979,On or near TUNNEL ROAD,E01007291,Wirral 021D,Offender given community sentence
a2d363a060b96cf20e5671c2342883732f1dea71b6c6daf8ebb2f5e121e58f11,2019-02,Merseyside Police,Merseyside Police,-2.969329,53.395258,On or near HAMPTON STREET,E01006673,Liverpool 037D,Defendant found not guilty
ee968084fefc1b35b57d187c5026ae635aa014eafa093ca9406b89300ae18327,2019-02,Merseyside Police,Merseyside Police,-2.912556,53.412740,On or near BROAD GREEN ROAD,E01032508,Liverpool 027G,Offender fined
7f109547ba1f825d6eb8e51fe9078e759e89ffd0663268131846628685c1e4d8,2019-02,Merseyside Police,Merseyside Police,-3.021781,53.412727,On or near LEOPOLD STREET,E01007274,Wirral 008C,Offender sent to prison
5caa0c1dc3598204cb86bd600ec742d53b77bfb2f3d39e7e96fa312d4340e31e,2019-02,Merseyside Police,Merseyside Police,-3.009936,53.460756,On or near BELLINI CLOSE,E01007005,Sefton 034B,Offender given suspended prison sentence
7d0933214a4a3db0952ec61a58000c0cbc6cdbd21b0f07d0e8db7bd4c6feecba,2019-02,Merseyside Police,Merseyside Police,-2.985464,53.402353,On or near DUKE STREET LANE,E01033754,Liverpool 061B,Offender given community sentence
9650527c355665b430bfb34abe5442061acf97556c8ab7c7aae5befe71f11071,2019-02,Merseyside Police,Merseyside Police,-3.004478,53.640181,On or near BENTHAM STREET,E01006998,Sefton 007E,Offender fined
9792d570cc6f4534d7e1f3d32228af96dc02ae9f82b61fc845569649077f8376,2019-02,Merseyside Police,Merseyside Police,-3.009464,53.462441,On or near ROSSINI STREET,E01007004,Sefton 034A,Defendant found not guilty
0d581828811b63c2f483f0f019cceab399cdac8829e7d2d862e15c378825d549,2019-02,Merseyside Police,Merseyside Police,-2.987595,53.406057,On or near Nightclub,E01033760,Liverpool 060C,Offender fined
63c228d3828b7b92fb36f1e3a176810e1ce92976de62aaaf8cc2885669687790,2019-02,Merseyside Police,Merseyside Police,-2.861174,53.419252,On or near GREEN WAY CLOSE,E01006450,Knowsley 012B,Offender given community sentence
179126bb06787b4b0dcf4d2b9254fcd391049ef002a76d1111c3a841eed0fb7d,2019-02,Merseyside Police,Merseyside Police,-2.988635,53.410687,On or near Further/Higher Educational Building,E01033762,Liverpool 060E,Offender given conditional discharge
dc9824151ae6383313886311872de91b5e84c467719ffc079354b266b2c7cd10,2019-02,Merseyside Police,Merseyside Police,-2.893366,53.347733,On or near DURHAM STREET,E01006738,Liverpool 058A,Defendant found not guilty
4472ce7b2f7e30578626c5ff45691be16f41f7d67529954e6ee5d5764378218d,2019-02,Merseyside Police,Merseyside Police,-2.984605,53.403601,On or near Parking Area,E01033756,Liverpool 061C,Offender given community sentence
5a5434350c195820ea30c26e2a52170c68a267f429fc9c345d2e9969a65a45a1,2019-02,Merseyside Police,Merseyside Police,-2.982670,53.409037,On or near VICTORIA STREET,E01033760,Liverpool 060C,Offender given suspended prison sentence
0e7d6192a248d1978a089030522cd6c1a9be030bf91183b672f331ddbd9a6d72,2019-02,Merseyside Police,Merseyside Police,-2.898741,53.349023,On or near VULCAN CLOSE,E01006740,Liverpool 057A,Court case unable to proceed
04a9efa6a8e65549b5d95581b620ad52ce19b2d325faa9ec1164f9543e5417b1,2019-02,Merseyside Police,Merseyside Police,-2.967445,53.399067,On or near ST BRIDE STREET,E01006514,Liverpool 037A,Offender sent to prison
bf0c1d91b74742cdc86ce1c018631f54ef58e76cc941c31800ca341ec976beeb,2019-02,Merseyside Police,Merseyside Police,-2.988220,53.401872,On or near CANNING PLACE,E01033756,Liverpool 061C,Offender fined
18cddcb4da33034436c11dec4db0e563632b0287e81afd3b5ff7c58e8b5fe604,2019-02,Merseyside Police,Merseyside Police,-2.975487,53.400170,On or near BACK KNIGHT STREET,E01006513,Liverpool 060A,Offender fined
82c9a28a021fa5cbfe09a65e172cf7de6ebfcb9969f92b67f316dfc3d069e6ff,2019-02,Merseyside Police,Merseyside Police,-2.695585,53.451639,On or near Supermarket,E01006817,St. Helens 017B,Offender sent to prison
dce64a7f62497487b2b231dffb1fab7ded10f9fd246ffc4e25ff7472f3f47424,2019-02,Merseyside Police,Merseyside Police,-2.950328,53.425326,On or near Sports/Recreation Area,E01006548,Liverpool 019D,Defendant found not guilty
709280db271d1cb224aa01707d500df40449dd72b420631d6be096e249b75622,2019-02,Merseyside Police,Merseyside Police,-2.917715,53.400116,On or near SOUTH DRIVE,E01006586,Liverpool 032C,Offender given community sentence
39cbe9ee9d5aa250d2d21c7df35f60fd0cfce8cb7b828c6150b63bf53c077d58,2019-02,Merseyside Police,Merseyside Police,-2.742870,53.456055,On or near DUKE STREET,E01006877,St. Helens 012C,Offender given suspended prison sentence
579f53fb589f70691173f7fccb6573cb40f4ad910aec5dbd9b6d61bd53cb5107,2019-02,Merseyside Police,Merseyside Police,-3.090321,53.416624,On or near DRAKE ROAD,E01007204,Wirral 009A,Offender sent to prison
13d8dc221b005ed056084b7874fb593f75114f5cee66570ecddf65c71e508a74,2019-02,Merseyside Police,Merseyside Police,-3.030198,53.381247,On or near ELMSWOOD ROAD,E01007179,Wirral 021C,Court case unable to proceed
dda778f162384e24c2328268e618d3424cb402ce26ae58a4445b995651c21251,2019-02,Merseyside Police,Merseyside Police,-2.759057,53.449167,On or near CONSTANCE STREET,E01006833,St. Helens 016B,Court case unable to proceed
4bb41a3c1db77434c557520518bdf19eb2b0a635bae4bf1cc7dc76bb0e72deed,2019-02,Merseyside Police,Merseyside Police,-2.739002,53.454488,On or near WILLIAM STREET,E01006877,St. Helens 012C,Offender given community sentence
6cd8c965b38e17c8e42c76970d9447d25ab91a5c0f25289cda98482d964847cd,2019-02,Merseyside Police,Merseyside Police,-3.030562,53.421200,On or near RUDGRAVE SQUARE,E01007215,Wirral 005A,Court case unable to proceed
241baf473201c2f9bf072906bef848c89f5b778624caff1813dca5005476e32e,2019-02,Merseyside Police,Merseyside Police,-3.122160,53.397820,On or near ELY AVENUE,E01007221,Wirral 012B,Offender sent to prison
7e945c2910fe0219f9d03a8b024164f45d0eeb992d0823bdc40eb1278354b95b,2019-02,Merseyside Police,Merseyside Police,-2.936129,53.442067,On or near LAMBOURNE ROAD,E01006732,Liverpool 011E,Offender given suspended prison sentence
df28ab24c7270a52d34b487c8d7d78a2d93c2e3ed35566865a56a5c7d1f16fd0,2019-02,Merseyside Police,Merseyside Police,-2.947223,53.422393,On or near SUNLIGHT STREET,E01006540,Liverpool 024A,Offender sent to prison
7dd9e384a21139c8a99b237e1f4606d2f8866b3edb9530eabe0f9858b51b2b7b,2019-02,Merseyside Police,Merseyside Police,-3.178149,53.393290,On or near EVANS ROAD,E01007193,Wirral 014A,Offender given suspended prison sentence
3f5c42f6e5190cf9f7a828f1f2fb94acdc48439571f243914002cde4cc26042d,2019-02,Merseyside Police,Merseyside Police,-3.001012,53.654808,On or near IRVING STREET,E01006950,Sefton 004B,Offender given community sentence
bd7cc1a91aa7fb267c6e3141cc64327a1788377c3fc5020c1eee8392ab36c742,2019-02,Merseyside Police,Merseyside Police,-2.847594,53.366665,On or near PEMBREY WAY,E01006430,Knowsley 018C,Offender given suspended prison sentence
e4a6ad3670f01564e31d238c61ec73b05973022cf26e02106b96a57d7861d1eb,2019-02,Merseyside Police,Merseyside Police,-2.838808,53.341684,On or near NORTH PARADE,E01006755,Liverpool 059C,Offender sent to prison
1e21b32bf3c4cb08afaaa7fdf59bc8e41547a7b72eafe4fd717019421d1831da,2019-02,Merseyside Police,Merseyside Police,-2.646901,53.455571,On or near HEATHER BRAE,E01006869,St. Helens 010D,Offender sent to prison
4ad47435cb38091743aa71d767a11181413a5d67e3995870154a26b519778256,2019-02,Merseyside Police,Merseyside Police,-3.046751,53.384357,On or near LORNE ROAD,E01007240,Wirral 020C,Offender sent to prison
f5554d68db445ec46d0002c308e91247dadc7c24b8ff8e228ca46f4fb9a12e0d,2019-02,Merseyside Police,Merseyside Police,-3.034007,53.388288,On or near WARWICK CLOSE,E01007128,Wirral 016C,Offender given community sentence
882e22b1445e482dbd1ebaa6d911517b60c3f6e4dc32258d04482e483b6e0eed,2019-02,Merseyside Police,Merseyside Police,-2.852506,53.451512,On or near WILTONS DRIVE,E01006439,Knowsley 005F,Offender given community sentence
e9e31e6d7d825cac6c85547ea86706468be0a4123dfb77586770670d2855f815,2019-02,Merseyside Police,Merseyside Police,-2.930071,53.441126,On or near BRIDGEWAY,E01006603,Liverpool 011B,Offender sent to prison
905203d86e21f681e25bf9198559328c8c09605df875da09161979c34fd20b8a,2019-02,Merseyside Police,Merseyside Police,-2.733815,53.453208,On or near BICKERSTAFFE STREET,E01006872,St. Helens 014C,Offender fined
a69a049aeeb9484a3bac898351f20845d571ca50bb963af455f5ae358f4a797f,2019-02,Merseyside Police,Merseyside Police,-2.978384,53.413710,On or near Police Station,E01006648,Liverpool 023D,Offender fined
efef11ee54f2fbfca04f9da00835808b0dc8be7d48fbcd5e4f937c125566fc8c,2019-02,Merseyside Police,Merseyside Police,-2.980826,53.402122,On or near SLATER PLACE,E01033761,Liverpool 060D,Offender fined
5d23d34ef55797f182964e1199fd23084c4bb60d5790778205d125d1c392526a,2019-02,Merseyside Police,Merseyside Police,-2.969045,53.414542,On or near SHAW STREET,E01006646,Liverpool 023C,Offender fined
17f7c1d7868716ceb37c65a72087a2abc60ba0ae78ed1daef5ddc7503af7fd01,2019-02,Merseyside Police,Merseyside Police,-3.032824,53.604938,On or near BRADSHAW'S LANE,E01006927,Sefton 011D,Defendant found not guilty
64b297159dd15529c5dcc0cd3a869867ffb239664c724e2a88f63a20933caca1,2019-02,Merseyside Police,Merseyside Police,-2.853068,53.430744,On or near STOCKBRIDGE LANE,E01006441,Knowsley 006D,Offender sent to prison
168076374369d20c33a9019e0b73588024edddc1e996c5d911abb2a1faed0146,2019-02,Merseyside Police,Merseyside Police,-3.039316,53.387730,On or near GRANGE MOUNT,E01007155,Wirral 020A,Offender given community sentence
54bef0845b7ef6971a7644cff8a6b822f26e7935b8fa7ae472e7d9a4227707a3,2019-02,Merseyside Police,Merseyside Police,-2.997564,53.645884,On or near Parking Area,E01006969,Sefton 004D,Offender given community sentence
ee57868a560c5d346ac23eb57c72fdfdda69d992b6af29937b732243c4afa1a2,2019-02,Merseyside Police,Merseyside Police,-2.996613,53.453335,On or near CAPRICORN WAY,E01007007,Sefton 037B,Offender given conditional discharge
a0a39df31e7b3f92460af7e44e47657b033e62c2fe8d90400b9528da265d3f10,2019-02,Merseyside Police,Merseyside Police,-3.060117,53.404922,On or near PATRICIA AVENUE,E01007121,Wirral 011B,Offender fined
7264e018be62667afc6dbea5d95fd1b6a5132e75302b86ca7080bfdc8661a837,2019-02,Merseyside Police,Merseyside Police,-2.899352,53.408705,On or near NORVILLE ROAD,E01006584,Liverpool 034E,Offender sent to prison
4c3fd34ee182329e9b475ebb55c21414e3f5b1dc1aa5a124f972d4faf5f46054,2019-02,Merseyside Police,Merseyside Police,-2.961353,53.426352,On or near ST DOMINGO GROVE,E01006562,Liverpool 018E,Offender given community sentence
179a9d88f765521396c26b202127c91222026738bb95cfea0b7943b4882d02ad,2019-02,Merseyside Police,Merseyside Police,-3.027777,53.354363,On or near VILLAGE ROAD,E01007116,Wirral 032E,Offender fined
a4e9ee4765fb58b9600c4fa57207a1af3eec39a0f488e1741db40c77b9e00111,2019-02,Merseyside Police,Merseyside Police,-2.996802,53.463959,On or near BOWDEN STREET,E01007017,Sefton 034E,Offender sent to prison
74799bd2d47a55988c12de5d0742a79e19be7163059e0476d3279fea7795ce58,2019-02,Merseyside Police,Merseyside Police,-2.960896,53.430796,On or near Sports/Recreation Area,E01006542,Liverpool 018A,Offender given community sentence
a6df1aee7d4641caa57448aea8fb6b2f2cbb822824268f891787ffd45aabdcb8,2019-02,Merseyside Police,Merseyside Police,-2.916126,53.443014,On or near BRANTHWAITE CRESCENT,E01006599,Liverpool 010B,Offender fined
efb8c53d89e7f100010cfa1907d1d31bafd489fa4ea00564b928e5b5bac3c48b,2019-02,Merseyside Police,Merseyside Police,-3.023076,53.383933,On or near PEARSON ROAD,E01007291,Wirral 021D,Offender given community sentence
76daec92a8b68b05ba432399abb32293803a5b66b5d40a06c5fdfebe9b20b445,2019-02,Merseyside Police,Merseyside Police,-2.996613,53.453335,On or near CAPRICORN WAY,E01007007,Sefton 037B,Offender sent to prison
a57e9bc2a34c123567591ba65986f6a703f0944393808f798215120486ded59e,2019-02,Merseyside Police,Merseyside Police,-2.841069,53.411485,On or near Parking Area,E01006474,Knowsley 016C,Offender sent to prison
94247f0d6fa212e6d5f8db66f58bd6384205bccf9747db18326d17cea35997a1,2019-02,Merseyside Police,Merseyside Police,-2.980707,53.487148,On or near ST DAMIAN'S CROFT,E01007086,Sefton 023C,Offender fined
26cd83f27561a8a176cb9762ce636b6af824ca8d55e1190ae9f663eb1276aecb,2019-02,Merseyside Police,Merseyside Police,-2.939450,53.417250,On or near HAMPSTEAD ROAD,E01006759,Liverpool 028D,Offender sent to prison
1d37cd456a4e949d183835b5fc98891e8a4371ae0df2049b4235466c8d05ec04,2019-02,Merseyside Police,Merseyside Police,-2.994433,53.413506,On or near LANYORK ROAD,E01033751,Liverpool 062A,Offender ordered to pay compensation
4a1988b8b81881ce7670431c0e260bd7eec17ad3e014370060d90061447c142a,2019-02,Merseyside Police,Merseyside Police,-2.701715,53.438003,On or near MARSLAND GROVE,E01006844,St. Helens 020A,Offender sent to prison
a7bf775ce52a498b64718e65f1210d99cac405dc58e840ee9f8278f65d6f169a,2019-02,Merseyside Police,Merseyside Police,-2.934812,53.430105,On or near FORFAR ROAD,E01006763,Liverpool 020C,Offender fined
0145fc394ec5355c6e9db30670a0005ce32bed0709d38c085b6e7263d06c53fb,2019-02,Merseyside Police,Merseyside Police,-2.962220,53.454067,On or near RICE LANE,E01006791,Liverpool 006D,Offender given community sentence
52ae20103b0153a4885f2e1447c36205fbc5a411a73dcabde6116df65dd33c73,2019-02,Merseyside Police,Merseyside Police,-2.729515,53.449234,On or near LINKWAY EAST,E01006912,St. Helens 019G,Offender given suspended prison sentence
dcad6a8c9a6231f0c579b0647f9598c0a0440132281b5a946e8c979e31d0578a,2019-02,Merseyside Police,Merseyside Police,-2.976535,53.340196,On or near Supermarket,E01007135,Wirral 039A,Court case unable to proceed
51ec9a794af3064a00c3d88ac15709856b9f26172ea0a8f231127866de63a6de,2019-02,Merseyside Police,Merseyside Police,-2.981075,53.405122,On or near Shopping Area,E01033760,Liverpool 060C,Offender given community sentence
67d6e0c1017de030b4ca6976b0ccd222b8391620087681a98d50dbbf3e274dfc,2019-02,Merseyside Police,Merseyside Police,-3.050328,53.424560,On or near Supermarket,E01007314,Wirral 004E,Offender sent to prison
b3deb8401bbe03f13a1278dbd0ffd71e4a253cede94606ca56fe4216b1e88a34,2019-02,Merseyside Police,Merseyside Police,-3.004584,53.645915,On or near Shopping Area,E01006968,Sefton 004C,Defendant found not guilty
31ed51042991f3a03da2b34641b4c5fcf0305b3b527c090f77fd8c562013bf98,2019-02,Merseyside Police,Merseyside Police,-2.988735,53.405247,On or near LORD STREET,E01033756,Liverpool 061C,Offender given community sentence
739f0d590eef23409b55d3b51eaab5fd7e24f126d41c300e31b6f6644023d212,2019-02,Merseyside Police,Merseyside Police,-2.886020,53.419411,On or near Supermarket,E01006571,Liverpool 026D,Offender given community sentence
dc2e2b8b7110121f60863030b6dab97f65eeb19dc8e20f53826ed782594a5494,2019-02,Merseyside Police,Merseyside Police,-2.927093,53.441248,On or near Supermarket,E01033759,Liverpool 010F,Offender sent to prison
16cb43c902a4d2a400e72d71e65e5545a706858f7fe2569b298194b84598ed78,2019-02,Merseyside Police,Merseyside Police,-2.992998,53.442300,On or near KING'S ROAD,E01007010,Sefton 037E,Offender sent to prison
6b3e47c4c37be2aa208834ffc92f3a8a03201b60f32dfa2e388c573cdd3f186a,2019-02,Merseyside Police,Merseyside Police,-2.990992,53.460268,On or near BECK ROAD,E01007012,Sefton 036D,Defendant found not guilty
8318a02da3df540cf5c1470c3cd398dc6e262c2c45bb3ec508abe97156b816ac,2019-02,Merseyside Police,Merseyside Police,-2.984289,53.455703,On or near RUTLAND STREET,E01006966,Sefton 038F,Offender sent to prison
8bb8ffd9bcd5ed03b6e890550461dd61b99d1217ea1f57702d43c37d911c22c7,2019-02,Merseyside Police,Merseyside Police,-3.130807,53.400606,On or near MILLHOUSE LANE,E01007222,Wirral 013C,Defendant sent to Crown Court
81a13235a82e1a5b665d6c08df265d7e63cda4cc0c1fa4234710356369939181,2019-02,Merseyside Police,Merseyside Police,-2.964305,53.384584,On or near PARK ROAD,E01006632,Liverpool 044C,Offender given community sentence
3f55ad01ddde8cb4bea10bbf4240f76ca1257b78b81292ce965172ebd9133e1c,2019-02,Merseyside Police,Merseyside Police,-2.689552,53.419458,On or near HALL LANE,E01006898,St. Helens 022A,Defendant found not guilty
2dd707559be61cad72fc302ec4a12d3792d75ab26a6d0b346e218d35d75af962,2019-02,Merseyside Police,Merseyside Police,-2.966867,53.451153,On or near Hospital,E01006791,Liverpool 006D,Offender sent to prison
88e720a62832a35fa79b1667efb988486cf1a0b8adf6e39f4945a53bf6f906ad,2019-02,Merseyside Police,Merseyside Police,-2.749205,53.457463,On or near HARRIS STREET,E01006876,St. Helens 016D,Offender fined
64748a34a0652892211085907f51cea3c19f4f6e930e8176ce3b8e76e283292f,2019-02,Merseyside Police,Merseyside Police,-3.014348,53.634211,On or near Pedestrian Subway,E01006972,Sefton 009D,Offender sent to prison
92aa160500bff0e83beda75c564e5dfcfe725f3a0f9e1deef98ec5882cea85bd,2019-02,Merseyside Police,Merseyside Police,-3.039060,53.373493,On or near ROSEBERY GROVE,E01007181,Wirral 022B,Offender fined
180eb5ee0a8c50bfd9f129c89ab509889513bdcf4d9a97cba4d68ac6ee691a95,2019-02,Merseyside Police,Merseyside Police,-2.955687,53.397211,On or near BIRT CLOSE,E01006679,Liverpool 039D,Offender fined
1e7a071b6e9d3fbe2390b56ba5bd0f93901c28637ba5af38b8952812f5181209,2019-02,Merseyside Police,Merseyside Police,-2.894880,53.371965,On or near MOORCROFT ROAD,E01006532,Liverpool 047A,Offender sent to prison
8207dc8be98000d3c5e89670e00f5e970ff0a10d8e53d9a0c7d6b33bf9ab0342,2019-02,Merseyside Police,Merseyside Police,-3.070531,53.554090,On or near Parking Area,E01007081,Sefton 014D,Offender given community sentence
5ca4c079f06a229bb9c4645b647bd7133b6c3d26316c752903ad71fcc7878d98,2019-02,Merseyside Police,Merseyside Police,-2.955665,53.416348,On or near Pedestrian Subway,E01006694,Liverpool 030B,Offender fined
180eb5ee0a8c50bfd9f129c89ab509889513bdcf4d9a97cba4d68ac6ee691a95,2019-02,Merseyside Police,Merseyside Police,-2.955687,53.397211,On or near BIRT CLOSE,E01006679,Liverpool 039D,Offender deprived of property
d6c0caaba3dae908387d180eaa0f5d1342b0487c2d0120c6815e089915aa8601,2019-02,Merseyside Police,Merseyside Police,-2.983077,53.404521,On or near OLD POST OFFICE PLACE,E01033756,Liverpool 061C,Offender fined
4269e1b7efc284992c3aacd0ab204567df009c8f10edc2082a2f6aacd254ad6a,2019-02,Merseyside Police,Merseyside Police,-2.961345,53.454038,On or near PARKINSON ROAD,E01006791,Liverpool 006D,Offender given community sentence
239f5c9c3deb4e2b0d867163dc84f559e513019b105303470c74641b922dbea0,2019-02,Merseyside Police,Merseyside Police,-2.758993,53.434597,On or near NUT STREET,E01006906,St. Helens 019E,Offender sent to prison
ce2fee35a10411c612a0cd5f21282206d4c967c70657717e349bbc8f62ad4301,2019-02,Merseyside Police,Merseyside Police,-2.897966,53.415025,On or near Supermarket,E01006567,Liverpool 026A,Offender sent to prison
1d4384374724801aa5bb0eab6f45c8c7bc98c45b74deb1fcd116d122ca44769c,2019-02,Merseyside Police,Merseyside Police,-2.968535,53.446366,On or near ELTON STREET,E01006705,Liverpool 009E,Offender sent to prison
b1c3937b2581c8405e956d4157c7d0c11bca4711e743bfae4003ea1af940f0eb,2019-02,Merseyside Police,Merseyside Police,-2.892419,53.392999,On or near TAGGART AVENUE,E01006581,Liverpool 036C,Defendant found not guilty
268605b37a47e17674f0b7cc549f7c5df11dff9116b79eceda92a506e7de3d0b,2019-02,Merseyside Police,Merseyside Police,-2.927956,53.399353,On or near COLVILLE STREET,E01006721,Liverpool 038C,Offender given community sentence
568842f96a9f4c334af40c26bba8147e33623b02b627cbdff8d6506a15ce3104,2019-02,Merseyside Police,Merseyside Police,-2.837105,53.355979,On or near LAKENHEATH ROAD,E01006432,Knowsley 020E,Offender given community sentence
b31577da6047c4181988b26a52c32c43c50a1c84ee1044e88d6e5b962c3db7cf,2019-02,Merseyside Police,Merseyside Police,-2.897796,53.421238,On or near Hospital,E01006570,Liverpool 026C,Offender given conditional discharge
5dd29b9f46434685e83c8459071466178436655abc87027b9a9ac777ffcb5d37,2019-02,Merseyside Police,Merseyside Police,-2.986885,53.448805,On or near MERTON ROAD,E01006967,Sefton 037A,Offender given community sentence
3b258c22b91b981bc70d04c1f3365a3ca136b66fc28defffc2e89689180ac4e7,2019-02,Merseyside Police,Merseyside Police,-3.183775,53.391724,On or near THE KING'S GAP,E01007193,Wirral 014A,Offender fined
9254d75258c0582d5b3581f6c8da7e23a823583129e2a2bfce49cea190d4a273,2019-02,Merseyside Police,Merseyside Police,-2.964177,53.310336,On or near CROSTHWAITE AVENUE,E01007169,Wirral 042E,Offender given suspended prison sentence
ad77ebdba27e7586297cea6b51b7a044e19b072085dc2d9e55b8761b54cecc31,2019-02,Merseyside Police,Merseyside Police,-2.955641,53.382406,On or near GROSVENOR TERRACE,E01006678,Liverpool 044E,Defendant found not guilty
abc1b02ecb37fb7b3fae2fcf9772d4698b21fc5afb160fbafaf3a105b3fa0c0c,2019-02,Merseyside Police,Merseyside Police,-2.929746,53.425542,On or near Supermarket,E01006761,Liverpool 020B,Offender fined
8066acfa575d178aa86a79a3c2e415363a29f7d22f8f309e629cf28189c9ab8e,2019-02,Merseyside Police,Merseyside Police,-2.618686,53.449851,On or near SHERI DRIVE,E01006857,St. Helens 015B,Offender fined
50abcd928607075a329cf429d1b44b08266536718d594f9f908eda9a9869db6e,2019-02,Merseyside Police,Merseyside Police,-2.987014,53.405648,On or near Shopping Area,E01033760,Liverpool 060C,Offender given community sentence
2444c6206140e659b2a261851ad169c1b24f69aafee2e9ab73f31963ffeb5d80,2019-02,Merseyside Police,Merseyside Police,-2.937142,53.413529,On or near PRESCOT ROAD,E01006692,Liverpool 028B,Offender given community sentence
3b4a07de5ab28ddd96d70b1feae92dbf3abedb9cb73749d6a45d0ba2a3b50a83,2019-02,Merseyside Police,Merseyside Police,-2.967077,53.457102,On or near HORNBY ROAD,E01006787,Liverpool 006A,Offender given suspended prison sentence
ae19e7ebc793f421035a97bf8d650395ed4e9ad8f92922fed5d2f8fc6fb39dde,2019-02,Merseyside Police,Merseyside Police,-2.971911,53.389799,On or near LAXEY STREET,E01006518,Liverpool 044A,Offender given community sentence
8f802b19b67403d55770695802f91ab1d311d57500a5c74a22e83acc5ae72d38,2019-02,Merseyside Police,Merseyside Police,-2.939000,53.445964,On or near PHILBEACH ROAD,E01006729,Liverpool 008C,Offender given community sentence
e020d83216e73aeb64d02c3ef67d5485768b7ec8b37272b4c28ae8095e4406e0,2019-02,Merseyside Police,Merseyside Police,-2.786912,53.414083,On or near BRAEMAR CLOSE,E01006504,Knowsley 013D,Offender sent to prison
f00279da0426eb0d56ea7ecf02d5c1c160ea5295a34070527b1f5945d0d5ce19,2019-02,Merseyside Police,Merseyside Police,-2.980826,53.402122,On or near SLATER PLACE,E01033761,Liverpool 060D,Offender fined
90e32d48b7240e76b8f3a907e9634dc8cc189037e3f375f8a8818dac3ee7efc0,2019-02,Merseyside Police,Merseyside Police,-3.067115,53.404429,On or near HILLBURN DRIVE,E01007121,Wirral 011B,Offender fined
8bb7d50efeb65502f3136d98e509871f5fc6fe83f253f9cd75b8a75d519fa63d,2019-02,Merseyside Police,Merseyside Police,-2.947017,53.419204,On or near SHEIL ROAD,E01006760,Liverpool 028E,Offender given suspended prison sentence
755a3318f61ac2c707f58fb217ca073b9000737048a3e97a7a54931992845eb1,2019-02,Merseyside Police,Merseyside Police,-2.969210,53.633830,On or near NEW FOUL LANE,E01007060,Sefton 006C,Offender otherwise dealt with
9782353f728a47b8eb4d2e6b6d3a30739753c8ba2e0757bafdd9155ab9ef47b1,2019-02,Merseyside Police,Merseyside Police,-2.972064,53.446616,On or near SELINA ROAD,E01006705,Liverpool 009E,Offender given community sentence
88c25fa8a21909150db5c4b44cee9c7dd655f785c2b7229ef49b9e95492ed3ec,2019-02,Merseyside Police,Merseyside Police,-3.006879,53.458867,On or near BURNS STREET,E01007005,Sefton 034B,Court case unable to proceed
24b63050d0cbdf430863345f9341906c6796797f6534fdd486b6c0e1416166c7,2019-02,Merseyside Police,Merseyside Police,-3.055873,53.401787,On or near CORPORATION ROAD,E01007122,Wirral 011C,Offender fined
5bceed5832d77414021e691d5bbf60472d8e23ff896d751155768c2b9ffec203,2019-02,Merseyside Police,Merseyside Police,-2.941473,53.467248,On or near PARK AVENUE,E01006654,Liverpool 005A,Court case unable to proceed
6432a58d3bf6b3d81fb0d528d216fa3acc748a2b0c6552d3814c3c2906d6bce7,2019-02,Merseyside Police,Merseyside Police,-2.710967,53.494433,On or near Supermarket,E01006802,St. Helens 002A,Offender sent to prison
aad6f26d74befdaea1435466e1c74ae9dcbb6ee5764a187048a95eb1507c09c6,2019-02,Merseyside Police,Merseyside Police,-2.828328,53.404616,On or near MANOR FARM ROAD,E01006480,Knowsley 015D,Court case unable to proceed
bfa4c9cd01f8b3547cd0f83656da98b3251aaf3a17a1ea91bbd2ddde724c6017,2019-02,Merseyside Police,Merseyside Police,-3.028934,53.414211,On or near Petrol Station,E01007272,Wirral 008A,Offender given conditional discharge
d51bf2c3b2363449cdf3259fa6cc6527c0effc885d1a54570179f60aebdc8c20,2019-02,Merseyside Police,Merseyside Police,-2.956872,53.429220,On or near GERTRUDE ROAD,E01006546,Liverpool 019B,Defendant found not guilty
e84841d8a446b850f34c2ff60ffa8912058b9c4dec7ef195463c1e1c8c5a3611,2019-02,Merseyside Police,Merseyside Police,-3.017512,53.468944,On or near WOODLAND ROAD,E01006953,Sefton 032B,Offender given conditional discharge
313ba6e51ec7bb8cce3e9ca3944cc4afd1fe5bd5789fe072926e5c3f14fb6a96,2019-02,Merseyside Police,Merseyside Police,-2.986267,53.452675,On or near PINE GROVE,E01006966,Sefton 038F,Offender given community sentence
5f242bf1f21f2426d7708d0b8c9d11fbb5bded9b7f47e66fc13ca98f253d997c,2019-02,Merseyside Police,Merseyside Police,-2.999112,53.411588,On or near A5036,E01033753,Liverpool 062C,Offender given community sentence
7e5e394ceab0ae935315ac1495f4b650e20f1cb3230778168c40977eb3cc79c9,2019-02,Merseyside Police,Merseyside Police,-2.740076,53.450383,On or near LINKWAY WEST,E01006832,St. Helens 012A,Offender given conditional discharge
05ff8b8e278dbb38d21b1b242ddbdec43b3624baf40b2600a0fb10b3d7d234dc,2019-02,Merseyside Police,Merseyside Police,-2.847199,53.426992,On or near PENNARD AVENUE,E01006441,Knowsley 006D,Offender given community sentence
8b60e21e4ff23803088525afd53efd99d1356394d5319eb594cbf79a2bd53a53,2019-02,Merseyside Police,Merseyside Police,-2.937720,53.423403,On or near WEST DERBY ROAD,E01006760,Liverpool 028E,Offender sent to prison
232ff0698282fcc0d5425c0f01c9859d0bd3ffeb2e51e52c7d0b35d7a37216c1,2019-02,Merseyside Police,Merseyside Police,-2.738275,53.452461,On or near Shopping Area,E01006832,St. Helens 012A,Defendant found not guilty
0935708e894ce529ade9dd3666b15b7756c9cc901abff15e7ca9e0bd1b336307,2019-02,Merseyside Police,Merseyside Police,-3.004096,53.457722,On or near PEEL ROAD,E01007005,Sefton 034B,Offender given suspended prison sentence
1943b1903c327652d439d1422469bf4bfb3fe4db8c4abca2bc1042d51a56c4cb,2019-02,Merseyside Police,Merseyside Police,-2.972164,53.401545,On or near Nightclub,E01006513,Liverpool 060A,Offender given suspended prison sentence
5fbace9c2859e9a969ddb3c86df746eb742826071871d7f258f65f988bf84c1f,2019-02,Merseyside Police,Merseyside Police,-3.029654,53.476390,On or near ST JOHN'S PLACE,E01006958,Sefton 030C,Offender given conditional discharge
d314bd878a65119f478dc2d061a68dff0feb8cc3630eb8e7ecf7d1b664198646,2019-02,Merseyside Police,Merseyside Police,-3.067479,53.374510,On or near WAVERTON AVENUE,E01007247,Wirral 024D,Offender ordered to pay compensation
36bff542ccd8362be4cb42a3a36c4021edbcffc197745966cb13968cfc8f8e9b,2019-02,Merseyside Police,Merseyside Police,-3.027780,53.391326,On or near SISTERS WAY,E01007128,Wirral 016C,Offender given conditional discharge
54bfb9b8ee841e17221e568cbcdb1a92f965cf9c5828d3d891fc3d3dedeedde8,2019-02,Merseyside Police,Merseyside Police,-3.014978,53.371534,On or near PALMERSTON STREET,E01007295,Wirral 027D,Offender sent to prison
f334da53d7983e1422c3c47c4119a37c1f568f8a7318ab648ba65c57af2a3bae,2019-02,Merseyside Police,Merseyside Police,-2.844604,53.428170,On or near NEWARK CLOSE,E01006441,Knowsley 006D,Offender fined
91d10ef337554eeaabfb5fb28a52dc75fea4b7609dad682247bc82768bda5dc3,2019-02,Merseyside Police,Merseyside Police,-2.929049,53.377034,On or near BIRCHTREE ROAD,E01006526,Liverpool 048C,Offender given suspended prison sentence
939c00d5d2e9bc887089c8ea5f0a0d1860026b977e6800087030aa1cb2646a3b,2019-02,Merseyside Police,Merseyside Police,-2.909033,53.360406,On or near RANFURLY ROAD,E01006688,Liverpool 056E,Offender given conditional discharge
09816251098a7fda72465f1a48446b5d7159cbd3960e675bda8e8a5d73e3636a,2019-02,Merseyside Police,Merseyside Police,-2.866965,53.423587,On or near FINCHAM ROAD,E01033228,Knowsley 008F,Defendant found not guilty
bf02d4ba49665a9e331e895fa163e84a98c96b5c203dbabe0779c13d98232f1c,2019-02,Merseyside Police,Merseyside Police,-2.982670,53.409037,On or near VICTORIA STREET,E01033760,Liverpool 060C,Offender given community sentence
8f965d94ccec7e09df6db59e989488c45c5519aef483324de020b22bd9082e30,2019-02,Merseyside Police,Merseyside Police,-2.630164,53.451121,On or near SYCAMORE AVENUE,E01006858,St. Helens 015C,Offender given community sentence
c7176839f412c5004e65732899e9ff350cf9ed4cc9c60074fc762d1bf9dac861,2019-02,Merseyside Police,Merseyside Police,-3.019610,53.641689,On or near BEACH ROAD,E01006971,Sefton 009C,Offender given conditional discharge
d8a50fd3eb48089135798f30af37abb9b87c69c281d678349ee4576998326e64,2019-02,Merseyside Police,Merseyside Police,-2.980144,53.422163,On or near CHAPEL GARDENS,E01033764,Liverpool 022E,Offender fined
58acc77531e429d46b93ffc24738ec683b629a961ec20bd226d00f56fafd6b9a,2019-02,Merseyside Police,Merseyside Police,-2.997564,53.645884,On or near Parking Area,E01006969,Sefton 004D,Offender given conditional discharge
5e40fa05380c61470b11f06733b1745a9421d930be77730eea513da3efcdb54c,2019-02,Merseyside Police,Merseyside Police,-2.897966,53.415025,On or near Supermarket,E01006567,Liverpool 026A,Offender fined
949e232304965e66b3facf0ed2e98ac3c2eabb0755d948252667f5caa2c80a37,2019-02,Merseyside Police,Merseyside Police,-2.996613,53.453335,On or near CAPRICORN WAY,E01007007,Sefton 037B,Offender given community sentence
793dded5dc6b9060d3b49228ef88ab6be2a85189bace8e76d20c8d1b1107fb7e,2019-02,Merseyside Police,Merseyside Police,-3.181430,53.374398,On or near NETTLE HILL,E01007198,Wirral 026C,Offender given conditional discharge
3158e27566d7c0864570f3a11067b177b6027907c729edcace3fcb0c2ef1063d,2019-02,Merseyside Police,Merseyside Police,-2.967903,53.382811,On or near BERESFORD ROAD,E01006632,Liverpool 044C,Offender sent to prison
750c96117eed89619aa76d3baed019664e83f4a8a1d6b03a02a0ee19a097647e,2019-02,Merseyside Police,Merseyside Police,-2.988889,53.485112,On or near CUMBERLAND AVENUE,E01007089,Sefton 024E,Offender ordered to pay compensation
4e17051dfc2040c3edcb409df417665161cefbc54a2c3fc9298b5d57fe4a991e,2019-02,Merseyside Police,Merseyside Police,-2.999450,53.468323,On or near RICHMOND COURT,E01007016,Sefton 034D,Offender fined
d1b590846496549b97026a674fba1a459ded99a9697bae59804e0f4760365143,2019-02,Merseyside Police,Merseyside Police,-2.897796,53.421238,On or near Hospital,E01006570,Liverpool 026C,Offender fined
1cb665e0998b8493dd2123f1eb4036c81226dbdba71b38afac81c3310f451982,2019-02,Merseyside Police,Merseyside Police,-2.983672,53.419222,On or near MILE END,E01033764,Liverpool 022E,Offender given community sentence
a4c927e1f554b089322b9b4511608010f9c845f66420e02b81adf7fb207f3e31,2019-02,Merseyside Police,Merseyside Police,-2.929746,53.425542,On or near Supermarket,E01006761,Liverpool 020B,Offender given community sentence
91181dad6371bb492fbd86e8fbb1455107f4804467f858e4ece67f42b7b02c08,2019-02,Merseyside Police,Merseyside Police,-2.978599,53.409277,On or near LIME STREET,E01033760,Liverpool 060C,Offender sent to prison
ec4bf350cc93573051e21fe376093150a74dfa8cf3820ced6c5917ea2136e9a8,2019-02,Merseyside Police,Merseyside Police,-3.023973,53.350504,On or near WELLAND ROAD,E01007118,Wirral 035C,Offender given community sentence
e869fbad9e4f58e6bce21b7dbadf141c7018ea42cd97f6d1bf1fb352784b867b,2019-02,Merseyside Police,Merseyside Police,-2.933779,53.424189,On or near Pedestrian Subway,E01006761,Liverpool 020B,Offender deprived of property
8869f976e05628f54d49a82c5cea5e930e247ba024d97a5d70a39099dc0d42bf,2019-02,Merseyside Police,Merseyside Police,-3.017707,53.389543,On or near BOROUGH ROAD EAST,E01007126,Wirral 016A,Offender sent to prison
6aeb7f4f7e05cd567ec2bc5647d4360071f5eb1aef6250abb66d47ed4287449b,2019-02,Merseyside Police,Merseyside Police,-2.988735,53.405247,On or near LORD STREET,E01033756,Liverpool 061C,Offender sent to prison
ff9fe149bce7800c7539c0cb2f72032dc3949e745ae1830ba9d3f8f4bebc0d76,2019-02,Merseyside Police,Merseyside Police,-2.976035,53.662843,On or near CHURCHILL AVENUE,E01006948,Sefton 003B,Offender sent to prison
46397548e90d821b23ee69f945ae15061dba9ad4a0e30b4baa24a0a14f693998,2019-02,Merseyside Police,Merseyside Police,-3.061052,53.556539,On or near Supermarket,E01007081,Sefton 014D,Defendant found not guilty
aa14576851ace69ca96d961193734a4da0eddc8aa213ff384b27f34c3eaccd5f,2019-02,Merseyside Police,Merseyside Police,-2.623660,53.448090,On or near Supermarket,E01006857,St. Helens 015B,Offender sent to prison
c87f0cff2fc07d65f57b2a2df1f5b3c45d7eb89317c7f1ab609e3d70d1afceed,2019-02,Merseyside Police,Merseyside Police,-2.808572,53.426469,On or near MANCHESTER ROAD,E01006463,Knowsley 007C,Offender fined
aad6f26d74befdaea1435466e1c74ae9dcbb6ee5764a187048a95eb1507c09c6,2019-02,Merseyside Police,Merseyside Police,-2.828328,53.404616,On or near MANOR FARM ROAD,E01006480,Knowsley 015D,Offender sent to prison
53a78224783d63c2f2a0e45a2d55a7941e75f48ed9f1f243cda2c7bcbcacffe9,2019-02,Merseyside Police,Merseyside Police,-3.027703,53.387507,On or near HAZEL ROAD,E01007128,Wirral 016C,Offender fined
dd553bec28003954c082c504b62270cb618f0f1731b726224aa149b2fcd0f9d1,2019-02,Merseyside Police,Merseyside Police,-2.899906,53.450634,On or near DYMOKE ROAD,E01006664,Liverpool 004D,Offender sent to prison
29acbcc302fd704e8c952e3350740b960152c58e66a7b0f5b395ed0fde132bc7,2019-02,Merseyside Police,Merseyside Police,-2.902039,53.428361,On or near Supermarket,E01006619,Liverpool 021B,Offender given community sentence
fef7ffccb363e70e96d2bfe474fb598c7386c9318636ba5975483eb5cc362e66,2019-02,Merseyside Police,Merseyside Police,-3.015857,53.470908,On or near CAMBRIDGE ROAD,E01006959,Sefton 032D,Court case unable to proceed
1ff79342003d1ab7ca52ec7b3ce433ffea6271f8180e158fa388b6fb7fb22018,2019-02,Merseyside Police,Merseyside Police,-2.628111,53.447680,On or near DAISY AVENUE,E01006860,St. Helens 015E,Offender given community sentence
ae6d2d2f7a221981aa1efc958dca52294b0711adced5f5bdc4d5daaff52aa7c7,2019-02,Merseyside Police,Merseyside Police,-3.099752,53.404843,On or near AVONDALE AVENUE,E01007206,Wirral 009B,Offender sent to prison
be0d7a56e18d96ce968b78a9283421bffed445c471be54e6f2c61d95620d3328,2019-02,Merseyside Police,Merseyside Police,-3.029645,53.474152,On or near DUKE STREET,E01006958,Sefton 030C,Offender sent to prison
22e737b4f0a8a8537671bb3de3b4e2b6fbca10ce69f2d0ddb89da1cb198025b6,2019-02,Merseyside Police,Merseyside Police,-2.691234,53.465623,On or near PARK AVENUE,E01006813,St. Helens 008D,Defendant found not guilty
78b784378becd648860f80d352c21f6524acae30b56ddfa64b9c04c95f50c294,2019-02,Merseyside Police,Merseyside Police,-2.970227,53.402361,On or near Theatre/Concert Hall,E01006513,Liverpool 060A,Offender sent to prison
2de46d545b3b86cbeb15e825c4776a228e052467727a0ae5ad95106b0a123f78,2019-02,Merseyside Police,Merseyside Police,-2.969045,53.414542,On or near SHAW STREET,E01006646,Liverpool 023C,Offender given suspended prison sentence
2142e630e634d5aaa54b8f9047f7fb1f055be6afee939d0ca288ad6ceebfb3fb,2019-02,Merseyside Police,Merseyside Police,-2.883744,53.349522,On or near BRAVERY COURT,E01006743,Liverpool 058D,Offender sent to prison
809ca8b2ab66bcb9253e4becd3ee475f70d5e86977494a7feba1a0a75a330bea,2019-02,Merseyside Police,Merseyside Police,-3.020140,53.406997,On or near HARLECH STREET,E01007274,Wirral 008C,Offender sent to prison
10b498558c88c456f31f06b9daf763f42534f953c9a8c80a218ec1ddd3b67d9f,2019-02,Merseyside Police,Merseyside Police,-2.964266,53.432738,On or near TANCRED ROAD,E01006542,Liverpool 018A,Offender given community sentence
019c6277fb9fbf7a0761d979217b77c811c3cd0246e2017999ab6885e7a6d739,2019-02,Merseyside Police,Merseyside Police,-3.040779,53.440275,On or near Theme/Adventure Park,E01007238,Wirral 001E,Offender given community sentence
662f3eba822f31b4054cb095fc3b8341a01d7da445887e2e23e048c2b7330772,2019-02,Merseyside Police,Merseyside Police,-3.003426,53.651956,On or near BOOTH STREET,E01033097,Sefton 004G,Defendant found not guilty
bf9937ddc756aa57ec587c0af9844babefd1d6735c5be53f9157c558b8b7ffbe,2019-02,Merseyside Police,Merseyside Police,-3.017755,53.383987,On or near HELMINGHAM GROVE,E01007291,Wirral 021D,Offender given conditional discharge
74218d6fbe79b98d23b3ded5bdb6b5ebb04e43f1ad78c45e2b3ebb8da612bf6a,2019-02,Merseyside Police,Merseyside Police,-2.988869,53.407143,On or near PRINCES STREET,E01033760,Liverpool 060C,Offender fined
52403d97f8e92671a883f3270f960f9166516abf86a0f5af46ceadd05a876944,2019-02,Merseyside Police,Merseyside Police,-2.855737,53.359766,On or near Supermarket,E01006538,Liverpool 055E,Offender fined
ca36160f5b1429b71e02bdfc77e07de214f4c473bc2e74566b688003c4ca914b,2019-02,Merseyside Police,Merseyside Police,-2.969045,53.414542,On or near SHAW STREET,E01006646,Liverpool 023C,Offender fined
8e2ffc455b3b89f54118768266e669987482c8fd64bf3579b6b4e6c1a8c0af5b,2019-02,Merseyside Police,Merseyside Police,-2.957324,53.407148,On or near NORTH VIEW,E01006748,Liverpool 031C,Offender sent to prison
87252ecb58a63585c9b77801a8df32f680b7bbfc082096fbb00e53a2b6d87a32,2019-02,Merseyside Police,Merseyside Police,-2.990098,53.406935,On or near SWEETING STREET,E01033752,Liverpool 062B,Offender given community sentence
82420597246025e9a8c693b64a50aa697b76e8202d8a164c180f5ead5dde9bf6,2019-02,Merseyside Police,Merseyside Police,-2.875199,53.434664,On or near CORNER BROOK,E01006645,Liverpool 017E,Offender given community sentence
e5e3110d538eb4eae62c6eeffe427bf5ecf673c193f7006fa499b77eb0829a74,2019-02,Merseyside Police,Merseyside Police,-2.776366,53.461181,On or near Parking Area,E01006823,St. Helens 009B,Offender given community sentence
a0a6a3e8b2c04a418213af4c632208de32e4342832b3bddab5029e43db8e7282,2019-02,Merseyside Police,Merseyside Police,-2.786912,53.414083,On or near BRAEMAR CLOSE,E01006504,Knowsley 013D,Offender given community sentence
1f70e0b164f4900a970b902961efb760651aa7231bd4bd112ad07e927e4a2497,2019-02,Merseyside Police,Merseyside Police,-2.633826,53.453304,On or near WINSTON AVENUE,E01006864,St. Helens 013B,Offender given community sentence
be76567f1a33e99f9909dc7a8411fc7846c4ef929786acb0e4503d41bd347722,2019-02,Merseyside Police,Merseyside Police,-2.667390,53.466622,On or near Supermarket,E01006838,St. Helens 006B,Offender given community sentence
57787fc8141c4f361e326b2f0e4d2dc63696eaa5e1da2a3c54e960b9407d8865,2019-02,Merseyside Police,Merseyside Police,-2.773115,53.415710,On or near DEE ROAD,E01006893,St. Helens 021C,Offender given community sentence
704d0adefb99017f29c800bdbe3e81c2fb43664d9e17fa4f255ac0e59833da58,2019-02,Merseyside Police,Merseyside Police,-3.062160,53.607989,On or near Parking Area,E01006922,Sefton 012B,Offender given suspended prison sentence
8a0db5ea53ec2a9f08e7b00a5bfaa2e4aa035123b13e999be5eca26db0f27369,2019-02,Merseyside Police,Merseyside Police,-2.963381,53.463442,On or near TILNEY STREET,E01006782,Liverpool 003B,Court case unable to proceed
ce44c3100529a04b05c647a0f7708f9a49edde7c3fefd52f34535eef78c36dfb,2019-02,Merseyside Police,Merseyside Police,-2.740985,53.459402,On or near CHAPEL STREET,E01006877,St. Helens 012C,Offender fined
d0c4cd1009e7df35574246d3f42098bc93ddb22fded47157025667c9f600c551,2019-02,Merseyside Police,Merseyside Police,-3.051458,53.398419,On or near KINGSLEY STREET,E01007125,Wirral 015A,Offender fined
14499abe99ccda47b8288ebb394f95cd61e6cf565284f8df7ef4a3a8c9d96dae,2019-02,Merseyside Police,Merseyside Police,-2.990939,53.436654,On or near BANKHALL STREET,E01006778,Liverpool 014E,Court case unable to proceed
75a65623b6182e685bd83bc80cc87a6ba378ee86478990465a1b328d2196c8d3,2019-02,Merseyside Police,Merseyside Police,-2.949724,53.398211,On or near LODGE LANE,E01006556,Liverpool 039B,Offender fined
b92228128793f1ffa43b508662c8cdcd59525e5954208987ab54d72fa0eade7b,2019-02,Merseyside Police,Merseyside Police,-3.017893,53.486738,On or near WEMBLEY ROAD,E01007106,Sefton 025D,Offender given suspended prison sentence
bb9def5e02fc5835815bd93ff603287e96454bbe11f648b739df2b080129b76a,2019-02,Merseyside Police,Merseyside Police,-2.938088,53.425773,On or near CLIFTON ROAD EAST,E01006767,Liverpool 019F,Offender fined
d35663d3ca4dba1b6a0ea84e3dc45f8fb25444f8c9a81dc379abfdbad0e88a28,2019-02,Merseyside Police,Merseyside Police,-2.741995,53.453400,On or near LOWE STREET SOUTH,E01006877,St. Helens 012C,Offender sent to prison
d61259a8fcc2e042b9f8e4374637d4f60a965318cbdecd226d0c28361c536669,2019-02,Merseyside Police,Merseyside Police,-2.692149,53.445942,On or near FLEET LANE,E01006899,St. Helens 017D,Offender sent to prison
76daec92a8b68b05ba432399abb32293803a5b66b5d40a06c5fdfebe9b20b445,2019-02,Merseyside Police,Merseyside Police,-2.996613,53.453335,On or near CAPRICORN WAY,E01007007,Sefton 037B,Offender given community sentence
dbcce0ce9fd36508db9a4542b606ed59f5665ef753e207a40d6221f6d074bf7a,2019-02,Merseyside Police,Merseyside Police,-2.877053,53.488853,On or near WINGATE ROAD,E01006447,Knowsley 003E,Offender given suspended prison sentence
6f83f66008ed079f2bacfbf587f6445fb14a5ba6b16ef6f84f12d936ad964200,2019-02,Merseyside Police,Merseyside Police,-2.942173,53.423332,On or near MORECAMBE STREET,E01006540,Liverpool 024A,Offender given community sentence
01c92c416f56955556f892ab6592a72ff7f3de8b8dfe8a0d82cc521e10dc3ce7,2019-02,Merseyside Police,Merseyside Police,-3.030307,53.396950,On or near VITTORIA STREET,E01007133,Wirral 016E,Offender given community sentence
2fe349a0dd8819b90b321e652615b460935e4ce82a026bf6ac3ea04c387e318c,2019-02,Merseyside Police,Merseyside Police,-2.905633,53.479867,On or near WHITEFIELD DRIVE,E01006508,Knowsley 004D,Defendant found not guilty
2441fcf4b5001f37536fed64d4265dd69390f768b230786ca18644093f39d385,2019-02,Merseyside Police,Merseyside Police,-2.729515,53.449234,On or near LINKWAY EAST,E01006912,St. Helens 019G,Offender ordered to pay compensation
6824ae4a34ab80a398be5d5e4213e42e5086cfff6c59644cc95be3c19ebac4e4,2019-02,Merseyside Police,Merseyside Police,-2.908248,53.414615,On or near BADEN ROAD,E01006713,Liverpool 029E,Offender fined
cd3919de10d5067d236a430481701d33e2d3011071db1741b44678ce8f9ed835,2019-02,Merseyside Police,Merseyside Police,-2.978384,53.413710,On or near Police Station,E01006648,Liverpool 023D,Offender given community sentence
f9464aac6713cadb3825f276d434f97d1dfd04ada940f18a46254a3f157ed483,2019-02,Merseyside Police,Merseyside Police,-2.893601,53.415669,On or near DALEMEADOW ROAD,E01006567,Liverpool 026A,Offender given community sentence
12804652819dfc58ba1736a7875c08bf72f137a4bdf6f5647d91e3b7df75039b,2019-02,Merseyside Police,Merseyside Police,-2.986784,53.430801,On or near SWINDON STREET,E01006778,Liverpool 014E,Offender sent to prison
e4bd8b97b68e781fbe9ed9c6ce6d070fe72c8828abefdb34def65a2ea8be89b8,2019-02,Merseyside Police,Merseyside Police,-3.035792,53.385648,On or near OXTON ROAD,E01007129,Wirral 016D,Offender fined
517df535b19f7da7f4996f6d21f98727201f62168e04172e44bd98d9dff2f863,2019-02,Merseyside Police,Merseyside Police,-2.962570,53.456923,On or near STOKER WAY,E01006787,Liverpool 006A,Offender fined
11028c22341e19252912e7cb3252571b381c8de0eb6b025be0766835b9638f20,2019-02,Merseyside Police,Merseyside Police,-2.962247,53.397329,On or near LOWTHER STREET,E01033768,Liverpool 037F,Offender given community sentence
e2969f70484c698645908ecdd199d69cd07072dfceb21a83496e44059c02c7cd,2019-02,Merseyside Police,Merseyside Police,-2.749205,53.457463,On or near HARRIS STREET,E01006876,St. Helens 016D,Offender given community sentence
d46efe0dd0a1d3733afdc860a5e10448b8243bb44a19ad8a1221fd48bf2dad8e,2019-02,Merseyside Police,Merseyside Police,-3.033515,53.385380,On or near Parking Area,E01007239,Wirral 022C,Offender sent to prison
437595ba44e3e34338d64c4c5dc903dca4f3a018a2cf3cc78f03a2406f587968,2019-02,Merseyside Police,Merseyside Police,-2.841396,53.355653,On or near HARLYN CLOSE,E01006432,Knowsley 020E,Offender given community sentence
6960df868c38f500af0e1c970efb0b51a202e88543195446052f919d568d3395,2019-02,Merseyside Police,Merseyside Police,-3.116325,53.402433,On or near OVERGREEN GROVE,E01007221,Wirral 012B,Offender given community sentence
301f9ca0f5545a4a410790179c3fdcf77a20a54abb12683acdf8aa5a14b3db5d,2019-02,Merseyside Police,Merseyside Police,-3.013460,53.463899,On or near RAWSON ROAD,E01007004,Sefton 034A,Offender fined
f7382e1ddcd647375172bcd0de3d91bf3a9fb17a043eb9f75d4fd83fad737e18,2019-02,Merseyside Police,Merseyside Police,-2.976861,53.404365,On or near UPPER NEWINGTON,E01033756,Liverpool 061C,Offender given suspended prison sentence
aa21761414ebf8782115a8d6637679b58a52977b97296462c9502d460f9ab069,2019-02,Merseyside Police,Merseyside Police,-3.040894,53.432041,On or near LENNOX AVENUE,E01007234,Wirral 002D,Offender sent to prison
b2b11b41ab124fa1748d32e1ab3c9c6b39136a2394997f30be0634b456614f39,2019-02,Merseyside Police,Merseyside Police,-2.992046,53.398847,On or near Parking Area,E01033750,Liverpool 061A,Offender given community sentence
5d52c5990bada8dbc6681e9c4cff227f208b75bbd0db0b11931aa780cbb05f8a,2019-02,Merseyside Police,Merseyside Police,-2.978148,53.390943,On or near GRAFTON STREET,E01033765,Liverpool 061D,Defendant found not guilty
f90076a20e779b8cbf4bf09afeea03f048f0a1c82c852621f3cd7de1ec3d38d7,2019-02,Merseyside Police,Merseyside Police,-2.982670,53.409037,On or near VICTORIA STREET,E01033760,Liverpool 060C,Court case unable to proceed
a0d35a24c2e64562017c1c0220aa79a9520718541af41b7b3f5ed34649b4c8b1,2019-02,Merseyside Police,Merseyside Police,-2.738809,53.452862,On or near Further/Higher Educational Building,E01006832,St. Helens 012A,Offender fined
9b7dc62ba6d5ad85b72638a1de5d7380453b6488a77056a467a8c5c720fdf2b5,2019-02,Merseyside Police,Merseyside Police,-2.744804,53.456430,On or near YORK CLOSE,E01006877,St. Helens 012C,Offender sent to prison
747b39062b5029f2bc469460a0e5afcca73e4f52ff278fdb64794532f01c9d87,2019-02,Merseyside Police,Merseyside Police,-2.912313,53.441443,On or near HAREWELL ROAD,E01006599,Liverpool 010B,Offender given community sentence
144249ab9f817d11c6286863fdf35f074f9ce57176b65fe2c1e3b6bf30d0d864,2019-02,Merseyside Police,Merseyside Police,-2.987117,53.404218,On or near Bus/Coach Station,E01033756,Liverpool 061C,Offender fined
c5782596b0642772209e58149c61c33b807c8a83d27156099248177113f9dcd3,2019-02,Merseyside Police,Merseyside Police,-2.918963,53.417517,On or near HIGHFIELD VIEW,E01006718,Liverpool 027E,Offender given conditional discharge
7d1f470f534a6a702bdd21fbfaf451bffc037264c77ecbd726143eb4c12bfa8f,2019-02,Merseyside Police,Merseyside Police,-2.965465,53.447767,On or near Parking Area,E01006608,Liverpool 009A,Court case unable to proceed
e3bf79f1c8d2cf7476d4227c54d4448b9db02c55680a015b82101247cf500b4f,2019-02,Merseyside Police,Merseyside Police,-3.038057,53.381727,On or near CLIVE ROAD,E01007244,Wirral 022E,Offender sent to prison
e66c58f0ce6ade782fbc1856dce00e1d10022b7c0f9a770ce1e8ff4ad323cd43,2019-02,Merseyside Police,Merseyside Police,-2.946765,53.415332,On or near MANTON ROAD,E01006694,Liverpool 030B,Offender fined
99776948fdab6b40344aba8a71cb8c3ac0f34c2c27558d18bd0708049551a908,2019-02,Merseyside Police,Merseyside Police,-2.854941,53.337300,On or near Airport/Airfield,E01006741,Liverpool 058C,Offender fined
f799de19928eb9f3febd7500f62b0437d8fd327fd9df37482c90ffea2613f216,2019-02,Merseyside Police,Merseyside Police,-2.880936,53.439143,On or near BROOKSIDE,E01006624,Liverpool 013B,Offender given community sentence
ad32d1968ff4707affc16ac7f5a885540be99ebc1d3ded533c258270b580ec68,2019-02,Merseyside Police,Merseyside Police,-2.867684,53.375375,On or near MASON STREET,E01006795,Liverpool 051B,Offender sent to prison
4aff22418b3e998f38b1ce14ad7defb97dbf542f09e0619376e6572fb8e3b89d,2019-02,Merseyside Police,Merseyside Police,-3.159778,53.399016,On or near FRANKBY ROAD,E01007200,Wirral 014C,Offender given community sentence
0b0d4b4a3e7333c71eedeb12db5cbe2dddefc84fff4e5cf8e60488ab5ccf771c,2019-02,Merseyside Police,Merseyside Police,-2.983495,53.405686,On or near Shopping Area,E01033760,Liverpool 060C,Offender sent to prison
aca3bb7cbb134808cd50e1ead6e8acc118f1d915b5753209bc9c4a69ca97b7ac,2019-02,Merseyside Police,Merseyside Police,-2.967077,53.457102,On or near HORNBY ROAD,E01006787,Liverpool 006A,Offender sent to prison
93fab7fa424cfc058b530648311a5c23f4ee9bd4d40eb1fcb623dc85841fb1b1,2019-02,Merseyside Police,Merseyside Police,-3.015565,53.387979,On or near TUNNEL ROAD,E01007291,Wirral 021D,Offender sent to prison
e4acee40c1b3f9de92848448b2f5a85faf5c018dd3c57d23664c635ff4a6b313,2019-02,Merseyside Police,Merseyside Police,-2.980369,53.403824,On or near Shopping Area,E01033756,Liverpool 061C,Offender given suspended prison sentence
c013a16feb665b14959ecb950ef82562aff61732e3f63dc35d66d513973bb209,2019-02,Merseyside Police,Merseyside Police,-2.854711,53.357320,On or near TYBERTON PLACE,E01006538,Liverpool 055E,Defendant found not guilty
ef6b075b9cbd80fa2ddc3f7c4cab57f1bdb05f18b7e86e8b857550e9045be3e0,2019-02,Merseyside Police,Merseyside Police,-2.966798,53.446776,On or near CHURCH LANE,E01006610,Liverpool 009C,Offender sent to prison
99618a646d8474ffdf5ccdb2264eb8840252c17909433083b7ba663ad9b1659d,2019-02,Merseyside Police,Merseyside Police,-2.983878,53.406618,On or near Supermarket,E01033760,Liverpool 060C,Offender otherwise dealt with
2c0720d84066bda0811ae40031413a24bbcd5bf81117fa45fa57066a1883bd3a,2019-02,Merseyside Police,Merseyside Police,-2.730904,53.414376,On or near BOWLAND AVENUE,E01006910,St. Helens 022E,Offender sent to prison
9eec5df33c9b8d24e50470738892c82bfc0b13d126c753b656a9f861b4850984,2019-02,Merseyside Police,Merseyside Police,-2.926136,53.414568,On or near CHUDLEIGH ROAD,E01006711,Liverpool 027A,Defendant found not guilty
ed3c3884a6a44f723463b94e66927d7c1e728bf182f2481d65e98f6f07fddce4,2019-02,Merseyside Police,Merseyside Police,-2.936309,53.393454,On or near Supermarket,E01006557,Liverpool 038B,Offender given community sentence
11e07c0f2393aed05e169958b7dfb28102e927b37ffdc03d67b2e01abf21ab5a,2019-02,Merseyside Police,Merseyside Police,-2.982670,53.409037,On or near VICTORIA STREET,E01033760,Liverpool 060C,Offender sent to prison
0835d8d4f392af857d162f5e55118e145ac84bdf48ef13818a67d2b0d98782ce,2019-02,Merseyside Police,Merseyside Police,-2.999439,53.648421,On or near WRIGHT STREET,E01006968,Sefton 004C,Offender given community sentence
5bbc168a16c9b0f08ccddfa44ae1cbe2e0b128e6425d9d78985664c4b553a9c7,2019-02,Merseyside Police,Merseyside Police,-2.978384,53.413710,On or near Police Station,E01006648,Liverpool 023D,Offender given suspended prison sentence
7936c55525d20c4fb8b1e2282b3f6795e7c068f1fa218c4a5abe27bd530bada3,2019-02,Merseyside Police,Merseyside Police,-2.797315,53.427282,On or near PEMBERTONS COURT,E01006463,Knowsley 007C,Offender given suspended prison sentence
09eb5f6dbbbb74a37aae370b4fe1cb3f9adc63ee28b2a4d1413ec1bd2a9f402b,2019-02,Merseyside Police,Merseyside Police,-2.979968,53.456395,On or near Parking Area,E01006966,Sefton 038F,Offender fined
83468626c12245035931bda8d0a965ec1af183a9a9676d6725588660395b6930,2019-02,Merseyside Police,Merseyside Police,-2.972238,53.441734,On or near CHEPSTOW STREET,E01006700,Liverpool 012E,Offender given community sentence
db992818858bbce5db770a57e760b6c8a7b9d31edbe464e9d2db3b6f93498c5c,2019-02,Merseyside Police,Merseyside Police,-2.803138,53.426443,On or near Supermarket,E01006463,Knowsley 007C,Offender fined
8283dab2adf903c56bf055cf9c4de09b029926df90349a7447d8cfbade159da0,2019-02,Merseyside Police,Merseyside Police,-2.992335,53.408705,On or near GEORGE STREET,E01033752,Liverpool 062B,Offender given suspended prison sentence
b7093446b8cf550c24dab3d56883a2d36ca4772662ddc329a99a8fb47c73b572,2019-02,Merseyside Police,Merseyside Police,-2.985464,53.402353,On or near DUKE STREET LANE,E01033754,Liverpool 061B,Offender given community sentence
fb0307fc22cfdecd49b466a4995b47796a6d3d2f3e3a7921bb864e47f3f7b5c9,2019-02,Merseyside Police,Merseyside Police,-3.015565,53.387979,On or near TUNNEL ROAD,E01007291,Wirral 021D,Offender given community sentence
f4d5b500da80f00c8f65b602a2a1629eaf8a1de00374ccfcdbf3a453b350613e,2019-02,Merseyside Police,Merseyside Police,-3.029300,53.390154,On or near Parking Area,E01007128,Wirral 016C,Offender given conditional discharge
b72087f67352b60765cf798ef2260e7e45fb36da031b8cf1e934d61e9b53fb53,2019-02,Merseyside Police,Merseyside Police,-2.840949,53.419135,On or near BROOKWOOD ROAD,E01006484,Knowsley 011D,Offender fined
7936c55525d20c4fb8b1e2282b3f6795e7c068f1fa218c4a5abe27bd530bada3,2019-02,Merseyside Police,Merseyside Police,-2.797315,53.427282,On or near PEMBERTONS COURT,E01006463,Knowsley 007C,Offender given suspended prison sentence
585ebe65ba7e34b4ec3a6428e596edb3b4542bbf887987dd0efb9891fcf031df,2019-02,Merseyside Police,Merseyside Police,-2.983915,53.395202,On or near CHALONER STREET,E01033754,Liverpool 061B,Offender ordered to pay compensation
29acbcc302fd704e8c952e3350740b960152c58e66a7b0f5b395ed0fde132bc7,2019-02,Merseyside Police,Merseyside Police,-2.902039,53.428361,On or near Supermarket,E01006619,Liverpool 021B,Offender fined
31b601b5b403acc68c69eceb6ddc3b4f0435480d2d1f7ee8dde57f7ef8f3fc5e,2019-02,Merseyside Police,Merseyside Police,-2.922454,53.407800,On or near BINNS WAY,E01006716,Liverpool 032E,Offender ordered to pay compensation
7386371fa682d7cdecd8e734b5671ebfdb45873e170bc796c9972a93a582415d,2019-02,Merseyside Police,Merseyside Police,-3.072291,53.370422,On or near A552,E01007304,Wirral 025E,Offender given community sentence
8207dc8be98000d3c5e89670e00f5e970ff0a10d8e53d9a0c7d6b33bf9ab0342,2019-02,Merseyside Police,Merseyside Police,-3.070531,53.554090,On or near Parking Area,E01007081,Sefton 014D,Offender given community sentence
0036629a3e74bece8903031a20e9f07cb863a460699cceaa6a456491c16a7e93,2019-02,Merseyside Police,Merseyside Police,-2.962418,53.406227,On or near BROWNLOW HILL,E01006747,Liverpool 031B,Offender deprived of property
1859f8d236507aef7c9c6d4c7fed57c9b63adbbda5a8e7edaee65dbfffafd499,2019-02,Merseyside Police,Merseyside Police,-2.768179,53.489899,On or near MILL LANE,E01006885,St. Helens 001D,Offender given community sentence
92cfa03d91a63e33791c60fbeb4d8269284a00b43362a66e06fda879e0b675a1,2019-02,Merseyside Police,Merseyside Police,-3.038021,53.380837,On or near HEATHFIELD ROAD,E01007244,Wirral 022E,Offender given community sentence
f018b868a868ae2c8a42e2aa66bb130ef891385bfb11e35b5eae4e1fe8c27ce1,2019-02,Merseyside Police,Merseyside Police,-2.751273,53.436407,On or near TIMOR AVENUE,E01006903,St. Helens 019C,Offender given community sentence
0f51467ae1783287507047bd39022658d1be9284d3e1a02f594edc9f153b2a54,2019-02,Merseyside Police,Merseyside Police,-2.740985,53.459402,On or near CHAPEL STREET,E01006877,St. Helens 012C,Offender given suspended prison sentence
fbfc07c7e2f066a6c085bd5c3fb6175717b31093ac4c98dc5c5f7e11554f5b6e,2019-02,Merseyside Police,Merseyside Police,-2.747850,53.435215,On or near QUEENSLAND PLACE,E01006905,St. Helens 019D,Offender given community sentence
b03577406961fd28eeaccf3a5199ea0a4ff78660e36c7453a10decee4da7a793,2019-02,Merseyside Police,Merseyside Police,-2.837105,53.355979,On or near LAKENHEATH ROAD,E01006432,Knowsley 020E,Offender given conditional discharge
5661e573b9ac70cf0c30c25dfafe8847c1b8eb45caf2219de941e542a095605c,2019-02,Merseyside Police,Merseyside Police,-2.739434,53.459420,On or near QUEEN STREET,E01006881,St. Helens 012E,Defendant found not guilty
8869f976e05628f54d49a82c5cea5e930e247ba024d97a5d70a39099dc0d42bf,2019-02,Merseyside Police,Merseyside Police,-3.017707,53.389543,On or near BOROUGH ROAD EAST,E01007126,Wirral 016A,Offender sent to prison
3eab6b03ed9889a0316674b6b4386f6dee5839d25e4300d46c56b33fb21b6330,2019-02,Merseyside Police,Merseyside Police,-2.881930,53.482031,On or near BURNARD CLOSE,E01006437,Knowsley 003D,Offender fined
15f36349f76594c7fcfc6b021751e8b99105cf7a785691b2be1ef09497319182,2019-02,Merseyside Police,Merseyside Police,-2.912903,53.406454,On or near CHARLTON ROAD,E01006585,Liverpool 032B,Offender given community sentence
02061ef656a55f9d5ff92adfc3aec0cda016987ade6abcf65c43fab3479fbcdd,2019-02,Merseyside Police,Merseyside Police,-2.800942,53.411284,On or near Supermarket,E01006505,Knowsley 013E,Offender given conditional discharge
35e68c6552bc82bf8a509ec14d5edc813057ab73c5ebdd5500eef5c42bf6eecd,2019-02,Merseyside Police,Merseyside Police,-2.980826,53.402122,On or near SLATER PLACE,E01033761,Liverpool 060D,Offender fined
8a9aeeaf87258ba4082f6efe0ebea67cb4af6b8c8ccdae01b5be49afda0ee4f7,2019-02,Merseyside Police,Merseyside Police,-3.004792,53.647037,On or near Shopping Area,E01006968,Sefton 004C,Offender sent to prison
06107b233058eee9ea33ee4c540e9a461f58b030411b8d7655488ec41714225d,2019-02,Merseyside Police,Merseyside Police,-2.904641,53.418319,On or near CLAYFORD PLACE,E01006569,Liverpool 029B,Defendant found not guilty
e813fd0d9ed8113b912da2fdc6560aa0241637f9948cba5c96bdb3ab983d5308,2019-02,Merseyside Police,Merseyside Police,-2.987117,53.404218,On or near Bus/Coach Station,E01033756,Liverpool 061C,Offender fined
fc32117cd593448cddd47a8b714bd8b6b77788dc35d1abd606b1c4afc51b48ad,2019-02,Merseyside Police,Merseyside Police,-2.983247,53.407953,On or near Parking Area,E01033760,Liverpool 060C,Offender fined
abaad7251802dde038db1ffd06e51815d3be65d4e463c5b0a22eadc2eefdb5e6,2019-02,Merseyside Police,Merseyside Police,-2.944894,53.422529,On or near DENTON GROVE,E01006540,Liverpool 024A,Offender given community sentence
9753184d9254cf6eb2ffbbafa136b4b6f0edc2ac765061050437182c930eca47,2019-02,Merseyside Police,Merseyside Police,-2.740640,53.453372,On or near WESTFIELD STREET,E01006832,St. Helens 012A,Offender fined
03efb8eba7cc67cc9efffd9158446769ffac1606fc43feafcb3734ec6892c362,2019-02,Merseyside Police,Merseyside Police,-2.989201,53.405226,On or near LORD STREET,E01033756,Liverpool 061C,Offender fined
7960becf4e35a66e6fe7612c15b3e49ac44ae06caa10d1953aa34c8de5339838,2019-02,Merseyside Police,Merseyside Police,-2.996613,53.453335,On or near CAPRICORN WAY,E01007007,Sefton 037B,Offender given community sentence
fbc20fe13b0e418667c61c330525c15ee075433f9bbaccd3390a8b62430104f3,2019-02,Merseyside Police,Merseyside Police,-2.983077,53.404521,On or near OLD POST OFFICE PLACE,E01033756,Liverpool 061C,Offender sent to prison
c39959397578aefbcfe78a7adf1ed4823a9663aa0927f9c978a21803f1a3d0af,2019-02,Merseyside Police,Merseyside Police,-2.968627,53.644702,On or near ROSEBERY STREET,E01007055,Sefton 005A,Offender fined
43adce263801446b656f7e695e6419dcaefe3acba1f2c1b5d1f13c95e7219129,2019-02,Merseyside Police,Merseyside Police,-2.962233,53.389383,On or near LOTHIAN STREET,E01006677,Liverpool 043D,Offender fined
b2ac63b11818ae9b7dc3b798614df0bde5deddca54ca840bf4e34f84f8772c11,2019-02,Merseyside Police,Merseyside Police,-2.912039,53.385750,On or near ELM HALL DRIVE,E01006596,Liverpool 049C,Offender given suspended prison sentence
78914b014f40216dad326cc20feec9b20012b50e3b09a06f9d560e377f02f5c2,2019-02,Merseyside Police,Merseyside Police,-2.967436,53.437099,On or near SPELLOW LANE,E01006542,Liverpool 018A,Offender given community sentence
61047b39a2c90a4e9aaa3dad02235526c9df7bdf6e4a66eb598f657c3cf73813,2019-02,Merseyside Police,Merseyside Police,-2.868192,53.357501,On or near Supermarket,E01006537,Liverpool 055D,Offender fined
885549c2c8a592c75fe6c58bf22ac5b0238521613cd58d92ba281b153b3f9d6c,2019-02,Merseyside Police,Merseyside Police,-2.989861,53.439495,On or near ORIEL ROAD,E01006778,Liverpool 014E,Court case unable to proceed
a9c54d6623d29fa1e0a61ae6f0496ed82644d2b77b51885f1d15e41279f97f6d,2019-02,Merseyside Police,Merseyside Police,-2.698512,53.463936,On or near WORSLEY STREET,E01006815,St. Helens 008F,Court case unable to proceed
cdbe05e444b77044dd14aeb58bc69a759892f25d1cb5c3e1fc62299393d89ad3,2019-02,Merseyside Police,Merseyside Police,-3.044548,53.419029,On or near Shopping Area,E01007214,Wirral 007C,Offender sent to prison
fe1f28d6cd46b99019bc3b4e6b20b20aae3bb7f8ce077b7895484ca83525a3c7,2019-02,Merseyside Police,Merseyside Police,-3.024644,53.379704,On or near CHURCH TERRACE,E01007292,Wirral 021E,Offender sent to prison
8df92579b1efbfcd9a118151ffa3a54a6eedde3444787b59cf0e89b1e895f71d,2019-02,Merseyside Police,Merseyside Police,-2.684819,53.446047,On or near Supermarket,E01006899,St. Helens 017D,Offender given conditional discharge
91c092ce386747766c0a9029636ee3c4b28744b4b7ac4a3b72ebcdedfef7952d,2019-02,Merseyside Police,Merseyside Police,-3.069772,53.404827,On or near HURRELL ROAD,E01007121,Wirral 011B,Court case unable to proceed
f5b0cfed240737b1277ff305f4cbc2587c2f6caf067ca57a747b64048f7c72f9,2019-02,Merseyside Police,Merseyside Police,-2.978216,53.406368,On or near BOLTON STREET,E01033760,Liverpool 060C,Offender given community sentence
56b346ec88cb2b11ce3e0521f5074f3f2109e663d6887ac445b4ddeea0f6279c,2019-02,Merseyside Police,Merseyside Police,-3.043368,53.401537,On or near CORPORATION ROAD,E01032903,Wirral 010F,Offender fined
d53e0843a0a219908e026c0963eaa9555b69fe16eadc2e52b91de4555f38ed39,2019-02,Merseyside Police,Merseyside Police,-2.892199,53.482341,On or near A506,E01006437,Knowsley 003D,Defendant found not guilty
56000a92cbe1284b81f93dd249120143c56d8f29995cfa0f80b9add84a3a6600,2019-02,Merseyside Police,Merseyside Police,-2.883300,53.484124,On or near BRACKENHURST GREEN,E01006437,Knowsley 003D,Offender fined
aad09bb85e987c118b165fddd211ea3f3c40254488c85e4a41c51d3aecfa2be3,2019-02,Merseyside Police,Merseyside Police,-2.633826,53.453304,On or near WINSTON AVENUE,E01006864,St. Helens 013B,Offender given community sentence
8737f79cafc63d66a3088c00080a74aa5c2549bd6ab73d5f2f6d111e3dda06db,2019-02,Merseyside Police,Merseyside Police,-2.995362,53.364391,On or near BEVERLEY ROAD,E01007138,Wirral 031B,Offender given community sentence
e24f6d9e18eb79c257d6bfb00fa12357566a19364b5710cd3baab7e7220d3a6b,2019-02,Merseyside Police,Merseyside Police,-2.899368,53.390233,On or near DAIRYLANDS CLOSE,E01006592,Liverpool 041D,Offender fined
c0b494cd3cd78625bf6be1806087c2b2435994d4385840587515fbaef642f89e,2019-02,Merseyside Police,Merseyside Police,-2.745491,53.459508,On or near COWLEY HILL LANE,E01006915,St. Helens 007B,Offender sent to prison
2b69404e7c7fe5ff274fbf46c22fcd97f7999879515c4c45eb7523bd2a5fbabc,2019-02,Merseyside Police,Merseyside Police,-2.825931,53.344534,On or near CASSLEY ROAD,E01006756,Liverpool 059D,Defendant found not guilty
c4d03bc3ce6d36b2b0ffbf62f743b82060fa389ac23f078d92437447920fa9da,2019-02,Merseyside Police,Merseyside Police,-2.931880,53.450856,On or near FAVERSHAM ROAD,E01006735,Liverpool 005D,Offender given community sentence
946a37672aa34e5572db7d9b01dcced9c34ffbf329a38b4119343efbd4ad06d5,2019-02,Merseyside Police,Merseyside Police,-2.822237,53.419499,On or near STAFFORD CLOSE,E01006465,Knowsley 011A,Offender given conditional discharge
f97275e1eabf7d0cdb67bacfcc92d4470e886c7a3591b9ee1a046aff8ab0654b,2019-02,Merseyside Police,Merseyside Police,-2.983077,53.404521,On or near OLD POST OFFICE PLACE,E01033756,Liverpool 061C,Offender given community sentence
e0f7ad13c143c6e05718e3b6856f4c62312bf3cbeaab777e34f16d5b492025ce,2019-02,Merseyside Police,Merseyside Police,-3.068558,53.406807,On or near Sports/Recreation Area,E01007121,Wirral 011B,Offender sent to prison
7f74effb2c0be114802bbcc32ed84b2bc14e652aa3fffe42804d048243bc0bed,2019-02,Merseyside Police,Merseyside Police,-2.974886,53.390988,On or near LANGLEY STREET,E01033765,Liverpool 061D,Defendant found not guilty
bd9784bc7c749f5aafee96fcd84b0ded84bcc624a58a236f7b8f5c365b34d940,2019-02,Merseyside Police,Merseyside Police,-2.987117,53.404218,On or near Bus/Coach Station,E01033756,Liverpool 061C,Offender given community sentence
af87eae448db1aa2999cc22ac24d7251bd3d4761672fbd34e9db0ee77e84f334,2019-02,Merseyside Police,Merseyside Police,-2.972787,53.490107,On or near PETERBOROUGH DRIVE,E01007085,Sefton 023B,Offender given suspended prison sentence
51dafae7309f6ba6d0852cf8e9f9b80745675daebca7005322da68d0cdd8078e,2019-02,Merseyside Police,Merseyside Police,-3.032372,53.413319,On or near PARK ROAD,E01007275,Wirral 005E,Offender otherwise dealt with
f53cbc8343865b0a00efacd7975be1566b5c233242b6437cfc66061da3192c45,2019-02,Merseyside Police,Merseyside Police,-2.991993,53.484475,On or near MUSKER DRIVE,E01007089,Sefton 024E,Offender sent to prison
a359518cf56214add9da64f347c8307bda46f13c0a6dbbc19cead9a05411e0d8,2019-02,Merseyside Police,Merseyside Police,-2.997564,53.645884,On or near Parking Area,E01006969,Sefton 004D,Offender given community sentence
7f49509095a5fd6272e2210c5afefb0028424703d283f3503250524390a77e1e,2019-02,Merseyside Police,Merseyside Police,-2.922701,53.415754,On or near ST IVES GROVE,E01006711,Liverpool 027A,Offender given community sentence
ee1757902ef3a4abd9229fdfc3e615ea3e5ba34d8924362f6abc826f24e1d864,2019-02,Merseyside Police,Merseyside Police,-2.854941,53.337300,On or near Airport/Airfield,E01006741,Liverpool 058C,Offender fined
1875cdde29fa68c3451c48d89b30576aa9ab9f9bf09505f1886a37144c1d66e7,2019-02,Merseyside Police,Merseyside Police,-2.978216,53.406368,On or near BOLTON STREET,E01033760,Liverpool 060C,Offender sent to prison
807bff618b96dd8f04cb5a3a0243b15e0453bfbcd3e5e8286c8f3e066dc7d19c,2019-02,Merseyside Police,Merseyside Police,-2.964809,53.409497,On or near Hospital,E01006747,Liverpool 031B,Offender given conditional discharge
138109f71b805b0e2e7345810249b4b3dc89cb0738afcfb5e4525472409b1d5c,2019-02,Merseyside Police,Merseyside Police,-2.975343,53.403740,On or near Parking Area,E01006513,Liverpool 060A,Offender given community sentence
79dae7c20b5292f6120fcb96b6511b37fd42c7096c2b78d3efbffaa6c495301b,2019-02,Merseyside Police,Merseyside Police,-3.051161,53.549714,On or near ABBOTS CLOSE,E01007075,Sefton 016A,Offender given suspended prison sentence
3ef7c715a2b679d9f74066fb38cbc4779a3f3acabdbf87275c73df9895270706,2019-02,Merseyside Police,Merseyside Police,-2.936976,53.459382,On or near DYSON HALL DRIVE,E01006659,Liverpool 005B,Offender given suspended prison sentence
dc9824151ae6383313886311872de91b5e84c467719ffc079354b266b2c7cd10,2019-02,Merseyside Police,Merseyside Police,-2.893366,53.347733,On or near DURHAM STREET,E01006738,Liverpool 058A,Defendant found not guilty
696cb3bc0701e12c4b0b9ae7a839b4cc50d9c311ba94085c8fa835b5f8bcd31a,2019-02,Merseyside Police,Merseyside Police,-2.983348,53.403224,On or near Parking Area,E01033756,Liverpool 061C,Court case unable to proceed
c8967dd13ec6de29e68c0efa597aea243b966431ab491309a6384415bd445e65,2019-02,Merseyside Police,Merseyside Police,-3.000162,53.458241,On or near SCOTT STREET,E01007006,Sefton 036C,Offender given community sentence
d214c1cc616040877e22cc2bcb1dd6dda58aa33813d39c34c7b2362dd21de923,2019-02,Merseyside Police,Merseyside Police,-3.037913,53.430781,On or near CUMBERLAND ROAD,E01007234,Wirral 002D,Offender otherwise dealt with
0506d5e64a624e31a9db849a7c241c6a72f3903b683137bf3235b51068ae40ae,2019-02,Merseyside Police,Merseyside Police,-2.938042,53.389485,On or near ULLET ROAD,E01006554,Liverpool 048F,Defendant found not guilty
8e44b7daf23fbd29aa35a8639d48711c7d3589a85c88a9f49da0d664035ebc8a,2019-02,Merseyside Police,Merseyside Police,-2.966457,53.658948,On or near ST CLAIR DRIVE,E01007034,Sefton 003E,Court case unable to proceed
5d9d03c808ac1cbcb009a9b1202ae86f5b11893139586f30a8f549ac38372bf5,2019-02,Merseyside Police,Merseyside Police,-2.966867,53.451153,On or near Hospital,E01006791,Liverpool 006D,Offender given absolute discharge
f7390a093ef8955224cd31991879b894a8cee5fdcf98cda7054d08edd2d0a53d,2019-02,Merseyside Police,Merseyside Police,-2.978384,53.413710,On or near Police Station,E01006648,Liverpool 023D,Offender fined
de02cb99947ac7372c71aa7ae6412b32b59108a4c9fba6b0f7bcc8ab5938c5ca,2019-02,Merseyside Police,Merseyside Police,-3.029925,53.490671,On or near VERMONT ROAD,E01006939,Sefton 022D,Defendant found not guilty
faf8d0c5b166f22a90cb53711d89af2b68ca3f427447f439c81cca189f018419,2019-02,Merseyside Police,Merseyside Police,-3.050328,53.424560,On or near Supermarket,E01007314,Wirral 004E,Offender given conditional discharge
3ef7c715a2b679d9f74066fb38cbc4779a3f3acabdbf87275c73df9895270706,2019-02,Merseyside Police,Merseyside Police,-2.936976,53.459382,On or near DYSON HALL DRIVE,E01006659,Liverpool 005B,Offender sent to prison
293499a85a9e9d049152f6c49f1c693bd7a48c9248b6d69821afc4c103612cee,2019-02,Merseyside Police,Merseyside Police,-3.047934,53.441040,On or near KING'S PARADE,E01007230,Wirral 001B,Offender sent to prison
e66a2a18b06eb1d9c9d59c288b627877f6e7a97e328c2a435c790934d2c01604,2019-02,Merseyside Police,Merseyside Police,-2.868192,53.357501,On or near Supermarket,E01006537,Liverpool 055D,Offender given conditional discharge
b0000e9f136e609db4ac395b1e2f7a254e97ad9d4dafe74d2c3c125b23865507,2019-02,Merseyside Police,Merseyside Police,-2.998867,53.367742,On or near THE DELL,E01007289,Wirral 031E,Offender fined
d4802b7759d2330e958026b6fdb85f49b01536a248f141e371725aa66c32248a,2019-02,Merseyside Police,Merseyside Police,-2.729515,53.449234,On or near LINKWAY EAST,E01006912,St. Helens 019G,Offender fined
544e0ff05ba5d41595072e1d8b241c64a5fb2a514d753f3c1f282bdee7e9a75e,2019-02,Merseyside Police,Merseyside Police,-2.937142,53.413529,On or near PRESCOT ROAD,E01006692,Liverpool 028B,Offender fined
35a70057c31074b9e3f2e7d25e7e4564ef17b9adc9f89d7528970675349c0894,2019-02,Merseyside Police,Merseyside Police,-3.036500,53.377642,On or near GORSEFIELD ROAD,E01007244,Wirral 022E,Offender given community sentence
a763077922cc50bb1909df5354b5db4f983643d8f96e007a110428db5196dee1,2019-02,Merseyside Police,Merseyside Police,-2.990742,53.452099,On or near STANLEY ROAD,E01006967,Sefton 037A,Offender given suspended prison sentence
42163311e73ae372a0f3a977a1592014e039e2579ee5c83552d5533554078ed7,2019-02,Merseyside Police,Merseyside Police,-2.803138,53.426443,On or near Supermarket,E01006463,Knowsley 007C,Offender given community sentence
42802e6138345f367f7ba6eaba9369f72605a7a6499f20d2f4c27b5c9b07ad89,2019-02,Merseyside Police,Merseyside Police,-2.988220,53.401872,On or near CANNING PLACE,E01033756,Liverpool 061C,Offender fined
37bf077e43510421dbd9ff95341f3405753458beb778930ff391bf4c96cb6c04,2019-02,Merseyside Police,Merseyside Police,-3.024644,53.379704,On or near CHURCH TERRACE,E01007292,Wirral 021E,Offender fined
910abae28104111c7a71969843cab09f3aac234b4372527a0233c6314db6afbd,2019-02,Merseyside Police,Merseyside Police,-2.969757,53.399533,On or near BLACKBURNE PLACE,E01006514,Liverpool 037A,Offender given conditional discharge
c589acd43321d40922cca5568c40438daa642d58261e66875e6193d2c49c2e38,2019-02,Merseyside Police,Merseyside Police,-2.947965,53.416482,On or near MADELEY STREET,E01006694,Liverpool 030B,Offender given community sentence
cffb4e75d30d82c9bcb284ec3cfd0214d72ef8bc3e5b00d58aff376ad185f609,2019-02,Merseyside Police,Merseyside Police,-2.911616,53.413106,On or near AYLESFORD ROAD,E01006573,Liverpool 029C,Offender given community sentence
c01fe47303a145a194b2d11d8877de9017fb2f28948f639ba9d2f49454c8d5b2,2019-02,Merseyside Police,Merseyside Police,-2.966872,53.463297,On or near KITCHENER DRIVE,E01006782,Liverpool 003B,Offender given community sentence
e1f1be4ef575423aa0882f36d235e11e828ffb3ddb842d244afca880b8ad9f3b,2019-02,Merseyside Police,Merseyside Police,-2.918078,53.456059,On or near EAST LANCASHIRE ROAD,E01006660,Liverpool 001E,Offender sent to prison
68c58ff261ec13b84ce3f49e34e9dbd21c5cea931ea9bd745968f85967c0db10,2019-02,Merseyside Police,Merseyside Police,-2.979723,53.628710,On or near SANGNESS DRIVE,E01007002,Sefton 008F,Offender given community sentence
ad9ea01b237a95a5831d81e8a8ce00bf1b963c1f1c1e3bba5f678f61ee024bcd,2019-02,Merseyside Police,Merseyside Police,-2.712324,53.471072,On or near BODMIN GROVE,E01006852,St. Helens 004D,Defendant found not guilty
0bae1fb81107ca10f78bdb0fe9101d2a065928d70c1cbbb058aad06b268bb3fb,2019-02,Merseyside Police,Merseyside Police,-2.978599,53.409277,On or near LIME STREET,E01033760,Liverpool 060C,Offender fined
68f41a7e15a5f97b6f416c8b5e9f25cb5398612b4ef650085518f6701b3cb68c,2019-02,Merseyside Police,Merseyside Police,-2.953646,53.425641,On or near ST DAVID'S ROAD,E01006547,Liverpool 019C,Offender given suspended prison sentence
baaa7543998510411736a0648cd472901c5866b7a412e2da3e5c6352839b3c0d,2019-02,Merseyside Police,Merseyside Police,-3.033346,53.382721,On or near BOROUGH ROAD,E01007131,Wirral 021B,Offender given suspended prison sentence
ea6477daf0184e54006aab21fe6c29fbecd87e4e34900c397a878797d22c425b,2019-02,Merseyside Police,Merseyside Police,-2.883126,53.498983,On or near ASPEN CLOSE,E01006490,Knowsley 002E,Offender fined
d6245fee90b6d71a2fa353acdf4508076492be19cd02f4115806399f26e9a2be,2019-02,Merseyside Police,Merseyside Police,-2.969800,53.380908,On or near GOSFORD STREET,E01033767,Liverpool 050J,Offender given community sentence
6e003625f6d213d1852d9aa40c764bbdddbcbeb9de74889cc8106d7e59c157cb,2019-02,Merseyside Police,Merseyside Police,-3.023965,53.382127,On or near Supermarket,E01007292,Wirral 021E,Court case unable to proceed
5a5a68c605ee6cf4ec7173020037ea8c7b6e370d20db1827f6c6ae0ea7524f95,2019-02,Merseyside Police,Merseyside Police,-3.006854,53.646597,On or near HODGE STREET,E01006968,Sefton 004C,Defendant found not guilty
a855b937dfecd2e87bf07c5cc8f10351405c690dfcfee258e7195dfc12c00c02,2019-02,Merseyside Police,Merseyside Police,-3.049485,53.486222,On or near CHEYNE CLOSE,E01006936,Sefton 022A,Offender given suspended prison sentence
78fdfa5e22e64657c2776daae19f4fc40e312d20ebea874ca647dab7cc06359b,2019-02,Merseyside Police,Merseyside Police,-3.003642,53.345823,On or near CHURCH ROAD,E01007152,Wirral 036D,Offender sent to prison
c772c4a92272bdc2227eaf91ee7c08138d58b91cc3e58d8442f75008aef86c8c,2019-02,Merseyside Police,Merseyside Police,-2.931827,53.427827,On or near GORSEBURN ROAD,E01006765,Liverpool 020E,Offender ordered to pay compensation
79171de1b30c8f091c203dabb24570576c52c2e8b4dad1582bad65a60469130b,2019-02,Merseyside Police,Merseyside Police,-2.981930,53.406967,On or near Parking Area,E01033760,Liverpool 060C,Court case unable to proceed
68fe297dab15d4f3e4292f24bd4865d2fbc186d92c99044a16144b8dddde8092,2019-02,Merseyside Police,Merseyside Police,-2.872167,53.415262,On or near MYLIA CLOSE,E01006574,Liverpool 025B,Offender sent to prison
cb7df28c0e4d1399a221d60522f022cde2ca0889dbba60b0f9b7161e4fcd5a07,2019-02,Merseyside Police,Merseyside Police,-3.051458,53.398419,On or near KINGSLEY STREET,E01007125,Wirral 015A,Offender fined
1e9698d3d746832a8b93ba296b467ad594dce2a31b3527554c8e1e2137f7109a,2019-02,Merseyside Police,Merseyside Police,-2.954176,53.394185,On or near ALT STREET,E01006674,Liverpool 039C,Offender sent to prison
ce696df144638b8ff3fa6e45666846008d96cec63d9a3f12a95dd1aec4945984,2019-02,Merseyside Police,Merseyside Police,-2.854861,53.423306,On or near WOOLFALL HEATH AVENUE,E01006470,Knowsley 008E,Offender given conditional discharge
1db14b87b8582873ad3d9dd65d280add48debfea4302453d1313d62aecde3d85,2019-02,Merseyside Police,Merseyside Police,-2.727458,53.465417,On or near GARETH AVENUE,E01006854,St. Helens 004F,Offender fined
a3ff62d604a030708b9804407322a1240b8152f469bd5066dde2ba5c731f8834,2019-02,Merseyside Police,Merseyside Police,-3.093181,53.345090,On or near FENDER WAY,E01007183,Wirral 034A,Offender given community sentence
41d803c926ac45089c0aa37860da0bd543a5cef140d31d12f263dd46e99f047b,2019-02,Merseyside Police,Merseyside Police,-2.897758,53.398730,On or near QUEENS DRIVE (WAVERTREE),E01006582,Liverpool 041A,Offender sent to prison
ff9fe149bce7800c7539c0cb2f72032dc3949e745ae1830ba9d3f8f4bebc0d76,2019-02,Merseyside Police,Merseyside Police,-2.976035,53.662843,On or near CHURCHILL AVENUE,E01006948,Sefton 003B,Offender given community sentence
ed7c8136d3a28ead895c8a296d69fd18769c5b942af9508aca15eedbc8853ba9,2019-02,Merseyside Police,Merseyside Police,-3.014660,53.374602,On or near Supermarket,E01007293,Wirral 027C,Offender given community sentence
80ed3e3b1b7d735e9649ff47407a96bfa99f57da272cf444f4d5a256aafbd9c7,2019-02,Merseyside Police,Merseyside Police,-3.072421,53.424031,On or near BROWNING ROAD,E01007315,Wirral 003E,Court case unable to proceed
b08eafe8ba67f52b778c056fc9b283cfec2861582a708948cd8bdaaba35d1d2d,2019-02,Merseyside Police,Merseyside Police,-2.924853,53.442092,On or near SCARSDALE ROAD,E01033759,Liverpool 010F,Offender given suspended prison sentence
52403d97f8e92671a883f3270f960f9166516abf86a0f5af46ceadd05a876944,2019-02,Merseyside Police,Merseyside Police,-2.855737,53.359766,On or near Supermarket,E01006538,Liverpool 055E,Offender fined
9e6e5b1f39506f1f4fe8d8f00673dd829f5532829a6fab88ed888e3dd8e07969,2019-02,Merseyside Police,Merseyside Police,-2.976861,53.404365,On or near UPPER NEWINGTON,E01033756,Liverpool 061C,Offender given suspended prison sentence
9d14e39fbf7ac29e4c4f7fbb8100ea90611ee9b621ba6205911455bb1a4631ab,2019-02,Merseyside Police,Merseyside Police,-2.946297,53.520172,On or near GORDON AVENUE,E01007095,Sefton 018C,Defendant sent to Crown Court
91ce99ff977c6fc35999d929cad108ec3a20527bc9b0ad5d47072a57d11fe34e,2019-02,Merseyside Police,Merseyside Police,-2.982401,53.404563,On or near BROOKS ALLEY,E01033756,Liverpool 061C,Offender given conditional discharge
d3e93ba75d6c0d5700199e297e14d8c75acdb52c846b1830bcc64a1acfb83a56,2019-02,Merseyside Police,Merseyside Police,-2.950128,53.428465,On or near PRIORY ROAD,E01006766,Liverpool 019E,Offender given community sentence
f032388f5f56e3adf7257306db50d992b01d0bdf8dfa063af835539c7c24deee,2019-02,Merseyside Police,Merseyside Police,-3.006949,53.621392,On or near SHAW'S AVENUE,E01006930,Sefton 010B,Offender fined
c075621dc97a49abd2a9302475490c91654770149e2bd31e66c00c71dac76006,2019-02,Merseyside Police,Merseyside Police,-2.790527,53.434545,On or near FERN GARDENS,E01006828,St. Helens 018C,Offender given suspended prison sentence
ce05720248676be9ce8424bf7627705527e48b84271b1009c8332d5dd800beab,2019-02,Merseyside Police,Merseyside Police,-2.978384,53.413710,On or near Police Station,E01006648,Liverpool 023D,Offender given community sentence
144249ab9f817d11c6286863fdf35f074f9ce57176b65fe2c1e3b6bf30d0d864,2019-02,Merseyside Police,Merseyside Police,-2.987117,53.404218,On or near Bus/Coach Station,E01033756,Liverpool 061C,Offender fined
7fbff70766f16d6e865192de6207160f2554ff30af394c5e92359e8e52e3975a,2019-02,Merseyside Police,Merseyside Police,-2.912903,53.406454,On or near CHARLTON ROAD,E01006585,Liverpool 032B,Offender given community sentence
2bec3b7eb456e8b865214117781e653ec7378b206913b8d167b94ca31608105f,2019-02,Merseyside Police,Merseyside Police,-2.971515,53.485246,On or near WILLIAM HARVEY CLOSE,E01007088,Sefton 029D,Offender given suspended prison sentence
41cb3ad6a7570f91907e1c6cfd4fab0ea012dcd73cdec4aafffe6e3a37561f33,2019-02,Merseyside Police,Merseyside Police,-2.978384,53.413710,On or near Police Station,E01006648,Liverpool 023D,Defendant found not guilty
c7d798eda78507f655e07074e24fc5c8a823ac9442ff9419ef7e9bfc74170c46,2019-02,Merseyside Police,Merseyside Police,-2.780599,53.496461,On or near WALMESLEY DRIVE,E01006884,St. Helens 001C,Offender sent to prison
85036549e7acae7976db23b0fc741050d641a49f0fd4f47ea6ac3c37c2a85fba,2019-02,Merseyside Police,Merseyside Police,-2.990743,53.478041,On or near CONDRON ROAD NORTH,E01006981,Sefton 031B,Offender fined
ada58d85c8e1d0493d91f158df2bb034a593956f38783944331dd71fa70806ce,2019-02,Merseyside Police,Merseyside Police,-2.897966,53.415025,On or near Supermarket,E01006567,Liverpool 026A,Offender given suspended prison sentence
dca38baea3bda517ffcf1a6ff365ff1766754da3e4f1c32057393cc0d86a38ce,2019-02,Merseyside Police,Merseyside Police,-3.013604,53.373137,On or near GROVE ROAD,E01007296,Wirral 027E,Offender given community sentence
cfe9a6854df6a4b40bebec10940ac7f66188498180bae0ea0df4208485a0ba99,2019-02,Merseyside Police,Merseyside Police,-2.982670,53.409037,On or near VICTORIA STREET,E01033760,Liverpool 060C,Offender fined
3d0d75c7f8c1944e193b6997ce132410aa879d8c956a68228322e410b43f7f57,2019-02,Merseyside Police,Merseyside Police,-3.002942,53.467557,On or near BEACH ROAD,E01007016,Sefton 034D,Offender given conditional discharge
c91b0f2ff8cba4d3d36efc3e9aa1633a6859c2bd43872cfded5eb4c8e36a785f,2019-02,Merseyside Police,Merseyside Police,-2.919288,53.385847,On or near GROVEDALE ROAD,E01006593,Liverpool 042E,Offender given community sentence
168076374369d20c33a9019e0b73588024edddc1e996c5d911abb2a1faed0146,2019-02,Merseyside Police,Merseyside Police,-3.039316,53.387730,On or near GRANGE MOUNT,E01007155,Wirral 020A,Offender given community sentence
b0a7c0597a6bb44f94b78658ae644e0ab1fbb2bc6a9842c285a6e3d8c2806789,2019-02,Merseyside Police,Merseyside Police,-2.947753,53.421185,On or near BELMONT ROAD,E01006760,Liverpool 028E,Offender sent to prison
24cbb536bdd5736050a294583179d8a0d4f76346817578c5bb9f10bcbb91c25c,2019-02,Merseyside Police,Merseyside Police,-2.999328,53.639263,On or near SEFTON STREET,E01006994,Sefton 007C,Offender sent to prison
ef2d00da9e7d863b975df3808ecaa682c2878bde51317a41788d5605cc5bbc01,2019-02,Merseyside Police,Merseyside Police,-2.916722,53.397993,On or near WATERLOO STREET,E01006586,Liverpool 032C,Offender fined
b35cc1396e77b68fae91ab9c28fb29954bd8935f982ec2ca3fe2c2641e0eadd6,2019-02,Merseyside Police,Merseyside Police,-2.988735,53.405247,On or near LORD STREET,E01033756,Liverpool 061C,Offender fined
9d5cd3c8db8dfb32e8e05677cad04d4fc63b2a50059a410247cb0af3e3103842,2019-02,Merseyside Police,Merseyside Police,-2.965401,53.388476,On or near NICKLEBY CLOSE,E01006678,Liverpool 044E,Defendant found not guilty
9522efbccd6fb74f0ea8649a6d1d31360ca3fbe3dbf164136a8640f6f63cb551,2019-02,Merseyside Police,Merseyside Police,-3.030953,53.388234,On or near COOK STREET,E01007128,Wirral 016C,Defendant found not guilty
ff88da5219eeb4d57c1eb85d81f04dcd8b93002cb4b10dc540eecb9fff761c2d,2019-02,Merseyside Police,Merseyside Police,-3.184387,53.374755,On or near Parking Area,E01007198,Wirral 026C,Offender given suspended prison sentence
a51701b6d259730aad2bbc5fb109f85b1b7c7b24d9ebfa9688ceaa032e8ee4e6,2019-02,Merseyside Police,Merseyside Police,-2.944594,53.430046,On or near TOWNSEND LANE,E01006766,Liverpool 019E,Offender sent to prison
b1c85d61a45ad60e17ccd88192bcc07174b4f6a4f4485518a3a981cf8dbb8d51,2019-02,Merseyside Police,Merseyside Police,-2.996613,53.453335,On or near CAPRICORN WAY,E01007007,Sefton 037B,Offender fined
168076374369d20c33a9019e0b73588024edddc1e996c5d911abb2a1faed0146,2019-02,Merseyside Police,Merseyside Police,-3.039316,53.387730,On or near GRANGE MOUNT,E01007155,Wirral 020A,Offender given community sentence
b7f1b7e446a01ee898cd096575fdfebb0beba7545f5de51bf81ba96e59d35445,2019-02,Merseyside Police,Merseyside Police,-2.978384,53.413710,On or near Police Station,E01006648,Liverpool 023D,Offender sent to prison
fe9be4880eb266f7122e8617fe0e8a5a374023d069054dba5d799d102cc8d91a,2019-02,Merseyside Police,Merseyside Police,-3.004478,53.640181,On or near BENTHAM STREET,E01006998,Sefton 007E,Defendant found not guilty
5f7586912a9b6e80175b320f9f2d5ae1e2277945e529adc3324d78db08c47686,2019-02,Merseyside Police,Merseyside Police,-2.978559,53.402949,On or near Nightclub,E01033761,Liverpool 060D,Court case unable to proceed
c92ec938917320e721665f5f3c3aa7f61c00bff39926ffddb79fe9399eefe2fb,2019-02,Merseyside Police,Merseyside Police,-2.859576,53.426526,On or near SLEAFORD ROAD,E01033228,Knowsley 008F,Offender given community sentence
5fe1f0d0b498a75e1c887f3b57c2c8cdfd0a626f7f832ed198ab902960f2a700,2019-02,Merseyside Police,Merseyside Police,-3.004054,53.349271,On or near Parking Area,E01007152,Wirral 036D,Offender fined
776116fda510d4c6ec932aa453fb4b6b43ad9e70547946022b8dd8ab54548120,2019-02,Merseyside Police,Merseyside Police,-3.019779,53.376815,On or near IVYDALE ROAD,E01007294,Wirral 021F,Offender fined
20e547119e183d952489345ce09e127698c691938f128b18bb572ec2062def5d,2019-02,Merseyside Police,Merseyside Police,-2.922701,53.415754,On or near ST IVES GROVE,E01006711,Liverpool 027A,Offender given conditional discharge
f83e245282ec21ee33cd2c725508455d48e8a26dbdb0c8d2916a5e149c3984e0,2019-02,Merseyside Police,Merseyside Police,-2.893851,53.457726,On or near WENDRON ROAD,E01006661,Liverpool 004A,Offender fined
13d5d169b6d7e7d72d2a460ef7e2e1018cc91df72608c6133fb6063663ce47eb,2019-02,Merseyside Police,Merseyside Police,-2.634195,53.462911,On or near URMSTON AVENUE,E01006866,St. Helens 010A,Offender sent to prison
7578022fa8814e839b70c94d05a5b0a243153ab828beba8281ff402dbed0222f,2019-02,Merseyside Police,Merseyside Police,-2.984106,53.475767,On or near ANDERSON ROAD,E01006981,Sefton 031B,Defendant found not guilty
ba661fa887b234fec5b5979b0e4293476abb70e1a337d7ab5aee295518c68016,2019-02,Merseyside Police,Merseyside Police,-2.979959,53.404996,On or near RANELAGH STREET,E01033756,Liverpool 061C,Offender sent to prison
5ecb0b2486d0ea0db4e3656ba3e65b6d3ad8071ff92950d7173e630faf7f5a72,2019-02,Merseyside Police,Merseyside Police,-2.744804,53.456430,On or near YORK CLOSE,E01006877,St. Helens 012C,Offender sent to prison
e9bced149d08eefca6f8cd2682c5b12f7b833755f9f933010ff1826b764428db,2019-02,Merseyside Police,Merseyside Police,-3.036811,53.376219,On or near SINGLETON AVENUE,E01007244,Wirral 022E,Offender sent to prison
d437f92667aad241dd3296506f04d3e6a80e86314764731c1aa6230230750283,2019-02,Merseyside Police,Merseyside Police,-3.006965,53.466309,On or near SANDY ROAD,E01007011,Sefton 034C,Offender given suspended prison sentence
8e37797a9c3416fcec144072ef63365461e2fdb5849230ddbed44b05fbff9f16,2019-02,Merseyside Police,Merseyside Police,-2.952634,53.403941,On or near HELENA STREET,E01006751,Liverpool 031F,Offender given conditional discharge
7ca76e4202e2503248dfec41b25f6451bfb6bbb27fcd285f840f6c6211f04a16,2019-02,Merseyside Police,Merseyside Police,-3.082361,53.398853,On or near FENDERSIDE ROAD,E01007124,Wirral 011E,Offender deprived of property
25943c7a4d967d0e917bc38483692afb0e8625660ee2d3d5ff41a75767f5682f,2019-02,Merseyside Police,Merseyside Police,-2.977119,53.386745,On or near TILLOTSON CLOSE,E01006630,Liverpool 044B,Offender given community sentence
e7a38d98184ac62a51c41b08d9aea03fe52334e0e1d74836f717be1cfe2b8b75,2019-02,Merseyside Police,Merseyside Police,-2.848891,53.426540,On or near SHEPTON ROAD,E01006442,Knowsley 010B,Offender sent to prison
bbd7dcb03f30996603d93d7fc3f91f8901687a0639b382b1f6c32414a4dadba5,2019-02,Merseyside Police,Merseyside Police,-2.998124,53.440711,On or near DACRE STREET,E01006778,Liverpool 014E,Defendant found not guilty
62a94edc59ce6ae56cd78d99efb1d18f4b76212c543e413e92133267247c2968,2019-02,Merseyside Police,Merseyside Police,-2.943681,53.422808,On or near ROCKHOUSE STREET,E01006540,Liverpool 024A,Offender fined
f9b5f44643524dde09353e11211cee0feb55160e07dfffd95e82b7a887905a06,2019-02,Merseyside Police,Merseyside Police,-2.947105,53.408947,On or near STAMFORD STREET,E01006691,Liverpool 030A,Offender given community sentence
fafc9b2ad98c55de139093e86495e01b845c0fbb3bfc90f4527be05b04645e6e,2019-02,Merseyside Police,Merseyside Police,-3.033202,53.374928,On or near PARKHURST ROAD,E01007181,Wirral 022B,Offender given conditional discharge
02985e4d81fc08e959b87db92eacab4c399c97b80a47c509fe0f195b62b62f7e,2019-02,Merseyside Police,Merseyside Police,-3.029300,53.390154,On or near Parking Area,E01007128,Wirral 016C,Offender given community sentence
a9bd77e468fe79e366619f975d040185f502bb0f370696e24c003bca816b9c8d,2019-02,Merseyside Police,Merseyside Police,-2.738422,53.454878,On or near COLLEGE STREET,E01006872,St. Helens 014C,Offender fined
dfdd15d2b990eab8bfd07ef4c2bd91ab1d2bd963c7030c2e1b828e747baa65e9,2019-02,Merseyside Police,Merseyside Police,-2.977691,53.646102,On or near HAZEL GROVE,E01007059,Sefton 006B,Offender sent to prison
662965add6becdcab50d21b9239c927028357ff5a018034d596f880acf8f1a99,2019-02,Merseyside Police,Merseyside Police,-3.044867,53.420365,On or near LISCARD VILLAGE,E01007217,Wirral 007D,Offender given community sentence
d69f8b127d65f9236a5ed5201d3cdb3bdc9a1143eb793c0aacaff65e4932fa06,2019-02,Merseyside Police,Merseyside Police,-2.943120,53.381814,On or near LIVINGSTON AVENUE,E01006522,Liverpool 048A,Offender given community sentence
fa7ed3c18a18aca8634c515d66d8902c150cd5f2ad003a7d9d64013c31a2f522,2019-02,Merseyside Police,Merseyside Police,-2.968002,53.410361,On or near LONDON ROAD,E01033758,Liverpool 060B,Offender given community sentence
be5a86940efe5c26b7c8e0fed2cef8dcdf7a72a116c5128481b526fa81d87517,2019-02,Merseyside Police,Merseyside Police,-2.983495,53.405686,On or near Shopping Area,E01033760,Liverpool 060C,Offender given community sentence
4846848beafac59771b6674d5d8ec6f515cbcbb6c7431f75710041f4f6d1dbdc,2019-02,Merseyside Police,Merseyside Police,-3.011102,53.348115,On or near HEATHFIELD ROAD,E01007151,Wirral 035D,Offender fined
e545c8552f0e2f872bbbb3bc0460f2a0fb749e2af8fbc4b8d9c83d0771155199,2019-02,Merseyside Police,Merseyside Police,-2.972122,53.411550,On or near ISLINGTON,E01033758,Liverpool 060B,Offender given suspended prison sentence
739f0d590eef23409b55d3b51eaab5fd7e24f126d41c300e31b6f6644023d212,2019-02,Merseyside Police,Merseyside Police,-2.886020,53.419411,On or near Supermarket,E01006571,Liverpool 026D,Offender fined
